image.name	Feeding	ZT	Mouse	Sample	Experience	NO	Date.of.Exp	condition	facs.2n	facs.4n	facs.6n	facs.8n	image.width	image.length	nb.cell.detected	percent.binucleated	cell.size.mono.mean	cell.size.binu.mean	cell.size.all.mean	nucleus.size.all.2c	nucleus.size.all.4c	nucleus.size.all.8c	nucleus.percent.all.2c	nucleus.percent.all.4c	nucleus.percent.all.8c	cell.percent.mono.2c	cell.percent.mono.4c	cell.percent.mono.8c	cell.percent.binu.4c	cell.percent.binu.8c
Image_01	ad-libitum	ZT0	R-F_AL_WT_ZT_00_	WT.AL.ZT0	1	1	06_2014	AL	51.4	42.43	0.71	3.63	16166	27125	4668	0.146101113967438	2765	3634.5	2884	304.312438497147	521.284362661205	788.811648494924	0.541500339900007	0.424867549003148	0.0336321110968446	0.426137620783677	0.39026116093744	0.0375001043114448	0.0972382609947336	0.0483400051318416
Image_02	ad-libitum	ZT4	R-F_AL_WT_ZT_04_	WT.AL.ZT4	1	2	06_2014	AL	60.77	35.61	0.4	1.48	16015	19448	2668	0.168290854572714	3123	4084	3251	306.6020420516	530.951392773554	859.28709601029	0.618042810029167	0.358099032469801	0.0238581575010315	0.483565070351313	0.322906901327364	0.0252371737486094	0.119244346170092	0.0477284616692209
Image_03	ad-libitum	ZT8	R-F_AL_WT_ZT_08_	WT.AL.ZT8	1	3	06_2014	AL	57.91	37.3	0.66	2.51	21359	20458	3719	0.159720354934122	2789	3916.5	2932	310.985890445999	533.485645077335	816.358852999858	0.56960086051124	0.386292549535836	0.0441065899529245	0.461567147152465	0.335583637910556	0.0431288600028571	0.0995052824852059	0.056203847372775
Image_04	ad-libitum	ZT12	R-F_AL_WT_ZT_12_	WT.AL.ZT12	1	4	06_2014	AL	66.46	29.6	0.75	1.23	20339	28782	4133	0.213888216791677	2177	3144.5	2332	312.039001258494	524.628919208025	697.74795070162	0.674548930334378	0.313181272584499	0.0122697970811233	0.514815110047472	0.258764071935363	0.0125326012254888	0.15200594406743	0.0607014922873914
Image_05	ad-libitum	ZT16	R-F_AL_WT_ZT_16_	WT.AL.ZT16	1	5	06_2014	AL	58.77	36.95	0.54	1.96	19834	30055	7789	0.170882013095391	2323.5	3257	2442	335.360417810757	568.309916397422	857.670789359337	0.553707543960375	0.389138260118189	0.0571541959214358	0.421269896610583	0.351258460709619	0.0565896295844078	0.113528153563923	0.052188264335002
Image_06	ad-libitum	ZT20	R-F_AL_WT_ZT_20_	WT.AL.ZT20	1	6	06_2014	AL	61.24	33.84	0.78	1.58	23996	29449	10603	0.149768933320758	2439	3318	2543	318.70695603883	533.570718121365	780.464717247232	0.613580959180583	0.357630251514374	0.0287887893050433	0.487056419821964	0.332736174440052	0.0304384724172255	0.109209952560511	0.0392279891834322
Image_07	ad-libitum	ZT24	R-F_AL_WT_ZT_24_	WT.AL.ZT24	1	7	06_2014	AL	47.29	44.51	0.49	5.79	15782	23297	2828	0.154526166902405	2921	4104	3062.5	308.285326003453	526.7145524067	825.997605438494	0.464481869078803	0.445481394222041	0.0900367366991557	0.366677193388783	0.389103205457967	0.0896934342508453	0.0847896392572162	0.0626083605197724
Image_08	ad-libitum	ZT28	R-F_AL_WT_ZT_28_	WT.AL.ZT28	1	8	06_2014	AL	52.57	42.22	0.77	2.68	24774	28540	6430	0.152099533437014	2552	3553	2676.5	309.954045393788	533.945783544292	813.752976995142	0.525504160144325	0.428638833522609	0.0458570063330668	0.417625265788386	0.381355713872425	0.0489194869021749	0.09390391596655	0.0562394431209792
Image_09	ad-libitum	ZT32	R-F_AL_WT_ZT_32_	WT.AL.ZT32	1	9	06_2014	AL	60.02	36.16	0.47	1.73	16116	32379	3058	0.173969914977109	2373	3335.5	2488	310.582078059266	526.166087332018	757.268984127051	0.596951418974827	0.384455812565294	0.0185927684598788	0.474124522349983	0.330618447435708	0.0212871152372001	0.11333924211468	0.0603605550770129
Image_10	ad-libitum	ZT36	R-F_AL_WT_ZT_36_	WT.AL.ZT36	1	10	06_2014	AL	53.85	40.37	0.88	2.85	14913	31368	3684	0.21471226927253	1922	2805	2042.5	304.686144011595	541.367550897899	797.739980526658	0.564477725628908	0.405569762617187	0.0299525117539059	0.427977959719903	0.323576699462902	0.0337330715446651	0.128850029666292	0.084536933617071
Image_11	ad-libitum	ZT40	R-F_AL_WT_ZT_40_	WT.AL.ZT40	1	11	06_2014	AL	65.62	29.82	0.47	1.36	23138	21266	8273	0.222168499939562	1643	2319.5	1757	331.244165148867	570.034455380565	825.414542178848	0.644702808517587	0.325161529852913	0.0301356616295009	0.470840846939792	0.274416123803103	0.0325745293175422	0.158547308726485	0.061493027687642
Image_12	ad-libitum	ZT44	R-F_AL_WT_ZT_44_	WT.AL.ZT44	1	12	06_2014	AL	56.99	38.23	0.79	2.25	15964	28540	5329	0.165321823981985	2113	2996	2208	322.10248126738	540.425771595436	816.08692029105	0.538031734943447	0.412833044895075	0.0491352201614779	0.420343439229789	0.36344199135793	0.0508927454302956	0.10331834174735	0.0588206827596179
Image_37	ad-libitum	ZT48	R-F_AL_WT_ZT_00_	WT.AL.ZT48	2	1	02_2015	AL	62.02	32.2	0.43	2.48	22198	31257	9881	0.1855075397227	1721.5	2313	1813	314.224805647555	537.767463603119	818.146233841902	0.61401472599542	0.34705287092069	0.0389324030838899	0.443480527483508	0.327636787468864	0.0433751453249283	0.142219279842415	0.0418985038450119
Image_38	ad-libitum	ZT52	R-F_AL_WT_ZT_04_	WT.AL.ZT52	2	2	02_2015	AL	59.85	35.43	0.45	1.82	26421	19246	6133	0.136800913093103	2329	3151	2408	288.779179107815	478.500729702192	605.518002380811	0.624281150416635	0.357225030338276	0.0184938192450892	0.508653413589567	0.333521882721573	0.0210237905957569	0.100514984115438	0.036285928973345
Image_39	ad-libitum	ZT56	R-F_AL_WT_ZT_08_	WT.AL.ZT56	2	3	02_2015	AL	62.56	31.7	0.52	1.12	22107	27004	8337	0.171404581983927	1751.5	2313	1835	295.473788544029	497.810739928034	673.891679673105	0.654791786513038	0.333550362383982	0.01165785110298	0.495352439765516	0.320144463854081	0.0130985143964762	0.135836829600649	0.0352889794824576
Image_40	ad-libitum	ZT60	R-F_AL_WT_ZT_12_	WT.AL.ZT60	2	4	02_2015	AL	67.27	28.79	0.46	0.75	19844	24196	5226	0.123995407577497	2017	2472	2070.5	315.289463705089	559.588132834689	489.668170665199	0.704359271112328	0.283074751620471	0.012565977267201	0.576943124647094	0.286801096461701	0.0122603713137076	0.107376730683898	0.0156868121804247
Image_41	ad-libitum	ZT64	R-F_AL_WT_ZT_16_	WT.AL.ZT64	2	5	02_2015	AL	62.34	32.61	0.42	0.92	23926	25610	4363	0.108182443272977	2623	3668.5	2722	343.869216823699	583.60116463218	849.227179762243	0.613747607725752	0.359054765398386	0.0271976268758621	0.534391439940663	0.329679040824687	0.0277470759616723	0.0728764417709028	0.0341095731816508
Image_42	ad-libitum	ZT68	R-F_AL_WT_ZT_20_	WT.AL.ZT68	2	6	02_2015	AL	64.4	30.42	0.82	0.92	22653	26519	5572	0.109834888729361	2519	3386.5	2591	314.213991587731	538.631116017029	791.6737250361	0.648686258236386	0.334603998608971	0.0167097431546434	0.560889828974763	0.312206744543846	0.0170685377520296	0.0795224061276407	0.0295742235103703
Image_43	ad-libitum	ZT72	R-F_AL_WT_ZT_24_	WT.AL.ZT72	2	7	02_2015	AL	62.15	34.28	0.55	1.24	18106	26893	5583	0.133440802435966	2352	2955	2428	303.331743749152	505.187893909088	543.206929567523	0.668002468629767	0.319012806305249	0.0129847250649837	0.534561893605216	0.31727990884916	0.0147173951096576	0.111289680233857	0.0221511111584052
Image_44	ad-libitum	ZT76	R-F_AL_WT_ZT_28_	WT.AL.ZT76	2	8	02_2015	AL	73.46	24.14	0.35	0.53	23370	23751	7009	0.141817663004708	2394	3020.5	2479	294.669876582652	500.959050254402	629.291544046055	0.761824823995666	0.233017722896426	0.00515745310790819	0.629747459705771	0.222877650883829	0.00555722640569114	0.120058790223966	0.0215930504562234
Image_45	ad-libitum	ZT80	R-F_AL_WT_ZT_32_	WT.AL.ZT80	2	9	02_2015	AL	60.8	34.49	0.66	1.16	13176	27125	2869	0.15336354130359	2363	3110	2450	302.903286268262	514.833786133628	783.211048862117	0.591769831818964	0.375438667165052	0.032791501015984	0.451352699549129	0.358994291974513	0.0362894671727686	0.115586524657111	0.0370114893646356
Image_46	ad-libitum	ZT84	R-F_AL_WT_ZT_36_	WT.AL.ZT84	2	10	02_2015	AL	63.52	32.73	0.58	0.77	25259	23084	8884	0.146105357946871	2130.5	2895.5	2217	329.092586137954	555.579563149351	766.663118915374	0.70144595980232	0.291546582390458	0.00700745780722271	0.573060896954928	0.272976332635816	0.00785741246238543	0.115435037942348	0.0305833837664932
Image_47	ad-libitum	ZT88	R-F_AL_WT_ZT_40_	WT.AL.ZT88	2	11	02_2015	AL	58.62	36.15	0.37	1.4	25381	27136	8871	0.135723142824935	2599	3426	2687	338.585721121535	578.162286639684	635.13646228347	0.668038750506879	0.314818068936594	0.017143180556527	0.551250224249578	0.294958958544427	0.0180676743810597	0.103728422502469	0.0312936040631588
Image_48	ad-libitum	ZT92	R-F_AL_WT_ZT_44_	WT.AL.ZT92	2	12	02_2015	AL	62.21	32.29	0.7	1.24	26229	22519	8300	0.138915662650602	2250	3014	2337	299.896928442923	508.267210596477	599.567532235686	0.67679730833805	0.310003317357055	0.0131993743048959	0.56120500798757	0.285889009381265	0.0139903199805621	0.104805023459202	0.0335893121151649
Image_13	Day (ZT2-ZT10)	ZT0	R-F_D_WT_ZT_00_	WT.DRF.ZT0	1	13	06_2014	DRF	60.19	36.09	0.53	1.58	19147	20933	5172	0.2153905645785	1903	2697.5	2024.5	290.072082476616	489.754186126646	729.254823917321	0.588251180747324	0.388610361560031	0.0231384576926446	0.446376314342216	0.314698857563468	0.0235342635158168	0.134289310170122	0.078807254587017
Image_14	Day (ZT2-ZT10)	ZT4	R-F_D_WT_ZT_04_	WT.DRF.ZT4	1	14	06_2014	DRF	54.88	40.66	0.34	2.72	34332	10931	3714	0.164243403338718	2458.5	3451	2576.5	315.258094872029	524.924088356297	767.487829641359	0.58500334946191	0.386827506978326	0.0281691435597637	0.454686412223563	0.352047777161698	0.0290224072760207	0.11319993915926	0.0491567980338905
Image_15	Day (ZT2-ZT10)	ZT8	R-F_D_WT_ZT_08_	WT.DRF.ZT8	1	15	06_2014	DRF	56.96	37.66	0.3	2.48	37000	24145	10075	0.169330024813896	2134	2894	2240	274.74811601019	453.314832779231	523.754974548504	0.610270795655598	0.364091937384313	0.0256372669600896	0.483347474918762	0.320312297334775	0.0270102029325673	0.115130244854197	0.0527156684206812
Image_16	Day (ZT2-ZT10)	ZT12	R-F_D_WT_ZT_12_	WT.DRF.ZT12	1	16	06_2014	DRF	56.45	38.85	0.64	2.89	17227	25004	3400	0.164411764705882	3151	4265	3275.5	292.379550116499	490.21110769385	718.976273347354	0.593190683344241	0.380608484401647	0.0262008322541117	0.465747207517298	0.343247516635885	0.026593511140935	0.112485501441329	0.0499687401741341
Image_17	Day (ZT2-ZT10)	ZT16	R-F_D_WT_ZT_16_	WT.DRF.ZT16	1	17	06_2014	DRF	58.75	37.28	0.23	1.22	29351	32682	11542	0.194247097556749	2181	2966	2311	295.426506404187	499.278274403119	695.203557254973	0.633045523088026	0.356112685062323	0.0108417918496515	0.484017932149519	0.309218416174799	0.0125165541189328	0.135997423209825	0.0580340621820106
Image_18	Day (ZT2-ZT10)	ZT20	R-F_D_WT_ZT_20_	WT.DRF.ZT20	1	18	06_2014	DRF	63.61	32.69	0.5	1.11	29463	26893	4880	0.163114754098361	2383	3367.5	2493	298.459948899981	495.289093792039	677.341263438045	0.622083000986385	0.364725268108026	0.0131917309055896	0.495263467334802	0.328524252352982	0.0130975262138556	0.114145224693124	0.0478465440879715
Image_19	Day (ZT2-ZT10)	ZT24	R-F_D_WT_ZT_24_	WT.DRF.ZT24	1	19	06_2014	DRF	57.86	37.38	0.5	1.8	21683	25105	3566	0.145541222658441	2171	3077	2281	308.599954953565	527.464063147665	780.420945174379	0.562980642299297	0.412600852995646	0.0244185047050565	0.459365774920894	0.369916950570599	0.0251760518500665	0.0927758791958386	0.0513671675199748
Image_20	Day (ZT2-ZT10)	ZT28	R-F_D_WT_ZT_28_	WT.DRF.ZT28	1	20	06_2014	DRF	53.26	40.36	0.43	4.29	15752	23590	2478	0.163438256658596	2646	3568	2769	321.314445127576	563.352283160245	833.213456171317	0.597408340463632	0.374759412603359	0.0278322469330094	0.474712404952459	0.33312383788102	0.0287255005079249	0.110167656594927	0.0514427998923154
Image_21	Day (ZT2-ZT10)	ZT32	R-F_D_WT_ZT_32_	WT.DRF.ZT32	1	21	06_2014	DRF	62.08	33.51	0.5	1.9	16459	24903	4406	0.199046754425783	2002	2607	2107.5	292.454623625393	496.002276844632	705.016934169896	0.625533877889022	0.352375389419215	0.0220907326917636	0.45294626847927	0.32300144940366	0.0250055276912865	0.148549048793468	0.0497565588094852
Image_22	Day (ZT2-ZT10)	ZT36	R-F_D_WT_ZT_36_	WT.DRF.ZT36	1	22	06_2014	DRF	53.58	41.85	0.37	2.99	14105	23883	1231	0.200649878147847	3077	4198	3275	290.146482941592	482.091044797276	743.750183067658	0.565543814596461	0.403708316376602	0.0307478690269368	0.429880683157802	0.337108797215306	0.0323606414790447	0.124569714462354	0.0738017718247673
Image_23	Day (ZT2-ZT10)	ZT40	R-F_D_WT_ZT_40_	WT.DRF.ZT40	1	23	06_2014	DRF	51.53	44.17	0.46	2.43	17631	19347	2262	0.175066312997347	2418.5	3522.5	2547	292.282912411875	491.932825278479	701.590507494265	0.518919414670286	0.455911449927982	0.0251691354017316	0.400178645617777	0.397733967530199	0.0270210738546765	0.104793038860789	0.0689961094949748
Image_24	Day (ZT2-ZT10)	ZT44	R-F_D_WT_ZT_44_	WT.DRF.ZT44	1	24	06_2014	DRF	62.39	33.48	0.51	0.88	17601	25509	2719	0.174696579624862	1859.5	2696	1949	275.934303675654	455.446525630145	653.36046194933	0.579734415288627	0.400394136753084	0.019871447958289	0.452914174024887	0.350982160152229	0.0214070861980217	0.114048930352741	0.0596797313967343
Image_49	Day (ZT2-ZT10)	ZT48	R-F_D_WT_ZT_00_	WT.DRF.ZT48	2	13	02_2015	DRF	67.93	28.68	0.51	0.83	11438	23984	3165	0.134913112164297	2089	2846	2161	309.551960193402	522.377408974476	783.076608682727	0.661430878932391	0.325983490867098	0.0125856302005112	0.547623820924759	0.304007540921667	0.0134555259892763	0.101521378182983	0.0329776986062463
Image_50	Day (ZT2-ZT10)	ZT52	R-F_D_WT_ZT_04_	WT.DRF.ZT52	2	14	02_2015	DRF	59.58	34.35	0.61	2.97	20642	17427	3011	0.137495848555297	2318	3028	2383	288.927127045591	492.397613906534	628.801966333458	0.602012938911997	0.367966578914332	0.0300204821736712	0.480741609466982	0.353694548962057	0.0280679930156634	0.102022804660994	0.0324329534800453
Image_51	Day (ZT2-ZT10)	ZT56	R-F_D_WT_ZT_08_	WT.DRF.ZT56	2	15	02_2015	DRF	63.73	33.13	0.48	0.96	19167	21640	7087	0.172710596867504	1816	2378.5	1913	291.050292361311	489.61040845249	661.869458454003	0.652736546688684	0.337641700700054	0.00962175261126181	0.485586644301854	0.331188202791287	0.0105145560393551	0.139942210481333	0.0323838987820164
Image_52	Day (ZT2-ZT10)	ZT60	R-F_D_WT_ZT_12_	WT.DRF.ZT60	2	16	02_2015	DRF	60.81	35.34	0.62	1.32	11761	23185	2585	0.0943907156673114	2353	3183.5	2415	301.732764470624	495.364988432285	722.984433572389	0.589888098655032	0.392683989902459	0.017427911442509	0.501326018828439	0.38525864209608	0.0190246234081692	0.0721210198111358	0.0222455353221833
Image_53	Day (ZT2-ZT10)	ZT64	R-F_D_WT_ZT_16_	WT.DRF.ZT64	2	17	02_2015	DRF	72.89	21.96	0.42	0.57	21420	18033	4231	0.13802883479083	1876	2418	1941	304.292505815789	519.577667187449	738.669107357437	0.737144197515101	0.253405183611725	0.00945061887317382	0.595091829552933	0.256124258887309	0.0107550767689288	0.121899761308999	0.0161290734741497
Image_54	Day (ZT2-ZT10)	ZT68	R-F_D_WT_ZT_20_	WT.DRF.ZT68	2	18	02_2015	DRF	69.28	26.69	0.69	1.03	13984	22882	4747	0.155887929218454	1757	2301.5	1830	298.461324970102	503.662306087159	750.222011350513	0.701080689517421	0.283816940526336	0.015102369956243	0.548876407633385	0.278300935517058	0.0169347276311041	0.130747149393976	0.0248798200725233
Image_55	Day (ZT2-ZT10)	ZT72	R-F_D_WT_ZT_24_	WT.DRF.ZT72	2	19	02_2015	DRF	64.33	32.63	0.51	1.09	13671	30257	3494	0.192902117916428	1635	2226.5	1734.5	296.209146698249	512.047891452499	739.609810069984	0.623140529759025	0.358887476130434	0.0179719941105409	0.46107447471675	0.325400196967268	0.0206232103995546	0.141135591496178	0.0513587167012045
Image_56	Day (ZT2-ZT10)	ZT76	R-F_D_WT_ZT_28_	WT.DRF.ZT76	2	20	02_2015	DRF	67.67	29.6	0.38	0.99	21188	17760	3723	0.131614289551437	1989	2596	2059	321.506725583319	545.108384325437	691.728916142236	0.679557907561645	0.309783144152979	0.0106589482853755	0.564083249630815	0.292240642627129	0.012061818190619	0.102457094571808	0.0291571949792778
Image_57	Day (ZT2-ZT10)	ZT80	R-F_D_WT_ZT_32_	WT.DRF.ZT80	2	21	02_2015	DRF	63.02	34.18	0.43	0.96	25371	22175	6515	0.161933998465081	2014	2742	2100	328.308696324336	567.271116529738	859.103719699223	0.61083200562061	0.369178357028057	0.0199896373513337	0.474755581342834	0.343535775057259	0.0197746451348265	0.117495446669183	0.04271255473556
Image_58	Day (ZT2-ZT10)	ZT84	R-F_D_WT_ZT_36_	WT.DRF.ZT84	2	22	02_2015	DRF	64.72	31.84	0.57	0.99	28503	39774	4858	0.146562371346233	2915.5	3885.5	3032.5	324.855938482352	527.210036744314	782.613789080243	0.623564794656132	0.354287964506884	0.022147240836984	0.488391599052649	0.340852994231566	0.0241930353695517	0.113282165298156	0.0326801272464385
Image_59	Day (ZT2-ZT10)	ZT88	R-F_D_WT_ZT_40_	WT.DRF.ZT88	2	23	02_2015	DRF	63.4	33.72	0.34	1.09	18207	29388	5134	0.171990650564862	2108	2822	2210.5	307.93200192042	513.829421371132	763.918753855452	0.608442524757038	0.370469367413758	0.0210881078292045	0.463108412141095	0.343886416118682	0.0210145211753615	0.124990269140116	0.0451501094054604
Image_60	Day (ZT2-ZT10)	ZT92	R-F_D_WT_ZT_44_	WT.DRF.ZT92	2	24	02_2015	DRF	68.97	28.51	0.48	0.63	28210	17468	5682	0.124956001407955	1872.5	2501.5	1938	285.881570307083	477.612736057597	663.693584375181	0.660549257600907	0.331064225224699	0.0083865171743943	0.547303922533272	0.318305613232582	0.00943446282619068	0.0978924645152187	0.0270635368927087
Image_25	Night (ZT14-ZT22)	ZT0	R-F_N_WT_ZT_00_	WT.NRF.ZT0	1	25	06_2014	NRF	58.4	37.16	0.32	2.43	27230	28540	5806	0.178780571822253	3383	4736	3583.5	285.824134716811	468.495858843001	700.850410067539	0.56988950019192	0.397299167958142	0.0328113318499377	0.458415262699196	0.333798489342483	0.0290056761360678	0.106679704106266	0.0672650255238606
Image_26	Night (ZT14-ZT22)	ZT4	R-F_N_WT_ZT_04_	WT.NRF.ZT4	1	26	06_2014	NRF	64.55	32.08	0.41	1.28	25280	23963	4025	0.0926708074534161	2961	4102	3026	285.080120875585	476.596700710142	627.469708303537	0.683097209898425	0.304968823688738	0.0119339664128364	0.608450407845417	0.286605324132154	0.0122734605690122	0.0689749860317354	0.0233126033479689
Image_27	Night (ZT14-ZT22)	ZT8	R-F_N_WT_ZT_08_	WT.NRF.ZT8	1	27	06_2014	NRF	61.5	33.78	0.42	1.51	22117	24357	3615	0.134439834024896	3011	4263	3132	296.993359741242	492.955310317785	709.039589262172	0.637746029904829	0.34423187173796	0.0180220983572113	0.547995399978035	0.29978445998815	0.0177803060089189	0.0877445501686178	0.0453629437261703
Image_28	Night (ZT14-ZT22)	ZT12	R-F_N_WT_ZT_12_	WT.NRF.ZT12	1	28	06_2014	NRF	60.84	34.86	0.3	1.23	19137	28237	4969	0.123364862145301	2407.5	3517	2500	305.389728613862	497.051390574487	631.94655683444	0.655747244589518	0.33293792839659	0.0113148270138918	0.548496171419807	0.315428287346291	0.0127106790886018	0.0940736208003291	0.0292912413449435
Image_29	Night (ZT14-ZT22)	ZT16	R-F_N_WT_ZT_16_	WT.NRF.ZT16	1	29	06_2014	NRF	64.68	32.27	0.33	1.17	21471	21872	3445	0.11088534107402	2581	3935	2674	313.893608561037	527.501931047793	722.391223658256	0.679081519970995	0.30898911100011	0.0119293690288949	0.596376964186923	0.279996289265406	0.0127414054736506	0.0790023708715598	0.0316275923480549
Image_30	Night (ZT14-ZT22)	ZT20	R-F_N_WT_ZT_20_	WT.NRF.ZT20	1	30	06_2014	NRF	64.76	32.14	0.48	0.83	23188	24297	5727	0.114894360048891	2702	3778.5	2793	277.41707810476	450.095276870186	562.211791693225	0.691463632842103	0.301213219798221	0.00732314735967529	0.599469819187826	0.278135881374265	0.00749993938901765	0.0857195426233761	0.0288425192754695
Image_31	Night (ZT14-ZT22)	ZT24	R-F_N_WT_ZT_24_	WT.NRF.ZT24	1	31	06_2014	NRF	53.94	40.6	0.44	3.24	17530	20155	2205	0.112925170068027	3566.5	4836	3690	282.723852064239	483.627280044081	770.874707161954	0.551740791297397	0.415081988332414	0.0331772203701892	0.474513626511731	0.378347355172709	0.0342138482475332	0.0697662937381964	0.0418039186421588
Image_32	Night (ZT14-ZT22)	ZT28	R-F_N_WT_ZT_28_	WT.NRF.ZT28	1	32	06_2014	NRF	59.67	34.12	0.51	2.22	22279	23489	2257	0.107665042091272	3402.5	4584	3534	286.004626843645	475.136179914723	716.103188851461	0.562121415291052	0.384237928823995	0.0536406558849524	0.48758060482113	0.349383533790322	0.0553708192972762	0.0675308181538194	0.0381116939067857
Image_33	Night (ZT14-ZT22)	ZT32	R-F_N_WT_ZT_32_	WT.NRF.ZT32	1	33	06_2014	NRF	52.98	40.73	0.59	2.66	14903	20963	2687	0.162634908820246	2717	3672	2829	302.985341746145	511.703830019878	831.953824732767	0.53104746289891	0.426629126563404	0.0423234105376854	0.402942927631546	0.389232998422362	0.0451891651258461	0.107235695487576	0.0533904586198713
Image_34	Night (ZT14-ZT22)	ZT36	R-F_N_WT_ZT_36_	WT.NRF.ZT36	1	34	06_2014	NRF	48.5	45.38	0.45	2.97	14297	14699	1349	0.147516679021497	2631	3539	2753	275.595347280918	483.89962012453	782.67330411774	0.455183977430898	0.497652325158712	0.0471636974103905	0.37013974644534	0.434997419601304	0.047346154931859	0.07609572983998	0.0680334619360738
Image_35	Night (ZT14-ZT22)	ZT40	R-F_N_WT_ZT_40_	WT.NRF.ZT40	1	35	06_2014	NRF	55.37	39.81	0.3	2.49	10993	21569	1874	0.11846318036286	2310	3374	2410	292.046977179649	484.916041927259	689.329882169505	0.592208455798947	0.382664415981226	0.0251271282198266	0.497283500644601	0.360558803466151	0.0236945155263875	0.0825399261330341	0.0337186281219536
Image_36	Night (ZT14-ZT22)	ZT44	R-F_N_WT_ZT_44_	WT.NRF.ZT44	1	36	06_2014	NRF	57.83	37.52	0.55	1.45	11872	20054	1809	0.133775566611388	2708	3502.5	2785	288.145897500468	493.318991745492	594.216078760345	0.630629899059231	0.354022583515594	0.015347517425175	0.529160401920767	0.319663391207595	0.01740064026025	0.0929161846035972	0.0408593820055123
Image_61	Night (ZT14-ZT22)	ZT48	R-F_N_WT_ZT_00_	WT.NRF.ZT48	2	25	02_2015	NRF	56.11	40.47	0.4	1.86	17732	18942	3335	0.100749625187406	2565	3256	2622	280.642685132002	461.642440568811	576.831595806504	0.616305257535222	0.366737104317961	0.0169576381468178	0.52489916631005	0.35568509466995	0.0186661138325938	0.0767493074614364	0.0240003177251801
Image_62	Night (ZT14-ZT22)	ZT52	R-F_N_WT_ZT_04_	WT.NRF.ZT52	2	26	02_2015	NRF	61.35	35.93	0.44	1.29	14903	18195	2781	0.115066522833513	2404	3652.5	2509	317.614633913725	532.364789297905	838.033482604651	0.593788027393626	0.368345045981512	0.0378669266248614	0.499529179719761	0.350154334610289	0.0352499628364373	0.0812919856431106	0.0302874475076332
Image_63	Night (ZT14-ZT22)	ZT56	R-F_N_WT_ZT_08_	WT.NRF.ZT56	2	27	02_2015	NRF	58.78	37.58	0.45	1.47	21430	19175	4249	0.117439397505295	2590	3782	2695	297.020223356822	495.032800491962	635.888088436018	0.615856325853286	0.3699033180199	0.0142403561268145	0.531762288226409	0.336357857645268	0.0144404566230277	0.0782099167424558	0.0384933415890492
Image_64	Night (ZT14-ZT22)	ZT60	R-F_N_WT_ZT_12_	WT.NRF.ZT60	2	28	02_2015	NRF	52.31	41.79	0.65	2.68	18642	15912	2592	0.201388888888889	2585	4397	2808.5	299.023489409063	509.976007462119	534.689930130665	0.573804058750648	0.396592322333864	0.0296036189154882	0.456490097626092	0.316694656909326	0.0254263565756927	0.116435861478142	0.0798834762806092
Image_65	Night (ZT14-ZT22)	ZT64	R-F_N_WT_ZT_16_	WT.NRF.ZT64	2	29	02_2015	NRF	58.46	37.43	0.52	1.64	18248	26166	4973	0.120852604061934	2393	3500	2482	321.592910414288	539.732993673235	782.399377786682	0.633736349424938	0.356955293526969	0.00930835704809277	0.530491727017018	0.338778626037028	0.00987704288401962	0.0899166552623139	0.0306578221231838
Image_66	Night (ZT14-ZT22)	ZT68	R-F_N_WT_ZT_20_	WT.NRF.ZT68	2	30	02_2015	NRF	62.66	34.28	0.54	1.09	21774	17932	3181	0.0880226343917007	2837	4287	2916	277.958687316208	451.76326918155	468.665998186541	0.643423146075645	0.346871440628345	0.00970541329600989	0.576659691481744	0.326355740751229	0.00896193337532673	0.0616996274700377	0.0255241189382339
Image_67	Night (ZT14-ZT22)	ZT72	R-F_N_WT_ZT_24_	WT.NRF.ZT72	2	31	02_2015	NRF	58.88	37.02	0.59	1.56	24704	17528	3274	0.106291997556506	2918.5	3992	2985.5	279.326718191526	461.723133844756	743.833578315547	0.615910308772193	0.382159252596838	0.00193043863096903	0.526843291233228	0.365034165044497	0.00183054616576867	0.0772666772870027	0.0288727789477799
Image_68	Night (ZT14-ZT22)	ZT76	R-F_N_WT_ZT_28_	WT.NRF.ZT76	2	32	02_2015	NRF	71.49	25.46	0.45	0.63	18510	20963	3943	0.0877504438244991	2513	3146.5	2557	293.816431918784	483.763377874904	654.755164493752	0.678801807240729	0.313562448972948	0.00763574378632221	0.596533879860512	0.307703481143525	0.00801219517146443	0.0709165436172319	0.0166871059467483
Image_69	Night (ZT14-ZT22)	ZT80	R-F_N_WT_ZT_32_	WT.NRF.ZT80	2	33	02_2015	NRF	68.84	28.94	0.36	0.58	22885	19650	4542	0.119110523998239	2202	3369	2281.5	277.703224017685	456.565028054918	612.008436874615	0.709441137197029	0.290222857595153	0.000336005207817511	0.612050930654145	0.26846251838343	0.000376026964186792	0.0909460560701644	0.0281644679280742
Image_70	Night (ZT14-ZT22)	ZT84	R-F_N_WT_ZT_36_	WT.NRF.ZT84	2	34	02_2015	NRF	58.37	37.86	0.39	1.43	28806	34571	3821	0.16618686207799	2313	4338	2497	267.677262616995	430.831776204826	652.582540507335	0.517841526428382	0.44729668642961	0.0348617871420078	0.420461275724439	0.383100899519142	0.030250962678429	0.0917193545173761	0.069265309823044
Image_71	Night (ZT14-ZT22)	ZT88	R-F_N_WT_ZT_40_	WT.NRF.ZT88	2	35	02_2015	NRF	66.56	31.35	0.32	0.83	26906	17326	4306	0.0870877844867627	2513	3587	2574	311.73122345657	509.584134766626	721.81493829674	0.657391909642293	0.331718161748479	0.0108899286092277	0.583131220383049	0.318793944023531	0.0109870511066574	0.0657557471047569	0.0209064087528222
Image_72	Night (ZT14-ZT22)	ZT92	R-F_N_WT_ZT_44_	WT.NRF.ZT92	2	36	02_2015	NRF	65.54	31.44	0.61	0.83	14802	28550	2750	0.088	2706.5	3948	2773.5	296.815216433146	482.213969590932	664.335613616913	0.62751083541218	0.35898137252026	0.0135077920675599	0.550719228505411	0.347380134181637	0.0139006373129521	0.0660062802115207	0.0215957995602028
