0	21986	21812
1	2806	492
9	7741	467
14	7215	292
18	4109	487
19	6322	523
24	4674	386
33	4550	292
42	3789	403
43	5857	410
51	3790	339
53	4636	706
57	4421	316
57	4421	293
58	5181	308
60	4295	460
62	2133	185
69	5704	510
75	8146	368
75	8146	391
84	3577	272
87	9375	347
87	9375	559
91	6472	309
93	8069	306
93	8069	304
95	4492	317
96	4716	381
101	3258	424
105	3309	336
105	3309	315
107	6265	361
111	4576	416
116	4241	365
121	3780	295
131	4440	257
133	1470	293
144	6956	379
147	6936	185
148	6349	422
150	8820	271
150	8820	250
151	7206	474
153	7778	399
155	3375	391
158	2193	357
160	6121	268
166	2690	185
168	5864	185
170	5777	267
171	8346	215
172	3848	485
175	6921	629
176	7914	429
178	3385	268
179	7869	729
183	2621	446
190	3713	664
192	5561	338
194	6096	425
195	5156	585
196	7243	219
196	7243	137
202	6294	752
208	2106	293
209	2595	424
211	3030	270
211	3030	321
220	8795	409
224	1390	221
225	5355	563
229	3821	332
235	4690	260
240	10153	461
241	9561	253
241	9561	358
248	6073	388
256	3162	273
257	3883	475
259	2732	375
265	6511	409
268	2931	464
269	9279	359
277	3922	302
278	4588	404
279	3978	356
291	6321	424
292	6263	253
296	5426	208
296	5426	229
299	4575	352
306	8647	341
309	6296	688
312	4123	318
316	4809	211
318	8512	465
321	3538	441
325	3015	374
326	4495	290
327	5666	458
329	4552	287
333	2797	285
335	6403	221
339	4212	405
340	8091	215
340	8091	493
347	4647	410
348	3839	448
349	4085	215
357	5301	377
360	1594	387
368	6426	395
375	3281	258
377	4739	185
384	6432	469
387	8196	185
389	2795	200
394	10089	222
396	4721	366
406	2650	274
410	4221	261
421	5455	200
422	3804	493
423	7216	555
425	1127	373
426	7710	482
427	7879	350
428	3054	275
429	1571	255
430	5126	238
432	10148	288
432	10148	200
432	10148	186
433	3998	629
436	4329	297
442	1405	391
444	1521	308
450	9669	489
458	1518	300
464	4557	305
466	6595	491
468	1726	296
470	2448	351
472	5427	408
481	3409	331
489	4495	325
493	2775	266
494	3477	194
494	3477	263
497	5922	522
498	3735	261
498	3735	278
500	6498	385
505	7788	524
506	9721	340
515	2442	233
519	5645	343
520	5019	354
522	4860	468
523	2238	307
524	7405	282
525	2753	351
532	2366	401
534	6585	382
535	6505	645
536	2624	292
537	3268	238
538	6317	351
538	6317	361
542	1258	248
550	2712	288
558	4112	334
559	6449	615
561	6723	285
565	1390	185
577	3961	352
582	3837	227
583	4822	489
588	8524	398
597	5945	185
607	4779	395
609	4580	621
616	6159	378
620	5093	531
621	6822	457
622	5335	402
624	6021	393
625	5802	291
625	5802	347
625	5802	272
626	1187	261
640	3888	480
641	5441	321
649	6102	291
653	5794	372
655	2809	328
660	9966	640
669	999	238
670	7473	481
671	4806	379
682	6500	272
686	2389	423
689	4629	431
692	3609	318
694	2088	460
695	5393	484
699	6930	502
700	4430	484
701	7833	576
704	6402	490
709	6375	460
713	2685	440
718	6381	449
719	7855	555
726	5541	293
727	2360	337
727	2360	349
730	2265	290
735	6782	248
739	3300	447
745	5178	436
747	2362	403
750	2362	226
754	6943	425
761	2743	222
761	2743	291
762	5852	339
768	3630	369
769	3376	456
773	6629	200
774	2700	200
776	3231	425
777	3906	321
779	6937	319
780	4321	346
780	4321	272
781	3344	480
787	3081	361
788	8277	222
798	4391	185
799	9931	200
801	2767	339
805	2727	326
811	2279	227
814	9182	211
819	6492	317
825	4873	227
825	4873	305
831	2961	304
833	1919	318
834	2348	317
839	2271	491
842	2471	471
845	3224	317
847	4829	307
848	6187	355
857	2718	380
858	6462	395
858	6462	185
859	8404	410
860	3764	467
865	3484	261
865	3484	350
868	3791	325
868	3791	288
872	2492	294
873	3589	211
876	3090	280
876	3090	256
880	5887	334
884	2478	200
890	3781	303
890	3781	294
895	3696	358
897	1815	259
909	5391	455
912	4376	222
915	4751	516
921	2558	410
924	5614	444
925	5263	309
930	4940	427
933	3715	415
935	4659	392
936	7318	326
940	5724	461
942	6126	417
943	5291	402
944	3409	462
946	4258	283
948	7685	309
951	3670	448
958	8835	416
958	8835	636
961	2830	242
962	6222	451
963	7531	485
968	6485	361
976	5287	531
982	4979	492
992	7973	278
992	7973	433
1010	3781	512
1011	2345	221
1013	4704	490
1014	2414	511
1015	2991	395
1019	1856	392
1020	5169	427
1022	4066	306
1023	3532	358
1024	7010	490
1029	7276	365
1033	1764	380
1036	4161	453
1041	6598	414
1042	5247	540
1054	5097	497
1057	4461	307
1059	4244	407
1063	5621	356
1064	4495	367
1067	5960	211
1069	1352	310
1071	1625	243
1073	3710	154
1076	1569	284
1081	7351	636
1083	2037	260
1090	4704	374
1093	4992	463
1101	6036	446
1101	6036	467
1111	6555	496
1112	6109	460
1115	2289	271
1120	5775	470
1124	5799	318
1131	4724	366
1133	1183	268
1137	3712	409
1145	8456	521
1149	1539	338
1151	5392	469
1154	5501	332
1156	4150	423
1159	3372	185
1177	4196	458
1182	3763	379
1184	7008	488
1187	4316	352
1188	4374	439
1192	5896	303
1194	5962	377
1195	3988	256
1201	2525	514
1207	4624	323
1209	4623	423
1210	2351	407
1214	4411	442
1216	3370	253
1228	4488	369
1230	2746	369
1233	2209	378
1236	5317	453
1239	1478	332
1240	6063	442
1245	4381	505
1247	5987	563
1256	3016	535
1272	3558	460
1277	3015	400
1279	2422	470
1289	5339	722
1306	4168	434
1312	2794	254
1318	4385	246
1319	7855	415
1323	2979	252
1328	2832	419
1332	3292	596
1338	3796	446
1342	3146	386
1348	2924	447
1352	2285	283
1357	5698	392
1377	3645	552
1378	4494	226
1381	6844	375
1382	4009	399
1387	5499	185
1390	6873	518
1392	3525	549
1400	2841	327
1403	4106	478
1414	5896	597
1415	3233	512
1419	2113	337
1421	3291	559
1424	5362	230
1428	5226	337
1430	2932	406
1433	4414	271
1435	3720	365
1436	7143	402
1439	2455	375
1443	2177	337
1445	1778	496
1457	3639	632
1464	3307	309
1475	4562	551
1478	3247	527
1481	3360	535
1483	3923	532
1484	6153	533
1489	3495	316
1491	2914	268
1496	4042	599
1499	3937	465
1501	5577	674
1503	4741	508
1505	5011	538
1509	1520	331
1510	3914	490
1511	3855	464
1513	4542	416
1523	3216	318
1524	4234	608
1531	4829	489
1534	4499	699
1535	3687	463
1539	6251	558
1543	4740	185
1549	2758	314
1550	3297	588
1554	7817	342
1562	4114	179
1562	4114	168
1566	7469	582
1568	3486	296
1574	3221	502
1578	3529	522
1582	6902	468
1588	4921	610
1589	4862	256
1592	8577	455
1597	5127	470
1598	8982	404
1601	3646	496
1602	3975	185
1604	3168	327
1606	5100	403
1611	3212	227
1617	8505	529
1623	8475	520
1630	4928	430
1637	3508	419
1641	3207	618
1645	2728	373
1647	5330	474
1651	2909	227
1656	3497	389
1657	4335	317
1673	5493	510
1688	4533	484
1689	6447	427
1690	3068	256
1695	3995	316
1702	5036	413
1703	7406	507
1703	7406	493
1705	4214	475
1708	7056	312
1718	5616	309
1719	4304	398
1721	6234	328
1751	3125	409
1758	1766	542
1759	4588	455
1761	1066	216
1766	8932	764
1769	1817	326
1771	5498	599
1773	8668	456
1773	8668	293
1774	3865	412
1775	8516	493
1776	2322	287
1780	8080	476
1785	6724	689
1791	6006	322
1796	7291	554
1801	3756	312
1802	3082	606
1807	2624	272
1808	1645	319
1809	5967	399
1820	2913	328
1824	3328	318
1825	2734	288
1826	2677	482
1830	4892	447
1831	4716	454
1831	4716	486
1844	4702	312
1849	5463	312
1859	8231	438
1861	4480	575
1867	6120	222
1871	5469	754
1872	2525	330
1879	3922	519
1886	5924	453
1887	8407	591
1889	4091	365
1895	5182	601
1898	2483	413
1899	4629	310
1905	2385	302
1910	2982	515
1923	5514	203
1923	5514	388
1924	4899	317
1928	2662	420
1932	3346	356
1941	3505	242
1943	3982	462
1950	6863	442
1950	6863	516
1956	4638	466
1957	3486	447
1960	6147	425
1963	6000	185
1964	2740	478
1975	4617	294
1977	3370	509
1979	4579	450
1984	4449	488
1987	6784	258
1989	4412	299
1989	4412	383
1990	4200	530
1991	3491	279
1995	3705	311
1996	5101	443
1997	3177	328
2003	4485	407
2003	4485	249
2005	5933	585
2007	9676	452
2007	9676	208
2007	9676	165
2007	9676	227
2009	3479	476
2010	3172	496
2011	2308	398
2013	4240	270
2018	7878	222
2020	3106	493
2032	10687	227
2035	1530	366
2039	3734	284
2048	3058	474
2054	8739	403
2056	5365	408
2061	10093	454
2061	10093	421
2067	2048	321
2073	9454	461
2079	8618	474
2082	4529	221
2083	2015	393
2084	3557	504
2091	7591	443
2091	7591	415
2093	3109	468
2094	4802	507
2097	6053	414
2097	6053	438
2102	2229	303
2103	3394	253
2104	4366	463
2107	8198	429
2111	7714	232
2111	7714	153
2112	5036	150
2112	5036	406
2116	5567	329
2123	6739	428
2124	6132	315
2127	6695	211
2128	5715	313
2131	4981	488
2134	3241	432
2136	2543	548
2137	3646	459
2138	6340	392
2145	3036	386
2150	6978	300
2153	7447	390
2158	13092	326
2158	13092	360
2165	11950	463
2169	5405	318
2170	1933	421
2172	5081	394
2173	4941	455
2173	4941	451
2176	8588	466
2181	5048	339
2184	3967	256
2185	3033	279
2186	7316	301
2190	2519	222
2195	6651	369
2196	9564	227
2196	9564	373
2204	5799	237
2208	10468	414
2216	5667	506
2224	7015	364
2224	7015	170
2224	7015	159
2226	13671	243
2226	13671	383
2233	5527	416
2236	5365	405
2245	3603	434
2248	4302	395
2251	2600	324
2253	2720	398
2257	1830	395
2259	4374	440
2263	2078	308
2265	3360	437
2268	6917	424
2273	2423	385
2280	4857	342
2281	6443	413
2281	6443	352
2282	5362	435
2289	3624	215
2290	3911	270
2291	3840	261
2296	3929	441
2298	4259	480
2300	4089	550
2300	4089	203
2304	4693	279
2317	3847	405
2324	5781	471
2325	2711	222
2327	2816	455
2328	5646	343
2336	4353	283
2337	2291	484
2341	7947	259
2350	2779	324
2358	5913	454
2360	3347	390
2367	13789	262
2368	6136	453
2371	7869	239
2378	5155	452
2382	4146	393
2394	3179	222
2396	3076	384
2398	8432	451
2398	8432	254
2400	4115	211
2404	2481	433
2407	3010	412
2408	6548	233
2408	6548	359
2414	2884	340
2416	2328	264
2417	4710	388
2417	4710	358
2419	3976	185
2419	3976	221
2420	4962	634
2424	3726	398
2432	3383	399
2433	3850	259
2438	8827	416
2452	8201	361
2453	9276	419
2453	9276	185
2456	2975	356
2460	4518	200
2464	4593	343
2469	1416	206
2471	8086	216
2474	2185	257
2476	6679	424
2477	4134	496
2478	2889	185
2480	3663	385
2484	4984	299
2487	4236	404
2488	4542	226
2489	7394	238
2492	2976	276
2494	4225	275
2498	2880	401
2499	3100	406
2501	10905	363
2503	3189	251
2504	4023	301
2507	10095	305
2507	10095	244
2508	6418	341
2509	6541	407
2511	11542	263
2514	5436	397
2516	2390	238
2525	7132	348
2527	3904	222
2530	2485	281
2532	7605	185
2533	2813	200
2534	4635	238
2536	3000	200
2536	3000	314
2539	7841	206
2539	7841	451
2541	2415	273
2543	5615	413
2548	2016	253
2551	4398	710
2555	9021	222
2559	3196	355
2560	1992	297
2566	4291	403
2567	4129	464
2568	2814	352
2573	1530	276
2576	1870	297
2582	3093	361
2583	5282	366
2595	6624	403
2595	6624	480
2596	10248	185
2596	10248	275
2596	10248	237
2598	2747	211
2601	3097	251
2603	2600	472
2613	4430	331
2615	4037	275
2616	4063	382
2617	5652	363
2619	2307	443
2624	6877	416
2624	6877	451
2628	5346	508
2641	4466	451
2645	4678	551
2647	8035	578
2653	2976	233
2660	3621	206
2672	5070	260
2675	6264	227
2676	7007	509
2680	2601	222
2681	6065	227
2682	1945	271
2690	5185	292
2692	2301	222
2696	6106	469
2697	2848	279
2698	7751	545
2701	5538	428
2704	3156	210
2704	3156	159
2705	3962	394
2706	3770	389
2709	2892	250
2713	2048	295
2715	6132	356
2717	6046	307
2720	5684	398
2734	3756	211
2739	2507	423
2740	4737	479
2742	4708	348
2744	6956	582
2746	8299	311
2747	4961	600
2751	4408	441
2759	3607	569
2771	5496	238
2771	5496	265
2772	12589	325
2774	4745	318
2775	7849	291
2777	5103	227
2780	11851	290
2781	11760	465
2783	5594	478
2786	8829	277
2786	8829	230
2791	3864	497
2792	11978	283
2797	9391	200
2798	2547	266
2799	5490	466
2803	8526	279
2806	10303	401
2806	10303	341
2807	8241	379
2810	7574	185
2812	3541	185
2813	5508	304
2816	12211	484
2818	10673	417
2819	5017	568
2821	3465	447
2829	4736	526
2834	4084	343
2843	5350	227
2847	3042	592
2849	5274	206
2851	8891	303
2855	1753	277
2858	2864	414
2860	8547	378
2861	6234	482
2864	4971	245
2866	3823	350
2867	10651	185
2867	10651	301
2867	10651	282
2867	10651	389
2868	2370	456
2869	8558	310
2871	4802	293
2871	4802	334
2877	12808	363
2881	3828	384
2891	3538	301
2891	3538	253
2892	7101	238
2896	2583	478
2898	2891	346
2904	7698	411
2906	2124	429
2910	8190	268
2913	5467	448
2919	10756	250
2920	8774	407
2920	8774	615
2924	1696	243
2934	2473	340
2942	5821	442
2944	4412	486
2948	8754	262
2948	8754	428
2949	2572	267
2951	4567	327
2953	7003	474
2960	7259	278
2960	7259	486
2961	10702	386
2961	10702	460
2962	3373	329
2964	3968	205
2964	3968	200
2970	7891	392
2971	8117	551
2974	10626	555
2974	10626	345
2985	10237	459
2987	4308	281
2992	8215	363
2999	1362	477
3002	4034	546
3004	2797	291
3006	3469	184
3006	3469	204
3008	4435	366
3013	11352	472
3016	9021	526
3016	9021	250
3027	4751	318
3029	4402	250
3036	6743	200
3042	6542	824
3051	8575	457
3052	5481	420
3053	3816	359
3056	5522	514
3057	8168	218
3057	8168	163
3057	8168	519
3058	5638	397
3066	5230	343
3067	5240	479
3070	2851	268
3073	2204	415
3075	5369	436
3080	8357	382
3082	7281	425
3085	7506	251
3086	2219	440
3091	6147	324
3093	4422	411
3095	7608	432
3097	7059	718
3102	3444	517
3103	6951	480
3104	7884	497
3106	7142	513
3107	4130	415
3113	12342	451
3114	3330	442
3115	3249	185
3116	10418	503
3121	5350	350
3122	2961	238
3123	4029	303
3125	2934	289
3130	5119	398
3137	6477	493
3138	6110	429
3138	6110	337
3142	2862	544
3144	7392	476
3147	2521	262
3161	3409	353
3162	4056	533
3164	4626	222
3167	4453	492
3173	4361	466
3175	5599	206
3178	4614	394
3180	5322	417
3190	5053	321
3192	2960	510
3197	2767	500
3199	7546	483
3201	3286	365
3204	5090	443
3216	4576	255
3217	5560	339
3226	3934	589
3228	4991	310
3232	5188	368
3233	3001	415
3238	6076	323
3240	8773	411
3240	8773	391
3243	6256	391
3245	5871	471
3246	3351	448
3250	7081	243
3254	4316	176
3256	1737	437
3257	3116	358
3258	2634	458
3262	4416	185
3262	4416	266
3264	2924	352
3265	3157	261
3270	7109	461
3278	2109	291
3279	4043	390
3280	11718	185
3280	11718	477
3285	3371	493
3299	4777	542
3318	5220	453
3319	5949	250
3327	3200	364
3330	3603	473
3336	3501	412
3338	4032	419
3340	2169	560
3341	4042	427
3344	4790	280
3347	3610	331
3351	4519	176
3351	4519	285
3353	4207	200
3357	4876	520
3358	8164	294
3360	7091	244
3361	5126	478
3367	11016	544
3370	3002	388
3373	2826	221
3373	2826	125
3376	5201	697
3384	4195	479
3390	4481	510
3397	3447	411
3399	2607	495
3400	7035	244
3400	7035	200
3402	2388	525
3412	7366	360
3416	4055	517
3417	2812	541
3418	5603	505
3418	5603	379
3419	12497	613
3420	5265	242
3430	7336	364
3435	5881	704
3438	8666	614
3440	11908	542
3440	11908	517
3441	4016	470
3443	3268	494
3444	6737	249
3445	4685	257
3450	5906	145
3450	5906	130
3451	6017	490
3453	4512	264
3455	3349	346
3458	3248	368
3465	3650	452
3471	3698	416
3472	12504	518
3472	12504	429
3472	12504	563
3476	6983	316
3487	4596	483
3489	5017	467
3495	3516	408
3498	8003	508
3500	3895	485
3502	3647	185
3504	5474	439
3514	1920	376
3517	2188	249
3518	4796	659
3530	2261	505
3535	6032	690
3543	2765	227
3550	2110	206
3553	3771	185
3554	3624	294
3557	3915	233
3563	2652	282
3563	2652	185
3565	2464	285
3568	7770	238
3568	7770	394
3572	2685	238
3573	3182	268
3576	4714	392
3578	1463	284
3582	5039	332
3591	2873	359
3593	5588	445
3597	2321	211
3600	6245	336
3602	3277	232
3606	5702	332
3612	1747	274
3614	1813	271
3626	5586	258
3627	3028	185
3628	1211	287
3636	2235	271
3639	2448	185
3639	2448	250
3648	1440	185
3652	2644	200
3653	1816	290
3656	3554	185
3657	3882	270
3658	2185	340
3663	3456	232
3666	6312	211
3666	6312	344
3667	3204	258
3667	3204	460
3671	3302	294
3676	3339	211
3680	2204	215
3691	4602	548
3697	1553	303
3699	2596	301
3700	2598	485
3702	1972	484
3705	2315	396
3708	5495	452
3709	3635	266
3710	2553	384
3712	3446	263
3723	5548	387
3731	7962	424
3731	7962	335
3734	2607	200
3739	4155	253
3741	4730	317
3744	4563	468
3745	4384	627
3747	6559	222
3747	6559	302
3748	2488	320
3753	4635	319
3758	4257	538
3760	5428	728
3772	1234	313
3774	4028	350
3778	2347	374
3782	4878	406
3786	3622	343
3790	4758	215
3805	7285	289
3806	3009	221
3809	3210	200
3810	4851	397
3818	6295	277
3821	2380	291
3831	3279	451
3838	4932	285
3846	2921	374
3851	7174	363
3865	4228	392
3870	2891	288
3875	7010	257
3891	6463	470
3891	6463	503
3892	5097	444
3893	5468	532
3895	7568	346
3897	1874	385
3898	3235	317
3900	4576	438
3910	1930	250
3913	6241	344
3913	6241	502
3915	4189	477
3917	6842	460
3925	2560	331
3930	4974	345
3940	4541	502
3940	4541	480
3943	4281	534
3944	3502	407
3948	7177	385
3953	2487	485
3954	4696	325
3955	2267	379
3958	2950	546
3967	5893	185
3970	3091	594
3974	2462	250
3975	4176	535
3981	3267	482
3982	7699	553
3988	2834	464
3996	3635	486
4008	6704	469
4024	6812	423
4030	2073	282
4036	4185	514
4039	3677	432
4042	3774	443
4045	3127	256
4052	4844	353
4053	2955	393
4055	5590	443
4056	5083	549
4063	4450	418
4064	2590	291
4066	1539	215
4068	5844	263
4072	2423	437
4077	3915	377
4090	6549	377
4091	5979	350
4092	4726	423
4093	3371	411
4094	3761	391
4099	4168	361
4101	2493	476
4103	4095	374
4105	6304	464
4108	6529	665
4109	5127	326
4112	3614	373
4113	3182	587
4119	3818	185
4121	2890	526
4123	3995	458
4124	2353	313
4127	3801	430
4131	5770	278
4135	3109	543
4148	3339	413
4150	2293	398
4151	3274	280
4154	4299	422
4160	3164	521
4161	3154	449
4163	4406	693
4168	4486	388
4169	3644	690
4175	7871	372
4177	4187	465
4180	2844	227
4181	3849	311
4186	1947	374
4192	3452	376
4193	7774	429
4193	7774	469
4196	6327	415
4196	6327	275
4197	2378	255
4198	6008	497
4198	6008	215
4202	3439	455
4203	4508	456
4203	4508	351
4209	3136	243
4210	2758	510
4211	3028	653
4220	4666	637
4223	2771	404
4225	2483	391
4229	1598	303
4237	3440	445
4240	2278	176
4248	4127	222
4258	4962	692
4259	2418	462
4274	1820	357
4276	7109	342
4276	7109	190
4276	7109	222
4278	3117	388
4281	5280	403
4286	2807	230
4288	3213	366
4295	3003	553
4304	8050	255
4309	2014	256
4314	4407	200
4315	5475	335
4319	1897	227
4322	4752	243
4329	3894	297
4331	2512	482
4336	7295	270
4339	3394	297
4356	2740	449
4357	6887	660
4364	3343	301
4366	3954	440
4368	6088	354
4378	3722	417
4379	3391	413
4393	2195	185
4396	3305	227
4397	1546	437
4406	3945	239
4407	2509	239
4410	7379	419
4420	8012	324
4425	2895	416
4434	3317	329
4454	4252	491
4463	3634	427
4470	6666	452
4472	4926	285
4474	3247	637
4479	7275	658
4483	7087	211
4486	6981	592
4490	3410	189
4490	3410	179
4494	4356	329
4497	8122	536
4503	6839	714
4509	5615	556
4510	6524	370
4531	5688	227
4537	3519	274
4539	9791	351
4541	5029	469
4543	2483	536
4545	5362	387
4547	6914	406
4548	7193	504
4552	6163	444
4553	4589	537
4559	9225	419
4577	2602	428
4578	5659	482
4579	5224	170
4590	2512	513
4593	2690	512
4595	2725	466
4599	6114	425
4603	7785	299
4611	5604	352
4614	4657	454
4615	7611	392
4615	7611	365
4617	4081	413
4627	4755	310
4631	3890	569
4632	4769	569
4633	6609	561
4633	6609	369
4637	5458	401
4649	6515	270
4651	3716	227
4659	4439	434
4661	2498	272
4691	3657	551
4694	7900	292
4694	7900	271
4700	7286	410
4703	6370	238
4712	3798	623
4713	2744	284
4715	2734	408
4717	3091	271
4718	4712	227
4722	5598	525
4729	2076	302
4730	3471	334
4733	2036	330
4740	2170	231
4740	2170	297
4757	6269	325
4758	6070	441
4761	3692	511
4764	2155	352
4765	6159	545
4773	2494	296
4776	3477	211
4777	6849	490
4782	7179	324
4787	5057	502
4788	6821	619
4789	3222	549
4791	4248	280
4809	2239	244
4818	7882	249
4828	4694	362
4835	3602	211
4836	2587	211
4840	6373	393
4860	4081	464
4862	3696	298
4870	5521	512
4873	5127	301
4874	3923	272
4879	6790	421
4879	6790	206
4879	6790	332
4888	3799	335
4889	4104	274
4900	3634	278
4900	3634	317
4903	6547	206
4904	3024	286
4909	3732	716
4910	9815	360
4915	2988	295
4920	5504	211
4923	5852	808
4934	2676	293
4939	4242	323
4941	6087	414
4944	3255	529
4947	9263	339
4981	2882	510
4982	3536	417
4989	3227	323
4990	6659	490
4993	2244	261
4995	3557	414
5009	6196	421
5025	2972	511
5029	2811	272
5030	2307	355
5037	2717	287
5039	2097	440
5041	3173	278
5041	3173	269
5045	4130	450
5047	3739	185
5047	3739	285
5054	7422	469
5055	9158	425
5057	2513	309
5063	6083	346
5065	5227	476
5071	7382	337
5077	6594	185
5077	6594	440
5078	4505	291
5079	1752	474
5083	6323	397
5083	6323	316
5084	4538	350
5085	7797	322
5091	3623	338
5092	3720	432
5098	4857	496
5102	4810	289
5104	3798	249
5105	3755	317
5105	3755	340
5117	1589	388
5119	2174	215
5120	4575	291
5129	4787	206
5132	3378	551
5134	7284	448
5145	3366	267
5148	4674	534
5150	2943	466
5152	6027	248
5152	6027	237
5164	8986	718
5177	6932	200
5180	6085	245
5181	2960	263
5182	6020	431
5183	5647	520
5195	1850	523
5203	2390	501
5205	5503	582
5213	3490	227
5216	4493	419
5217	3201	302
5220	9830	274
5223	2600	342
5227	5005	491
5236	1299	222
5244	2962	296
5252	4425	400
5253	6788	512
5255	2490	395
5256	3779	384
5257	6151	470
5257	6151	334
5275	5884	379
5276	3701	390
5280	2693	204
5283	2657	389
5284	2619	340
5284	2619	345
5287	5845	519
5288	6309	359
5289	3026	329
5297	4115	814
5298	6492	185
5302	4804	600
5306	7375	471
5307	4477	230
5308	4387	494
5310	7530	661
5315	3745	532
5322	3248	526
5323	5695	605
5324	3659	484
5326	5178	755
5330	2488	380
5335	3784	579
5336	2540	260
5342	3102	280
5343	7556	596
5346	5254	500
5349	3193	564
5357	2350	216
5363	4891	316
5364	6305	514
5375	5645	365
5379	5474	211
5380	5697	398
5381	4198	373
5386	5967	395
5387	3107	330
5390	4087	428
5400	5593	316
5403	4554	385
5412	3058	606
5413	3583	355
5420	6018	404
5423	1418	312
5426	3394	206
5428	4302	572
5431	3390	422
5432	5365	429
5436	5190	233
5436	5190	200
5443	5141	488
5453	2983	320
5460	3376	471
5464	4736	533
5468	5265	226
5476	6215	412
5479	3243	354
5486	3871	437
5491	2700	471
5494	3579	275
5495	3479	398
5500	3444	249
5503	4922	348
5504	3230	455
5528	4644	373
5529	2927	238
5530	4671	458
5550	3275	340
5556	4479	509
5557	6195	278
5562	3209	491
5564	5582	240
5564	5582	194
5565	4645	442
5566	3381	359
5575	5886	660
5578	3036	425
5591	4611	404
5595	3315	253
5596	2575	403
5598	2360	298
5601	2912	556
5605	4219	598
5612	3706	299
5613	5123	370
5615	3976	576
5619	6723	472
5622	2670	447
5623	4449	257
5631	2712	344
5640	1877	445
5642	5287	298
5643	5459	490
5647	2571	272
5648	2595	385
5650	6226	277
5654	3324	437
5656	2007	237
5657	4519	475
5661	3715	483
5664	3517	405
5666	2731	538
5675	4763	435
5684	1689	334
5688	2115	243
5689	2601	200
5690	1993	514
5694	5604	481
5695	2971	281
5697	5748	513
5697	5748	536
5704	3827	551
5715	4087	472
5720	5533	394
5726	2634	510
5730	1676	340
5732	2134	237
5738	2567	405
5745	4009	419
5746	4625	676
5748	3505	331
5750	4576	514
5750	4576	200
5754	3328	362
5756	5224	508
5757	4395	368
5760	2820	185
5766	2957	359
5768	3181	263
5778	3584	225
5778	3584	245
5781	2694	272
5785	4831	696
5796	2803	413
5799	6290	227
5804	1583	406
5806	5779	334
5815	2799	513
5830	4383	381
5831	5503	386
5835	3330	324
5836	5085	441
5837	1515	274
5843	4329	346
5846	1726	244
5851	3990	238
5854	3739	443
5855	2751	301
5856	3742	437
5861	2282	215
5864	3113	494
5866	2192	261
5868	6384	453
5870	5871	200
5871	4248	307
5882	1872	417
5889	3612	377
5890	3086	215
5891	3333	521
5892	2903	348
5896	3726	329
5898	3842	403
5900	2923	489
5901	2194	367
5911	2764	292
5914	3970	496
5919	2551	227
5920	4953	185
5921	4355	226
5922	3125	494
5927	2804	397
5928	4404	306
5934	4282	337
5939	5840	293
5940	3497	410
5941	6156	465
5944	3122	292
5946	3212	278
5948	5363	686
5951	5727	430
5953	2278	268
5954	4222	463
5958	3209	448
5959	5033	644
5974	4483	479
5976	3892	291
5983	4048	460
5983	4048	265
5997	7064	250
5998	3115	257
5999	3008	347
6001	4253	272
6003	5872	451
6004	2965	510
6011	4274	438
6019	5264	427
6021	1958	418
6022	4464	546
6027	4090	315
6028	1828	317
6039	3121	409
6046	4503	443
6047	4647	304
6057	3147	506
6068	4996	503
6070	1090	266
6072	4050	197
6075	5901	724
6079	4344	676
6083	2862	211
6085	2189	307
6086	2779	333
6094	4995	546
6097	3868	469
6098	5190	618
6099	6560	357
6099	6560	222
6100	5910	536
6104	2662	272
6107	3519	326
6107	3519	305
6110	1532	221
6116	6256	501
6117	5218	305
6122	3687	249
6123	7473	284
6124	3404	528
6126	2740	206
6127	2145	410
6128	3986	267
6131	3099	342
6136	7269	753
6139	4268	615
6141	2559	341
6143	4168	363
6144	2401	185
6147	5349	253
6149	5840	250
6153	2759	263
6163	3609	302
6171	4230	427
6175	4481	453
6179	5473	520
6183	3366	534
6187	4726	450
6193	3017	533
6194	4471	308
6194	4471	243
6197	3661	395
6207	3711	773
6209	4344	284
6217	4995	470
6219	1779	336
6221	3544	338
6226	4666	185
6233	4525	437
6238	3515	410
6246	4283	478
6247	5014	428
6254	3101	246
6254	3101	307
6257	3601	322
6258	5533	471
6260	5639	860
6262	3609	450
6273	2334	400
6286	1807	476
6287	6472	333
6287	6472	407
6288	3661	368
6288	3661	340
6290	6093	539
6291	6824	266
6302	1453	237
6322	3164	216
6324	4624	408
6325	3282	474
6326	3147	404
6334	2946	336
6337	2644	243
6338	2342	450
6340	1502	384
6348	12799	211
6348	12799	435
6349	14958	486
6355	10434	266
6360	7818	428
6362	5287	463
6362	5287	399
6369	7476	267
6370	6885	277
6376	10479	185
6377	7617	351
6378	7133	505
6378	7133	487
6380	6365	261
6382	12362	285
6382	12362	382
6385	3318	278
6386	4428	520
6393	13058	527
6393	13058	402
6397	11687	482
6399	10820	405
6400	5204	262
6400	5204	263
6405	3662	501
6406	9315	493
6409	15412	266
6420	11789	296
6421	4601	508
6424	3966	475
6425	2774	278
6429	5125	497
6432	7773	362
6433	4339	291
6434	7802	335
6445	6028	395
6447	3905	412
6449	8819	388
6451	4195	193
6453	5423	451
6454	7301	501
6456	4337	377
6461	6503	560
6462	6222	320
6473	3427	322
6473	3427	390
6476	7071	439
6478	10829	403
6479	9389	405
6484	7913	292
6486	3963	319
6487	4328	491
6490	4523	308
6496	1210	566
6501	5182	566
6505	5008	319
6507	11275	601
6508	1651	232
6512	9065	553
6515	4067	295
6516	4685	245
6520	8236	333
6521	8329	357
6526	10385	515
6527	4349	545
6531	4976	460
6533	8329	516
6534	14832	470
6534	14832	243
6534	14832	352
6544	3917	533
6546	1804	222
6547	9885	633
6549	9395	479
6551	4140	542
6566	12231	383
6575	9893	283
6575	9893	495
6581	9317	419
6584	3278	426
6591	11274	427
6593	4624	307
6594	4145	453
6596	12100	468
6597	3639	543
6600	8484	469
6601	6683	502
6602	7538	361
6603	3440	222
6604	3838	243
6605	14652	410
6611	8468	250
6620	7288	393
6621	6173	222
6626	3722	299
6627	9761	245
6631	8278	283
6634	3980	258
6636	5796	421
6640	5335	310
6641	4075	440
6643	8529	285
6643	8529	272
6645	8072	321
6645	8072	185
6647	7535	394
6651	6076	364
6653	14396	233
6653	14396	301
6653	14396	291
6655	4641	450
6656	3245	267
6662	8001	338
6668	5297	311
6670	2087	540
6671	13239	376
6671	13239	398
6674	5385	226
6674	5385	359
6678	2856	294
6681	3150	347
6681	3150	274
6684	4531	311
6685	14966	455
6687	8714	374
6687	8714	200
6697	12490	211
6697	12490	470
6698	12969	573
6701	13655	287
6708	3956	539
6711	14871	491
6716	6981	349
6726	6966	485
6730	3815	185
6732	3812	335
6735	11356	306
6739	4381	261
6740	5201	271
6740	5201	290
6741	4090	211
6743	4251	303
6743	4251	334
6744	4948	371
6746	7546	319
6752	3481	482
6756	1250	185
6760	3119	180
6761	5194	348
6761	5194	460
6763	3714	211
6766	3747	297
6769	5841	524
6774	7031	356
6781	4674	501
6782	13520	511
6782	13520	310
6784	7707	347
6784	7707	215
6787	3816	335
6798	3684	303
6808	4383	304
6811	2427	524
6816	5763	375
6822	4875	487
6827	2724	554
6834	12307	324
6842	8998	363
6844	4187	508
6845	8461	390
6849	3541	356
6857	4434	436
6860	8008	602
6864	3600	602
6873	3296	627
6875	3297	446
6876	8211	248
6878	5075	593
6878	5075	215
6884	2596	347
6891	9639	454
6897	12516	221
6901	3652	215
6903	6280	243
6905	2660	339
6906	12500	450
6907	3323	328
6909	3516	812
6910	2327	335
6931	7003	524
6934	2074	279
6937	12886	476
6939	4420	261
6940	6248	255
6944	6802	295
6946	3186	487
6950	3379	264
6957	4391	459
6962	6075	288
6964	14112	295
6965	3801	221
6968	2693	333
6970	6253	519
6975	2558	185
6981	3874	428
6983	4139	347
6985	9184	319
6986	7480	642
6986	7480	408
6987	3625	472
6988	7690	222
6990	5380	421
6996	2528	375
7001	4754	342
7002	3869	329
7003	2695	295
7008	7897	443
7015	3842	488
7022	9414	418
7031	4519	524
7034	2344	415
7035	2199	317
7040	6251	512
7041	4345	459
7043	1317	227
7071	3480	238
7083	2361	471
7085	3683	297
7088	2038	279
7095	3888	397
7102	3894	599
7104	1750	450
7105	1460	248
7106	2540	470
7118	4616	447
7118	4616	499
7122	7359	257
7127	4104	222
7133	2350	249
7137	2857	249
7139	3736	238
7142	3410	484
7144	3728	293
7148	5063	415
7153	2323	185
7153	2323	256
7168	3854	260
7169	5686	441
7181	5959	293
7184	3440	384
7186	4862	328
7189	2229	243
7190	2824	185
7195	6514	485
7197	4145	515
7204	3317	270
7205	3495	484
7208	3521	776
7210	1758	284
7216	2292	322
7217	2558	263
7223	2172	288
7224	2737	217
7224	2737	333
7235	4020	342
7238	3197	554
7241	4383	468
7244	6316	200
7248	2455	332
7248	2455	230
7262	7301	267
7265	4494	436
7268	2974	221
7269	3031	569
7277	3727	216
7279	2004	275
7280	3643	468
7281	3527	218
7281	3527	138
7282	4121	405
7292	2721	237
7299	3459	364
7307	3749	309
7307	3749	227
7309	6112	409
7316	2089	337
7317	4427	185
7317	4427	393
7318	2135	322
7332	2208	222
7337	3203	322
7348	4704	304
7349	4554	342
7355	3893	502
7357	5717	285
7364	3997	221
7364	3997	158
7372	4279	516
7375	3054	161
7381	2163	405
7384	6321	512
7390	5954	469
7396	4778	452
7403	2326	452
7406	6209	494
7414	7545	379
7425	3532	371
7430	3858	411
7432	4777	476
7440	6714	487
7442	4948	393
7451	3864	438
7453	3474	471
7455	2404	286
7458	7762	472
7458	7762	237
7459	3489	462
7471	3638	327
7473	3127	526
7476	2635	430
7480	3706	211
7481	7724	638
7484	3376	392
7501	4929	185
7512	3447	411
7516	4642	243
7517	3827	587
7518	2865	255
7524	3096	318
7528	3183	412
7529	6597	811
7532	3137	458
7533	6063	297
7535	7606	602
7535	7606	165
7535	7606	127
7537	6198	268
7544	4647	227
7546	1890	185
7548	6193	508
7549	7838	662
7550	4250	571
7551	7507	397
7551	7507	298
7557	6827	256
7559	4552	505
7563	1430	332
7565	1997	434
7573	3896	497
7578	2745	261
7579	3383	283
7583	2985	415
7594	3018	300
7610	4075	493
7611	4543	293
7612	2485	332
7615	5344	460
7626	3415	334
7628	2646	290
7632	3993	537
7634	5509	765
7638	2237	450
7641	3814	255
7644	3496	625
7651	2118	227
7658	4710	445
7660	1730	267
7673	4236	267
7676	3795	291
7700	3339	242
7704	4877	342
7706	3230	517
7708	2276	310
7712	5158	384
7715	3099	474
7716	5635	484
7722	2344	233
7734	3505	514
7735	3132	444
7737	2225	330
7738	2875	265
7739	3047	163
7739	3047	242
7742	5181	382
7744	923	396
7746	2620	432
7748	5143	472
7748	5143	414
7752	4476	319
7758	3031	441
7762	1692	255
7764	6261	248
7765	2199	333
7770	2698	541
7772	3312	414
7774	6208	608
7776	4109	483
7784	2825	548
7785	7061	425
7790	1949	252
7791	3143	479
7794	2679	439
7802	3027	499
7808	1233	440
7811	3697	321
7817	3298	460
7821	7279	484
7825	2509	402
7832	3114	420
7834	5318	356
7834	5318	364
7838	2559	460
7840	3414	407
7841	4517	442
7843	4805	416
7846	7035	293
7849	2949	273
7856	6060	522
7864	4589	381
7864	4589	295
7865	1062	185
7866	4340	221
7871	2719	369
7873	3691	475
7876	2996	301
7876	2996	299
7877	6859	474
7886	3524	291
7892	2508	402
7896	6844	379
7896	6844	301
7899	2254	453
7900	6097	495
7905	4723	365
7911	5544	371
7911	5544	349
7934	6344	267
7934	6344	271
7944	4436	424
7949	3398	238
7950	3331	525
7953	6056	551
7958	3457	227
7968	3051	313
7981	7287	222
7988	3108	392
7994	4139	501
7996	5525	325
8009	6837	341
8022	4867	493
8026	6040	321
8029	2975	486
8035	2919	238
8036	4493	403
8037	6596	424
8041	4145	266
8041	4145	135
8048	3739	489
8051	4790	490
8052	2624	543
8055	4697	311
8079	3527	505
8081	2695	623
8087	4020	534
8090	4679	530
8091	2374	206
8105	3959	222
8111	3930	479
8121	3958	621
8140	7732	327
8147	5606	454
8150	4223	227
8158	4734	408
8164	7476	507
8184	4506	340
8194	6043	426
8196	1999	426
8207	3749	479
8208	6118	243
8209	3530	419
8218	1200	334
8230	4718	502
8237	3645	534
8242	3932	661
8247	2751	499
8256	5537	489
8258	3740	255
8259	2305	586
8262	7606	185
8289	1694	388
8302	7014	416
8304	5500	461
8305	3769	373
8306	6885	367
8319	1237	265
8324	3936	432
8325	7674	260
8326	4038	538
8328	3979	267
8334	3268	516
8338	3105	185
8339	2868	421
8341	4383	227
8344	3327	206
8353	7192	395
8353	7192	200
8361	2189	474
8362	1386	230
8369	3357	489
8381	4463	304
8392	5811	465
8392	5811	268
8397	2813	559
8401	2617	479
8404	2915	260
8409	3388	275
8419	4916	354
8430	5863	456
8432	2876	217
8432	2876	262
8437	2833	331
8442	6279	534
8445	4817	387
8450	3818	527
8457	4798	255
8462	7947	791
8465	6000	342
8469	4253	428
8470	4406	377
8471	5955	305
8471	5955	344
8474	5272	444
8486	4323	533
8511	5394	419
8518	4758	434
8526	4721	395
8530	5121	586
8534	6518	249
8541	2530	367
8542	1705	368
8543	3300	314
8544	4492	450
8545	2049	363
8548	3070	434
8551	7268	354
8553	3268	327
8558	3062	437
8559	5945	267
8559	5945	268
8559	5945	233
8566	4749	311
8568	5931	423
8576	6239	405
8576	6239	343
8581	3748	537
8582	2959	370
8583	3820	413
8584	4840	415
8595	3191	478
8598	4846	503
8598	4846	422
8602	7036	318
8604	4141	491
8609	3254	310
8611	3053	396
8626	3869	366
8629	3729	513
8631	3640	453
8635	2654	305
8640	3929	431
8641	3427	307
8641	3427	304
8643	4152	507
8645	6527	461
8646	3858	326
8654	5149	354
8660	2781	473
8665	3445	286
8666	3461	396
8668	4196	233
8676	3600	504
8679	3701	362
8680	3136	339
8686	2656	365
8693	3401	464
8694	4496	602
8701	5154	274
8713	7279	274
8713	7279	413
8713	7279	334
8721	3131	344
8726	5783	524
8728	4519	472
8729	3944	431
8731	2275	267
8733	3283	423
8736	4706	557
8745	5084	243
8758	3692	211
8759	7337	461
8764	3297	683
8768	2645	494
8770	5010	272
8775	4317	304
8783	5009	388
8787	3471	260
8794	3240	232
8795	2679	230
8797	3608	486
8799	2180	445
8803	3637	285
8807	4452	470
8809	3901	400
8815	3772	440
8817	3556	328
8818	1884	304
8819	6511	330
8822	4097	521
8830	4864	464
8830	4864	464
8832	5173	206
8838	2959	362
8840	3209	468
8845	2797	314
8851	4590	573
8853	5357	216
8853	5357	256
8856	3791	327
8862	743	347
8865	4088	469
8870	2554	300
8885	2859	296
8891	3762	438
8899	4108	316
8899	4108	271
8900	4340	762
8902	2892	487
8903	2868	322
8909	4324	395
8912	5041	483
8921	3519	388
8932	7186	530
8938	3024	487
8943	2512	459
8952	2562	416
8959	1948	449
8963	2689	185
8964	2837	200
8966	1987	309
8975	3048	384
8977	5741	524
8978	2427	562
8981	4229	529
8985	7635	463
8992	2850	414
8995	4785	351
8996	5369	355
9002	1476	408
9004	1722	477
9005	4014	324
9018	3128	227
9032	4362	348
9037	6717	611
9059	4716	345
9060	3976	472
9062	3235	380
9071	4235	414
9076	3040	407
9086	2467	442
9087	5859	571
9087	5859	590
9089	3761	363
9091	5995	227
9092	2668	405
9094	8055	309
9097	3963	402
9100	3208	446
9103	7703	227
9109	5949	566
9111	2584	391
9112	4047	296
9113	3274	185
9117	5745	373
9127	4622	347
9131	5798	698
9138	2819	282
9147	7405	478
9150	2537	211
9152	3802	304
9156	3207	446
9159	2614	411
9173	2758	397
9179	2893	411
9183	3981	313
9191	4043	446
9193	1338	266
9198	3624	432
9199	4053	238
9203	5073	227
9209	15913	502
9209	15913	200
9209	15913	514
9213	6331	185
9218	2819	372
9220	2983	407
9222	2552	243
9225	5019	394
9226	4968	473
9238	7406	320
9245	2132	250
9247	2986	286
9248	3964	434
9249	4355	499
9250	3437	462
9252	3198	433
9254	5927	552
9255	3794	414
9257	2729	579
9261	3987	368
9267	6816	365
9267	6816	496
9268	3549	292
9278	5031	283
9279	5187	447
9293	6411	368
9294	9820	441
9299	3229	504
9303	4910	444
9310	5857	304
9310	5857	418
9315	7070	449
9315	7070	477
9318	6959	476
9319	3212	475
9320	1640	286
9327	7773	465
9329	8548	407
9329	8548	367
9335	5646	396
9343	5797	536
9349	2032	277
9351	10448	618
9351	10448	651
9352	4187	286
9355	6520	488
9360	4880	442
9368	2092	200
9369	13980	280
9371	5773	387
9376	3448	442
9377	2759	275
9379	4826	347
9390	3417	185
9392	2247	349
9399	13620	399
9400	3985	250
9403	4181	322
9407	1763	413
9411	17731	286
9411	17731	279
9411	17731	228
9411	17731	447
9415	6124	484
9428	14397	395
9433	3572	418
9435	3346	276
9435	3346	280
9441	5029	472
9442	5225	300
9443	2886	458
9446	7425	317
9456	2831	253
9457	2531	589
9464	12101	452
9466	4266	485
9473	5010	333
9475	9377	294
9475	9377	268
9475	9377	387
9476	6709	252
9489	2253	297
9490	2603	314
9496	2464	206
9502	4748	440
9504	2352	263
9510	5349	268
9512	3245	493
9514	4147	260
9514	4147	258
9518	5532	443
9529	3010	488
9530	3861	226
9533	2314	374
9543	2267	250
9546	3747	438
9554	14830	447
9561	5665	404
9567	3491	281
9573	4282	301
9574	3949	238
9578	4155	351
9580	3556	422
9586	3091	474
9589	6375	331
9591	5362	669
9592	16312	138
9592	16312	159
9592	16312	159
9592	16312	187
9593	3828	505
9595	9441	774
9608	2696	320
9611	3205	500
9614	8570	319
9624	6459	447
9625	7245	357
9625	7245	343
9627	2298	395
9632	7734	548
9646	1993	384
9658	4632	528
9676	4028	484
9678	1272	211
9680	3163	518
9682	1361	416
9693	5800	733
9702	4019	303
9705	2718	285
9718	4292	468
9725	3832	284
9726	2856	586
9730	3825	422
9734	4175	350
9738	5174	465
9739	2899	308
9741	3332	238
9743	3535	206
9750	4042	306
9752	4275	472
9763	8149	354
9763	8149	284
9766	3825	398
9773	4139	494
9777	7806	179
9777	7806	777
9779	5724	518
9800	2935	261
9814	3359	561
9820	4834	375
9821	2402	405
9822	4652	306
9828	3894	437
9829	4216	456
9829	4216	395
9831	6106	460
9834	4748	541
9840	4319	355
9844	3432	200
9852	3764	508
9856	4455	514
9865	5369	498
9868	6632	495
9869	6226	303
9871	4347	440
9875	2542	306
9875	2542	143
9876	3869	185
9878	13699	263
9879	7523	519
9882	5752	448
9888	6312	578
9894	2952	211
9895	5542	387
9898	11038	340
9902	4591	429
9908	11427	659
9911	3374	636
9913	5726	415
9914	12180	488
9934	18167	259
9935	3561	316
9937	3141	353
9939	4080	492
9940	3018	420
9941	3243	352
9942	4420	410
9944	4395	420
9950	3995	301
9951	4455	533
9953	2761	263
9955	4633	496
9956	3589	468
9961	3102	405
9970	5986	798
9975	4511	221
9976	10083	827
9988	7570	398
9993	2247	259
10001	3313	479
10002	15644	483
10006	5244	543
10012	5453	573
10014	5335	489
10019	14973	561
10019	14973	756
10025	2621	271
10026	4493	539
10027	7368	540
10029	4945	297
10030	3710	442
10031	19442	200
10031	19442	487
10036	6143	531
10039	16618	438
10051	5488	409
10052	4682	185
10053	2128	284
10066	4476	245
10067	5360	474
10069	3229	185
10070	5721	529
10077	2609	415
10078	3095	306
10083	2483	431
10084	4662	334
10085	5750	472
10088	2744	378
10094	2759	278
10096	2526	446
10104	2122	185
10105	1077	245
10107	7736	250
10109	1258	211
10115	3490	274
10115	3490	270
10116	3095	322
10119	2978	200
10124	2026	206
10125	2853	282
10127	3139	291
10130	3776	266
10131	4357	396
10132	3002	436
10136	2397	453
10137	2972	289
10138	2377	337
10140	2733	211
10146	2808	648
10148	5403	261
10150	2621	285
10151	2953	267
10152	3128	427
10154	4244	376
10155	7176	697
10157	3978	532
10158	3402	302
10165	1361	271
10168	4425	185
10170	1582	200
10171	1792	348
10181	2436	356
10191	2431	273
10192	3343	239
10194	1648	216
10196	1481	206
10202	5372	510
10203	3717	409
10206	4881	355
10211	3487	292
10213	3393	409
10215	4426	252
10219	6546	473
10221	3117	377
10226	2846	232
10230	3235	308
10231	581	211
10234	3194	644
10235	2590	292
10236	2960	292
10236	2960	299
10237	3175	434
10246	3624	419
10247	2498	404
10253	3758	191
10253	3758	153
10255	1648	287
10263	3015	417
10264	3754	303
10266	4586	336
10268	3369	287
10274	7696	406
10274	7696	497
10280	3294	289
10285	2541	227
10286	3451	311
10286	3451	185
10304	1746	267
10305	2736	434
10308	2336	259
10309	4997	423
10309	4997	283
10314	2998	211
10318	3517	635
10323	2529	281
10324	1467	497
10325	4022	303
10326	2873	396
10328	4471	372
10336	3960	498
10337	3333	389
10339	3004	200
10342	2117	316
10346	1801	242
10353	2732	466
10356	3039	293
10358	3207	450
10359	3551	275
10367	5060	320
10367	5060	360
10368	4849	227
10370	1821	449
10375	1685	284
10387	1802	391
10388	4461	448
10398	1700	272
10399	5974	297
10406	2612	282
10410	3783	382
10412	3368	332
10413	4668	429
10419	4235	257
10422	4326	200
10428	2769	490
10434	3898	730
10441	3574	255
10448	1956	211
10457	5182	440
10460	5561	185
10463	7778	661
10467	3373	238
10467	3373	185
10471	2155	404
10473	4024	420
10475	3744	438
10476	3121	456
10477	8421	440
10484	6130	438
10484	6130	326
10492	7975	761
10494	6990	428
10500	9439	419
10505	2958	385
10508	3668	477
10510	4929	405
10512	6681	373
10517	2238	266
10521	3687	476
10524	7481	300
10526	4468	185
10529	3265	284
10536	2090	474
10538	7359	732
10541	1584	313
10544	4038	500
10548	2165	463
10550	2680	238
10551	2807	292
10551	2807	197
10556	4305	384
10557	2394	227
10559	2206	234
10560	2703	420
10561	3859	475
10567	2897	185
10568	4226	411
10570	3024	581
10572	3663	326
10572	3663	284
10578	5616	458
10584	5046	351
10584	5046	385
10592	2501	185
10597	2082	378
10600	3758	538
10607	3906	211
10617	2508	299
10626	9889	421
10627	2839	318
10630	2006	404
10632	5543	448
10636	3434	343
10640	2242	368
10645	1906	297
10651	2961	397
10652	2756	277
10653	3301	304
10655	1764	263
10661	2942	444
10670	3861	460
10673	3750	261
10680	9615	492
10680	9615	286
10682	8501	230
10682	8501	255
10683	2373	279
10687	4245	444
10691	3926	200
10693	1989	346
10696	2076	480
10705	4148	451
10715	2709	321
10717	2347	286
10718	3689	536
10726	4880	211
10728	6538	185
10736	1963	245
10739	3653	266
10742	2817	271
10743	4981	206
10744	5565	426
10745	2815	211
10751	3286	314
10761	2164	260
10765	2719	386
10766	2655	331
10771	3209	287
10775	3910	500
10775	3910	446
10776	2055	316
10778	2914	269
10781	4573	211
10782	5146	233
10783	5135	439
10784	1912	185
10789	1462	267
10792	5141	238
10797	5006	570
10800	4367	483
10806	2821	286
10809	3519	464
10810	1118	227
10812	9246	470
10812	9246	422
10814	3557	185
10819	1924	252
10824	3741	316
10824	3741	254
10827	3636	299
10827	3636	273
10831	2041	255
10834	3827	319
10844	3244	255
10844	3244	328
10847	2131	298
10848	1515	185
10849	3111	430
10854	7751	529
10855	2022	490
10861	4462	246
10861	4462	152
10864	2185	438
10865	5316	312
10874	2709	274
10877	5421	599
10881	2965	453
10885	3866	358
10886	7195	185
10886	7195	251
10886	7195	187
10888	6257	432
10890	3243	402
10891	3946	500
10893	2371	298
10901	7094	479
10910	2845	306
10910	2845	365
10915	3127	757
10920	2637	409
10923	2054	541
10928	3760	411
10931	3195	306
10931	3195	301
10933	3651	359
10934	4062	473
10940	5851	418
10942	3787	475
10943	9287	685
10943	9287	334
10943	9287	305
10945	3419	365
10953	1962	440
10957	5848	211
10957	5848	238
10962	4769	415
10965	4381	509
10967	3542	291
10968	5779	278
10971	3433	461
10972	3816	597
10984	2237	329
10990	2801	441
10991	3514	466
10992	3799	211
10993	4939	496
11000	3876	593
11002	7185	411
11005	3028	426
11010	6585	355
11011	4365	141
11011	4365	210
11012	5106	381
11014	5110	185
11019	3000	388
11023	5586	551
11025	3905	200
11035	4884	331
11038	7768	466
11042	5295	482
11044	6399	185
11048	3777	471
11052	4326	644
11058	5141	332
11059	2606	330
11064	6440	297
11069	2436	185
11070	3455	407
11072	4374	181
11073	4048	327
11077	6327	300
11081	3931	549
11085	3834	509
11086	3462	599
11090	5087	412
11092	2657	468
11093	4664	623
11095	6263	296
11100	6337	234
11104	8078	481
11105	3255	422
11114	2227	534
11116	6114	490
11126	2153	548
11128	3851	254
11131	5313	381
11132	4434	304
11134	3843	404
11142	2490	634
11145	5183	473
11146	6535	529
11152	6352	450
11154	3670	491
11158	5380	552
11166	5332	546
11171	4547	503
11172	5918	502
11176	4625	260
11178	6336	435
11178	6336	226
11181	8447	600
11185	7166	508
11185	7166	483
11187	1765	517
11192	4490	340
11200	5165	506
11201	7594	495
11208	3177	339
11209	4658	403
11220	7923	758
11220	7923	666
11227	2979	330
11230	3620	507
11234	3626	318
11237	3096	706
11241	3005	310
11242	1354	355
11245	1797	280
11246	3919	455
11248	3022	502
11249	6197	240
11249	6197	223
11250	5654	465
11253	3730	407
11256	7584	362
11256	7584	319
11260	4906	560
11261	3670	525
11266	4070	300
11268	4381	568
11270	6317	773
11271	4306	483
11282	2793	279
11284	5807	497
11286	3266	185
11291	3815	179
11291	3815	160
11293	5268	336
11295	2731	296
11299	2529	440
11302	2042	270
11304	6403	325
11304	6403	430
11306	2925	274
11309	4267	700
11314	2895	439
11335	2525	295
11343	4235	303
11351	2893	200
11353	3129	340
11354	4147	325
11354	4147	251
11356	4327	461
11358	2237	185
11363	1046	185
11365	2763	460
11371	1439	456
11379	5402	814
11380	4045	309
11384	2616	234
11385	1551	238
11389	3778	696
11391	4807	249
11393	1578	277
11395	3929	425
11401	1451	336
11402	2096	401
11419	2971	211
11420	3080	641
11424	4276	383
11431	6404	516
11432	5525	426
11446	3000	222
11451	3710	557
11454	7328	553
11475	2764	411
11478	2372	263
11479	3373	480
11482	1437	244
11495	4206	581
11498	2314	459
11501	6149	452
11508	3118	438
11524	4447	496
11527	2350	444
11528	3606	462
11531	1589	385
11537	2518	472
11539	3237	583
11540	6483	302
11540	6483	298
11543	3721	567
11544	3221	367
11547	3115	451
11553	3105	400
11560	4293	462
11562	6165	704
11565	7822	527
11565	7822	238
11572	4804	676
11574	6734	250
11574	6734	486
11576	4641	372
11582	5679	734
11585	4533	359
11589	5775	350
11590	7343	533
11591	2194	385
11592	6097	580
11593	4679	324
11598	3314	394
11599	5333	226
11606	3049	317
11609	6069	554
11612	4025	540
11613	4095	511
11614	4412	333
11618	5977	776
11622	4258	405
11623	3418	453
11626	5356	868
11631	4741	619
11638	4610	445
11642	3268	433
11644	4308	580
11645	3138	545
11646	3927	526
11650	5833	797
11652	6501	528
11653	5862	559
11656	5483	335
11661	6233	424
11664	5330	467
11672	4396	319
11674	5025	873
11682	5057	524
11686	2802	438
11691	4169	464
11696	4109	692
11697	2941	521
11701	2718	290
11710	4087	268
11712	4014	517
11714	4212	737
11719	6926	506
11719	6926	371
11725	7524	593
11727	5189	410
11729	2075	308
11730	6268	461
11736	3892	446
11739	3756	553
11740	5007	492
11742	2066	206
11744	2885	582
11748	4548	429
11751	4487	592
11752	6474	255
11769	6528	386
11771	4326	508
11772	4929	572
11775	3321	266
11789	2842	302
11791	2909	399
11796	3023	498
11800	4017	504
11806	3574	444
11808	4735	680
11813	5643	408
11815	4112	492
11821	1483	332
11826	2379	415
11827	2014	479
11828	6196	770
11831	3233	280
11832	7384	332
11834	5259	442
11835	4760	481
11837	3180	185
11838	3273	567
11839	2913	255
11843	4698	433
11844	5187	789
11847	5285	784
11848	4242	609
11850	4761	525
11855	2981	460
11857	2621	417
11862	2871	259
11867	7449	498
11868	3315	477
11871	4409	458
11877	4614	764
11880	2061	422
11882	4359	534
11888	4006	268
11895	2980	309
11896	3325	302
11896	3325	215
11905	6608	361
11905	6608	645
11910	2565	335
11911	2617	537
11917	2960	355
11924	7144	273
11926	2798	277
11927	5046	386
11931	2492	510
11934	5777	670
11936	5067	227
11938	3817	357
11941	2906	185
11942	5802	698
11949	5022	474
11953	7225	273
11953	7225	285
11961	4995	379
11966	5260	394
11967	7703	405
11968	5471	425
11971	4432	297
11973	3699	284
11974	3814	250
11975	6096	768
11979	6809	400
11979	6809	185
11980	4552	528
11982	5713	777
11983	3492	304
11983	3492	225
11988	3485	491
11989	2760	467
11991	4349	435
11992	4588	357
11994	3017	488
11997	4103	484
11999	6450	695
12011	4264	503
12012	4288	415
12016	4523	240
12016	4523	294
12020	2685	303
12022	7362	666
12024	5496	338
12037	5318	756
12041	4084	311
12049	5024	227
12050	6599	442
12050	6599	427
12054	4920	657
12060	3726	438
12064	4549	478
12077	2591	261
12080	3049	340
12081	2489	402
12092	5061	465
12098	2339	262
12101	3861	516
12102	1833	227
12107	3324	496
12108	3392	361
12122	2919	437
12130	1778	320
12131	2731	289
12132	2127	292
12133	4501	289
12136	3501	424
12139	1562	361
12146	6538	370
12149	6227	417
12150	2672	343
12153	1643	200
12157	7716	284
12157	7716	341
12162	2444	248
12163	1718	274
12166	6909	337
12170	5752	493
12176	5459	356
12196	5245	271
12198	4217	408
12202	3661	489
12207	3807	222
12217	4127	200
12218	3194	244
12218	3194	257
12225	2571	451
12227	3148	275
12229	4350	416
12233	4561	455
12237	4339	328
12237	4339	261
12239	3692	338
12242	3622	303
12245	5693	244
12249	2500	278
12250	3570	243
12252	2909	291
12258	2178	294
12259	7266	239
12259	7266	340
12260	3259	272
12262	2696	316
12266	6773	494
12266	6773	484
12267	2801	350
12276	3009	340
12280	3804	348
12281	2909	457
12284	3704	329
12286	5842	438
12289	4802	185
12296	1984	254
12299	6982	316
12301	2774	517
12308	3296	250
12325	3341	327
12326	5879	470
12336	6336	294
12343	2034	185
12348	1499	457
12356	5233	332
12361	7228	425
12365	6691	269
12368	4993	437
12369	2550	317
12370	1945	248
12371	5103	343
