0	16853	26721
1	5280	261
2	2522	292
3	4458	291
6	7028	452
6	7028	431
6	7028	243
7	4150	347
9	9443	285
9	9443	247
9	9443	232
10	3098	460
12	1678	200
14	3401	369
25	2437	211
25	2437	289
26	6095	397
27	1705	278
30	4735	211
46	1011	185
50	7651	200
51	2174	426
53	3107	344
56	7194	166
57	7233	474
58	2954	354
59	2036	250
60	9129	285
63	2689	397
66	1277	211
70	7316	572
76	2647	462
77	4673	465
78	2717	256
78	2717	185
80	7270	272
84	5971	622
87	2623	351
89	5561	427
96	3176	258
97	4348	411
111	7950	280
111	7950	256
117	1792	238
120	2723	422
122	10625	426
122	10625	465
125	11592	278
125	11592	200
125	11592	200
126	7999	261
127	10051	608
127	10051	383
128	2958	279
129	2046	185
132	4463	429
132	4463	384
136	1640	267
138	1572	404
141	4275	256
147	2896	342
149	2521	405
150	6152	373
150	6152	233
154	4098	332
158	4699	413
158	4699	393
164	5088	356
164	5088	417
165	4748	333
165	4748	298
169	4062	185
170	5771	377
174	5648	282
174	5648	216
175	5813	270
182	5518	507
182	5518	255
184	1685	457
186	5120	185
191	1304	220
197	3977	450
200	2058	402
201	2861	385
202	8445	419
202	8445	255
202	8445	358
202	8445	167
202	8445	200
206	3844	472
207	3245	397
209	2928	254
218	2774	426
220	3540	380
221	1404	260
222	2495	411
225	2009	258
228	4041	394
231	3688	381
232	4325	434
239	3891	511
242	8135	364
242	8135	233
242	8135	345
245	3039	374
246	3798	378
246	3798	311
247	5778	465
247	5778	342
249	3280	258
251	3831	453
252	3198	411
256	1792	367
262	2803	289
263	2237	422
265	4564	458
266	9564	440
268	2429	469
270	2187	375
272	2558	411
274	3024	422
283	2047	341
288	1604	221
289	4947	364
293	7545	360
296	7844	206
301	2535	257
306	2207	437
310	5087	381
312	8771	427
318	3097	356
319	8947	349
323	2997	470
324	4399	200
329	8681	493
332	6832	376
340	5228	252
343	2232	234
344	1935	460
350	6841	332
350	6841	226
354	5881	185
362	1714	324
363	11247	374
364	6413	456
364	6413	236
365	1486	295
374	2868	394
375	5431	230
376	2062	326
377	4503	489
379	3283	444
380	9746	300
381	2510	256
384	4711	273
387	3106	426
399	4643	424
400	3937	493
400	3937	378
401	3505	455
402	10129	262
411	2767	360
417	4619	449
417	4619	508
421	3253	453
425	6868	359
430	4152	185
432	2250	408
435	1047	222
436	6999	620
438	3761	300
442	7759	415
443	1958	274
444	2841	316
447	4475	317
449	4302	277
449	4302	295
454	4622	465
455	2060	447
456	3793	362
457	2487	222
462	8228	289
467	4942	494
468	3302	379
470	4230	411
471	2259	359
479	6104	382
484	2224	303
486	8078	486
487	3067	316
488	6655	243
490	5276	306
491	2833	432
493	2356	495
499	2927	262
502	3124	480
506	2175	248
509	6140	482
509	6140	484
510	2571	304
511	3584	449
517	3190	459
520	2640	443
522	4782	261
523	5039	299
530	8420	443
530	8420	323
532	4870	436
532	4870	200
533	2432	413
538	7602	233
541	2981	518
547	3897	367
555	9080	267
555	9080	275
556	3458	417
558	1970	530
563	6973	238
566	6752	376
566	6752	385
575	6427	278
576	4039	444
579	2378	418
580	3603	432
586	2486	230
597	6417	408
601	2448	304
603	1704	371
604	7000	698
606	5354	299
610	1513	280
611	2701	475
612	2682	381
614	4243	222
615	7982	426
615	7982	452
616	6897	309
616	6897	444
620	4107	470
626	7200	287
626	7200	406
626	7200	249
628	2339	493
631	4005	185
633	1262	200
637	4037	469
640	6855	185
647	2993	244
647	2993	271
649	3889	409
652	3296	185
654	3465	371
655	6986	200
655	6986	275
657	7989	417
661	2293	298
662	5380	261
662	5380	244
664	5432	413
671	1759	227
672	2690	238
674	1902	185
675	1959	200
676	3083	232
680	4352	243
687	1965	226
688	1817	267
690	1939	439
692	3283	468
696	1465	295
702	1945	410
705	1863	222
707	2352	263
708	1860	237
710	2125	252
712	1915	309
714	3712	211
716	2166	302
719	3305	271
727	1171	250
731	3818	185
733	3131	286
738	4680	465
742	2336	418
746	1945	239
750	2499	363
755	3037	397
756	1190	185
757	6797	395
758	3234	326
760	4157	206
763	3197	654
764	2483	319
767	6398	216
771	2880	463
776	2818	277
778	2536	426
780	4954	253
781	2709	185
781	2709	276
783	2019	455
785	1843	257
787	3710	263
788	2190	326
792	2595	284
794	2982	237
802	1143	222
803	2350	246
804	2030	269
808	3672	352
809	3164	491
812	3961	438
813	2561	300
821	1502	249
823	1342	251
824	4905	272
827	2317	273
827	2317	279
828	7115	185
828	7115	200
829	2078	428
830	2432	211
830	2432	290
834	1480	322
836	8027	403
838	6172	451
841	6443	412
843	5808	389
843	5808	383
847	1992	459
849	2917	370
851	1303	244
853	4952	275
853	4952	227
854	8163	375
854	8163	413
863	4105	311
866	4931	232
867	2301	334
868	8294	371
869	4849	371
870	2861	416
872	2196	360
882	2186	283
884	2749	387
885	1985	256
886	3843	222
887	2417	266
894	2015	420
895	2104	382
901	2539	206
902	2391	311
904	1838	297
907	4144	273
907	4144	269
913	2293	444
914	1839	230
916	4674	279
917	2115	257
919	1624	269
922	1971	431
926	7630	236
929	2699	239
930	1826	452
933	2870	387
934	3507	250
936	3341	424
937	2882	227
940	4825	298
941	2742	427
946	2361	248
948	2662	185
949	2212	263
956	3029	267
956	3029	238
957	3249	298
958	2180	291
959	3841	395
962	2623	261
964	1987	232
971	5985	277
971	5985	269
973	1612	185
982	2039	221
990	2505	493
994	1641	258
995	1531	367
996	6031	329
996	6031	236
1000	2571	244
1001	3505	353
1003	2474	244
1004	2891	285
1007	7893	668
1008	2306	418
1009	2314	429
1013	2192	385
1015	1936	286
1016	3349	215
1016	3349	233
1019	2058	338
1025	2792	287
1031	3731	458
1032	4445	415
1033	2119	402
1041	2257	390
1042	1972	460
1044	1472	413
1048	4912	368
1052	3331	274
1055	2107	342
1057	4146	268
1062	3338	375
1064	4485	356
1064	4485	200
1065	2978	485
1066	1238	334
1067	3075	391
1068	5763	285
1068	5763	415
1069	1937	396
1070	2772	200
1070	2772	256
1073	1134	243
1076	2504	185
1078	7703	424
1079	1949	323
1082	2170	411
1085	4228	265
1086	3544	575
1092	2743	226
1095	2686	416
1096	2608	299
1100	2260	489
1104	1488	255
1108	2488	287
1116	4344	443
1117	5926	200
1117	5926	452
1119	4310	422
1121	2341	326
1122	6508	431
1124	8300	446
1124	8300	211
1130	2826	451
1135	4747	441
1144	3028	426
1145	4147	478
1146	6472	490
1146	6472	289
1147	7759	254
1149	7807	346
1150	2360	363
1151	3853	455
1152	5180	475
1157	3418	349
1161	4546	333
1162	1948	505
1163	4311	240
1163	4311	529
1165	2032	455
1167	2995	446
1168	3238	185
1169	2182	446
1170	2869	432
1174	1710	250
1176	4306	608
1182	7180	551
1182	7180	526
1184	4446	291
1184	4446	445
1188	4823	378
1193	4064	441
1196	3225	472
1200	1631	314
1202	8914	491
1202	8914	656
1203	2314	463
1206	1975	361
1210	2421	262
1211	5766	432
1213	5366	434
1216	7531	394
1220	2544	469
1222	4812	261
1222	4812	315
1223	8308	502
1223	8308	320
1223	8308	229
1224	3928	200
1228	1938	437
1231	1926	336
1234	3536	211
1235	2471	369
1236	1732	419
1240	2808	361
1242	4855	222
1242	4855	305
1248	3928	459
1252	1500	243
1254	4903	425
1255	2774	469
1257	2547	272
1257	2547	252
1260	2104	324
1265	8393	406
1267	3083	262
1268	3259	498
1269	2732	497
1272	2164	478
1282	3410	328
1286	2793	444
1287	1794	497
1288	3535	527
1291	1985	452
1292	2042	302
1297	3229	325
1298	4237	380
1299	5190	419
1306	3701	519
1307	3033	330
1310	5835	550
1311	1396	392
1312	9810	304
1312	9810	533
1313	6359	441
1315	6573	222
1315	6573	486
1319	3215	521
1321	5018	413
1322	6554	532
1328	2821	495
1333	2464	513
1340	3426	327
1343	5307	425
1346	3024	448
1348	3003	226
1352	3979	518
1353	8219	435
1357	7521	185
1358	8043	477
1358	8043	196
1358	8043	213
1362	6729	382
1381	5134	403
1385	3165	284
1386	5458	393
1386	5458	453
1387	3603	489
1391	9018	185
1391	9018	577
1391	9018	395
1392	3761	467
1395	5784	215
1399	4663	365
1399	4663	310
1401	6939	506
1401	6939	420
1401	6939	519
1402	3192	211
1408	2967	488
1413	2529	230
1425	4855	419
1431	3567	238
1442	6670	503
1442	6670	211
1443	2675	395
1451	7239	372
1457	2445	407
1462	2841	584
1464	4373	274
1465	2151	185
1473	1953	421
1476	3110	359
1478	2666	351
1479	2299	232
1485	7775	185
1485	7775	200
1486	4346	310
1491	3548	200
1493	5835	185
1493	5835	284
1496	3099	371
1497	9044	448
1497	9044	631
1501	4001	310
1502	2361	263
1509	4302	468
1512	6150	492
1515	3599	308
1522	3313	172
1522	3313	162
1524	3377	365
1526	2555	215
1529	4195	473
1530	3038	401
1536	3332	335
1537	6560	420
1537	6560	450
1541	5173	461
1545	2763	447
1547	2923	267
1549	3216	426
1550	7020	402
1553	2324	455
1556	4261	200
1558	2415	518
1569	6886	399
1569	6886	391
1569	6886	272
1572	4383	365
1579	2061	272
1582	1793	238
1589	4159	211
1595	2089	308
1596	3030	376
1597	3464	443
1598	2161	206
1600	3319	304
1602	4327	415
1603	4050	478
1607	4657	442
1607	4657	555
1616	1822	185
1617	3157	488
1618	2638	266
1618	2638	166
1627	5842	284
1630	3675	250
1639	3043	431
1644	2815	200
1650	1809	304
1651	3690	449
1653	1870	211
1655	2911	434
1657	5404	417
1659	3205	200
1662	2078	469
1663	2556	445
1667	5666	283
1674	2902	312
1675	2673	458
1682	1877	227
1683	1697	211
1688	4934	472
1690	4380	502
1692	2376	290
1692	2376	272
1693	1666	473
1694	6587	421
1694	6587	408
1695	2468	585
1701	2553	185
1707	2655	216
1711	1054	293
1712	2435	439
1713	2210	211
1717	1936	309
1717	1936	285
1722	2883	472
1736	3030	255
1736	3030	300
1743	4347	404
1743	4347	292
1744	4889	279
1745	3025	211
1746	1995	309
1748	3614	455
1749	3764	446
1752	1119	245
1755	3552	200
1755	3552	475
1767	2508	274
1771	2462	277
1772	5639	574
1776	3794	411
1779	2033	185
1784	2397	549
1785	3497	185
1788	2732	402
1790	1861	453
1792	5933	285
1801	5018	584
1802	7593	227
1805	2436	466
1807	2785	450
1814	2001	327
1816	1679	290
1817	6415	478
1823	1802	243
1825	3662	504
1828	1738	316
1829	1774	321
1831	2865	385
1832	4563	312
1834	2748	461
1836	1418	302
1839	3021	340
1841	5963	361
1842	2994	211
1842	2994	254
1847	2659	354
1848	2661	344
1850	2903	264
1850	2903	389
1853	3262	472
1856	2504	428
1858	2615	251
1859	4033	518
1860	2017	297
1865	2781	309
1871	4553	339
1873	3125	233
1874	1799	248
1875	4971	328
1875	4971	287
1879	5287	200
1892	2077	185
1894	1618	249
1896	7607	185
1896	7607	373
1896	7607	357
1897	2152	267
1898	3279	444
1903	2449	360
1904	1184	310
1906	3244	429
1907	4592	427
1909	5830	300
1909	5830	268
1914	2494	283
1914	2494	188
1918	1170	284
1920	1943	250
1925	5452	312
1925	5452	259
1930	2212	261
1934	3015	426
1937	1184	250
1938	2591	327
1938	2591	243
1940	2061	232
1941	2154	278
1942	2479	270
1945	1743	208
1947	2355	238
1950	2162	327
1955	2631	417
1955	2631	304
1958	2854	262
1959	6472	353
1963	2611	206
1967	2317	380
1968	2639	494
1971	1439	216
1973	6291	374
1973	6291	279
1977	3133	422
1978	2469	273
1981	1817	314
1982	2329	414
1987	2964	245
1990	7418	375
1990	7418	185
1990	7418	450
1994	5149	426
1995	1653	306
2001	3884	450
2009	2543	495
2010	3829	677
2013	5701	237
2014	4024	185
2018	4535	490
2020	2182	200
2022	5271	261
2027	2847	395
2032	2900	200
2033	6432	357
2034	7500	487
2034	7500	372
2036	3218	415
2037	2236	230
2038	2057	463
2050	1890	200
2056	1490	222
2064	2889	369
2070	4612	397
2076	5001	422
2078	2693	310
2079	3861	558
2085	4029	215
2088	7844	200
2088	7844	211
2088	7844	386
2092	4168	506
2094	2596	251
2098	5485	380
2099	3368	495
2100	4362	378
2101	2472	331
2115	6873	488
2116	2980	282
2120	6682	394
2122	2926	452
2124	4954	572
2124	4954	398
2126	3018	420
2130	5986	442
2131	6178	454
2131	6178	249
2134	3047	410
2138	4694	337
2142	3051	382
2146	4056	653
2148	7444	436
2148	7444	382
2149	2645	243
2150	5624	435
2151	6730	461
2152	6561	489
2154	3914	592
2155	4052	424
2156	3513	305
2159	4096	589
2163	2477	323
2164	4863	248
2166	3092	498
2167	1680	273
2172	2658	382
2177	6398	549
2178	2624	526
2183	5938	496
2183	5938	407
2184	2304	401
2192	3588	336
2198	3175	206
2199	2608	497
2202	2908	554
2205	3861	328
2206	4505	412
2212	2357	590
2221	2953	391
2222	4560	447
2222	4560	269
2222	4560	513
2229	2863	413
2231	3440	430
2235	3963	697
2244	4884	447
2249	2349	361
2253	3464	257
2262	6843	355
2267	2617	343
2272	6300	623
2274	4147	215
2276	2761	500
2279	3289	422
2281	2594	211
2283	3082	428
2284	3944	458
2287	3711	300
2291	7741	483
2293	4246	492
2294	6186	211
2307	2735	353
2309	1545	344
2310	2551	463
2312	4289	431
2315	2089	249
2318	5041	372
2321	1916	489
2322	4786	200
2324	3570	637
2331	3448	356
2333	1952	404
2334	6556	421
2334	6556	376
2335	3351	415
2338	2410	470
2339	5653	445
2340	3072	369
2344	6847	444
2353	2130	426
2359	6324	322
2364	4908	429
2366	3250	414
2367	2583	378
2370	2712	413
2374	4160	373
2381	3949	479
2384	3398	392
2386	5363	385
2390	4935	772
2392	4856	298
2396	3200	336
2398	5563	384
2401	3788	448
2405	5010	415
2409	4291	239
2415	4835	361
2421	7277	236
2424	2519	494
2425	6636	409
2426	5255	211
2426	5255	255
2427	5353	391
2428	3540	319
2429	3911	489
2430	4743	526
2432	8172	365
2432	8172	527
2438	5925	340
2439	3464	200
2444	4114	205
2444	4114	419
2448	3182	311
2450	6968	462
2451	2958	274
2453	6377	544
2455	8406	497
2455	8406	232
2457	2371	374
2460	3276	374
2463	1941	440
2465	2456	470
2467	2847	343
2468	4697	473
2469	6058	409
2472	1383	398
2473	1905	360
2475	2476	376
2477	2275	273
2478	2535	524
2480	3267	436
2481	2995	257
2482	1763	286
2483	2703	291
2486	5927	410
2486	5927	406
2495	3196	485
2500	3292	813
2502	1863	303
2504	2284	451
2506	1719	261
2508	2051	377
2509	5665	254
2509	5665	185
2510	5623	372
2512	3491	454
2514	5429	255
2515	2537	400
2516	2201	459
2522	8414	296
2524	2389	285
2529	3897	436
2533	3582	374
2533	3582	358
2534	1752	279
2537	2103	431
2541	2332	329
2542	2467	243
2544	5195	387
2554	5911	480
2554	5911	452
2557	2784	485
2559	3644	429
2560	1873	267
2563	6599	478
2564	4092	321
2570	3348	255
2574	5217	222
2576	2188	562
2577	2854	239
2581	3659	504
2582	5965	275
2583	2256	279
2584	3863	376
2592	3339	233
2592	3339	286
2598	3745	226
2602	6474	376
2609	3973	238
2611	2877	426
2612	2007	280
2614	3329	476
2615	7240	266
2615	7240	297
2616	2879	491
2618	2483	461
2619	2923	401
2622	6024	243
2624	1575	476
2637	3406	480
2639	2012	321
2640	4736	265
2640	4736	301
2642	3985	442
2650	2168	347
2652	3006	451
2653	3231	483
2654	1935	280
2655	4850	485
2655	4850	542
2657	1991	407
2658	2066	285
2660	4877	392
2663	3139	374
2671	5674	387
2671	5674	466
2675	3773	272
2676	5903	364
2677	2352	398
2679	4149	227
2682	6645	251
2682	6645	285
2682	6645	270
2689	1609	267
2697	1743	299
2701	6820	479
2701	6820	442
2702	3608	255
2706	3908	251
2710	2873	232
2711	3870	359
2712	2426	342
2714	2568	277
2715	6247	445
2717	2476	221
2719	2704	239
2721	2895	364
2725	2324	414
2728	3383	275
2730	2339	320
2738	5589	222
2743	1621	338
2744	2923	517
2747	2947	497
2750	3905	445
2750	3905	349
2751	3184	264
2752	2732	397
2757	1289	318
2759	2703	442
2762	4416	538
2769	5208	246
2769	5208	275
2772	2431	250
2773	2730	375
2774	6570	211
2777	2384	262
2778	3234	185
2779	2361	269
2780	5835	379
2781	3970	524
2785	3251	206
2786	1969	323
2787	3399	229
2787	3399	338
2790	2926	314
2791	5668	436
2792	7402	435
2793	2467	292
2797	7403	481
2798	4101	445
2799	3698	322
2811	3301	450
2813	1290	444
2817	2001	361
2821	2592	295
2827	3954	422
2830	7683	396
2841	2177	425
2845	6487	462
2846	2601	211
2853	7150	409
2859	5326	473
2864	5629	405
2866	1004	374
2869	4867	422
2875	3221	338
2876	6438	330
2876	6438	312
2880	2107	250
2881	2619	370
2884	2190	527
2889	1910	462
2895	5965	298
2896	2743	472
2900	3188	492
2904	2695	264
2914	3251	402
2916	5173	375
2920	5556	457
2922	3163	437
2929	1410	312
2933	4011	399
2937	2394	427
2939	2929	185
2943	2358	481
2944	3015	522
2950	1975	284
2953	2176	463
2956	3197	239
2956	3197	200
2957	2479	282
2964	2081	359
2965	2080	261
2966	4511	450
2972	2018	244
2973	3616	314
2976	2457	259
2980	5240	409
2980	5240	507
2982	2645	243
2983	1802	273
2986	3943	422
2988	5015	287
2992	5972	226
2993	3016	342
3011	5095	227
3011	5095	256
3014	2584	280
3017	1762	259
3020	1418	281
3024	2002	301
3029	1779	215
3033	5413	292
3034	4188	417
3035	2481	291
3037	1540	308
3038	2384	429
3040	3358	276
3042	4337	304
3043	2959	261
3050	1870	359
3054	2552	429
3059	1231	251
3060	4402	274
3063	1717	465
3072	3456	454
3074	4433	200
3083	5345	325
3087	3963	432
3087	3963	255
3088	6410	243
3088	6410	497
3090	1491	185
3091	1532	250
3092	3009	460
3101	7586	352
3104	3568	459
3106	3851	333
3108	1566	492
3109	3165	470
3113	6482	333
3113	6482	261
3114	2036	424
3118	2961	222
3119	6567	215
3128	1889	295
3129	2140	326
3132	2423	185
3133	1768	278
3138	4359	417
3144	3250	349
3157	1223	233
3165	2849	397
3170	2926	516
3171	4278	321
3171	4278	202
3172	1901	234
3173	6222	417
3179	3911	502
3181	1843	267
3184	2165	255
3187	1555	335
3189	1847	260
3191	5408	338
3191	5408	471
3192	6932	425
3205	1167	185
3210	1609	232
3211	3218	463
3213	3782	487
3219	4088	416
3221	1572	227
3224	3917	238
3235	1942	222
3247	1898	464
3248	3398	371
3252	3851	436
3263	2434	357
3267	3318	440
3268	1548	378
3274	2440	300
3274	2440	322
3284	2875	348
3284	2875	303
3287	1896	468
3300	2834	410
3303	3459	539
3305	986	211
3307	2841	366
3310	3179	528
3316	2242	374
3324	3256	317
3332	3973	493
3334	3470	418
3334	3470	426
3339	4190	469
3340	2619	206
3346	2838	250
3357	2835	316
3366	2631	221
3366	2631	251
3370	2484	480
3375	4290	350
3376	2775	265
3380	1664	333
3384	2949	369
3389	2096	382
3393	4304	227
3395	2821	274
3402	3250	512
3408	2201	320
3410	5342	259
3411	3846	385
3417	6362	227
3419	5906	206
3423	1814	297
3431	1823	268
3432	3721	539
3436	3576	263
3438	1367	226
3440	3086	211
3442	6690	437
3446	3003	479
3449	2968	384
3452	2466	294
3456	2520	318
3457	1731	200
3458	1510	286
3459	2839	206
3459	2839	284
3463	2874	323
3466	6764	185
3469	4744	266
3474	1739	185
3475	3051	449
3478	2239	501
3482	2244	245
3484	1976	275
3488	2222	253
3489	2833	230
3491	5439	485
3492	7681	401
3492	7681	250
3492	7681	238
3498	2171	237
3502	3618	348
3506	2926	370
3509	1839	216
3514	3288	400
3515	2650	292
3517	3023	358
3518	2240	255
3520	1675	315
3521	3111	417
3527	1817	211
3529	3168	446
3530	1883	313
3537	1999	230
3538	3800	427
3540	3522	427
3541	3934	338
3545	3013	430
3546	5035	263
3550	2634	209
3550	2634	167
3551	2796	469
3552	7478	506
3552	7478	444
3555	2412	301
3555	2412	304
3556	2322	267
3557	4411	370
3561	2867	230
3564	2953	279
3567	3039	512
3570	3268	442
3580	2289	436
3583	2333	396
3588	3718	472
3590	3085	366
3591	3435	288
3592	2465	277
3592	2465	281
3594	1542	234
3595	2762	412
3598	2333	413
3608	1829	256
3609	2543	348
3610	2880	402
3613	2471	175
3615	2170	227
3620	2190	330
3621	2284	232
3625	2712	244
3627	4066	326
3629	2379	264
3633	1508	179
3633	1508	214
3637	2104	266
3641	2976	428
3642	3222	339
3642	3222	332
3645	2142	222
3648	1654	434
3653	2014	248
3660	2660	366
3666	2137	272
3671	5920	417
3671	5920	211
3673	2291	476
3678	2362	370
3681	2029	250
3682	2601	211
3686	3069	185
3689	2356	291
3692	1198	222
3695	2307	244
3699	2616	358
3706	2520	390
3707	2537	274
3708	2075	200
3710	1493	206
3711	2482	476
3716	1370	200
3718	5295	452
3719	1860	289
3719	1860	211
3729	3775	445
3731	1981	473
3732	1570	244
3734	1822	291
3739	2530	389
3740	1845	185
3742	4390	297
3751	4022	418
3752	2352	439
3754	1072	263
3755	2982	341
3756	1708	286
3757	2136	222
3759	2480	258
3759	2480	249
3762	3487	268
3772	1481	275
3773	2580	448
3774	3477	433
3775	1683	307
3777	4585	511
3786	1863	185
3788	2870	250
3788	2870	304
3790	5265	468
3792	4067	292
3793	3382	404
3803	1501	388
3808	2668	287
3810	4165	343
3810	4165	359
3817	4654	492
3817	4654	466
3819	2424	417
3820	1253	279
3821	4271	250
3825	5415	339
3826	1791	248
3827	3072	353
3829	4143	373
3830	1438	185
3831	2563	521
3839	1199	278
3843	2269	352
3847	3899	525
3849	1954	250
3852	1766	232
3856	2283	403
3867	1407	221
3869	3679	260
3874	2951	341
3875	1815	306
3876	2507	469
3878	2680	285
3879	5033	305
3880	3868	291
3885	2662	410
3886	2955	476
3893	584	211
3896	3111	322
3898	6387	388
3898	6387	392
3900	1587	238
3901	3263	592
3903	2237	460
3907	971	467
3922	1984	503
3924	3172	542
3925	2212	452
3930	1925	403
3939	1647	254
3941	4023	285
3955	6976	238
3955	6976	450
3958	2941	234
3960	1560	227
3961	2688	275
3962	7863	250
3967	2023	227
3974	4734	256
3974	4734	262
3977	2436	243
3979	1819	200
3988	4865	267
3997	2822	216
3998	2203	431
3999	2374	238
4003	4779	434
4003	4779	361
4004	3501	398
4005	3766	425
4007	2308	200
4011	6504	307
4011	6504	256
4016	8192	211
4018	2014	415
4022	1617	211
4023	3780	304
4024	6241	278
4024	6241	443
4024	6241	259
4026	1380	285
4035	3333	211
4036	2336	350
4038	2875	239
4044	2505	211
4046	2884	255
4048	1877	215
4049	3708	234
4051	5103	258
4052	1350	234
4053	5243	260
4054	6176	396
4057	3393	286
4058	6765	437
4059	3068	424
4062	2838	278
4063	4395	215
4067	8102	215
4068	3791	285
4068	3791	233
4069	670	211
4070	2741	293
4070	2741	290
4071	2455	302
4078	5124	618
4080	2132	279
4082	2674	419
4093	2325	232
4094	3137	211
4096	3044	238
4096	3044	227
4097	2141	267
4098	2503	487
4100	2789	227
4121	2640	222
4122	6488	315
4125	1549	206
4130	3735	380
4131	3993	232
4134	2772	325
4138	1825	215
4142	2596	200
4143	2439	244
4145	3284	464
4146	1966	254
4153	4757	432
4153	4757	316
4154	8727	437
4154	8727	336
4158	2116	291
4166	2362	200
4172	1809	306
4175	2178	294
4178	3884	403
4179	1009	232
4180	5022	392
4181	3203	391
4201	3685	469
4203	4702	348
4207	1799	315
4216	4294	431
4218	2788	505
4219	3127	200
4220	4942	436
4220	4942	419
4221	2691	238
4222	4546	338
4235	1238	312
4237	2241	221
4241	7219	377
4241	7219	402
4243	3264	262
4245	2175	226
4248	4611	372
4251	2947	245
4252	6832	476
4253	3216	443
4259	2420	466
4261	930	221
4266	2404	256
4267	1727	242
4269	1824	222
4274	2464	280
4278	4494	317
4278	4494	272
4290	1535	290
4294	1960	200
4308	2699	227
4311	6043	594
4313	2094	284
4320	2574	429
4321	4022	292
4322	1740	270
4325	3484	273
4327	4328	407
4330	4499	401
4332	1803	305
4334	1869	363
4343	6082	256
4348	3628	221
4348	3628	257
4349	1326	266
4353	1702	286
4356	3104	327
4356	3104	236
4361	1153	250
4363	3715	392
4367	2122	243
4371	3960	310
4373	5161	389
4379	3469	429
4385	3285	246
4386	1398	236
4390	3362	347
4391	2896	358
4395	3861	437
4396	3882	491
4397	5136	282
4400	7363	276
4400	7363	222
4401	3075	450
4406	2117	345
4412	4476	460
4413	3569	453
4414	4712	266
4414	4712	261
4417	2710	282
4424	6229	266
4426	4385	215
4429	5264	421
4431	8247	445
4431	8247	234
4432	2583	419
4442	2244	381
4445	2509	206
4448	3052	487
4452	6271	605
4459	2579	300
4460	1599	261
4472	2772	621
4474	4625	541
4475	1706	461
4478	2570	339
4479	5107	226
4485	5128	308
4486	3948	347
4491	2437	454
4493	6624	626
4496	8389	405
4496	8389	402
4498	8334	422
4498	8334	404
4501	2201	321
4502	3552	299
4503	1944	290
4504	5603	445
4505	2233	364
4510	4184	461
4510	4184	222
4513	3842	422
4514	1689	215
4516	2367	425
4517	3365	410
4521	2937	468
4522	3898	420
4524	1806	280
4527	5499	275
4529	3023	448
4531	3695	359
4535	3308	200
4538	1946	268
4539	2348	291
4540	973	266
4545	3567	681
4548	1949	254
4550	4141	302
4551	6363	249
4552	8049	227
4552	8049	200
4554	3484	410
4557	3157	239
4559	2000	369
4561	1995	273
4563	3746	287
4564	7848	200
4569	5277	262
4572	1511	378
4582	5389	255
4582	5389	255
4584	7511	216
4588	1274	280
4591	2132	322
4594	4201	310
4594	4201	255
4596	1510	280
4598	2885	357
4602	2959	300
4604	2359	481
4606	2135	458
4610	3099	440
4612	5089	248
4615	4154	313
4621	4270	300
4627	2714	296
4630	2971	301
4634	1495	266
4638	1444	280
4641	3494	211
4642	4991	274
4643	1647	319
4653	6110	262
4654	2473	267
4655	1868	436
4656	1891	299
4662	8215	200
4671	2101	302
4681	4270	255
4681	4270	262
4681	4270	237
4692	1326	239
4693	1930	243
4695	1963	331
4704	1998	394
4705	2803	316
4716	1197	238
4719	2679	404
4721	1273	260
4724	1817	452
4725	5987	211
4726	4860	227
4729	5092	408
4733	2794	425
4734	2743	414
4735	3130	339
4743	2464	425
4745	1996	233
4749	4144	280
4754	3822	337
4764	4792	445
4764	4792	285
4779	1715	232
4781	4811	329
4786	3674	376
4787	1822	425
4788	2876	290
4789	1803	378
4791	2391	445
4798	1555	261
4803	1001	281
4806	2848	269
4808	2448	458
4818	2845	336
4820	1593	200
4821	2200	215
4823	2418	196
4826	2037	185
4827	2298	300
4831	1894	200
4833	3067	232
4833	3067	283
4835	3378	211
4837	2709	211
4844	2353	399
4845	1901	262
4849	1702	259
4856	3342	233
4856	3342	284
4858	2156	319
4859	1795	375
4868	1967	428
4869	1582	457
4870	1886	329
4873	3822	315
4874	1872	281
4875	2003	280
4879	986	234
4883	1932	263
4884	1930	393
4887	1039	278
4896	1644	211
4900	2881	266
4900	2881	193
4902	934	230
4903	3588	419
4905	1325	185
4909	1532	233
4910	1265	215
4912	4962	543
4922	1287	300
4926	2711	298
4926	2711	219
4927	5989	238
4928	1384	230
4930	2470	281
4933	2413	227
4936	2400	243
4937	1956	323
4939	4701	448
4943	1338	261
4948	2232	440
4949	1799	277
4951	4243	397
4952	881	211
4953	2441	227
4955	4938	438
4956	2593	287
4957	1255	260
4959	1287	222
4965	3484	456
4975	3659	317
4980	2564	268
4995	3440	463
4996	3208	357
5001	2177	402
5002	3259	206
5007	2553	261
5007	2553	184
5008	1884	411
5009	2166	345
5010	3120	266
5013	3247	256
5014	2427	185
5015	1251	278
5023	2088	485
5025	2897	451
5029	3526	306
5039	3941	408
5040	1584	261
5044	2627	215
5048	2904	362
5050	2588	298
5051	2810	503
5056	3075	211
5057	3635	351
5058	1326	412
5067	1925	279
5073	2378	248
5075	2653	385
5080	2743	227
5087	1825	299
5090	2734	303
5091	2987	407
5093	2289	227
5100	4070	376
5103	3907	305
5111	975	250
5119	2518	326
5121	2137	256
5123	2860	425
5134	3276	457
5143	3846	403
5145	1775	234
5146	4033	273
5147	3119	456
5149	1856	362
5150	3349	251
5150	3349	232
5152	2374	243
5159	3638	300
5165	1946	317
5167	2925	242
5171	2806	343
5174	2530	340
5176	2440	221
5176	2440	266
5179	2619	397
5180	3668	244
5181	2393	417
5192	1848	313
5194	3993	432
5195	1078	200
5205	2866	431
5208	2198	185
5213	1935	279
5214	2587	227
5216	1764	274
5217	1763	244
5222	2992	234
5231	2688	332
5232	3470	370
5232	3470	418
5233	1408	273
5234	1540	284
5236	2662	227
5240	2196	185
5251	2769	255
5252	2551	200
5257	2483	200
5261	1436	317
5264	3572	426
5266	2836	285
5266	2836	273
5271	2009	185
5271	2009	200
5280	1372	294
5282	2170	594
5289	1537	286
5295	1523	302
5297	4724	297
5300	1115	266
5301	2225	629
5308	4198	269
5311	1282	262
5312	2498	440
5318	1307	284
5320	2616	227
5331	2620	292
5333	1884	324
5341	1639	289
5342	3636	299
5344	3244	278
5344	3244	319
5349	4028	256
5351	2205	256
5353	2917	260
5353	2917	237
5359	3249	248
5360	1566	374
5364	1726	293
5365	1946	321
5369	2376	226
5371	1901	277
5382	2477	269
5383	1583	279
5384	5199	255
5384	5199	185
5386	2832	359
5388	4956	302
5388	4956	278
5391	1229	274
5392	2655	227
5392	2655	242
5401	2344	310
5403	1590	249
5404	2250	242
5406	1609	200
5409	1561	250
5412	3361	480
5421	2456	277
5425	1136	185
5434	3614	273
5435	5754	244
5435	5754	333
5439	5170	274
5439	5170	287
5439	5170	265
5440	1575	256
5443	1744	271
5445	3743	305
5445	3743	185
5447	1947	200
5449	2966	215
5451	2427	222
5452	2569	254
5453	5226	302
5453	5226	200
5455	1660	298
5460	1793	291
5462	1755	236
5465	2325	227
5467	2294	298
5477	2899	493
5478	3692	255
5481	2816	363
5484	3183	402
5490	2444	200
5495	1485	316
5497	4940	248
5497	4940	261
5498	2546	303
5500	2894	185
5503	1194	256
5510	2200	264
5512	2331	461
5513	2823	275
5513	2823	266
5515	2124	256
5517	2118	248
5518	2594	285
5523	2125	307
5525	2853	526
5526	2025	350
5527	2363	273
5531	1291	371
5533	2824	331
5535	3221	242
5537	2736	300
5539	1574	410
5542	2098	284
5543	5322	307
5547	2336	211
5549	1639	271
5559	2409	351
5562	2785	319
5563	1053	244
5565	3921	276
5569	5469	267
5577	2143	384
5580	1767	377
5584	2732	261
5584	2732	200
5588	3524	322
5594	2627	370
5595	3171	272
5595	3171	291
5596	2140	278
5597	2572	233
5602	3688	258
5602	3688	185
5610	2013	429
5615	2618	249
5625	2140	254
5625	2140	200
5628	2328	255
5633	2497	405
5635	2947	397
5638	1391	237
5639	1929	410
5643	1372	211
5646	2164	266
5649	2621	185
5649	2621	250
5655	2158	405
5658	4891	377
5659	1719	262
5665	1668	272
5667	1824	286
5669	2978	399
5670	3831	416
5671	1949	294
5673	2127	388
5674	3562	200
5677	3756	444
5681	3107	232
5682	2169	290
5684	1610	265
5685	2996	206
5686	4050	244
5690	2782	233
5694	2267	238
5696	2620	234
5698	1460	378
5699	4352	365
5706	4963	311
5707	2972	185
5709	3469	428
5711	2375	353
5712	2636	416
5717	2361	429
5718	2295	374
5720	3761	432
5722	3243	249
5722	3243	232
5724	3277	414
5734	2061	346
5735	2754	227
5736	2645	291
5740	3238	232
5743	5419	342
5747	4435	462
5747	4435	388
5748	2802	282
5749	1963	306
5752	3054	292
5755	3839	211
5755	3839	267
5760	2267	395
5767	2206	346
5768	2995	412
5769	4483	374
5774	3603	373
5775	2840	436
5778	1821	327
5781	1372	266
5784	2293	185
5792	3161	391
5795	2999	470
5796	3447	286
5797	3128	428
5799	5170	255
5805	3303	423
5806	3580	297
5814	2978	407
5816	2275	185
5821	4774	309
5823	5342	238
5824	3278	441
5825	3076	390
5826	2076	416
5828	1970	400
5829	1929	215
5830	2384	291
5831	3768	464
5832	1879	406
5833	2553	250
5834	3704	469
5836	3573	372
5840	5488	308
5844	2989	323
5845	2522	340
5847	2935	405
5848	2087	338
5849	4004	428
5851	3849	538
5854	5552	222
5858	2422	390
5863	5016	515
5864	3938	445
5869	3452	441
5872	2759	249
5873	3101	513
5878	3630	450
5880	2611	316
5884	3306	404
5885	1758	378
5887	4916	461
5889	1844	353
5892	3549	426
5895	2716	384
5898	5271	261
5901	5401	341
5902	4788	270
5902	4788	244
5904	3296	387
5905	2677	282
5908	2437	244
5912	3731	431
5922	3236	246
5925	2633	385
5926	1247	343
5932	5119	275
5932	5119	320
5933	5295	430
5934	4502	330
5936	4823	291
5939	5145	452
5940	3699	221
5942	4605	238
5942	4605	454
5946	4639	185
5946	4639	333
5949	2312	315
5953	2900	333
5957	2656	398
5959	3543	427
5960	2380	471
5965	3273	380
5966	2148	389
5968	2148	469
5969	4315	325
5970	4066	242
5971	5980	449
5971	5980	523
5973	2982	364
5976	2494	384
5978	3005	484
5979	2803	274
5980	2549	459
5981	5820	346
5984	3528	280
5984	3528	255
5990	2685	438
5991	4021	348
5993	2715	376
5995	1980	238
6002	3081	200
6004	3599	455
6008	1842	200
6010	3075	411
6012	4233	405
6019	3021	269
6022	3767	222
6023	3057	343
6025	3563	277
6029	1767	185
6034	3551	185
6037	5574	185
6040	4026	514
6044	4950	271
6044	4950	380
6047	3981	429
6051	3499	227
6061	2239	319
6065	5846	452
6070	2577	406
6071	3385	443
6072	2536	273
6078	4593	281
6083	3312	475
6088	2881	185
6090	3262	211
6090	3262	176
6093	2454	361
6098	3440	441
6099	5498	206
6105	3795	328
6106	3475	443
6107	3552	222
6119	2472	431
6123	3114	408
6125	2485	250
6126	2896	265
6133	2396	454
6136	3663	452
6142	4238	233
6143	5642	394
6143	5642	409
6145	5317	297
6146	2437	411
6147	2524	221
6148	5298	354
6149	3397	267
6150	2304	413
6151	9027	613
6151	9027	392
6153	2623	399
6155	2058	230
6155	2058	202
6159	3554	341
6160	4091	489
6166	4272	227
6167	5471	398
6167	5471	407
6168	4136	406
6169	4559	359
6170	1547	234
6173	3138	522
6176	7520	333
6177	2196	200
6180	2739	267
6187	2192	457
6191	2873	432
6194	2255	269
6195	2542	279
6199	6365	302
6201	1564	243
6204	3269	246
6207	3072	274
6208	5968	313
6214	4011	486
6215	3777	291
6221	2047	305
6223	2734	497
6226	1271	227
6228	1643	227
6230	8275	343
6232	4874	275
6232	4874	284
6233	1406	268
6237	1145	287
6238	7192	286
6239	4140	258
6244	8296	300
6258	2543	227
6259	1814	264
6264	9125	385
6267	2335	230
6271	5932	328
6272	2428	236
6273	9367	366
6273	9367	368
6273	9367	216
6275	3156	227
6276	3567	256
6276	3567	238
6277	1996	206
6277	1996	238
6278	8624	286
6279	6156	411
6283	3480	283
6284	4789	200
6287	9424	232
6289	1886	200
6291	6604	289
6298	9910	301
6302	5152	403
6303	2321	254
6304	6734	342
6306	3224	365
6307	6049	263
6307	6049	354
6308	2468	185
6310	2433	291
6311	2086	200
6315	3134	388
6316	1879	380
6321	1607	185
6322	3642	227
6324	2612	227
6330	8686	248
6331	4094	392
6341	5673	211
6341	5673	211
6343	2621	305
6345	7906	374
6345	7906	413
6347	3065	266
6348	5004	421
6349	2839	395
6350	2959	494
6354	5635	227
6354	5635	243
6354	5635	243
6355	3363	451
6356	4390	325
6366	6424	417
6370	4598	316
6372	2944	278
6374	3748	239
6375	3600	238
6376	4651	322
6378	1880	362
6379	7015	250
6379	7015	440
6379	7015	319
6382	2893	412
6383	2905	425
6385	2663	433
6386	4051	402
6386	4051	436
6389	1888	263
6395	4343	367
6397	6991	321
6399	5123	323
6399	5123	185
6400	3423	324
6410	6383	185
6414	3396	405
6415	1306	411
6416	1352	268
6418	2092	432
6421	1478	299
6424	3000	435
6427	2351	537
6428	3047	359
6435	1724	308
6438	2843	356
6442	8458	376
6442	8458	358
6443	8310	279
6443	8310	272
6445	2107	370
6449	4414	487
6455	5182	222
6460	2318	392
6462	3255	265
6464	2398	256
6474	6314	471
6477	1366	376
6481	2304	399
6490	4786	185
6492	3058	242
6493	2955	268
6494	3467	494
6495	2353	200
6496	3838	363
6504	4756	374
6519	2830	211
6524	8597	229
6524	8597	416
6524	8597	259
6527	2411	335
6528	2538	296
6531	2056	222
6533	868	185
6538	3393	386
6552	2100	375
6553	6369	613
6556	5828	335
6556	5828	484
6557	2113	278
6558	6613	421
6560	3679	266
6561	1049	230
6563	1661	306
6566	3619	379
6568	2030	233
6577	8491	297
6580	3659	409
6588	2923	451
6592	5082	200
6593	2772	497
6598	3702	366
6598	3702	430
6603	3433	442
6605	4048	548
6606	3232	407
6608	2540	329
6614	2556	248
6617	3752	200
6617	3752	467
6618	5645	643
6619	2152	185
6623	6787	255
6627	2057	267
6629	1638	271
6640	9595	434
6641	3741	402
6642	1803	315
6648	5625	383
6650	2018	255
6653	1908	308
6654	6341	470
6662	4249	435
6663	6972	323
6663	6972	494
6666	5101	507
6673	3321	255
6677	2020	279
6679	3056	469
6683	3606	318
6693	4632	497
6695	2022	239
6697	2719	313
6703	2555	286
6707	4301	396
6713	3704	363
6717	4883	565
6717	4883	357
6725	2954	254
6728	3008	346
6730	2175	488
6732	3406	476
6740	2652	375
6753	2789	343
6755	2836	495
6757	2842	481
6759	2992	495
6760	2698	328
6762	4826	438
6767	3809	533
6769	1495	267
6784	6511	257
6784	6511	254
6784	6511	261
6784	6511	250
6785	2206	327
6786	3891	284
6791	3771	385
6792	4672	431
6792	4672	280
6799	2102	283
6804	3817	408
6805	2781	413
6811	3766	383
6812	2188	285
6822	1200	293
6823	5369	272
6823	5369	261
6823	5369	185
6828	4393	428
6831	2356	404
6832	2330	185
6832	2330	185
6834	2638	453
6836	3484	329
6838	4632	238
6839	2500	256
6840	4269	406
6848	2470	456
6862	1736	254
6863	2974	245
6867	3133	387
6868	3466	206
6869	2371	200
6872	2556	426
6873	3244	477
6877	4256	451
6881	3475	458
6884	4262	476
6885	3276	465
6891	3260	550
6903	2619	251
6907	1677	259
6909	2639	281
6910	3964	496
6916	2792	470
6922	3326	309
6926	2099	314
6927	6418	370
6929	3614	358
6930	3208	527
6931	1304	297
6932	2509	239
6936	2977	275
6942	2385	284
6945	2575	469
6946	1575	206
6947	2403	396
6951	8453	200
6953	2028	248
6954	3781	215
6955	3259	375
6959	1891	272
6960	8277	291
6962	1539	304
6970	1799	397
6972	2718	285
6972	2718	254
6973	2906	267
6975	3201	249
6978	3225	517
6985	3773	530
6986	1755	299
6988	2629	247
6988	2629	260
6989	3526	185
6989	3526	234
6990	2189	211
6995	3419	509
6998	3978	331
7003	2216	185
7015	1526	285
7016	1578	206
7020	3654	446
7020	3654	437
7022	3892	455
7023	8567	453
7024	2312	455
7025	1701	268
7030	4990	466
7030	4990	349
7031	3413	278
7033	6206	296
7034	3490	255
7035	3110	382
7038	2992	332
7040	2242	300
7041	2315	409
7044	4547	322
7047	3072	297
7049	1890	337
7052	1967	185
7053	6239	404
7053	6239	294
7054	3535	381
7055	2592	468
7056	3315	420
7059	3352	505
7063	2612	256
7065	1842	279
7068	2823	519
7073	3291	325
7079	1871	238
7086	2327	290
7087	1968	281
7088	9509	230
7088	9509	232
7090	6504	424
7091	4993	338
7091	4993	273
7092	4314	222
7095	2968	476
7100	7218	316
7103	2074	200
7108	2320	297
7112	4581	465
7114	5708	260
7114	5708	200
7115	3999	300
7121	1433	239
7123	9936	330
7123	9936	360
7129	6166	517
7130	2807	435
7131	7606	449
7140	1442	266
7141	9045	267
7141	9045	286
7144	2334	224
7145	2648	274
7147	1479	245
7151	6403	256
7151	6403	489
7152	3147	318
7153	7232	425
7153	7232	321
7154	1080	330
7155	1735	291
7157	4442	493
7159	2527	200
7161	6295	388
7165	2427	300
7165	2427	250
7168	2966	413
7176	3970	354
7177	2277	336
7179	6548	403
7179	6548	185
7181	6367	588
7181	6367	552
7182	1678	211
7184	3596	314
7185	2602	200
7186	5946	227
7189	1305	268
7191	3677	302
7196	2713	438
7197	5182	377
7197	5182	216
7206	2185	285
7208	2598	263
7213	2401	283
7215	4914	226
7216	5317	185
7217	1502	232
7218	2996	472
7220	6410	298
7224	2095	281
7225	2791	261
7230	970	243
7233	3919	226
7235	2531	221
7235	2531	222
7246	1396	299
7247	1916	221
7248	3028	284
7251	2465	272
7254	2545	237
7258	8759	370
7260	3469	261
7261	4052	422
7264	1613	277
7267	1754	439
7269	1157	222
7273	8144	412
7281	3609	255
7281	3609	265
7283	7379	355
7286	2305	290
7287	2633	402
7290	2411	408
7295	3679	523
7297	1898	251
7301	3854	501
7302	6089	324
7303	6648	310
7306	3610	421
7311	2529	366
7312	4829	475
7315	4541	296
7315	4541	384
7316	8792	450
7322	7150	575
7324	5104	445
7326	9053	256
7327	5938	206
7329	4780	435
7330	6727	422
7332	7611	371
7332	7611	420
7337	4550	414
7347	7452	431
7347	7452	408
7348	6894	363
7355	3563	252
7356	9600	335
7361	3513	206
7368	2679	454
7371	4102	348
7373	5048	368
7376	3029	443
7378	6863	238
7381	3001	269
7382	4797	406
7392	4556	538
7394	4519	494
7396	7173	401
7397	3406	185
7400	3241	347
7416	6452	486
7419	5251	326
7419	5251	379
7420	3051	487
7425	4728	337
7428	1650	418
7430	3366	520
7434	2576	482
7435	4956	242
7437	2855	262
7439	1395	243
7440	5146	332
7441	2571	452
7445	3720	222
7446	4248	215
7453	3155	237
7454	1342	256
7456	4441	254
7457	7225	396
7467	1753	185
7469	3135	433
7475	2244	367
7476	3473	245
7479	2902	277
7488	4006	366
7491	2113	269
7494	4036	445
7494	4036	290
7495	2627	347
7500	6089	351
7504	2370	467
7509	2700	482
7511	3389	279
7511	3389	269
7515	2865	352
7520	3356	242
7521	2844	522
7528	5774	302
7529	2114	297
7535	4382	346
7535	4382	295
7537	3196	211
7541	6864	461
7541	6864	463
7542	4867	361
7543	1351	273
7544	3740	358
7553	2422	275
7553	2422	253
7556	5185	429
7558	3034	387
7561	3250	359
7564	1976	271
7565	1748	296
7566	4784	185
7569	4752	438
7571	1498	411
7574	2503	355
7578	4650	374
7580	5053	371
7583	3842	443
7589	2978	290
7590	5006	442
7591	2905	318
7597	3761	287
7599	2062	271
7601	5311	284
7605	4163	222
7612	5897	432
7612	5897	344
7614	4888	460
7618	3761	412
7621	7749	510
7622	3178	364
7626	3000	390
7630	2047	375
7633	3177	395
7634	2504	403
7637	2864	282
7638	4368	250
7643	4710	413
7644	2763	243
7650	3544	337
7655	4478	391
7655	4478	427
7659	7536	526
7663	3358	530
7665	5581	356
7672	5525	265
7675	3225	496
7676	2630	417
7678	1574	250
7680	3363	510
7686	3406	447
7689	4631	249
7690	3671	458
7691	1877	457
7694	2153	411
7700	5529	441
7708	2266	421
7710	4729	541
7716	4545	346
7717	5819	478
7727	5015	226
7728	2948	431
7730	1914	239
7732	2518	232
7734	3256	461
7736	8177	467
7736	8177	318
7740	3458	432
7742	1959	206
7743	8360	561
7746	5246	497
7748	3849	551
7749	3044	623
7752	3178	253
7753	5185	320
7754	5949	419
7754	5949	377
7755	3481	298
7756	6502	381
7757	2732	460
7758	3350	571
7767	3466	243
7768	2789	352
7770	2965	263
7773	5301	534
7779	5811	206
7779	5811	242
7783	3764	502
7785	9633	200
7785	9633	339
7787	2079	283
7788	3056	293
7790	2918	518
7795	2851	282
7796	4070	422
7798	3715	385
7811	3689	381
7811	3689	318
7813	6254	375
7814	8533	291
7814	8533	243
7814	8533	244
7814	8533	244
7815	4672	346
7815	4672	255
7817	3843	243
7821	9390	245
7821	9390	256
7824	3978	242
7829	3062	466
7833	2492	304
7834	3871	516
7836	6470	308
7836	6470	316
7838	3131	298
7839	1912	339
7844	8699	301
7844	8699	546
7847	2523	301
7848	2293	267
7853	2472	482
7857	5257	200
7867	2062	317
7868	5323	401
7869	1546	215
7872	1117	386
7893	2950	422
7900	2687	244
7903	2658	238
7907	3178	440
7914	3142	363
7922	1570	222
7926	4947	491
7928	6049	547
7936	2236	351
7937	3155	452
7939	3032	216
7946	3571	340
7948	2931	380
7956	6045	237
7957	2218	395
7958	9413	325
7958	9413	253
7958	9413	493
7974	6001	402
7974	6001	405
7991	6315	516
7992	5533	480
7994	5290	488
7995	4211	316
7997	2236	269
7998	2345	482
8000	3323	302
8009	3822	415
8010	1400	288
8012	1851	262
8014	4609	426
8018	3621	413
8018	3621	434
8020	1960	267
8024	2726	387
8024	2726	288
8032	6448	404
8036	2935	227
8037	2159	511
8040	3126	206
8042	9056	227
8044	4776	185
8044	4776	286
8045	3665	531
8046	6844	418
8050	5009	260
8058	2110	503
8061	5504	338
8064	2472	185
8066	3030	398
8069	1829	411
8070	5769	396
8073	5029	601
8075	2069	255
8080	2475	444
8081	3227	260
8085	7922	490
8085	7922	335
8092	9249	279
8093	2336	395
8095	4849	472
8106	3293	481
8109	1688	242
8110	8331	299
8114	7235	447
8117	3015	255
8123	3714	292
8124	3411	200
8125	2033	256
8126	9140	270
8126	9140	244
8128	1985	346
8131	2906	260
8132	5593	440
8132	5593	204
8132	5593	375
8133	6657	404
8134	2215	211
8141	2249	412
8146	2204	206
8155	2525	185
8156	8189	383
8156	8189	418
8156	8189	438
8158	4051	372
8161	4262	384
8163	2578	211
8164	1533	233
8166	2183	262
8167	3958	392
8172	5576	215
8174	5729	417
8174	5729	428
8175	7292	271
8175	7292	256
8178	2929	161
8180	2192	346
8182	3103	206
8182	3103	239
8184	4802	239
8185	3708	271
8185	3708	266
8194	6673	401
8194	6673	344
8195	2420	257
8197	5342	529
8198	3613	453
8199	5576	426
8200	8188	271
8200	8188	211
8200	8188	355
8201	2804	239
8204	8124	237
8204	8124	354
8205	6120	423
8212	2654	341
8222	6955	400
8229	5231	400
8230	2110	402
8232	5097	360
8240	4932	480
8242	7003	525
8243	8111	416
8243	8111	237
8246	3620	256
8252	3225	239
8256	2888	407
8259	3265	383
8263	2357	351
8268	2163	287
8273	6002	464
8276	3665	312
8281	2884	437
8288	2434	368
8290	2638	377
8294	1570	185
8295	2651	227
8305	3173	185
8309	2768	269
8311	4719	438
8311	4719	405
8318	2118	367
8321	4266	290
8323	2697	463
8330	2744	317
8333	2209	321
8334	3744	394
8341	2910	260
8342	2423	406
8345	1919	344
8348	2796	321
8351	1645	234
8354	3530	365
8364	2837	475
8366	2990	390
8368	2823	497
8375	3093	434
8378	5190	381
8380	2018	250
8386	3421	435
8389	2575	310
8390	2222	310
8391	3372	520
8394	2539	326
8398	4210	321
8400	3808	277
8402	2420	368
8407	4227	413
8408	4283	490
8413	4685	282
8416	2177	222
8420	2908	457
8424	2810	441
8425	3219	513
8434	3588	664
8438	2675	421
8441	3545	337
8445	2649	426
8446	3055	352
8447	3104	469
8449	2062	357
8452	3333	483
8456	4372	418
8461	4650	450
8466	2478	429
8469	5010	397
8469	5010	439
8470	3679	351
8474	3734	409
8477	2454	439
8481	4620	358
8482	5274	227
8482	5274	370
8483	3855	560
8484	2694	496
8491	2034	430
8493	2802	439
8496	2257	388
8500	5276	554
8508	4086	440
8517	3398	436
8520	1938	429
8525	2980	487
8529	1635	238
8533	3525	317
8538	2854	538
8542	2220	358
8545	4396	365
8547	4743	554
8549	3596	410
8553	1496	325
8554	3383	430
8558	2890	406
8559	2183	238
8561	3674	423
8562	3972	339
8563	2425	469
8569	3991	396
8570	2725	409
8580	5269	704
8589	2236	404
8598	2829	274
8600	2093	492
8601	2284	363
8614	1597	385
8616	2008	291
8618	5182	329
8618	5182	408
8620	5281	308
8621	3457	350
8623	2567	421
8630	1704	261
8635	2857	461
8638	2259	278
8642	4216	347
8643	1861	239
8648	2254	318
8649	2774	433
8653	1074	211
8660	2982	306
8663	3862	451
8663	3862	315
8666	2538	376
8674	3059	620
8677	3204	325
8679	2144	289
8680	2157	350
8681	2073	387
8682	1573	400
8684	3357	275
8684	3357	200
8685	1853	234
8688	3155	430
8691	2158	512
8692	5455	366
8693	3105	322
8702	2365	340
8712	1587	278
8715	1730	275
8717	1637	230
8720	1846	285
8723	3506	312
8727	1846	185
8732	2989	458
8734	2015	255
8735	2514	333
8736	2073	375
8737	2359	452
8738	2377	367
8741	2402	424
8743	2130	211
8746	1432	281
8750	2207	426
8753	4153	429
8754	2738	371
8760	2579	316
8762	2659	206
8762	2659	222
8763	2348	391
8790	3175	457
8791	1912	260
8794	1266	232
8810	1923	243
8812	3408	400
8822	3628	407
8825	971	261
8828	2210	275
8829	1324	206
8830	1664	227
8831	1912	445
8835	1860	297
8838	3551	239
8838	3551	221
8839	2212	222
8846	2464	568
8847	4072	218
8847	4072	268
8848	1108	268
8851	2237	399
8852	1606	319
8853	1447	238
8863	2439	401
8870	2081	382
8872	1566	237
8874	2298	262
8875	1958	250
8879	2445	293
8880	3838	221
8880	3838	285
8884	1485	262
8888	2770	427
8889	3811	384
8890	2245	439
8893	2554	273
8903	3330	296
8906	2022	291
8911	1268	297
8913	2288	261
8916	3302	415
8917	2216	158
8917	2216	162
8920	2632	244
8924	2538	289
8930	875	272
8931	1473	292
8932	2466	243
8933	4286	227
8938	2315	285
8942	1246	239
8947	2250	450
8948	1643	230
8949	1976	275
8951	2312	374
8961	1350	260
8967	1546	423
8968	2188	251
8972	2091	250
8973	2015	234
8974	2205	212
8974	2205	162
8979	1531	262
8980	1599	280
8981	2822	413
8984	2886	281
8986	2170	234
8992	1121	185
8995	4777	267
8997	2086	302
8997	2086	292
8998	1144	286
9001	2106	311
9003	1736	403
9006	2100	337
9007	2783	185
9008	2565	233
9014	1998	292
9018	1334	261
9019	1145	185
9023	3886	394
9025	2109	232
9029	3777	446
9030	2527	252
9033	2299	295
9037	1447	238
9039	3395	250
9039	3395	222
9040	3428	442
9054	5069	328
9057	1996	301
9058	2360	206
9065	2646	538
9066	1793	233
9067	2776	384
9069	2677	261
9074	1510	185
9078	2199	263
9079	2061	261
9083	2070	274
9088	2002	258
9088	2002	279
9094	2107	443
9097	2082	290
9100	2437	411
9101	1564	281
9102	2319	206
9104	2238	261
9111	3114	266
9112	2668	266
9117	3812	397
9119	3117	403
9123	2482	263
9123	2482	297
9127	1911	249
9128	2762	467
9131	2101	239
9139	3024	255
9141	2527	251
9141	2527	262
9142	3077	764
9146	4621	280
9148	3412	433
9152	2194	346
9154	3915	301
9159	1884	250
9160	2930	222
9160	2930	239
9163	2635	233
9163	2635	222
9166	3470	222
9169	2113	200
9169	2113	232
9170	2004	397
9171	1979	379
9172	2524	185
9173	2696	340
9174	1951	375
9177	2122	263
9181	2245	398
9182	3388	680
9184	3711	398
9186	4026	404
9186	4026	481
9188	2661	251
9188	2661	261
9191	2724	517
9192	4312	254
9196	2016	304
9197	1984	298
9204	2174	434
9205	4595	294
9206	4653	360
9208	2574	397
9220	2324	397
9222	5335	623
9224	2705	278
9226	2527	371
9235	4128	403
9237	3461	221
9239	5013	452
9241	1600	369
9242	3322	408
9244	2421	238
9252	2240	344
9256	2742	410
9257	3572	359
9260	2713	552
9261	5184	448
9267	3598	284
9271	4773	274
9278	3735	244
9280	3712	185
9283	4354	439
9293	2834	365
9294	1933	386
9295	4046	469
9298	3786	430
9299	3440	475
9309	2152	279
9313	3460	284
9313	3460	185
9315	5234	524
9320	3473	200
9321	3346	364
9323	2551	464
9324	1971	273
9326	2812	470
9328	3242	618
9330	3535	402
9334	3473	408
9343	3997	536
9346	2600	424
9348	4297	429
9352	2082	233
9354	2193	433
9358	3518	423
9359	3799	484
9360	2413	351
9362	4762	505
9363	2874	310
9366	2443	432
9368	2216	339
9373	4901	553
9373	4901	367
9376	2853	439
9384	2513	222
9385	4079	287
9393	2730	422
9395	3311	222
9397	2510	481
9400	2716	450
9401	2898	401
9402	1749	200
9403	3469	291
9409	2928	336
9410	2032	446
9411	2153	510
9412	4228	492
9420	3460	506
9422	2361	355
9423	4738	346
9426	3425	355
9429	3975	310
9431	2427	319
9431	2427	325
9438	2873	488
9439	1965	363
9443	2632	241
9448	5294	232
9448	5294	325
9452	2837	452
9453	3948	321
9458	4374	392
9458	4374	301
9460	4158	585
9461	2601	407
9466	3060	438
9467	4960	540
9469	3914	313
9469	3914	444
9471	3437	437
9472	2608	324
9473	2226	243
9476	2764	429
9477	2018	418
9481	3039	553
9482	3150	383
9488	4063	501
9489	2206	200
9491	3148	496
9495	2759	453
9497	2789	696
9502	3629	384
9503	2898	222
9506	4310	418
9512	3790	280
9513	4287	232
9516	1680	354
9517	5311	599
9518	2333	215
9524	2465	278
9525	2894	265
9526	4759	690
9526	4759	473
9527	2139	185
9533	2796	412
9536	1739	199
9536	1739	183
9538	3743	280
9541	4260	232
9544	2373	467
9545	4380	232
9545	4380	200
9548	2209	233
9549	2060	298
9559	2127	222
9562	4427	416
9562	4427	447
9563	5268	272
9563	5268	277
9565	2424	200
9566	1770	398
9569	2802	399
9570	3502	363
9574	1874	361
9579	2574	371
9585	3663	541
9590	2098	326
9594	1923	304
9595	2635	293
9598	1107	266
9600	2459	508
9601	2800	298
9604	2182	281
9605	2470	185
9608	2554	350
9609	3936	366
9609	3936	206
9613	2644	321
9616	1826	280
9618	2793	352
9625	2419	276
9627	2859	200
9628	2330	281
9631	3738	369
9637	3752	227
9638	1623	326
9647	1690	296
9648	4212	353
9648	4212	424
9658	1609	211
9663	1347	307
9667	2542	452
9675	2514	366
9676	5537	380
9678	6345	390
9678	6345	276
9680	2077	413
9684	3641	434
9685	1955	330
9688	4236	287
9689	2884	381
9690	3659	445
9692	1706	447
9695	2153	384
9700	4334	368
9701	2376	414
9703	3685	482
9706	3561	273
9713	1990	372
9715	3005	251
9716	2011	377
9717	3381	492
9719	6827	291
9720	5279	286
9720	5279	350
9721	2953	215
9724	2798	405
9733	1975	185
9735	3345	331
9736	1395	336
9737	4223	412
9739	2810	450
9740	3412	346
9744	2226	390
9745	3394	221
9747	6365	389
9749	3770	185
9751	3832	475
9753	3252	443
9756	3367	381
9759	2122	239
9760	2677	267
9762	3807	434
9771	4010	392
9772	3236	517
9774	2819	516
9779	3541	525
9780	3420	496
9786	3292	652
9792	2044	185
9797	2543	222
9802	4884	594
9808	2989	399
9809	2956	222
9810	1789	272
9812	4405	538
9820	6798	334
9824	4360	284
9827	2039	325
9833	5185	358
9833	5185	390
9838	3302	185
9840	2720	446
9841	3643	519
9844	4225	403
9848	2254	426
9849	4080	357
9860	2917	409
9862	4582	421
9864	2357	471
9865	4147	682
9868	3808	479
9869	3580	292
9873	8529	416
9873	8529	206
9873	8529	226
9877	3907	296
9879	1998	388
9885	2629	355
9886	3221	457
9887	6176	453
9891	4012	484
9896	2584	473
9898	2218	553
9900	4770	406
9901	2720	336
9902	4743	433
9902	4743	424
9905	6191	321
9905	6191	453
9910	2904	425
9913	2509	399
9915	3104	442
9916	2878	564
9917	5238	633
9919	3317	351
9920	3296	301
9923	8049	325
9923	8049	441
9924	2806	472
9927	6747	668
9929	4034	347
9933	2939	326
9935	4302	378
9937	6240	453
9938	5854	436
9938	5854	429
9939	3300	430
9944	2795	474
9948	2703	364
9950	3788	227
9951	3096	433
9954	2698	242
9955	4111	216
9955	4111	378
9959	8167	427
9959	8167	442
9963	3664	234
9965	1914	185
9974	4212	426
9974	4212	467
9975	2774	344
9976	4222	391
9977	4031	438
9977	4031	310
9986	8925	375
9991	2152	447
9992	3701	285
9994	2601	543
9995	4953	414
9996	3250	256
9999	2637	508
10002	5156	449
10003	3073	393
10004	3448	433
10009	2522	372
10012	4662	403
10015	3821	384
10019	2636	437
10020	4505	460
10022	2481	385
10024	4382	444
10030	2054	478
10037	4248	292
10042	4583	376
10044	2479	459
10046	4452	390
10047	3411	309
10049	2958	477
10050	5808	276
10050	5808	227
10058	6645	456
10058	6645	512
10070	2470	244
10071	3853	311
10075	7152	467
10075	7152	452
10076	2192	441
10077	1545	267
10078	2684	211
10080	7376	251
10082	7626	286
10086	2073	259
10089	2503	392
10094	4174	241
10104	6030	255
10106	2717	282
10107	2705	464
10111	4388	650
10112	5455	245
10113	3039	331
10114	2370	200
10115	3459	185
10119	5176	527
10119	5176	363
10121	3147	407
10127	1480	221
10131	5448	457
10134	3287	478
10137	5564	471
10138	5616	466
10138	5616	215
10144	4761	267
10149	2865	261
10150	2168	319
10151	2905	384
10161	3818	336
10165	3336	185
10169	4067	274
10176	4605	215
10180	6916	291
10180	6916	266
10183	2458	470
10185	2001	423
10187	4441	401
10187	4441	292
10189	1919	261
10190	4078	447
10192	8373	653
10201	2483	441
10207	5063	445
10214	4297	425
10214	4297	351
10215	6103	275
10216	2016	268
10218	4877	454
10224	4344	234
10226	4438	405
10226	4438	227
10228	2479	429
10229	3390	291
10233	1929	211
10236	6462	317
10237	2656	261
10241	1778	320
10249	4809	304
10252	2224	397
10254	2759	250
10259	4443	185
10259	4443	215
10260	8512	693
10265	2550	234
10269	3486	593
10270	1459	287
10272	2366	234
10272	2366	271
10277	5322	572
10281	6228	244
10291	3217	255
10297	5558	271
10297	5558	455
10300	3432	420
10301	1623	262
10302	3031	303
10303	4326	460
10305	2938	402
10308	3376	243
10328	4953	397
10328	4953	440
10334	6654	239
10337	7451	290
10337	7451	293
10337	7451	215
10338	3946	478
10341	2856	443
10342	4763	624
10351	5062	489
10352	8067	222
10352	8067	267
10353	4519	412
10360	6960	465
10363	2806	200
10365	2076	227
10368	3553	211
10375	3754	323
10376	2226	363
10377	3442	336
10377	3442	285
10378	5981	283
10379	2413	510
10382	4321	387
10384	3953	283
10390	1537	281
10394	5260	467
10397	2443	185
10398	4496	332
10400	2994	286
10401	5635	283
10404	5339	349
10406	4079	394
10407	3577	364
10412	6202	445
10417	2099	239
10420	3745	487
10425	4419	426
10426	2115	399
10429	4918	292
10432	2050	280
10435	3053	372
10437	3609	332
10440	4704	322
10441	3593	343
10443	3051	388
10446	2501	350
10453	7342	551
10454	2761	383
10455	4207	585
10458	4425	421
10462	3728	273
10462	3728	211
10463	3870	211
10463	3870	185
10464	5688	360
10467	2974	340
10469	4659	463
10477	2984	433
10479	4915	406
10498	3785	632
10499	1561	243
10507	7973	261
10507	7973	322
10513	3817	232
10522	3549	371
10523	2191	268
10523	2191	257
10526	1305	222
10527	2663	239
10527	2663	222
10528	5887	380
10530	2939	355
10534	2507	414
10538	2664	420
10541	3067	238
10545	2402	243
10549	2449	305
10558	8199	445
10558	8199	227
10558	8199	477
10560	5713	227
10560	5713	417
10564	3279	300
10565	2798	255
10566	6757	329
10566	6757	427
10570	5818	424
10571	3770	290
10571	3770	274
10573	1660	211
10574	2875	417
10575	5668	238
10578	5452	299
10580	978	221
10586	2541	197
10586	2541	223
10588	4727	252
10588	4727	278
10593	3793	185
10597	2748	374
10601	3556	355
10602	5727	443
10609	3786	200
10609	3786	261
10610	3864	259
10612	2995	512
10613	3051	287
10614	3765	309
10614	3765	233
10616	4844	286
10621	1261	254
10623	4149	427
10623	4149	222
10626	6122	599
10628	6663	248
10630	3852	239
10630	3852	215
10634	1543	242
10637	4177	368
10641	6367	211
10641	6367	276
10643	1407	278
10650	2535	230
10654	2157	297
10655	2943	271
10655	2943	235
10657	3244	270
10659	3050	281
10661	1544	251
10667	4620	359
10670	6287	406
10670	6287	291
10672	7369	302
10679	2819	291
10680	1655	368
10681	7591	414
10681	7591	446
10684	4264	354
10688	3967	215
10690	2833	345
10691	2605	342
10696	3541	436
10698	3079	429
10703	2550	284
10712	2423	324
10716	1877	185
10721	4017	279
10722	2672	259
10727	5119	259
10731	4004	479
10735	3067	541
10736	2774	268
10742	2545	450
10743	2606	408
10744	3260	338
10748	3436	430
10749	2586	412
10750	1155	227
10752	2627	364
10753	1334	267
10756	3572	479
10758	2908	535
10762	3643	238
10762	3643	314
10763	872	238
10764	2047	487
10767	1664	295
10768	1594	266
10771	2655	344
10773	3980	381
10775	1753	282
10779	5192	563
10781	2138	582
10783	3568	479
10784	5803	398
10789	2384	353
10791	2089	262
10791	2089	261
10793	2823	304
10797	2964	491
10800	4572	344
10806	1718	304
10808	2684	417
10809	3082	536
10812	3096	454
10813	3744	541
10814	3099	444
10815	2746	361
10822	4158	286
10826	2377	490
10827	3574	527
10829	2248	394
10832	3776	369
10833	3349	444
10839	2875	576
10840	4652	380
10843	3333	290
10847	1036	444
10852	2760	407
10857	5360	272
10857	5360	264
10862	2068	365
10864	3125	530
10866	1936	473
10870	2879	429
10871	2275	291
10873	1846	437
10875	2448	444
10876	2122	191
10879	3470	453
10886	2127	306
10890	2079	408
10893	3539	330
10901	6006	576
10901	6006	397
10904	1404	349
10905	1855	273
10906	1951	310
10907	3137	529
10909	2018	385
10924	3240	520
10927	2348	430
10928	3740	442
10930	5025	438
10933	2809	334
10936	2333	432
10941	2370	425
10945	1307	263
10949	2462	313
10951	1408	239
10952	3980	416
10953	2517	361
10960	2984	297
10969	3060	255
10971	2478	432
10976	1765	200
10977	3917	643
10978	2878	388
10979	1829	185
10981	4145	623
10986	3488	399
10991	2042	419
10993	1489	238
10994	1693	234
10995	3206	432
10997	1299	251
10998	1611	436
10999	2804	211
11004	2921	200
11006	2970	278
11006	2970	211
11009	3738	265
11013	3536	388
11015	1510	135
11015	1510	135
11021	4124	288
11025	1033	211
11028	2999	438
11030	2571	464
11034	4302	312
11036	1706	402
11041	4921	357
11042	4793	732
11043	1083	325
11045	2085	311
11045	2085	276
11050	3131	418
11051	2500	296
11051	2500	280
11052	1821	222
11054	2920	464
11056	3152	431
11057	5352	299
11058	2654	457
11061	2252	211
11062	1180	206
11066	1278	238
11070	1953	362
11071	4499	471
11075	1868	479
11078	2089	185
11080	1853	293
11084	1996	329
11085	3440	405
11086	1776	265
11089	3122	375
11107	559	211
11112	2019	293
11112	2019	281
11116	1441	243
11119	1545	238
11122	2660	425
11125	2845	379
11126	1023	232
11130	1514	270
11132	2393	374
11138	2492	293
11145	3784	447
11145	3784	321
11151	2514	390
11152	1744	216
11153	3202	216
11155	2754	391
11157	4193	588
11158	5562	373
11165	2252	206
11174	5206	494
11175	1770	296
11176	2763	347
11179	2929	393
11183	2182	336
11184	1681	268
11185	2532	362
11186	2749	304
11186	2749	267
11187	3994	308
11187	3994	412
11188	2622	488
11192	1567	185
11194	3383	313
11195	3417	396
11197	2593	272
11198	5179	498
11200	1406	298
11201	3727	460
11205	1853	397
11208	1304	200
11211	1700	227
11211	1700	196
11213	1620	286
11217	1839	248
11219	3540	303
11220	5891	361
11223	2173	448
11232	2889	453
11233	3059	614
11237	4153	310
11238	3629	226
11250	2323	185
11253	1545	248
11254	1956	322
11257	2432	395
11260	2581	294
11262	3426	337
11262	3426	336
11264	2623	364
11265	3480	491
11266	3498	321
11268	749	211
11271	4094	335
11275	2466	250
11275	2466	200
11278	2074	185
11279	4411	535
11285	3978	493
11286	3063	490
11287	4398	385
11288	2795	350
11291	1922	266
11296	3331	281
11300	3047	388
11302	4227	283
11305	3512	405
11311	1526	244
11318	2394	330
11319	1286	319
11322	2154	359
11323	3628	389
11325	2174	298
11327	3038	360
11330	2276	404
11336	1317	299
11346	3740	456
11350	1980	185
11362	1816	185
11368	2873	227
11371	2344	290
11374	2165	230
11376	3933	387
11377	3190	357
11379	1712	399
11383	5337	423
11386	2489	233
11386	2489	227
11388	3148	297
11389	4258	451
11392	2187	267
11393	3802	473
11394	2823	356
11397	2126	237
11398	3594	462
11399	1964	365
11400	4307	539
11406	1552	382
11412	2265	211
11414	3121	365
11416	2115	261
11420	1703	215
11422	1343	440
11423	2571	313
11428	2647	313
11431	1945	365
11433	3613	348
11435	2835	461
11437	3364	308
11440	1583	483
11442	2318	350
11444	3252	522
11445	5006	405
11446	2950	397
11449	2088	395
11453	3745	236
11458	1981	406
11459	2084	270
11460	1966	331
11461	1296	238
11463	3198	592
11469	1917	281
11473	5986	458
11473	5986	168
11473	5986	192
11474	4201	469
11478	5943	277
11483	3626	401
11484	4007	386
11484	4007	356
11485	2869	403
11487	2761	222
11488	2152	285
11489	4091	293
11501	1065	306
11517	2842	407
11518	1859	211
11523	2683	211
11529	3573	185
11535	2644	324
11537	4507	408
11538	2078	443
11546	2338	408
11547	3158	371
11555	2137	185
11562	1891	358
11565	1314	440
11566	1953	250
11569	3613	278
11576	4924	368
11577	4336	474
11580	3412	525
11581	1867	285
11583	2543	326
11588	2382	482
11591	2824	356
11594	2415	227
11601	2504	283
11604	2116	276
11607	1933	316
11610	2428	390
11616	2756	517
11618	2288	227
11621	2816	456
11622	4690	386
11624	3688	390
11625	2912	263
11627	5907	527
11627	5907	508
11628	3705	254
11631	2452	412
11632	4084	796
11633	1760	307
11634	2816	246
11635	2293	427
11636	3275	601
11637	4253	216
11647	1949	284
11650	2949	637
11651	1359	363
11654	3399	440
11662	3876	422
11663	1712	270
11665	3619	525
11666	3882	452
11667	2915	437
11673	2600	227
11674	1295	284
11677	3728	454
11680	2034	452
11687	1280	256
11696	2675	475
11698	2357	317
11699	3083	465
11700	1206	283
11701	3129	548
11702	2108	350
11704	2286	227
11709	5126	178
11709	5126	239
11710	2205	449
11712	2839	475
11715	1818	302
11718	1899	185
11720	2781	333
11727	3219	476
11728	5103	433
11733	3343	315
11737	2289	384
11738	2171	282
11740	2411	296
11742	3118	413
11743	2890	324
11749	3847	243
11751	3648	420
11757	1952	238
11768	3744	389
11769	2199	317
11773	3509	251
11775	3353	474
11784	2003	452
11785	1965	244
11787	1879	342
11790	2817	380
11793	5317	206
11794	3655	451
11800	3097	211
11806	2199	386
11807	2894	528
11811	4129	416
11812	2280	422
11818	3112	362
11819	1985	222
11823	2120	263
11828	5247	250
11832	2863	483
11832	2863	384
11835	3483	459
11836	3013	479
11840	5049	616
11842	5069	406
11842	5069	222
11843	2759	185
11844	3121	466
11847	3424	423
11850	4755	451
11851	2857	541
11852	5855	497
11853	2683	434
11855	2308	279
11856	3341	227
11862	3053	391
11870	2464	215
11882	2802	375
11883	2538	239
11885	2385	475
11890	2073	253
11892	2649	383
11899	3064	373
11904	5390	596
11904	5390	593
11907	2089	450
11908	5505	490
11910	4019	386
11912	3723	526
11914	1622	442
11915	2027	249
11916	3349	185
11916	3349	413
11919	2289	159
11919	2289	351
11928	2066	206
11929	3254	407
11936	2605	185
11942	2956	352
11943	3362	347
11950	3402	324
11954	4650	404
11955	2728	382
11956	3054	233
11963	4259	389
11965	2584	376
11975	1734	250
