0	18743	33187
6	2462	459
11	3821	185
16	3958	501
21	3564	513
24	3818	524
37	4002	524
47	2312	163
47	2312	176
53	4098	559
59	4502	373
67	2513	222
68	3968	246
71	3833	272
71	3833	251
75	1634	222
79	2304	506
80	2025	418
81	1885	234
83	3412	500
85	3970	473
86	2756	431
88	3160	547
92	3091	480
93	2784	571
103	3788	489
105	3019	299
106	3663	280
116	2290	238
118	2596	625
122	2874	185
132	4005	391
137	3653	345
137	3653	185
139	2766	529
142	2928	323
150	3350	574
151	3801	599
154	3160	553
158	3606	723
170	1724	388
172	2820	504
185	4021	215
186	2346	200
187	4387	346
189	3943	469
190	2797	393
198	3237	262
198	3237	296
199	2864	373
200	1953	537
202	1984	617
224	2119	185
226	2406	512
228	3191	135
228	3191	172
230	2678	497
233	3084	350
235	1997	256
239	4689	562
246	3006	338
249	3042	347
252	3068	529
255	1685	339
258	3004	330
259	3804	510
264	2545	250
273	3308	541
284	2490	551
286	2289	310
292	1971	420
293	2961	211
296	2691	551
298	2528	515
306	3119	329
312	4491	535
314	2213	215
319	3152	344
320	2445	568
326	3437	419
329	2285	232
330	3418	317
330	3418	301
331	3230	552
333	1609	185
337	4499	444
342	3026	232
344	3148	234
349	3168	514
354	2756	200
359	3468	233
364	2614	313
376	3984	339
381	1446	185
385	2842	388
386	1842	230
389	4610	587
392	3000	487
403	2664	539
405	4375	583
411	3274	442
412	2925	389
413	3378	207
415	3395	564
420	3426	272
420	3426	211
423	2478	349
438	2534	271
441	4666	226
444	2034	380
445	2577	222
455	3379	222
457	3090	300
459	3633	267
459	3633	222
461	4068	535
469	3601	495
471	4021	339
478	2628	369
480	3665	261
480	3665	238
491	2974	471
497	2708	429
500	3515	390
502	2671	310
504	2703	323
509	4113	325
509	4113	254
512	2643	428
513	2706	551
517	1958	368
525	2590	527
532	2357	234
536	2989	255
538	3974	206
545	4309	307
547	3000	525
557	2732	281
564	2234	576
569	3034	352
577	1370	359
582	1793	606
583	2427	327
591	2273	331
594	2502	357
604	2575	370
606	2566	141
608	2047	355
615	4528	226
615	4528	538
616	2422	340
618	4258	443
621	2672	281
622	2333	574
625	2810	305
625	2810	337
626	2385	485
630	2934	350
631	2799	606
637	3496	261
640	3272	283
649	2849	259
650	3724	480
660	2776	267
675	2686	344
677	2807	303
691	3690	428
695	2489	469
702	2554	297
706	3086	206
706	3086	290
714	3706	185
715	2431	354
716	3810	497
721	4278	206
722	3693	315
722	3693	320
723	2829	314
726	2871	536
727	3003	577
730	1406	211
732	3484	407
734	2822	304
743	2816	339
743	2816	326
747	2468	381
752	3203	185
754	2077	185
760	2994	483
761	3251	328
761	3251	325
767	3410	492
769	2864	300
769	2864	256
776	2967	185
781	2246	509
785	2547	583
789	2548	429
790	1386	310
796	2659	479
799	3530	478
815	2153	211
819	2788	496
826	1678	215
834	1741	200
845	3202	411
846	2339	261
850	2777	506
852	1510	368
861	2862	317
861	2862	303
865	2447	538
866	2520	377
867	1893	484
870	1671	344
872	2175	509
875	4694	613
875	4694	316
877	2591	402
880	3067	527
881	3465	541
882	2999	365
883	2110	349
883	2110	278
884	2567	264
884	2567	318
892	1935	232
899	2609	399
902	2106	377
905	2593	200
914	2830	350
917	2545	279
924	2627	480
933	2703	339
944	2565	356
955	4650	545
957	2230	360
963	4663	490
969	2594	361
981	3578	363
984	1322	311
992	2516	261
1003	2404	185
1004	2416	254
1010	2852	185
1025	2599	414
1026	3123	272
1026	3123	344
1037	2716	418
1043	2266	467
1050	2700	185
1052	3081	312
1062	2320	276
1074	2594	302
1078	1825	300
1079	2893	599
1081	1525	222
1082	1634	211
1093	3578	354
1098	3240	244
1098	3240	232
1121	2027	227
1122	2686	290
1126	1874	290
1128	3205	392
1136	2297	370
1144	2714	300
1145	3049	533
1147	1589	362
1151	2164	395
1166	1741	398
1172	2409	297
1174	2982	318
1181	3195	368
1181	3195	272
1185	3530	575
1189	1510	211
1197	2864	482
1202	2124	351
1203	2183	412
1204	2208	274
1212	2304	255
1237	2681	355
1239	2887	359
1240	3687	582
1253	4652	505
1255	2549	284
1256	3197	185
1256	3197	316
1259	1214	334
1262	2969	472
1278	1166	211
1280	3183	512
1281	2062	281
1286	2830	393
1288	1626	252
1299	2375	325
1307	4667	545
1310	2232	309
1314	1893	339
1318	2275	308
1319	2676	293
1320	2115	298
1321	2332	427
1329	2623	296
1336	2562	386
1341	3992	511
1343	2451	310
1345	2512	533
1347	2181	296
1355	3908	260
1356	2444	308
1361	3023	353
1362	3108	380
1375	2495	435
1377	2035	256
1384	2313	334
1392	3380	259
1397	1557	185
1410	3669	518
1413	4201	407
1417	2592	345
1426	3696	587
1433	2580	221
1437	2169	329
1442	3455	238
1446	2709	286
1446	2709	321
1454	2742	347
1454	2742	238
1458	2173	415
1458	2173	255
1460	3183	426
1463	2189	273
1466	1863	230
1467	1771	185
1474	1780	200
1475	4528	238
1480	2125	360
1490	1519	267
1503	2405	255
1504	3566	332
1507	1750	230
1508	2703	325
1515	2229	239
1517	2225	263
1522	2172	322
1543	3007	486
1549	2207	294
1555	1558	245
1556	2334	257
1556	2334	281
1557	3591	367
1573	3372	295
1573	3372	275
1575	3253	280
1590	1559	379
1593	2318	366
1596	2595	753
1600	2111	266
1602	2789	428
1611	3607	335
1620	2754	321
1623	2085	260
1638	4081	393
1680	1860	298
1681	3128	517
1683	2303	325
1685	1165	351
1691	2795	727
1692	2202	499
1696	3493	273
1701	3944	327
1701	3944	343
1705	2362	542
1706	3489	275
1708	1623	324
1710	2536	261
1711	2413	331
1716	1317	340
1717	2780	482
1721	3341	289
1722	4141	401
1723	4699	371
1723	4699	355
1724	1781	270
1725	3661	185
1726	2134	407
1730	3092	280
1732	2377	238
1736	2694	564
1741	3489	455
1742	1752	338
1744	3149	216
1744	3149	261
1745	2608	438
1756	2799	461
1757	3838	245
1757	3838	200
1761	2734	593
1768	1427	300
1775	2832	560
1777	1309	200
1781	1619	259
1786	1540	320
1788	2886	600
1790	3889	324
1796	3563	268
1796	3563	311
1800	2644	496
1805	1839	200
1808	3307	329
1820	3627	594
1826	2897	440
1830	2641	430
1837	2618	238
1843	4194	430
1849	2524	329
1849	2524	284
1853	2133	458
1857	1489	295
1865	1745	316
1869	2754	321
1871	4680	538
1872	3630	524
1873	3056	656
1874	2347	284
1875	3652	250
1883	3164	310
1883	3164	300
1886	2982	303
1887	2337	383
1894	1426	227
1899	4104	364
1900	1860	279
1907	2114	416
1913	2839	570
1915	2354	185
1916	2518	578
1921	2857	497
1929	1410	220
1930	2064	275
1932	2085	617
1936	4353	283
1941	1634	277
1942	3713	211
1945	3070	200
1948	2742	362
1949	3299	325
1949	3299	159
1953	2728	294
1956	2070	267
1959	2250	333
1963	3079	238
1966	3098	215
1971	3745	635
1976	3760	528
1980	2789	382
1981	2603	250
1982	4086	200
1997	3393	330
2000	3546	353
2001	1780	329
2003	2844	404
2006	4317	634
2009	2498	315
2014	3641	546
2017	1458	283
2019	3497	542
2021	2711	289
2022	3530	578
2026	2678	363
2028	2947	323
2034	4342	374
2034	4342	344
2036	2583	315
2037	3565	345
2038	3107	268
2038	3107	367
2041	3468	338
2046	1905	473
2050	4508	156
2050	4508	223
2051	2433	552
2053	3448	272
2055	3569	349
2055	3569	308
2057	3183	522
2061	2128	324
2065	4144	324
2066	2961	261
2072	3482	227
2074	3189	623
2078	2744	267
2084	2031	200
2090	3000	590
2093	3105	304
2098	2534	589
2105	3277	384
2113	4125	651
2117	2569	332
2119	3064	261
2127	2179	238
2130	2910	346
2140	2469	412
2142	4284	601
2143	2323	417
2144	2119	533
2146	2374	200
2147	4081	555
2148	3415	185
2149	2983	326
2151	4568	366
2151	4568	372
2153	3421	595
2158	3309	571
2163	1518	222
2166	4664	586
2170	2915	520
2175	2659	265
2176	4501	495
2177	2434	522
2181	2817	295
2183	3343	359
2184	3937	618
2188	2938	300
2190	2593	493
2194	3978	505
2197	2354	344
2198	1686	354
2199	2728	613
2201	2953	394
2204	2394	361
2206	3574	553
2208	2346	230
2210	2072	237
2212	2879	367
2216	2539	538
2217	4091	554
2218	2883	285
2221	2828	324
2221	2828	274
2224	3068	327
2227	2459	428
2228	4082	605
2229	3452	200
2231	2568	329
2232	2990	245
2232	2990	373
2236	3457	289
2243	2627	284
2243	2627	401
2249	3419	551
2255	2696	315
2259	2648	330
2260	1877	330
2266	2360	284
2266	2360	185
2267	4099	298
2269	3622	486
2270	2770	216
2275	4367	306
2275	4367	237
2276	2907	233
2276	2907	217
2279	2677	271
2282	2000	474
2285	2568	227
2287	2609	320
2290	2107	291
2291	4287	443
2292	2134	363
2293	3247	336
2293	3247	219
2294	1209	352
2297	2859	603
2299	2637	311
2302	2566	284
2308	3354	475
2310	3603	449
2311	2936	339
2312	1834	332
2314	3814	593
2318	2721	399
2320	3697	580
2324	3303	627
2325	3219	520
2326	2819	308
2327	3885	554
2330	3401	530
2333	2769	375
2334	4187	227
2334	4187	513
2336	1959	433
2337	2480	330
2339	2109	309
2341	2803	269
2342	1832	261
2343	4744	497
2343	4744	277
2345	3126	383
2348	2179	238
2349	2270	543
2352	2785	363
2354	2699	524
2355	2999	578
2356	3566	469
2358	4198	482
2363	2325	311
2365	3500	580
2367	2040	371
2369	2073	550
2370	3596	430
2371	3524	563
2372	3483	484
2378	2475	543
2379	3989	285
2379	3989	246
2386	2115	340
2388	3473	346
2391	2071	283
2396	4663	441
2396	4663	470
2398	2399	299
2399	2469	557
2409	2017	291
2412	1439	215
2439	3439	559
2442	2282	289
2443	2793	344
2447	2487	482
2454	2986	557
2455	3795	544
2456	2862	394
2458	3114	508
2459	3044	263
2459	3044	144
2462	2803	339
2464	3308	575
2465	2917	476
2466	3526	425
2470	2659	609
2471	3284	500
2472	4619	660
2477	2893	584
2484	2852	530
2485	1068	185
2488	3154	576
2489	2563	227
2492	1965	268
2509	4535	185
2512	3068	161
2512	3068	167
2517	2645	554
2520	2408	211
2531	3398	544
2534	4830	303
2542	4165	366
2544	3537	540
2548	3453	581
2551	3193	467
2553	3150	227
2554	4539	227
2554	4539	284
2555	2643	397
2559	2776	389
2561	2168	185
2564	3283	608
2566	4534	309
2566	4534	241
2574	4295	514
2577	4788	511
2583	3213	465
2585	2978	334
2591	4275	424
2597	4321	580
2603	3981	536
2604	2767	343
2609	3242	315
2622	2788	306
2624	4081	479
2636	4273	567
2646	4071	531
2646	4071	222
2655	4319	316
2684	4284	626
2685	2378	369
2700	3136	523
2710	4215	506
2712	4556	493
2714	2857	654
2716	3717	484
2724	3479	631
2732	4224	307
2735	3415	185
2737	3027	458
2741	2706	302
2753	3299	542
2757	3095	243
2770	3489	374
2771	3898	574
2772	3315	501
2775	2660	215
2781	3678	525
2798	3654	272
2810	2966	603
2811	3641	571
2813	2003	564
2831	4219	506
2834	3015	250
2843	3985	295
2845	3717	652
2851	2384	384
2861	2553	237
2862	4025	278
2862	4025	326
2866	4587	556
2866	4587	185
2872	3022	314
2876	3064	298
2882	2405	289
2891	4373	516
2898	3659	607
2900	3391	411
2903	2567	217
2903	2567	277
2906	1782	526
2910	3007	230
2916	1725	267
2921	3211	245
2929	2871	312
2931	3321	455
2938	3265	381
2939	2991	543
2940	2865	294
2949	2589	477
2950	3254	376
2955	2699	274
2956	2769	425
2959	2101	233
2960	3484	577
2965	2041	517
2975	2373	256
2984	3479	365
2986	2489	340
2991	2788	437
2992	3021	392
2994	2552	544
2995	1952	272
2997	2877	325
3004	3102	328
3004	3102	277
3006	2504	361
3013	2170	303
3016	3528	569
3020	3732	516
3021	3132	285
3023	4018	243
3029	2438	318
3032	3273	579
3035	1720	484
3040	4126	531
3043	1965	337
3044	2121	185
3045	3011	543
3048	2319	320
3052	2938	365
3053	2189	256
3056	3083	318
3061	2915	367
3070	1612	221
3073	3555	424
3074	3659	464
3076	2957	504
3078	3128	547
3084	2880	375
3085	2080	302
3090	3166	266
3090	3166	300
3093	3873	453
3094	3029	295
3095	2090	290
3096	3114	463
3097	2744	569
3101	3552	501
3107	1738	308
3118	3170	355
3126	3610	347
3129	1604	260
3135	3119	262
3139	2689	211
3145	2586	273
3145	2586	265
3147	4507	489
3150	1952	285
3160	2432	349
3164	2868	259
3166	2687	284
3169	3089	324
3170	3792	603
3172	2881	554
3175	3120	454
3176	1942	173
3177	2282	327
3179	2601	200
3183	3015	211
3184	3732	509
3187	2693	628
3189	3458	500
3197	1843	333
3201	3574	522
3203	2879	326
3206	1728	410
3215	2405	337
3216	2480	215
3217	2661	600
3222	4773	265
3227	1930	302
3229	1443	369
3235	3125	279
3238	3632	597
3246	2830	680
3248	2374	568
3250	3565	429
3255	4517	375
3256	3520	254
3258	3115	539
3259	3027	530
3267	3360	552
3268	3374	491
3276	3839	511
3282	2106	326
3283	4244	380
3285	3279	532
3287	1844	296
3297	3873	605
3299	3557	522
3305	3732	273
3308	2311	301
3318	4203	648
3324	3265	248
3326	4010	384
3327	4163	468
3329	3672	516
3334	3164	521
3336	2679	649
3342	4813	530
3350	2913	185
3353	3438	185
3361	4575	522
3370	2237	353
3372	4681	277
3381	2840	298
3382	4070	171
3382	4070	249
3385	3019	623
3387	5060	821
3390	4138	587
3391	2420	320
3396	2703	357
3404	2867	344
3407	3226	314
3416	4103	494
3417	4371	677
3429	3536	320
3433	2450	185
3436	3194	574
3444	2168	185
3452	2657	261
3452	2657	259
3455	3537	603
3464	3200	477
3466	2460	316
3466	2460	291
3481	4773	603
3491	3651	563
3493	3434	359
3514	4117	283
3514	4117	379
3516	4523	527
3517	1831	185
3520	3391	532
3523	1973	196
3523	1973	222
3540	3423	238
3549	2432	361
3551	2724	297
3567	2310	445
3568	2865	359
3583	3237	460
3590	4280	525
3599	1973	322
3614	4298	483
3614	4298	545
3624	1756	456
3626	2349	321
3626	2349	335
3628	4180	230
3633	3655	394
3634	2842	495
3645	3268	211
3649	2958	662
3650	4824	269
3650	4824	297
3653	2507	316
3656	3789	238
3658	3421	322
3662	2006	349
3671	2738	238
3672	3715	245
3680	3029	488
3682	1732	185
3684	2026	419
3689	4122	519
3695	2624	294
3702	4216	185
3705	2774	336
3710	4876	367
3716	3348	200
3717	3351	530
3725	2639	381
3734	3022	568
3740	2777	222
3742	2486	359
3752	3059	524
3754	2138	400
3765	4310	484
3768	3363	425
3773	2401	145
3776	2654	328
3785	3940	399
3790	3802	392
3790	3802	454
3791	3528	393
3794	3191	532
3795	3204	393
3796	3315	337
3797	2513	274
3806	3132	505
3807	1722	374
3810	3943	343
3811	2957	504
3812	4001	453
3816	2643	425
3819	4491	795
3825	3177	458
3826	2269	513
3830	4597	514
3834	2558	473
3835	3667	437
3837	3248	482
3838	2791	408
3839	2986	477
3841	4378	413
3841	4378	385
3843	2422	206
3853	2649	323
3859	2719	620
3862	2219	261
3868	2799	334
3870	3166	227
3871	3371	377
3875	3549	535
3879	3670	215
3884	3260	516
3886	2488	593
3902	2776	557
3903	3777	412
3908	3594	518
3909	2648	355
3914	3965	641
3917	2777	268
3919	3156	492
3935	3257	257
3939	3779	548
3940	2857	527
3941	3115	480
3945	4565	346
3948	4277	286
3952	4178	554
3956	3945	238
3957	3251	489
3960	3237	567
3964	3211	273
3964	3211	293
3969	3461	497
3973	3827	515
3981	2628	477
3984	3650	428
3985	5010	597
3986	3745	354
3989	3552	577
3997	2902	271
4005	2688	126
4007	2316	483
4009	1932	395
4020	4214	558
4023	2678	260
4024	2759	553
4041	3907	463
4042	3763	414
4043	2266	341
4045	1774	266
4047	4918	563
4049	3892	332
4052	3279	517
4056	2337	408
4057	3092	352
4061	2636	293
4073	3868	549
4075	2892	240
4079	4921	543
4086	2711	307
4091	2397	428
4092	4302	535
4093	3689	514
4097	2369	344
4099	3262	557
4108	3025	563
4110	3598	411
4119	4098	563
4130	2959	495
4134	3913	396
4135	2859	531
4145	2337	255
4155	2218	482
4172	1594	274
4178	3998	397
4192	4554	532
4195	3699	514
4206	3876	435
4208	3574	583
4209	3895	200
4225	2566	575
4228	4233	426
4239	3171	405
4252	2264	386
4256	3622	437
4257	2822	475
4259	3504	317
4271	4655	485
4273	3620	266
4274	1693	508
4275	4262	532
4278	4065	534
4285	2577	242
4286	4004	244
4287	2269	310
4288	2600	552
4291	4216	471
4299	3151	545
4301	3200	466
4304	2223	429
4308	4035	524
4311	2000	490
4316	3192	185
4318	3044	591
4320	2680	206
4324	4330	185
4326	2997	482
4328	3596	501
4329	1504	305
4344	3035	648
4351	3517	388
4356	4983	588
4357	3334	277
4358	2316	424
4360	3427	531
4368	3228	444
4372	2083	211
4374	3500	363
4376	2227	461
4386	2388	387
4391	3078	348
4395	2141	366
4396	3555	783
4399	3855	185
4403	4236	430
4414	4064	518
4421	2990	400
4423	1500	286
4426	3054	387
4427	3517	539
4437	2822	406
4442	4051	850
4449	2385	292
4452	3335	355
4454	3427	407
4457	3866	571
4459	3493	523
4462	1955	235
4472	3030	518
4473	2624	185
4480	5031	319
4482	3063	536
4483	2155	226
4485	3182	511
4489	4032	655
4495	3288	366
4502	2779	270
4507	2317	222
4509	2519	370
4511	3024	144
4511	3024	165
4520	2868	606
4526	3441	425
4529	3112	494
4532	3849	497
4543	2675	309
4544	2968	279
4544	2968	353
4548	2111	222
4552	2780	560
4558	3862	487
4564	3049	200
4565	4783	311
4571	3227	442
4572	3435	311
4574	2899	200
4577	2319	533
4588	2115	463
4595	2411	312
4604	1921	403
4608	1996	320
4609	2098	558
4611	4016	508
4613	3693	514
4613	3693	519
4614	3337	655
4615	1705	318
4617	1900	302
4620	2607	293
4622	2214	185
4627	2428	505
4635	2325	510
4636	1691	440
4644	3091	431
4645	2776	472
4648	3434	614
4649	2521	421
4654	2975	299
4657	3180	315
4661	2641	453
4662	2582	531
4665	2730	291
4679	2481	446
4680	2605	185
4680	2605	354
4682	1689	306
4689	3072	222
4691	3178	312
4692	2116	261
4696	2068	324
4704	3144	588
4705	2241	389
4715	3053	299
4717	2440	295
4724	3692	526
4726	2210	381
4735	2996	457
4737	4172	185
4740	3470	440
4742	2094	384
4744	2314	350
4745	2787	465
4752	3541	306
4755	2602	282
4758	2968	251
4758	2968	374
4759	2532	405
4761	2570	538
4764	1313	305
4766	4227	267
4769	2885	280
4771	2989	273
4771	2989	267
4786	2540	450
4789	2525	509
4792	3872	512
4793	2372	400
4810	1749	200
4816	4613	603
4820	3527	283
4825	2117	458
4826	2091	316
4840	1567	277
4841	2955	463
4844	1416	244
4854	2966	513
4860	2303	326
4862	3403	498
4863	1837	301
4864	2090	236
4869	2134	185
4871	2650	486
4874	2272	483
4879	1921	374
4880	2290	302
4881	3438	244
4888	2124	263
4889	2923	384
4894	1463	320
4895	3024	564
4901	2541	133
4901	2541	135
4902	3412	313
4903	2776	120
4903	2776	173
4905	2540	310
4906	2865	266
4909	4135	435
4909	4135	426
4918	1786	261
4922	3591	439
4923	1791	266
4929	2737	334
4932	1592	302
4937	3013	421
4939	3863	324
4941	2717	215
4945	2157	185
4949	2515	553
4950	2779	469
4956	2776	431
4958	1666	200
4961	3199	261
4970	2619	544
4973	2371	396
4984	2383	438
4992	1306	335
5020	2940	427
5022	3305	248
5025	3606	507
5029	5327	502
5031	2677	400
5037	3989	409
5044	5140	595
5047	3223	222
5049	2051	356
5051	2437	222
5058	2415	403
5061	2475	610
5064	2925	375
5065	3082	526
5074	3344	495
5081	3817	232
5088	2510	376
5089	2518	533
5099	2200	221
5102	4836	280
5103	2974	425
5104	3460	523
5108	5035	514
5115	2702	774
5130	4417	442
5138	3233	185
5152	4907	213
5152	4907	201
5156	4532	252
5156	4532	215
5160	5455	288
5163	3300	470
5166	2247	403
5169	3453	345
5170	3788	513
5175	3338	510
5183	2586	420
5189	2737	375
5202	5501	638
5208	3625	321
5213	4322	488
5217	3003	425
5220	2623	337
5226	3993	477
5227	3072	704
5230	4113	498
5232	2539	651
5245	4046	532
5246	2195	399
5268	2521	185
5268	2521	155
5270	5178	329
5277	4939	569
5279	2037	546
5288	3112	538
5301	3622	468
5302	2230	442
5310	3133	510
5311	3976	460
5316	1992	323
5318	3051	474
5319	1885	418
5321	4014	340
5327	4344	363
5328	2163	273
5329	2649	250
5334	2576	545
5335	2693	233
5342	3458	551
5351	5253	528
5351	5253	506
5357	2651	332
5358	3431	655
5359	3786	232
5367	2441	234
5370	2084	546
5372	2445	540
5373	3152	342
5375	2698	446
5383	2855	330
5385	3408	326
5388	2317	344
5404	2306	312
5408	2611	477
5431	2998	249
5432	2500	549
5436	2668	436
5443	2345	318
5445	3903	416
5447	3900	538
5453	2504	563
5456	1818	277
5457	2289	512
5465	3408	398
5467	1187	200
5468	4237	468
5469	2474	514
5474	1771	328
5478	3082	596
5479	2464	529
5488	3593	286
5490	3053	570
5491	2809	431
5496	2239	277
5498	2539	414
5500	2386	288
5506	2780	339
5507	2184	472
5516	2231	273
5517	3739	367
5519	5324	358
5519	5324	472
5521	2727	211
5524	3194	524
5527	2763	486
5530	3153	175
5530	3153	127
5531	2868	493
5540	3429	521
5546	4085	583
5548	3229	560
5550	3138	215
5554	2139	473
5557	2171	360
5561	5483	482
5563	4595	278
5567	3975	309
5573	2595	521
5576	4775	348
5578	2569	369
5582	4371	575
5583	2908	221
5586	2500	389
5594	4142	230
5599	3009	266
5604	5315	614
5604	5315	542
5611	2692	529
5613	2528	503
5614	4043	295
5614	4043	296
5617	3805	421
5618	3724	502
5623	1647	310
5636	4254	382
5640	4621	399
5645	2275	308
5647	5346	561
5654	2825	456
5660	2442	211
5665	4791	777
5677	2165	403
5679	3517	293
5681	4836	325
5689	3216	348
5696	4695	495
5702	3435	508
5711	2205	500
5712	2797	362
5716	4781	407
5726	3989	309
5731	4368	426
5733	3101	527
5734	2062	238
5737	2816	244
5750	5343	569
5754	3119	511
5760	3526	525
5768	2998	379
5769	3087	302
5772	3240	316
5775	3490	410
5776	2286	394
5782	3746	514
5785	5094	587
5786	3725	481
5788	3095	449
5794	4377	469
5794	4377	544
5795	3733	336
5800	2795	292
5809	2336	503
5810	3543	551
5811	3264	268
5815	3407	472
5832	2133	424
5838	2923	474
5839	2092	200
5841	1625	263
5844	3881	273
5845	2021	474
5855	3011	336
5856	2784	221
5856	2784	211
5862	3527	297
5863	3313	427
5868	3293	222
5869	3628	463
5871	3977	442
5873	2384	565
5882	1840	413
5884	3522	439
5887	3067	589
5890	3282	637
5895	4279	487
5900	2954	471
5906	3247	656
5910	2721	528
5914	2572	497
5918	4536	278
5921	4913	350
5923	3234	439
5935	2216	343
5939	2867	417
5952	3084	459
5958	4597	461
5958	4597	211
5960	3850	468
5987	4402	546
5990	2529	462
5994	2648	422
6005	2671	514
6019	3133	700
6022	2419	266
6028	2648	266
6029	2967	470
6032	4169	602
6038	3965	206
6039	4041	458
6040	3292	593
6044	3624	387
6045	2315	441
6060	1336	293
6066	3501	425
6069	2200	500
6076	3909	720
6077	5481	517
6077	5481	540
6078	2768	287
6083	2931	360
6086	2824	513
6096	3037	414
6101	2983	568
6106	4208	427
6106	4208	434
6107	2912	490
6110	2423	505
6125	2560	277
6129	2275	576
6137	2551	291
6139	2072	185
6140	1841	486
6148	2655	327
6153	2776	459
6161	2575	291
6162	2613	200
6167	4482	230
6181	2734	450
6200	3211	525
6208	3154	529
6209	3739	543
6218	3948	532
6222	2463	456
6229	2474	185
6237	2591	501
6245	3169	620
6248	3084	538
6255	3159	380
6261	3641	545
6268	3532	527
6269	2290	402
6272	2770	450
6277	3492	509
6297	1592	185
6323	3096	469
6327	1834	469
6349	3554	513
6355	2853	301
6380	3078	514
6387	3071	226
6405	2888	334
6413	2629	337
6415	4036	485
6418	2954	215
6429	1984	406
6437	2304	221
6445	3849	444
6449	4723	780
6458	2856	497
6459	3995	433
6461	2186	544
6463	3503	519
6468	2214	206
6471	2566	500
6476	2214	284
6483	2791	451
6508	4716	680
6511	2157	259
6512	3777	233
6517	2585	419
6529	4229	243
6529	4229	268
6547	2207	325
6551	4203	791
6557	3290	227
6558	3848	402
6560	2664	200
6562	4134	429
6583	2541	426
6591	4168	527
6593	2293	305
6597	3143	422
6601	2787	493
6620	3098	551
6621	1735	296
6623	4403	630
6626	2730	300
6630	1898	302
6632	2106	185
6633	3527	441
6637	4356	497
6639	3143	285
6646	3644	351
6649	3142	420
6650	4991	341
6656	3050	516
6658	3175	399
6662	4059	582
6663	2289	270
6679	2896	499
6683	4359	477
6685	3464	553
6692	4164	572
6695	3572	393
6697	3552	440
6699	3123	663
6702	4734	293
6705	3556	423
6705	3556	237
6706	2910	211
6708	1209	349
6709	3244	427
6713	2679	265
6718	2488	309
6731	2495	389
6732	2894	291
6744	3567	629
6748	4164	283
6748	4164	537
6749	3865	611
6749	3865	362
6752	2935	283
6755	2137	303
6757	1825	323
6758	1748	399
6759	2849	185
6765	2994	346
6766	2919	318
6770	3054	485
6775	3743	538
6778	1919	194
6778	1919	145
6782	2407	365
6786	4089	422
6790	4437	389
6791	3018	319
6793	4557	503
6795	3111	554
6796	2342	330
6808	1673	234
6815	2676	437
6817	3835	200
6819	3625	373
6821	3983	180
6821	3983	184
6827	2488	336
6833	3208	233
6835	2138	261
6840	2486	243
6840	2486	239
6843	2596	264
6843	2596	200
6858	4378	245
6875	2551	249
6879	3636	567
6882	3477	355
6895	1669	325
6896	3058	274
6900	2890	517
6902	3146	535
6905	3553	354
6905	3553	237
6908	3502	322
6909	3964	609
6910	2843	490
6917	3742	320
6923	4001	411
6934	4150	379
6960	3545	376
6962	2157	268
6967	2906	361
6969	2850	243
6970	3777	233
6973	1600	243
6974	3957	457
6976	2512	349
6980	4537	443
6982	2807	423
6988	3172	194
6988	3172	300
6989	3690	363
6996	2231	200
7001	3443	511
7002	4161	343
7007	2793	306
7021	3201	233
7024	3634	200
7027	3470	278
7042	3747	555
7044	1467	274
7048	2930	374
7061	4437	366
7063	4570	264
7067	3698	200
7078	3299	390
7079	2609	172
7088	3364	185
7093	3827	306
7097	2535	317
7100	4353	251
7102	2023	371
7105	2646	457
7110	3217	266
7122	4010	422
7130	2189	292
7141	1564	238
7144	1298	175
7148	2314	244
7149	2603	273
7151	2625	298
7153	3530	590
7166	2299	439
7167	4189	289
7167	4189	183
7176	2674	521
7177	2468	523
7180	2362	200
7181	3544	521
7192	2567	258
7198	3351	395
7219	3237	237
7226	1885	359
7231	2081	232
7233	3561	589
7239	3048	487
7244	3400	253
7260	4788	425
7261	3213	454
7262	2990	521
7268	2746	458
7273	2720	351
7280	1549	200
7283	3119	206
7295	4220	293
7295	4220	286
7298	3337	244
7301	4716	510
7312	2647	453
7330	3844	263
7331	1858	434
7333	2323	501
7337	3279	185
7352	2182	487
7353	2702	472
7364	4296	261
7370	2893	185
7380	2448	285
7382	2948	452
7383	2239	326
7388	3905	410
7390	2753	505
7397	4445	193
7398	2715	303
7402	3191	450
7403	3374	510
7404	3408	254
7421	3973	580
7426	3684	570
7428	2556	449
7432	2172	206
7433	2531	437
7437	2708	538
7440	3981	337
7441	2991	482
7448	3724	479
7449	2981	546
7451	1682	250
7453	3174	282
7460	2881	786
7462	3264	452
7464	3906	282
7466	3278	344
7472	3018	615
7479	3018	450
7482	2795	221
7484	2970	487
7486	2518	328
7487	3099	352
7489	2798	519
7498	4125	621
7501	1539	329
7504	3030	302
7507	2441	345
7509	3994	185
7523	2897	325
7527	4786	470
7527	4786	464
7539	2246	266
7545	3895	595
7548	1944	425
7550	3770	242
7554	4526	598
7555	2446	358
7556	3539	469
7561	3482	211
7571	3221	200
7576	2343	370
7604	2906	586
7609	3314	475
7612	2681	211
7616	3086	408
7625	2227	399
7627	2721	420
7641	3587	510
7644	4716	437
7644	4716	577
7650	3627	512
7675	4293	300
7677	3153	508
7685	3297	488
7697	2965	422
7703	4913	409
7721	3485	493
7722	2699	449
7729	1933	467
7757	2038	307
7764	4427	458
7765	4575	447
7767	4427	469
7770	4505	249
7770	4505	218
7776	2514	520
7784	3286	420
7797	2794	414
7798	4427	403
7798	4427	415
7810	4723	543
7821	4598	421
7836	2652	392
7850	4763	261
7851	3043	467
7853	2209	302
7853	2209	293
7863	2478	395
7868	4489	458
7870	2942	543
7872	2666	321
7876	1917	200
7880	3384	233
7884	2390	488
7901	1804	229
7902	3950	439
7906	2236	185
7912	4511	379
7935	3273	185
7944	2845	351
7945	3147	503
7947	2606	440
7948	4542	389
7948	4542	490
7949	2730	215
7955	2913	472
7958	3200	280
7963	2555	200
7964	1824	345
7967	2399	462
7974	3347	368
7982	2336	226
7982	2336	326
7984	3110	498
7987	2467	340
7988	4092	475
7989	2778	448
7994	4229	374
7994	4229	163
7998	4526	382
8000	2868	407
8001	2431	237
8002	3210	292
8003	2913	403
8015	1993	527
8018	3047	185
8019	4860	603
8020	2575	465
8024	1922	260
8025	2306	226
8026	3265	553
8030	3081	283
8031	2600	292
8032	2633	222
8048	2573	703
8051	2084	310
8056	3033	327
8058	4505	304
8058	4505	316
8059	1962	257
8061	3006	356
8061	3006	322
8064	2929	364
8066	2788	329
8067	2942	337
8070	3797	244
8075	1866	215
8080	2673	206
8084	3447	227
8085	3370	242
8085	3370	332
8098	2977	315
8105	2980	440
8106	3671	233
8116	4556	211
8118	2284	236
8127	4297	292
8133	4404	286
8133	4404	185
8138	3270	582
8139	3448	406
8147	1883	206
8148	4489	259
8148	4489	239
8149	3150	307
8152	3325	301
8158	3944	427
8160	2711	359
8165	4195	508
8167	2086	251
8172	4014	635
8179	2362	302
8188	3590	256
8189	3734	562
8192	3760	282
8192	3760	185
8196	4103	238
8197	4930	597
8198	2928	270
8199	2710	135
8205	2519	321
8213	3616	316
8215	2430	383
8216	1567	271
8219	2509	206
8222	3572	530
8226	3625	413
8241	2141	292
8250	3834	283
8260	2446	185
8262	2296	206
8263	1666	216
8276	3543	526
8296	2942	211
8298	4311	242
8309	3167	403
8318	4090	412
8319	1991	477
8322	4464	452
8323	2527	424
8325	3606	521
8330	3192	487
8333	3913	367
8337	2875	211
8344	1935	363
8351	4267	475
8363	1499	459
8365	3385	556
8366	4902	328
8369	3449	518
8377	4924	392
8377	4924	500
8378	3954	323
8381	4054	239
8382	3127	422
8384	4100	499
8386	3809	488
8387	3114	363
8391	4488	266
8401	3730	403
8402	3587	452
8404	4635	822
8406	3974	278
8406	3974	272
8409	4153	503
8413	2434	442
8414	3026	482
8415	2930	333
8420	4474	185
8421	4091	425
8423	4602	590
8423	4602	367
8427	3946	420
8430	4729	467
8436	3600	500
8438	4994	428
8438	4994	463
8439	3463	501
8443	2066	258
8449	2297	339
8451	4730	755
8453	2486	491
8455	2530	243
8457	3251	444
8458	2368	263
8461	2963	514
8465	2344	481
8469	2428	185
8471	2876	266
8475	3014	603
8478	3251	548
8482	2068	185
8485	1473	298
8486	2368	479
8490	1359	313
8492	4664	460
8493	2497	322
8500	2592	303
8501	4401	516
8502	2714	255
8503	2609	393
8512	3206	499
8515	2435	493
8517	2950	367
8518	3158	486
8519	3590	185
8527	2913	479
8530	1630	211
8534	2592	388
8547	3329	222
8547	3329	298
8552	2443	309
8553	3361	300
8558	3229	185
8559	4765	441
8560	2734	458
8561	3437	303
8563	2921	409
8567	3867	608
8568	2311	167
8568	2311	178
8575	3082	561
8580	3680	522
8582	4175	658
8585	1511	200
8587	2462	330
8588	4923	383
8588	4923	467
8590	2979	381
8592	3226	690
8593	1767	505
8594	2142	328
8599	3696	304
8599	3696	342
8604	4785	489
8605	3196	397
8610	3268	387
8611	4214	491
8611	4214	499
8613	3548	359
8616	1500	286
8618	2757	476
8624	3352	447
8640	1871	520
8641	3462	475
8641	3462	386
8651	2562	307
8652	3190	423
8658	2475	486
8660	4271	402
8661	1550	368
8668	3617	482
8680	1597	348
8684	2090	367
8685	2246	331
8688	4358	509
8691	1836	285
8692	3894	374
8702	4685	395
8705	2645	431
8707	2930	584
8709	2193	340
8713	1854	522
8714	3553	221
8717	3586	738
8718	2850	321
8722	4424	564
8723	2941	304
8727	2088	510
8733	3296	273
8735	2804	286
8736	4579	453
8737	2982	275
8739	3312	307
8742	2020	311
8743	3600	593
8749	3578	350
8750	3356	313
8754	2338	222
8759	2146	221
8763	3282	455
8766	2479	486
8770	2365	432
8771	2641	436
8775	2924	525
8779	2799	555
8785	2582	533
8793	2921	452
8797	4908	505
8802	2539	371
8805	2930	226
8805	2930	297
8813	2466	206
8817	2780	245
8820	3226	345
8828	2582	381
8829	1824	335
8833	2462	238
8836	2092	269
8840	2865	185
8844	3317	390
8851	2927	315
8855	2560	503
8860	4460	492
8863	3106	529
8869	2236	313
8871	2917	450
8874	4249	351
8877	1999	357
8882	4106	493
8883	3644	211
8883	3644	432
8885	2861	389
8888	2280	303
8889	3144	321
8896	2774	360
8902	3065	232
8903	2763	543
8904	4848	243
8905	2026	407
8907	3538	269
8909	4381	510
8911	3514	362
8912	2221	414
8917	3162	430
8920	3658	333
8921	3206	393
8923	2671	296
8925	4831	743
8929	2896	200
8931	2648	570
8936	2238	315
8943	4040	529
8951	4397	500
8951	4397	500
8961	2201	451
8964	2518	400
8966	2390	505
8976	1797	445
8984	2934	515
8985	1320	260
8990	3061	470
8992	4925	227
8994	2791	468
8997	3970	366
9000	4467	541
9007	2886	646
9009	5045	657
9012	3875	338
9017	4873	473
9037	3035	747
9070	3333	301
9077	3407	434
9089	2112	531
9115	4088	686
9132	3132	272
9154	2742	739
9158	4661	208
9158	4661	189
9159	2201	270
9161	3962	457
9168	2520	391
9177	4736	745
9200	3155	492
9206	3247	527
9212	3837	485
9223	2691	450
9226	3424	417
9236	2898	455
9244	3127	550
9245	1852	206
9246	4072	389
9252	3019	405
9260	3026	486
9265	3301	414
9272	2672	467
9277	4547	728
9284	4318	306
9291	2705	315
9297	5042	330
9297	5042	355
9310	3981	403
9313	3423	385
9315	4936	379
9315	4936	463
9321	2795	185
9324	2999	430
9339	3006	268
9343	2426	348
9349	3030	448
9355	4147	797
9360	3535	414
9380	3845	750
9389	4522	301
9390	4050	394
9419	4849	826
9422	2506	442
9435	5027	254
9436	3340	438
9438	3646	542
9439	2750	267
9453	2715	277
9454	3367	419
9464	2469	370
9514	4148	336
9533	2394	390
9534	2872	336
9539	3594	282
9540	2672	229
9540	2672	246
9552	2924	232
9564	4332	661
9569	4229	272
9572	2549	284
9579	3668	482
9586	3250	422
9590	2278	251
9592	4772	185
9598	3469	266
9604	4803	451
9606	4604	451
9608	3077	302
9615	2868	317
9621	3427	351
9624	2421	227
9629	3074	506
9633	3193	252
9635	4225	469
9638	4364	747
9648	3894	243
9653	3479	268
9654	3589	284
9656	4043	354
9657	2619	185
9673	4646	726
9675	3267	227
9677	2730	530
9684	4213	434
9689	3046	471
9692	2744	255
9695	2392	458
9696	5039	450
9710	3642	495
9712	3768	449
9714	3532	335
9715	2570	296
9720	4419	329
9725	3797	528
9730	4737	406
9732	2475	474
9736	2898	273
9739	2644	630
9740	2469	244
9745	2667	381
9749	3375	520
9754	3156	488
9759	3837	414
9771	3262	357
9771	3262	397
9778	3927	829
9783	3376	222
9784	4629	184
9784	4629	183
9793	3805	599
9794	3146	531
9806	3984	553
9813	2578	227
9816	2626	369
9822	3852	255
9829	4769	536
9832	2122	378
9835	2709	222
9839	4163	425
9851	4987	524
9853	3170	388
9856	5049	718
9860	3978	595
9862	3678	491
9870	3370	472
9873	3642	510
9875	3783	287
9892	4034	578
9907	1950	328
9908	4752	364
9927	4216	245
9927	4216	235
9930	3935	206
9938	3484	506
9948	3658	317
9948	3658	280
9950	3303	566
9953	2973	494
9955	2702	238
9967	4090	581
9968	4842	549
9972	3200	374
9978	1957	360
9980	4103	510
9981	4556	211
9990	2614	410
9998	3963	463
9999	3977	525
10007	2959	286
10010	2269	222
10015	3099	335
10020	3712	528
10023	4049	455
10025	3134	249
10028	4388	564
10030	2462	232
10031	2208	308
10036	1829	366
10037	3808	530
10041	4773	503
10043	4019	456
10045	3327	304
10046	2720	535
10047	2822	344
10053	3748	560
10057	2668	185
10063	3538	538
10065	3678	215
10077	4296	200
10082	2019	329
10087	2845	591
10091	3257	560
10094	4747	597
10101	2416	439
10102	3920	299
10104	2615	496
10105	4790	333
10105	4790	461
10108	2784	342
10116	5185	804
10118	3709	569
10123	2216	349
10130	1990	206
10131	3208	550
10138	4931	302
10142	2999	261
10143	2356	345
10150	4085	541
10152	2560	222
10158	3594	337
10163	3552	513
10169	3753	535
10171	3373	585
10176	3888	405
10178	3832	540
10180	1858	519
10182	2262	397
10184	2290	559
10186	2910	317
10187	4367	302
10188	3353	424
10188	3353	232
10189	2378	381
10190	3650	397
10192	2672	521
10194	3485	541
10202	4325	507
10208	3706	538
10211	3869	336
10211	3869	227
10220	1916	282
10223	1938	374
10224	2707	341
10235	2967	396
10236	2003	306
10242	2958	259
10246	3620	554
10256	3552	200
10256	3552	185
10258	3606	617
10260	4592	493
10260	4592	413
10262	2279	479
10263	2880	582
10275	1650	367
10276	1769	226
10283	2458	336
10286	2858	459
10289	2083	316
10290	3175	549
10294	2139	294
10295	1901	254
10299	3757	423
10300	2251	291
10305	2370	244
10311	4212	445
10316	3881	297
10321	3941	266
10322	3172	482
10336	2580	215
10340	2644	328
10344	2438	380
10347	3510	364
10351	1677	200
10357	2881	296
10363	2996	222
10368	2947	356
10370	3464	316
10372	2154	267
10373	2746	359
10376	3360	268
10377	4269	582
10378	4726	297
10378	4726	185
10381	3166	349
10385	2847	425
10393	2678	448
10400	3707	520
10402	3989	273
10419	3252	483
10423	5120	427
10423	5120	255
10426	4660	523
10430	4255	200
10432	2465	569
10438	1965	311
10440	2472	255
10447	3920	372
10466	3828	362
10468	2480	249
10472	2835	292
10475	2935	506
10482	1625	306
10485	3117	395
10493	3035	348
10496	3615	296
10496	3615	336
10499	3667	348
10509	4277	314
10510	5095	242
10516	2927	200
10521	3585	529
10523	2832	588
10525	2501	296
10527	3143	285
10527	3143	315
10528	2440	286
10531	3204	526
10532	3360	557
10534	3759	352
10536	4269	480
10539	2694	279
10547	1872	185
10548	3954	312
10552	2607	303
10554	2605	441
10555	3201	331
10559	2176	360
10561	3055	293
10564	3521	549
10566	4525	560
10571	3172	288
10579	3960	368
10584	2688	216
10585	2169	325
10586	1153	185
10592	1971	337
10600	2903	431
10609	3453	310
10609	3453	334
10610	4517	185
10611	4157	498
10613	2769	583
10622	3087	548
10623	2779	333
10624	2839	239
10625	2666	371
10626	2928	335
10636	3309	478
10638	3116	250
10643	3842	459
10647	2363	429
10659	3741	370
10660	2583	311
10661	2859	465
10662	2537	488
10663	4689	358
10663	4689	325
10667	3357	506
10669	3826	392
10670	3717	549
10674	3337	329
10680	2664	349
10683	2170	279
10684	3383	584
10686	3919	351
10694	4434	474
10695	3397	293
10696	3923	314
10697	4724	414
10701	3501	514
10703	4280	255
10713	3633	459
10714	3843	230
10715	2577	452
10719	2980	415
10721	3878	403
10725	3870	506
10726	2709	486
10729	4433	485
10730	3320	540
10731	3314	570
10733	3080	365
10735	3020	454
10740	3380	374
10742	4387	462
10743	2237	402
10745	2754	363
10749	3125	481
10750	2041	237
10756	2568	372
10761	3473	335
10769	3666	243
10770	2887	383
10774	3171	303
10780	2532	320
10783	4075	221
10788	3603	440
10794	3068	454
10795	4497	425
10801	2628	253
10802	3923	528
10804	4032	539
10808	3877	503
10809	3628	400
10813	3170	360
10814	4688	373
10827	2574	338
10831	3547	672
10833	3459	388
10838	2597	489
10839	2992	530
10840	2142	563
10849	3314	528
10853	3569	239
10859	3148	249
10860	2935	508
10862	3252	337
10867	3453	571
10869	2709	340
10870	4216	211
10873	3573	281
10882	4689	426
10883	2516	328
10884	3268	284
10888	2093	545
10889	2978	468
10890	3856	467
10891	3907	495
10892	1928	273
10895	3780	573
10898	1896	185
10902	4456	476
10903	2360	278
10905	2063	502
10908	2313	512
10910	4250	553
10911	3578	417
10918	2345	267
10919	2959	164
10927	3703	525
10929	3486	278
10932	3684	548
10944	3149	363
10947	4182	255
10948	4862	500
10954	3018	514
10956	3133	466
10958	3891	390
10967	3553	446
10968	3751	586
10971	3090	467
10974	4150	628
10976	3359	586
10982	2730	227
10989	4016	295
10997	2560	413
10999	3246	479
11002	2933	428
11010	4420	447
11013	4018	431
11016	3490	537
11020	3187	267
11023	3121	751
11029	3834	199
11037	3595	604
11040	1913	273
11041	3535	511
11043	3119	351
11048	3530	542
11049	2703	482
11051	2207	469
11052	4121	579
11053	5169	556
11054	3463	318
11057	3321	249
11058	3796	185
11058	3796	332
11065	3853	535
11072	1835	185
11078	2872	222
11083	3819	551
11087	4112	514
11089	4588	390
11089	4588	233
11091	3703	319
11093	3997	331
11101	3249	303
11102	4140	513
11104	2907	520
11105	4518	371
11109	4027	315
11109	4027	315
11112	4884	253
11113	2625	393
11114	3218	336
11116	3106	211
11119	2681	337
11120	3884	312
11120	3884	185
11125	3367	402
11127	2885	252
11128	2851	395
11129	3533	532
11131	3447	379
11132	3812	518
11136	3261	263
11139	3277	547
11140	3547	481
11145	3213	283
11146	2620	382
11156	2246	524
11158	2127	270
11159	3670	436
11160	1591	227
11163	2778	641
11167	3430	430
11169	2618	360
11170	4360	633
11171	2845	597
11173	2583	551
11174	3307	292
11195	4682	728
11196	4935	446
11196	4935	442
11197	3409	535
11201	4683	533
11207	2782	422
11208	4712	297
11208	4712	469
11209	3884	526
11212	3380	516
11220	2244	259
11221	3292	319
11221	3292	370
11225	4403	222
11226	3876	588
11230	2809	456
11231	3922	383
11231	3922	508
11236	4726	823
11244	3471	245
11246	2566	522
11252	2009	233
11253	4227	640
11256	2167	321
11259	5105	556
11262	3116	539
11267	3703	280
11268	2885	312
11270	2926	259
11274	3137	211
11276	3467	497
11285	3905	544
11297	4045	479
11301	2793	267
11302	3137	635
11304	3311	536
11315	4789	519
11318	3535	567
11330	3077	197
11331	4841	590
11332	3331	237
11333	3638	597
11335	2552	185
11340	2650	291
11341	2710	255
11345	3726	681
11353	3641	596
11355	1898	301
11356	4023	302
11356	4023	273
11362	3223	536
11363	1109	314
11364	2917	402
11366	2965	509
11370	2068	291
11373	2720	495
11380	2290	345
11380	2290	243
11382	2139	298
11399	2693	461
11402	3039	305
11403	3368	363
11411	3567	497
11412	4498	185
11412	4498	511
11420	4015	424
11427	4344	544
11441	2653	331
11446	3597	556
11488	6221	528
11499	3810	326
11514	3158	593
11536	1980	549
11542	3110	481
11550	5472	242
11552	2690	336
11555	1970	211
11560	3104	524
11575	3842	200
11620	2637	429
11621	2351	422
11630	3723	290
11631	3489	400
11654	3047	423
11656	2738	547
11671	3316	508
11713	3699	568
11725	4467	518
11769	2924	321
11787	3887	322
11787	3887	272
12134	3334	354
12220	3258	349
12279	3960	411
12418	3368	521
12537	2400	350
12731	3210	326
12750	3604	442
12769	3164	387
12772	5176	454
12801	3169	250
12824	3200	448
12826	3407	279
12828	3315	683
12841	2727	350
12842	3785	376
12844	3477	511
12866	7570	662
12871	3263	227
12875	4314	438
12880	3177	268
12887	4885	312
12896	5175	427
12907	1927	353
12924	4113	263
12930	3374	464
12930	3374	148
12930	3374	231
12942	3283	549
12944	2822	470
12962	2741	306
12967	1880	302
12969	2476	415
12991	1944	381
12992	4473	519
12997	2560	480
12998	1754	249
13007	2274	372
13009	2461	249
13010	4030	206
13013	4345	560
13015	1792	283
13024	3452	356
13038	3722	274
13039	1228	215
13043	3829	219
13043	3829	205
13061	2495	232
13062	3442	540
13065	2903	394
13068	3415	200
13070	3140	520
13075	2484	553
13080	1908	185
13094	1710	400
13100	1790	316
13101	1514	238
13107	4148	276
13107	4148	262
13108	4369	292
13119	4092	211
13125	2870	294
13129	2673	376
13130	2294	409
13131	4208	521
13133	2578	468
13137	2456	283
13143	2637	444
13145	2845	340
13146	2915	310
13152	3272	589
13168	2983	238
13171	2241	287
13172	4249	428
13175	3312	234
13182	2375	200
13185	3963	237
13190	2316	372
13218	4230	437
13223	3390	465
13224	3384	406
13227	2434	185
13238	3679	553
13239	3123	245
13239	3123	239
13241	2648	256
13244	2898	253
13264	2530	508
13277	2724	459
13279	3579	373
13286	2240	307
13305	2470	365
13306	3213	515
13307	2954	425
13310	3990	237
13317	2765	524
13324	3286	496
13326	3594	573
13329	2410	477
13330	4152	667
13334	4027	366
13340	2764	517
13347	4401	591
13353	3055	500
13362	2842	564
13370	2879	558
13378	3519	375
13387	4432	531
13394	2669	459
13400	3582	361
13404	2914	515
13406	1710	452
13413	2919	533
13421	2541	375
13434	2915	427
13438	2463	387
13450	3181	449
13454	3233	512
13457	3914	324
13457	3914	365
13460	3212	588
13461	3821	449
13463	3136	462
13464	3328	533
13465	3181	350
13471	3579	201
13471	3579	236
13473	3019	457
13488	2222	288
13496	2503	405
13501	4656	572
13506	2790	483
13526	3301	331
13527	3073	271
13535	4047	185
13540	4053	319
13542	1401	206
13545	2758	378
13548	4361	467
13552	2807	304
13553	2802	200
13554	3468	495
13556	3082	508
13558	1906	538
13564	3413	533
13567	2546	438
13569	2910	607
13572	2477	442
13574	2418	369
13575	3230	529
13582	1831	227
13583	3387	564
13584	3520	359
13593	1159	306
13594	3611	386
13595	1214	185
13599	2187	587
13610	3885	361
13613	3115	481
13616	4101	504
13622	3175	425
13624	3487	296
13625	2546	216
13627	3598	511
13629	2409	200
13635	3226	486
13637	2149	227
13638	3336	342
13650	2936	597
13653	3204	276
13653	3204	289
13655	4180	400
13656	4304	520
13674	3533	439
13676	2056	243
13687	3194	527
13692	2641	335
13694	1923	232
13703	2611	316
13706	3104	292
13706	3104	306
13712	2295	430
13715	1952	238
13716	4568	434
13716	4568	419
13722	3556	534
13724	2906	474
13726	3462	522
13729	4232	535
13733	3507	516
13738	3164	509
13740	2964	516
13742	2251	382
13754	3809	536
13760	1266	215
13762	2916	255
13770	1832	222
13775	2483	302
13777	2181	323
13780	3721	538
13784	2923	556
13788	1414	287
13795	1496	358
13797	3188	300
13799	1078	273
13802	3291	553
13806	2780	334
13815	3231	510
13816	2370	247
13822	3682	504
13823	3876	329
13829	1946	278
13837	3910	388
13843	2979	255
13846	2700	232
13848	1278	367
13850	3697	307
13851	2945	222
13854	2951	560
13859	3329	507
13862	3649	265
13864	2834	311
13866	2105	221
13870	2567	530
13873	2492	227
13874	3369	264
13879	957	236
13880	2770	461
13882	1557	314
13887	2234	375
13911	2647	470
13914	2871	267
13918	2580	255
13919	3652	285
13923	2432	304
13924	3777	221
13924	3777	228
13927	2823	245
13935	4013	502
13937	4080	486
13940	2998	267
13942	2396	278
13946	1714	206
13950	4236	443
13953	3670	314
13955	2821	322
13964	3934	374
13964	3934	291
13968	2792	321
13981	1516	288
13989	1933	245
13999	3777	346
14003	3111	493
14015	2546	238
14018	1777	250
14019	2553	248
14025	3649	467
14030	2750	449
14031	4247	517
14036	1834	278
14039	3954	307
14055	2919	295
14075	4296	423
14075	4296	340
14078	3456	265
14080	4390	585
14086	1719	324
14107	4316	456
14112	1581	221
14115	2470	211
14118	2482	433
14135	3054	276
14138	3314	303
14141	3446	277
14151	2345	230
14189	3567	326
14206	3127	306
14207	3639	478
14210	1990	227
14215	3181	227
14215	3181	185
14231	2755	299
14237	3829	358
14240	2280	185
14241	2094	270
14255	3789	233
14258	4365	251
14267	1667	239
14268	3967	238
14272	3102	313
14282	2472	329
14292	690	256
14293	1709	215
14296	3841	317
14296	3841	362
14298	3062	429
14300	3327	313
14304	3389	289
14310	3700	334
14327	3321	250
14327	3321	227
14339	2706	200
14339	2706	185
14346	2185	300
14352	1769	185
14353	3991	267
14355	2441	292
14357	3946	493
14359	2678	545
14365	2442	311
14367	1583	303
14391	2432	226
14393	3519	244
14395	3892	307
14395	3892	264
14400	1647	200
14403	2236	278
14405	2995	271
14411	2247	392
14416	3150	200
14423	2559	408
14425	2631	395
14431	4372	390
14432	3104	507
14434	3781	486
14439	3685	331
14442	3741	575
14445	2506	352
14448	3781	660
14451	3098	262
14451	3098	227
14464	3957	469
14468	1840	238
14470	2787	285
14470	2787	185
14475	3938	625
14480	2415	278
14481	4208	353
14485	2875	200
14488	1003	185
14491	1924	403
14492	1836	215
14493	4223	289
14494	2128	277
14498	3197	543
14500	3196	519
14505	2935	393
14506	2663	575
14507	3457	499
14514	3799	591
14531	2823	222
14532	1830	234
14538	1850	432
14546	2890	185
14548	3246	590
14552	2078	388
14553	4085	507
14554	3027	531
14556	2974	486
14576	2866	325
14579	2650	544
14580	3717	291
14592	4511	494
14592	4511	542
14602	3863	277
14605	1673	287
14606	2226	273
14608	3680	458
14617	2122	238
14618	3068	269
14621	2472	267
14623	4293	471
14625	2212	301
14627	4948	509
14632	5076	242
14636	4268	362
14640	2939	185
14641	3726	387
14641	3726	239
14643	3176	467
14645	3752	277
14646	2262	216
14647	3009	283
14650	3421	308
14650	3421	292
14651	3467	185
14663	4291	361
14668	5477	481
14668	5477	337
14674	3794	258
14678	4363	385
14684	7569	456
14687	3215	287
14689	2530	284
14692	2800	185
14693	2562	285
14705	4322	524
14711	3677	185
14712	3177	556
14717	3429	226
14727	3226	292
14730	4342	284
14736	3457	291
14738	3418	237
14752	5993	462
14754	4866	241
14754	4866	282
14758	2220	440
14762	3572	462
14764	4705	226
14766	5153	391
14769	3403	261
14782	3580	302
14786	5237	500
14789	2320	298
14790	5016	497
14791	3350	216
14791	3350	255
14797	2717	266
14801	2059	276
14810	3442	262
14812	2179	293
14813	4580	200
14818	3326	315
14823	4905	470
14828	6096	466
14840	2904	402
14841	4014	525
14843	3380	268
14854	3592	259
14854	3592	290
14856	6630	363
14856	6630	294
14865	4043	448
14867	2226	304
14869	3161	459
14875	3681	256
14875	3681	258
14876	3609	287
14880	3841	528
14882	3227	200
14884	4303	247
14885	4706	413
14886	3481	309
14886	3481	289
14887	3289	634
14889	4524	330
14890	3173	262
14906	5598	287
14909	3705	185
14910	4457	243
14912	3846	428
14915	2710	254
14919	5129	410
14920	2977	480
14922	4499	185
14924	5329	570
14924	5329	421
14926	6013	295
14926	6013	248
14930	1995	267
14940	3921	206
14947	5753	367
14951	2634	278
14952	1429	211
14963	4000	454
14967	5339	435
14967	5339	478
14969	2614	243
14975	4026	490
14978	5966	238
14984	5376	325
15003	3002	246
15006	2772	300
15009	4047	341
15009	4047	326
15014	2201	284
15024	3321	266
15027	2277	296
15037	3046	719
15051	5001	243
15056	4047	200
15100	3003	257
15100	3003	200
15108	4349	243
15118	2853	724
15132	5742	491
15132	5742	304
15137	3163	313
15142	8972	675
15142	8972	634
15166	4040	449
15169	3557	245
15171	4305	227
15171	4305	338
15174	1822	185
15176	3671	348
15182	4538	257
15182	4538	251
15183	3674	323
15186	3412	215
15189	3733	268
15193	4816	206
15193	4816	227
15197	10172	836
15197	10172	807
15201	3812	221
15201	3812	237
15202	2831	296
15215	2501	595
15228	6139	365
15230	2662	371
15233	3836	238
15240	7245	448
15250	4688	518
15253	5679	630
15261	4531	524
15263	4601	272
15278	2755	455
15282	3594	227
15288	4297	448
15306	3834	282
15309	3480	407
15313	5005	543
15323	2954	453
15326	2133	294
15334	3963	255
15338	4668	395
15338	4668	281
15339	4105	249
15351	6653	244
15351	6653	351
15352	3572	478
15354	2625	321
15358	3339	446
15361	4082	481
15368	2001	272
15370	4401	291
15373	5471	581
15376	2864	415
15377	3189	597
15381	3908	426
15384	4392	465
15398	3408	185
15400	5134	347
15426	3855	528
15458	3099	431
15460	3798	482
15462	9425	240
15462	9425	226
15464	4343	327
15497	5566	469
15520	3077	340
15531	3798	209
15531	3798	192
15545	3282	397
15557	3972	445
15691	2425	399
15707	5443	391
15707	5443	276
15717	3784	506
15741	4150	731
15746	6167	404
15751	2152	265
15776	2706	220
15776	2706	420
15783	9829	598
15793	2038	435
15802	3280	218
15802	3280	331
15814	5156	476
15819	3562	473
15837	3767	346
15842	3290	243
15843	7798	761
15844	5513	259
15845	2874	227
15845	2874	334
15854	4457	790
15863	2791	211
15864	3762	411
15878	3553	478
15895	3394	626
15901	3328	559
15908	3255	641
15909	4174	567
15915	2150	185
15928	2525	580
15931	4479	556
15939	3063	155
15939	3063	194
15940	2968	316
15943	3448	501
15944	3567	539
15948	4102	677
15952	3569	417
15958	4451	572
15961	4025	185
15970	3691	573
15980	4805	580
15982	3812	337
15984	3637	550
15991	2782	323
15992	4377	551
15993	2191	573
15996	4461	200
15997	3734	402
16007	2933	605
16008	4427	383
16015	4383	422
16020	4007	483
16023	3732	522
16025	4497	490
16026	4801	467
16029	2713	633
16033	2091	565
16034	3460	590
16035	3757	544
16036	4109	299
16040	2658	267
16049	4081	644
16052	4927	363
16052	4927	303
16066	2557	587
16070	3514	655
16079	3710	303
16080	4204	481
16081	4902	649
16086	3497	475
16089	2902	533
16094	4517	176
16094	4517	166
16101	2853	600
16113	3143	585
16121	3263	504
16126	4936	562
16132	4363	254
16136	3604	576
16137	4578	523
16141	4178	418
16142	4161	547
16145	3728	511
16146	3906	453
16151	2616	324
16153	3050	578
16154	3000	479
16157	3217	436
16164	2948	441
16165	4135	360
16165	4135	321
16171	3355	558
16173	4192	309
16175	4086	566
16176	2183	339
16178	3403	330
16181	2391	544
16185	3806	425
16190	1294	200
16193	4406	524
16201	2246	384
16202	3510	398
16208	4263	230
16211	4092	270
16211	4092	378
16212	3181	344
16216	2493	371
16217	3449	668
16223	3533	387
16229	4988	285
16232	3709	528
16237	4655	303
16238	2564	503
16239	4258	358
16239	4258	315
16240	1385	322
16242	3254	379
16243	3871	290
16252	2052	335
16256	2477	287
16257	3916	517
16263	3754	418
16272	3011	361
16277	4171	284
16277	4171	396
16282	4431	295
16283	2793	211
16286	1943	316
16291	2376	215
16292	4063	307
16293	3963	570
16294	4554	292
16300	1983	325
16302	4398	376
16303	3229	273
16320	2532	383
16325	2251	381
16326	3328	366
16327	3810	279
16330	2309	332
16331	3303	295
16333	3494	379
16336	4078	348
16336	4078	267
16339	3101	375
16342	2495	278
16344	3214	274
16344	3214	286
16352	3746	307
16353	1331	366
16354	3602	222
16362	4092	261
16379	4357	262
16389	3634	447
16394	3939	251
16397	3707	544
16399	1881	287
16402	3626	364
16402	3626	395
16403	5004	346
16403	5004	376
16413	1953	471
16421	4096	518
16424	3526	507
16426	3896	628
16429	1743	346
16431	1845	336
16434	2222	361
16437	3352	602
16451	2729	372
16463	2990	238
16467	4420	206
16467	4420	369
16470	3750	354
16481	1994	383
16486	4234	354
16486	4234	369
16488	2151	387
16491	2828	352
16494	3586	489
16497	2001	314
16503	3337	249
16510	4992	283
16511	3059	413
16515	3541	426
16518	2048	561
16522	2976	420
16526	3198	524
16534	2523	370
16540	883	227
16554	2208	379
16556	2621	420
16557	3387	397
16564	3447	331
16568	3473	340
16570	829	200
16573	736	200
16582	3196	361
16589	3826	299
16597	3500	310
16597	3500	329
16598	4847	376
16598	4847	290
16607	3164	383
16608	2383	363
16609	1797	185
16611	1444	239
16616	3101	243
16619	4114	200
16630	2253	250
16641	3346	315
16641	3346	271
16647	3099	561
16648	3540	336
16651	3751	268
16655	3393	351
16656	1914	185
16663	4542	443
16664	1695	185
16678	3629	711
16680	2089	263
16684	2812	421
16687	1673	301
16691	3639	304
16694	2759	206
16699	4643	545
16700	4553	783
16704	2150	273
16706	1912	265
16709	2774	318
16713	3147	233
16714	5009	510
16718	3284	319
16723	2472	288
16731	2194	314
16733	2899	282
16734	2745	216
16748	2597	297
16753	1629	185
16754	3818	383
16755	3752	565
16757	3255	410
16762	3569	315
16766	3895	675
16787	1911	277
16796	3430	328
16797	4022	636
16800	3577	338
16804	2448	295
16812	3552	374
16812	3552	155
16816	2772	294
16817	2850	293
16826	3017	232
16830	3763	371
16834	2583	334
16841	3549	414
16843	3378	340
16844	3343	226
16847	3956	581
16849	1006	380
16854	3205	522
16856	3596	342
16860	2606	400
16863	3202	263
16866	1641	200
16869	4975	538
16873	2618	268
16875	3961	251
16886	4661	509
16886	4661	477
16888	1158	215
16892	3118	282
16895	4419	229
16895	4419	301
16898	3130	273
16900	1972	323
16910	1879	267
16914	2832	451
16915	3203	261
16916	2749	296
16929	2799	340
16938	2536	665
16948	4329	316
16950	1547	233
16959	2730	328
16963	1167	221
16974	3571	272
16975	2438	337
16976	2855	230
16987	1308	317
16988	2428	417
16989	3942	247
16994	3037	319
16998	3004	405
16999	2709	315
17017	3916	332
17023	2817	216
17025	4520	270
17027	4078	574
17030	4498	321
17032	2521	672
17034	3930	272
17034	3930	291
17039	3265	298
17045	3539	446
17047	4471	343
17047	4471	288
17050	3675	305
17050	3675	296
17051	4799	390
17051	4799	493
17054	2464	238
17055	3041	326
17066	3003	216
17067	3151	547
17068	3000	273
17069	2305	273
17070	3200	492
17072	2621	275
17078	3219	354
17080	3453	144
17080	3453	328
17081	2449	200
17082	3033	333
17088	2000	211
17091	3167	455
17095	2814	345
17096	3952	332
17096	3952	322
17101	2887	345
17103	3397	472
17105	2717	334
17108	4655	243
17108	4655	337
17110	3184	216
17111	2529	369
17117	2200	323
17120	2457	302
17122	3118	327
17125	3875	285
17125	3875	274
17128	2622	222
17133	2796	332
17140	4030	275
17141	4338	520
17143	3968	234
17144	3787	281
17144	3787	318
17149	2643	333
17156	1919	279
17160	2746	316
17162	5061	485
17162	5061	537
17165	3673	397
17173	1925	239
17180	4388	318
17180	4388	309
17181	3074	308
17184	3730	317
17185	3792	275
17191	4296	559
17192	3180	255
17193	3211	331
17199	3799	361
17204	2189	313
17205	2726	625
17207	2974	493
17209	3141	407
17210	3078	243
17217	3951	333
17217	3951	313
17219	3035	605
17223	3593	277
17227	4944	548
17236	2953	336
17237	3182	396
17243	3288	638
17247	2025	331
17248	2152	360
17249	4463	649
17252	3597	570
17253	4046	250
17254	2703	494
17255	4267	597
17257	3889	400
17258	3232	185
17261	2185	330
17267	2034	234
17271	2700	211
17273	4432	321
17276	4623	430
17277	3008	301
17281	3179	613
17282	1314	364
17283	3885	364
17284	3081	286
17286	3283	506
17290	1284	304
17296	1544	393
17299	3473	200
17301	4036	330
17308	2106	273
17312	2403	466
17315	3918	561
17317	2412	329
17318	3559	357
17323	3741	366
17325	2889	282
17335	2864	259
17338	2952	570
17341	2835	390
17344	3572	363
17345	3529	165
17345	3529	303
17346	3071	319
17347	3104	282
17356	3937	331
17365	2498	324
17366	4245	342
17369	3411	286
17374	3825	598
17381	3949	498
17383	3082	301
17385	2515	407
17386	1229	284
17387	3647	251
17387	3647	368
17391	2912	333
17394	3866	312
17394	3866	320
17395	2504	211
17396	3136	441
17397	3156	435
17397	3156	503
17400	4163	331
17404	2650	426
17405	3685	433
17413	4084	409
17421	1667	249
17426	2377	248
17429	2956	346
17433	3091	400
17435	3689	521
17443	2531	324
17446	2242	185
17452	2615	315
17453	2771	185
17453	2771	308
17454	955	211
17456	3299	306
17460	2845	405
17463	1742	266
17480	1209	238
