0	25835	19953
7	4120	349
8	3098	496
12	3641	328
16	5129	244
18	3612	724
20	3724	563
21	3396	479
24	2841	600
30	3305	334
30	3305	261
32	8197	470
37	2810	516
47	5502	572
48	6885	370
49	4826	306
57	7693	600
59	3282	588
61	2944	562
65	7306	625
69	3324	537
72	7887	565
72	7887	702
86	6683	437
91	5543	278
91	5543	324
92	3499	416
92	3499	323
94	8017	385
94	8017	382
95	3832	681
96	2525	369
97	3125	412
100	3093	268
106	2840	294
108	3219	468
113	3616	296
120	3889	266
121	2953	400
128	2398	350
132	2232	407
134	4327	575
135	4669	655
138	2135	137
138	2135	302
139	5226	731
140	4914	670
148	3860	414
150	2637	381
154	2929	344
154	2929	356
156	2419	614
157	5429	185
162	2279	428
164	7840	439
164	7840	489
170	4528	360
171	2777	151
176	1876	634
179	4132	573
182	4019	386
184	3991	305
185	2045	378
186	5479	409
186	5479	408
192	2745	373
195	2844	417
202	4806	258
203	6389	326
203	6389	353
205	4575	162
205	4575	234
208	4165	308
208	4165	329
210	4516	343
211	3423	388
215	3227	365
228	4525	481
233	5695	261
236	3125	392
238	3056	412
241	1943	482
242	6129	524
243	3283	315
248	2058	298
255	3790	520
256	2970	289
258	4434	533
259	3437	640
267	3156	331
270	2372	248
272	1772	381
278	3297	291
279	5625	391
285	3380	610
290	3100	200
298	4141	552
302	4506	396
305	2620	549
307	1785	320
310	6262	371
312	3152	285
312	3152	182
313	2565	413
319	3801	647
320	3735	350
326	4443	575
332	1455	387
334	6021	206
334	6021	367
336	4854	468
339	1653	261
341	7035	341
342	2078	449
349	2613	249
353	6888	402
353	6888	354
355	2990	524
357	2357	296
358	3324	578
359	4127	660
360	3164	587
363	3188	503
363	3188	196
366	3874	420
369	2385	356
372	4145	573
375	3057	288
376	3730	350
376	3730	368
378	2156	260
384	2957	328
385	3001	566
390	6559	631
391	1741	383
393	2646	547
395	4186	376
396	2736	404
398	5281	295
398	5281	369
400	1851	355
405	2999	410
407	2969	334
407	2969	376
409	4061	552
410	3191	564
412	2857	323
413	2256	380
424	2816	271
428	2997	361
429	3001	415
429	3001	238
434	3210	370
439	2067	350
440	2470	291
441	3302	590
442	2899	445
454	2651	614
456	2953	215
461	3233	238
463	5266	289
468	2672	385
479	3533	625
484	3330	185
486	2170	327
492	3502	322
497	4171	211
499	3859	373
500	6813	311
500	6813	733
506	3335	249
507	7749	382
507	7749	367
510	3581	373
528	3588	565
530	2670	245
532	6994	561
534	1932	185
535	4189	591
536	1883	200
537	2730	514
543	5689	435
549	4961	678
554	5247	295
556	3497	548
560	3166	370
561	5159	241
562	4012	265
565	3411	340
565	3411	250
567	3879	238
568	4607	364
568	4607	416
573	6725	365
577	2850	363
578	2162	284
579	2099	395
582	3013	418
583	5851	377
585	2822	376
585	2822	362
591	2979	185
592	2576	370
593	1760	325
594	6725	339
598	4335	394
599	2450	250
603	5429	367
603	5429	535
604	2069	343
605	4712	245
607	1888	304
608	1904	363
614	2907	336
624	4683	185
624	4683	319
625	7134	405
626	4272	348
628	2624	386
637	5109	328
644	1406	264
645	2263	185
649	7290	168
649	7290	243
649	7290	216
650	2056	267
652	3041	185
653	2581	342
662	5430	456
663	4885	290
667	4005	591
669	3480	221
672	4580	338
675	3759	513
677	2695	266
677	2695	333
679	2849	720
684	2915	528
686	4213	373
686	4213	366
693	3098	391
694	3355	572
701	5549	330
701	5549	346
705	3267	548
706	4197	572
710	3460	428
710	3460	373
711	3044	276
715	4405	343
716	4209	522
726	2503	365
734	6361	359
736	7739	360
736	7739	272
737	7558	534
737	7558	534
740	2087	422
743	2137	368
745	5480	402
750	2573	353
759	4427	566
767	3245	614
768	5032	535
769	5137	577
770	2155	314
774	1684	227
779	2195	483
781	2238	378
782	2448	494
783	4161	309
785	2782	439
788	3361	267
788	3361	384
794	1910	546
795	3308	595
798	3992	338
801	2727	609
803	6960	654
805	5561	500
813	3880	507
815	5524	615
819	2712	537
820	6901	214
820	6901	311
821	2188	355
828	2662	321
832	3564	305
839	1228	222
843	1950	305
846	3761	243
846	3761	318
848	4455	534
851	5024	287
854	4506	435
855	2691	513
858	2623	518
860	2276	547
863	6067	752
867	1630	340
876	5077	445
876	5077	548
879	2620	272
879	2620	185
880	2101	274
884	1621	396
889	4279	244
891	3183	621
895	2195	291
899	4257	185
900	2195	424
907	5474	671
912	1826	325
913	2789	295
919	4643	619
925	2709	185
926	3659	571
927	3852	554
930	6059	354
931	1826	374
939	2048	185
943	2512	284
944	6292	660
945	8154	553
945	8154	564
946	4268	597
948	3037	446
950	4557	546
950	4557	533
952	1746	487
954	2052	326
955	2324	343
957	2634	387
959	4403	381
962	3542	538
965	3372	401
972	5486	630
976	2866	196
976	2866	181
980	3987	233
983	4196	380
984	1894	270
985	2902	377
993	4539	427
994	3571	341
999	4889	238
1000	4024	575
1006	5056	379
1016	3799	334
1032	6417	394
1033	1262	360
1034	3855	569
1035	3928	553
1037	4671	520
1039	2766	273
1041	3148	569
1042	3124	293
1043	2237	500
1047	6749	499
1048	3589	282
1048	3589	357
1051	4036	602
1057	5312	687
1069	4045	612
1072	5223	491
1074	1766	307
1078	2970	342
1082	3374	612
1083	5772	185
1083	5772	379
1084	5620	651
1087	4630	521
1090	4009	607
1095	6478	323
1095	6478	301
1097	5838	524
1098	3263	343
1101	3218	343
1101	3218	313
1102	3390	530
1106	1649	389
1109	2678	325
1113	4080	359
1118	2092	232
1119	5213	326
1121	1908	326
1124	3532	211
1131	5492	547
1132	3184	646
1136	3617	612
1137	5810	542
1140	3469	584
1142	3443	506
1144	2203	271
1147	3455	238
1148	3282	335
1149	3372	508
1151	2278	328
1154	2661	222
1158	4614	735
1161	6619	507
1162	7993	185
1163	4321	350
1163	4321	388
1165	3563	319
1171	4432	329
1172	2694	590
1173	2822	312
1175	2617	254
1176	3070	392
1177	2675	356
1185	1924	342
1189	3069	235
1191	5049	826
1194	2092	339
1196	5016	358
1196	5016	285
1199	3751	328
1199	3751	347
1201	2454	334
1202	4129	389
1204	5827	200
1204	5827	290
1210	2158	268
1214	2100	284
1215	3133	279
1218	2142	343
1219	1906	380
1228	3550	565
1232	2628	410
1235	3610	536
1237	6550	509
1250	1719	266
1254	3785	292
1257	3300	199
1257	3300	331
1258	4489	378
1261	2459	521
1262	3043	465
1264	3806	524
1270	2758	348
1270	2758	306
1275	1883	211
1276	6571	473
1286	1864	343
1287	3669	449
1304	4184	473
1308	2194	358
1309	3739	555
1311	1677	325
1314	1631	318
1315	6703	351
1318	2530	355
1323	4118	259
1329	3692	215
1329	3692	342
1334	5488	535
1335	3357	600
1342	3545	328
1342	3545	337
1347	5542	353
1350	2593	216
1353	5715	481
1362	3612	448
1367	7615	608
1370	2942	344
1371	1790	249
1372	1787	185
1378	6703	356
1378	6703	385
1378	6703	260
1379	1230	185
1389	2655	318
1395	2983	368
1396	7540	314
1396	7540	434
1398	6667	373
1398	6667	321
1399	7260	585
1400	2318	341
1403	1458	306
1406	5258	470
1411	5415	385
1411	5415	346
1412	4461	452
1413	3897	403
1415	1813	259
1416	5414	524
1418	2284	488
1419	1939	492
1426	5489	459
1429	1681	295
1430	7871	259
1435	4393	327
1436	3645	322
1439	2053	376
1443	6289	525
1443	6289	515
1445	5942	426
1447	4843	291
1452	4726	617
1454	2755	319
1455	1287	382
1456	4788	533
1460	5514	525
1462	3852	486
1464	1839	357
1465	2434	361
1466	2251	327
1473	7979	576
1475	5228	550
1479	5613	323
1480	4502	528
1482	1538	215
1484	2377	413
1486	2197	394
1489	1502	211
1497	3238	290
1508	2621	492
1509	2196	346
1512	3212	185
1519	4552	293
1521	6782	428
1525	3794	594
1528	6362	352
1531	7413	289
1533	2670	267
1538	4194	545
1539	2850	361
1541	5397	302
1542	2617	371
1544	1598	354
1546	2520	326
1548	2850	461
1549	2717	265
1552	4681	440
1558	1724	257
1559	3043	277
1560	4107	470
1561	3770	382
1563	5770	534
1565	3788	357
1566	2377	216
1569	3864	496
1574	1863	486
1576	2352	308
1577	2639	563
1580	2916	541
1582	3713	539
1583	2807	576
1584	6072	573
1588	4176	538
1598	7125	353
1599	7118	489
1601	2670	338
1602	4322	364
1602	4322	393
1603	4300	392
1603	4300	510
1606	3101	435
1607	3432	351
1610	3742	476
1611	6800	259
1613	2521	319
1614	6140	238
1619	2734	572
1628	6022	355
1629	4835	227
1632	2592	344
1641	2620	393
1642	2317	411
1643	4700	457
1647	5398	185
1649	8060	410
1649	8060	354
1652	2166	252
1653	8739	355
1654	2772	528
1655	4374	515
1659	3725	470
1661	1418	245
1668	6179	534
1668	6179	295
1670	4098	338
1671	4918	482
1674	3520	544
1675	3274	185
1677	3129	185
1682	5018	329
1684	3429	352
1692	3905	579
1693	2138	386
1694	3298	378
1697	2830	316
1702	5144	176
1702	5144	169
1703	2806	405
1704	7479	282
1713	4076	248
1720	4383	455
1720	4383	405
1722	7355	211
1722	7355	376
1723	5858	721
1724	2390	215
1725	3828	570
1729	2700	283
1732	5172	582
1732	5172	564
1741	7732	520
1743	3214	372
1744	4233	422
1746	2565	403
1748	2726	373
1749	2778	558
1753	7518	230
1753	7518	200
1756	4638	462
1759	2940	355
1764	3673	522
1765	5725	520
1768	3904	680
1770	2489	398
1771	3741	487
1774	2253	519
1775	3108	249
1777	2473	257
1782	3461	328
1783	5536	221
1788	1398	285
1792	2968	539
1794	3120	643
1796	3288	591
1802	2988	350
1804	4653	592
1807	2399	361
1813	2942	504
1814	6684	359
1816	4021	384
1817	2204	339
1819	5159	512
1822	6258	517
1826	5560	348
1828	3428	426
1841	4495	341
1843	6537	675
1846	3331	265
1847	7946	583
1853	4779	285
1855	2598	358
1857	5806	465
1858	4369	538
1863	5738	344
1863	5738	347
1869	3281	482
1872	3435	624
1880	5088	293
1880	5088	424
1882	2346	313
1889	8270	289
1889	8270	264
1891	3159	436
1892	5984	450
1899	4455	495
1900	3023	383
1905	8447	478
1914	2219	325
1918	3585	590
1922	2660	306
1923	2287	200
1926	4802	508
1928	1883	371
1929	2550	606
1931	2651	238
1933	2203	423
1939	2971	565
1940	7785	555
1940	7785	588
1944	5370	464
1944	5370	533
1945	8604	353
1949	7561	372
1949	7561	573
1949	7561	403
1950	5626	679
1951	1985	390
1953	1989	222
1955	2132	290
1956	5157	569
1956	5157	423
1961	5831	400
1963	4400	531
1966	3554	625
1967	3734	387
1968	6821	363
1968	6821	269
1970	2360	352
1971	8305	498
1972	3052	408
1975	1640	346
1980	2581	439
1987	2753	185
1992	1922	300
1994	2800	354
1996	2451	343
1997	3188	249
2000	2113	326
2001	7841	261
2001	7841	330
2009	3671	478
2010	3234	370
2011	4226	414
2012	2954	352
2013	2679	340
2014	2647	185
2018	4172	185
2020	2710	461
2021	2307	575
2024	5896	379
2024	5896	392
2027	3214	512
2041	1962	523
2047	1626	352
2049	3330	301
2055	1949	343
2058	1554	253
2063	5937	277
2064	3311	335
2065	6686	362
2066	8539	392
2068	1446	380
2069	2533	568
2072	7051	301
2073	2669	211
2078	3445	612
2081	2703	662
2084	1466	289
2085	4551	325
2085	4551	255
2085	4551	390
2088	1750	221
2089	4987	384
2089	4987	485
2091	1864	215
2093	1980	362
2101	4629	277
2112	2619	596
2114	3492	554
2115	3222	227
2118	2588	305
2120	3673	489
2122	8227	238
2122	8227	304
2122	8227	272
2124	3789	292
2124	3789	373
2126	2068	401
2133	1488	313
2136	2748	295
2137	3294	318
2137	3294	349
2151	4144	340
2151	4144	320
2152	2669	273
2159	1754	215
2161	2219	664
2163	3973	367
2163	3973	382
2167	1590	256
2168	4204	301
2171	2320	299
2185	4017	255
2186	3043	385
2190	1931	375
2192	2288	381
2197	3889	639
2199	2060	322
2200	3628	647
2205	4280	437
2214	2480	364
2215	2621	369
2218	4980	411
2224	4141	675
2225	3504	517
2227	3045	349
2229	2000	216
2229	2000	158
2230	3055	185
2232	2319	505
2233	2179	397
2234	1875	238
2237	3505	625
2239	2447	436
2242	3659	339
2245	5109	206
2250	1992	387
2251	2974	646
2254	5258	364
2254	5258	281
2262	4564	634
2263	4111	365
2266	3496	500
2276	2040	340
2277	2834	548
2278	1767	332
2279	2243	564
2282	6675	344
2284	3282	617
2286	3840	567
2288	2289	278
2290	6294	283
2290	6294	285
2295	4465	185
2295	4465	372
2297	1910	325
2298	4201	304
2300	2861	360
2301	3030	227
2304	3186	459
2308	4699	227
2312	2837	298
2316	2256	238
2318	2015	344
2319	2379	286
2320	4559	623
2321	4639	489
2329	5458	303
2330	2156	379
2332	5230	341
2332	5230	402
2335	3362	243
2337	6813	579
2337	6813	279
2339	2660	200
2340	2696	332
2344	6214	398
2345	2770	429
2348	2377	292
2350	5345	350
2351	3530	524
2352	1338	226
2354	4204	363
2354	4204	290
2358	1811	251
2362	5727	654
2363	2448	462
2364	2910	490
2366	8249	627
2367	5761	564
2375	2730	232
2378	3362	680
2379	2301	383
2380	4052	519
2383	2479	570
2403	3744	625
2416	2244	311
2416	2244	304
2420	3703	807
2422	2551	292
2427	2780	206
2428	2611	200
2429	3075	486
2435	3690	363
2435	3690	284
2436	2681	475
2440	2736	345
2445	5560	316
2450	4426	487
2455	3175	320
2458	1507	185
2459	2762	378
2460	3573	323
2461	3494	509
2462	2907	403
2464	5482	293
2464	5482	293
2465	4634	704
2467	1877	359
2469	5711	806
2471	1729	263
2476	5695	331
2478	1755	331
2480	2668	331
2480	2668	316
2484	2434	519
2488	2178	452
2489	2737	259
2489	2737	310
2490	2008	249
2493	1329	272
2494	2263	548
2497	3000	450
2500	1933	514
2501	2957	503
2502	4267	544
2503	3820	520
2507	752	200
2510	2072	250
2513	2031	523
2520	3551	382
2523	2134	200
2526	1883	304
2531	1828	200
2535	2688	347
2536	3731	495
2538	3581	258
2541	2654	343
2542	6480	206
2544	5088	282
2544	5088	324
2547	3666	436
2548	2329	239
2552	1975	302
2553	2951	384
2553	2951	376
2559	3415	222
2562	4607	416
2564	3395	516
2570	2651	567
2577	3024	453
2585	4865	329
2590	2663	512
2591	1917	311
2593	2628	485
2595	3450	409
2598	1463	329
2605	1831	185
2614	3337	494
2619	3417	406
2621	1237	250
2622	3052	421
2624	3421	470
2628	3982	250
2637	4674	489
2639	4592	507
2639	4592	339
2643	3331	424
2644	5090	351
2647	1105	237
2651	2951	400
2655	3153	287
2664	2174	483
2665	6393	451
2668	3649	780
2671	5030	426
2673	3872	349
2674	1756	360
2683	3958	405
2686	2418	619
2691	3981	316
2694	1785	333
2699	2250	368
2705	3101	267
2706	1591	266
2719	2369	391
2725	2828	279
2729	3288	621
2731	2625	315
2740	2818	185
2744	1585	378
2745	4905	673
2748	2425	436
2759	2823	311
2762	2331	238
2763	2614	473
2764	1544	401
2769	6869	354
2771	2170	332
2773	2855	248
2776	3424	524
2778	2639	467
2778	2639	359
2779	2866	330
2783	1571	353
2785	2283	185
2789	3994	477
2791	2291	443
2792	5113	525
2793	3702	472
2794	2476	328
2795	2012	277
2807	3677	446
2810	6003	605
2810	6003	712
2816	2115	253
2819	2611	463
2822	3389	720
2823	4712	548
2824	3631	456
2827	3847	452
2843	2816	417
2849	4564	704
2851	4078	355
2855	1853	420
2858	6492	357
2859	6303	498
2861	4266	389
2862	4537	200
2871	2751	443
2875	3912	248
2877	2897	200
2878	1684	175
2878	1684	161
2881	3200	446
2883	3143	466
2892	3656	397
2893	4823	543
2894	2300	250
2898	3119	385
2899	6589	450
2908	1823	227
2909	4544	733
2915	2114	529
2917	4006	574
2926	2321	185
2933	2161	397
2936	3720	445
2939	3610	528
2942	2913	440
2946	2727	239
2951	2464	574
2952	6326	390
2952	6326	481
2953	3526	623
2955	6440	410
2958	1722	288
2960	3900	534
2961	4804	747
2974	2474	502
2981	3777	422
2983	5796	536
2984	4960	450
2990	4054	258
2994	3205	503
2996	2954	185
3002	2668	489
3003	4435	524
3008	6242	295
3013	2325	485
3016	4707	462
3018	4648	461
3021	5079	549
3024	3849	422
3027	1955	394
3028	3865	278
3029	4137	716
3035	4227	497
3036	1118	339
3039	3402	568
3045	4394	468
3050	1280	378
3051	2019	536
3052	2640	494
3057	1880	554
3059	6468	317
3063	2209	431
3064	2276	353
3071	3483	384
3072	2768	474
3073	1632	467
3080	2537	463
3084	4108	461
3092	1993	445
3093	1899	301
3094	3772	575
3095	4703	309
3097	2682	463
3098	1369	250
3100	2623	293
3105	2578	605
3112	5367	443
3114	4471	497
3115	2579	465
3120	1981	300
3129	1367	243
3131	3419	292
3135	4052	325
3135	4052	245
3135	4052	302
3137	2182	478
3141	2353	411
3143	2266	185
3144	1891	395
3146	3884	477
3154	3696	620
3155	3405	368
3157	2475	185
3162	2201	216
3162	2201	238
3163	2680	233
3166	2950	250
3167	1985	309
3168	5760	568
3175	802	298
3179	1191	200
3181	1448	243
3182	3691	573
3189	1423	299
3194	3861	621
3199	4613	215
3199	4613	268
3201	4984	588
3202	3715	451
3204	3117	527
3209	3083	591
3210	2997	243
3212	2008	294
3213	3603	520
3220	2520	458
3223	3488	578
3233	2810	544
3238	5691	756
3241	3288	518
3243	2165	330
3246	3189	542
3247	3297	283
3251	2200	487
3256	3373	206
3259	1833	259
3272	4217	530
3276	2781	532
3279	1364	311
3281	2466	448
3283	2171	535
3287	3175	426
3292	3457	363
3297	6221	222
3301	2812	377
3302	1959	304
3307	1323	255
3309	3349	352
3311	3150	505
3319	2528	200
3320	3710	689
3322	2580	465
3323	1768	405
3325	3254	517
3326	5492	726
3328	3121	511
3334	2756	552
3335	1265	234
3338	2680	471
3339	1871	324
3340	2587	426
3341	4938	323
3343	2302	385
3349	3292	529
3354	3488	324
3354	3488	338
3361	3211	557
3364	4034	241
3364	4034	488
3365	3022	533
3369	2981	439
3373	2817	534
3376	1312	185
3377	5776	491
3380	2087	238
3382	1451	320
3389	3427	490
3391	2245	475
3400	2960	522
3406	2156	342
3407	2717	476
3416	2063	347
3419	3123	531
3423	5238	639
3428	2893	474
3429	1645	330
3431	2771	454
3438	3381	283
3439	3936	471
3441	2951	418
3442	2391	454
3445	1843	359
3446	1221	299
3447	6185	793
3454	5050	447
3462	2719	185
3462	2719	281
3463	5396	568
3465	1815	458
3469	2436	229
3469	2436	322
3473	2332	537
3476	2343	528
3486	3313	405
3488	2777	284
3488	2777	233
3495	2745	512
3500	3565	479
3501	699	267
3506	2060	200
3507	6602	427
3507	6602	528
3511	4078	313
3522	4022	606
3524	3461	265
3526	2586	234
3533	1787	295
3535	2924	554
3537	4015	604
3538	3087	452
3540	4004	585
3541	2062	311
3543	5524	260
3567	4282	301
3568	3436	202
3568	3436	243
3569	2942	291
3570	5480	511
3572	3333	512
3573	1769	291
3584	2955	370
3585	4436	497
3586	2689	493
3590	3264	662
3592	2135	227
3593	3022	506
3594	2762	298
3597	3205	528
3600	2079	306
3601	4107	216
3602	5423	396
3603	4779	424
3614	1166	331
3618	3469	513
3620	5010	250
3620	5010	408
3621	2602	432
3622	4377	401
3628	2842	300
3629	2733	532
3632	3833	448
3633	3942	494
3642	2544	436
3644	3418	524
3653	1831	249
3654	2507	211
3654	2507	185
3658	1774	335
3659	3065	200
3660	2545	428
3665	1850	449
3666	2946	293
3678	1965	469
3679	5088	386
3679	5088	182
3682	2508	302
3683	2689	359
3683	2689	200
3684	4900	273
3684	4900	368
3685	7005	211
3688	6871	238
3688	6871	474
3694	3735	470
3695	3436	420
3695	3436	175
3697	5444	504
3699	3079	336
3699	3079	342
3712	5281	346
3713	4012	398
3713	4012	320
3717	3320	348
3717	3320	304
3718	3157	305
3720	2159	521
3727	3662	371
3728	2786	185
3728	2786	211
3729	2104	376
3730	4342	318
3731	2110	447
3732	1773	232
3734	5690	281
3735	2727	496
3736	3192	616
3739	5205	393
3742	2898	479
3748	2274	500
3749	5204	526
3752	2012	337
3754	3385	513
3755	3150	587
3756	6332	478
3757	2485	340
3758	2097	365
3760	2607	185
3760	2607	185
3761	2423	541
3764	4036	480
3778	2118	319
3781	1800	324
3782	2119	259
3784	3785	200
3791	6844	413
3802	1881	185
3803	3422	321
3804	3322	238
3804	3322	349
3812	3569	498
3813	3457	291
3817	2160	368
3820	3539	602
3821	3328	359
3821	3328	316
3823	2413	318
3827	2698	528
3829	2114	335
3839	2242	462
3840	1547	358
3844	2240	310
3849	1649	352
3853	3690	753
3854	2792	259
3869	4698	578
3871	2915	211
3879	2906	640
3881	3317	649
3883	3966	673
3886	4224	227
3888	5829	758
3890	3776	563
3892	2766	607
3893	3676	692
3898	4644	514
3902	5349	519
3911	2181	361
3916	2984	421
3924	2498	407
3925	6009	951
3927	3188	261
3930	3565	470
3931	4482	266
3938	1681	354
3948	5978	556
3951	5943	409
3956	4695	325
3968	4336	370
3970	2893	666
3973	3592	219
3973	3592	255
3992	3420	510
3994	2436	453
3998	5307	610
4005	3382	616
4006	4777	425
4007	2615	397
4016	2372	532
4019	1945	279
4021	2098	550
4024	3028	642
4027	2453	493
4028	4250	611
4033	4440	328
4035	2571	584
4037	6513	620
4042	2689	465
4047	2750	592
4052	3552	541
4054	2826	334
4062	3136	531
4069	4125	887
4072	4042	704
4075	3693	513
4082	2712	518
4084	6652	312
4085	3485	563
4086	2943	387
4092	2717	257
4092	2717	184
4093	4094	502
4094	3696	519
4103	4911	262
4104	4431	482
4105	3228	406
4110	3206	448
4110	3206	440
4115	2383	604
4116	3643	591
4117	3044	226
4118	2233	447
4122	3883	257
4124	2579	590
4126	3443	555
4131	3889	552
4132	2783	414
4139	5697	881
4143	6429	360
4143	6429	349
4153	3809	547
4156	3577	551
4163	3401	468
4170	2301	546
4172	6503	375
4177	4696	481
4177	4696	217
4177	4696	172
4179	5820	931
4187	5887	558
4187	5887	609
4189	1289	331
4192	2110	545
4194	6507	493
4197	3490	513
4198	4935	551
4198	4935	616
4211	1313	289
4212	5939	185
4213	1989	227
4215	2612	511
4220	2685	473
4222	3235	622
4225	2975	590
4227	2159	342
4229	4118	548
4230	3112	499
4235	2711	330
4236	5264	528
4239	2722	630
4241	3469	414
4244	3343	230
4244	3343	316
4247	2713	535
4249	4402	640
4251	2261	227
4253	2228	454
4257	2562	416
4262	4154	634
4265	4365	491
4271	2858	369
4274	4077	590
4279	2331	576
4280	4058	598
4282	2378	247
4288	2323	270
4293	6617	293
4293	6617	606
4304	2701	372
4305	4819	335
4310	2333	500
4313	5352	576
4313	5352	482
4315	2583	451
4319	3070	335
4321	6329	366
4322	3444	538
4327	2741	440
4332	3978	605
4338	2595	250
4340	2598	556
4342	3431	239
4342	3431	334
4347	2706	378
4349	3682	470
4354	4593	267
4355	2473	705
4364	2203	535
4369	3192	605
4370	3694	200
4371	3001	577
4374	2714	530
4377	5889	211
4377	5889	181
4384	4035	225
4384	4035	169
4385	6288	618
4391	4479	887
4397	1664	348
4400	3012	401
4412	2233	531
4415	2926	385
4418	2192	295
4420	2102	185
4425	1746	355
4426	3238	467
4431	6455	574
4439	2044	507
4443	3117	211
4443	3117	222
4445	2563	553
4451	4117	417
4452	2314	416
4460	2159	230
4461	5789	574
4462	2763	446
4464	3200	253
4466	5506	337
4474	3990	769
4476	2749	339
4480	2022	351
4482	4731	289
4482	4731	378
4483	2964	467
4487	4339	568
4493	2895	669
4496	5143	214
4497	1669	296
4500	6688	311
4502	6017	604
4508	3122	380
4510	1960	416
4516	2964	345
4518	676	200
4519	4190	482
4523	3171	215
4523	3171	253
4524	5202	664
4528	2789	346
4529	1864	410
4530	5065	419
4544	2903	452
4550	5049	583
4552	3269	591
4560	1166	211
4566	2011	221
4569	3168	598
4570	3153	663
4577	2381	444
4590	2047	402
4594	3611	206
4595	2472	246
4596	2079	497
4598	3265	655
4600	1067	185
4601	2672	376
4602	2092	369
4604	3155	553
4613	4107	349
4613	4107	405
4614	1890	299
4615	1644	423
4616	2925	329
4617	2784	391
4620	1874	430
4631	2170	520
4635	1148	215
4638	2348	271
4639	2150	323
4640	1923	357
4641	1791	261
4646	3012	404
4648	2583	706
4649	3614	650
4655	1855	374
4657	4489	289
4660	2603	412
4669	2141	405
4671	2890	266
4676	2805	404
4677	1904	394
4680	3328	279
4680	3328	385
4683	2716	390
4687	2544	464
4688	2855	385
4692	3085	385
4693	2551	471
4702	4773	352
4702	4773	426
4704	2205	390
4709	2787	356
4714	1846	629
4720	2326	323
4722	2148	442
4724	1559	412
4728	2405	346
4734	1699	357
4736	2759	374
4737	1771	179
4737	1771	187
4746	2275	487
4747	2028	170
4752	1333	268
4753	2167	381
4755	1519	313
4756	915	185
4757	1804	307
4761	3147	405
4763	2241	206
4764	1668	384
4765	1445	303
4770	2100	367
4774	1397	309
4777	1114	355
4780	2103	329
4782	1660	215
4785	3358	227
4792	983	185
4796	1964	326
4796	1964	343
4801	2412	372
4809	2167	370
4810	1846	368
4813	4600	324
4818	2256	641
4819	3129	369
4820	2527	337
4827	1299	200
4829	3119	290
4829	3119	232
4830	2721	372
4832	2496	200
4837	4887	315
4838	2251	615
4840	2626	338
4842	1840	360
4844	3429	306
4845	2612	185
4847	2558	374
4855	2678	255
4856	1553	317
4859	2387	411
4867	1150	307
4871	1367	361
4872	2304	273
4873	2921	239
4874	1842	312
4877	2520	373
4886	1601	366
4891	1842	351
4894	1266	215
4896	2829	245
4899	2258	252
4904	3086	409
4904	3086	361
4912	1774	542
4915	3101	268
4917	3999	256
4923	3127	296
4926	3066	175
4926	3066	180
4931	2487	548
4933	3610	339
4933	3610	221
4934	2818	260
4934	2818	394
4936	4201	291
4940	5825	292
4946	3319	394
4950	2728	325
4955	1419	374
4969	2701	378
4970	3110	277
4970	3110	238
4973	3027	389
4974	2555	266
4984	2028	227
4992	3168	525
4996	969	332
5000	1507	343
5003	1430	255
5006	1668	398
5008	2793	377
5008	2793	386
5011	2392	366
5012	1788	343
5013	1377	185
5014	2214	487
5015	2782	386
5015	2782	288
5020	2541	318
5021	2670	317
5024	2736	337
5024	2736	301
5025	1309	351
5028	2884	394
5031	2674	399
5033	2152	383
5034	3001	520
5037	1721	227
5038	2466	206
5039	3398	299
5042	3025	393
5044	2102	316
5052	2698	237
5055	1958	446
5056	2218	238
5059	2075	329
5062	809	359
5063	2822	527
5068	1967	324
5078	2339	312
5079	1591	324
5081	2599	348
5087	1890	351
5093	1882	509
5096	2833	566
5101	3128	453
5103	4163	287
5103	4163	352
5104	4414	375
5105	3033	520
5108	2098	338
5109	1792	311
5113	3300	511
5116	2197	336
5118	2168	206
5120	2341	216
5120	2341	165
5121	2041	320
5122	3364	620
5128	1979	681
5132	2435	438
5135	4434	589
5135	4434	376
5137	2639	302
5140	4823	476
5140	4823	633
5141	2170	185
5149	4177	306
5157	5097	618
5157	5097	486
5159	2303	370
5162	4993	397
5164	1392	348
5167	1733	649
5175	3310	185
5182	3459	545
5190	3247	529
5191	2069	373
5194	3013	463
5195	2737	222
5202	5056	244
5203	3057	651
5206	3120	230
5207	6271	254
5210	3299	653
5211	3367	385
5214	2840	354
5215	2277	364
5217	6620	275
5217	6620	481
5221	3353	515
5225	2923	550
5226	1888	200
5235	5872	413
5236	4008	185
5236	4008	325
5237	3494	259
5241	2314	525
5244	2931	638
5245	2762	335
5247	2860	384
5254	1982	242
5261	2457	527
5265	4988	397
5265	4988	344
5265	4988	316
5266	5018	325
5269	4967	392
5270	2739	544
5271	7934	446
5272	8606	243
5272	8606	291
5272	8606	553
5273	2370	311
5274	3667	479
5275	8996	323
5275	8996	280
5275	8996	430
5276	1839	325
5280	2487	346
5281	1725	308
5282	4385	304
5283	2619	365
5285	6025	573
5285	6025	516
5290	4053	345
5290	4053	271
5292	2564	320
5293	3856	696
5294	1651	394
5297	7088	373
5297	7088	529
5298	6965	648
5298	6965	547
5300	3191	506
5302	4537	576
5303	5490	446
5303	5490	537
5304	3057	330
5305	8068	496
5305	8068	318
5305	8068	313
5307	3508	293
5313	4646	625
5317	5782	222
5318	4226	355
5319	2637	336
5320	10377	453
5320	10377	227
5327	4978	622
5329	7019	570
5331	5881	579
5333	3170	572
5337	2539	300
5340	5196	352
5340	5196	256
5350	5179	310
5350	5179	309
5355	2332	338
5356	2942	185
5358	3780	546
5362	2553	220
5362	2553	209
5364	3063	518
5367	3187	477
5368	6279	427
5372	4993	502
5372	4993	322
5373	3326	295
5384	4334	696
5388	8336	185
5389	2545	331
5389	2545	267
5392	1649	257
5394	2905	392
5396	2724	185
5399	4289	167
5399	4289	244
5400	2814	466
5401	5547	672
5401	5547	310
5404	3357	281
5408	4804	657
5410	4686	412
5412	6711	636
5413	5775	501
5413	5775	425
5414	2258	517
5415	6173	321
5415	6173	407
5417	4237	494
5423	3289	325
5427	3180	605
5432	3386	622
5437	3669	266
5438	3378	486
5441	5513	618
5445	4192	521
5446	2559	446
5454	6184	409
5456	2571	382
5461	3351	569
5462	3005	185
5463	3562	284
5476	5010	478
5477	4042	261
5479	9587	573
5479	9587	252
5479	9587	254
5482	4655	417
5482	4655	324
5484	6422	528
5485	4883	320
5494	3965	379
5495	7182	350
5501	3209	200
5503	3342	527
5508	4095	458
5509	3894	584
5511	5488	396
5518	5221	602
5518	5221	567
5519	3726	268
5525	5682	544
5539	1608	227
5540	8434	613
5542	3209	200
5546	9503	467
5546	9503	564
5550	2595	357
5554	6691	510
5557	6068	644
5564	4270	556
5568	3933	455
5569	5071	601
5572	3381	406
5573	4618	603
5575	4055	379
5577	2792	511
5579	3645	577
5585	6800	200
5585	6800	715
5586	3633	521
5587	9304	399
5587	9304	393
5589	2901	340
5591	2346	631
5592	2649	397
5595	5649	333
5597	2636	423
5599	4486	397
5601	3968	637
5602	5909	440
5603	3324	633
5606	1911	454
5607	2380	413
5608	2167	382
5613	3465	364
5614	3886	556
5616	4479	513
5618	7298	268
5619	4868	383
5622	3791	524
5624	7287	227
5625	4233	631
5626	4083	605
5638	2243	483
5641	2733	415
5644	3695	359
5645	2606	524
5648	3680	434
5650	1829	443
5651	3018	268
5652	2972	555
5658	3339	322
5665	3392	600
5666	3900	578
5667	3532	495
5675	3949	359
5675	3949	308
5676	4658	570
5678	4084	302
5682	4491	627
5690	4908	385
5692	6378	599
5694	3998	427
5704	9243	250
5705	4134	353
5706	7024	565
5709	3801	369
5714	3701	639
5720	5231	332
5726	3732	307
5727	2974	614
5728	3611	553
5731	3465	340
5735	5148	509
5743	4710	183
5743	4710	238
5748	3597	547
5749	2331	347
5750	5602	392
5750	5602	266
5752	5327	498
5755	6033	486
5756	3881	517
5759	3187	538
5763	2835	438
5766	2274	233
5770	4341	399
5772	7795	333
5772	7795	309
5774	2065	227
5778	3158	588
5788	4188	452
5789	3107	372
5795	3790	607
5797	3373	359
5798	3745	494
5799	3257	373
5801	2960	578
5802	10875	238
5802	10875	318
5804	5121	347
5807	1808	343
5808	2632	309
5812	4034	372
5814	6439	159
5814	6439	316
5816	10936	386
5816	10936	330
5829	3368	537
5832	3791	425
5833	3454	460
5834	2825	570
5838	4427	261
5839	3757	281
5843	4667	460
5845	8977	646
5845	8977	248
5845	8977	198
5848	2330	441
5855	5823	195
5855	5823	151
5857	4782	297
5857	4782	612
5859	4838	357
5861	5556	484
5874	2882	653
5878	2526	342
5879	1836	205
5881	3242	667
5882	2578	402
5884	4319	287
5890	6755	438
5892	5576	791
5893	3561	509
5898	2849	337
5899	2696	660
5900	3259	316
5901	3738	617
5904	2390	274
5904	2390	185
5905	3550	536
5906	4022	404
5910	4487	299
5912	5189	751
5916	2565	310
5918	3896	456
5920	2553	357
5921	2710	307
5924	3888	235
5924	3888	173
5926	4965	584
5927	5259	363
5928	8342	664
5932	5003	469
5935	6345	515
5941	5559	659
5943	4979	398
5946	3242	504
5947	2756	494
5949	6030	515
5951	4176	257
5954	4474	605
5955	4671	594
5962	4785	373
5963	4615	565
5965	3836	211
5969	7662	523
5969	7662	564
5971	4504	337
5971	4504	266
5972	3071	266
5973	4901	596
5980	6610	605
5993	5288	477
5993	5288	329
5995	2356	522
5998	3457	317
6001	4079	475
6005	6862	310
6007	4347	685
6011	4526	672
6013	3350	529
6015	8057	223
6019	5769	290
6022	4392	569
6024	4162	581
6025	3863	497
6028	3949	547
6029	3443	388
6034	8080	493
6035	5018	735
6040	3801	536
6042	7213	648
6043	4342	395
6044	10412	369
6044	10412	211
6044	10412	155
6044	10412	327
6046	3728	517
6054	6715	430
6056	2686	211
6059	5683	527
6060	5387	604
6062	3584	206
6067	3620	451
6070	3538	254
6075	2547	393
6090	3139	429
6091	3643	545
6093	5448	443
6094	3481	380
6095	4493	445
6096	2072	382
6102	3624	267
6103	4757	438
6104	2690	325
6105	4455	588
6106	3594	434
6113	4342	196
6113	4342	191
6114	4772	331
6114	4772	306
6118	5966	628
6118	5966	206
6119	7886	270
6120	2607	304
6122	4671	413
6123	3094	353
6126	6021	185
6127	1823	320
6130	3799	388
6134	3991	632
6141	2350	480
6143	6464	361
6143	6464	505
6159	3170	534
6161	7923	286
6161	7923	185
6161	7923	227
6162	8941	484
6162	8941	328
6162	8941	262
6167	1494	300
6170	4112	321
6172	3858	499
6176	2936	298
6176	2936	347
6179	2538	365
6180	1966	293
6182	2933	392
6184	2134	341
6189	2726	639
6192	3841	304
6194	2782	185
6200	6085	630
6203	1365	366
6210	2165	459
6214	4750	185
6214	4750	404
6220	3499	254
6221	1493	215
6223	2325	363
6227	3740	304
6227	3740	262
6229	4155	200
6230	4611	333
6230	4611	409
6234	6700	200
6238	3131	496
6242	3297	330
6243	2773	337
6246	2992	447
6248	3201	345
6254	2538	334
6264	2971	319
6265	4072	206
6265	4072	332
6267	2096	391
6269	3496	369
6269	3496	282
6270	3353	416
6273	1903	308
6277	3313	269
6280	2372	328
6283	3950	386
6283	3950	374
6285	3620	410
6285	3620	318
6286	3196	475
6289	1968	317
6291	1245	354
6292	2636	322
6292	2636	321
6297	2667	337
6298	3343	507
6299	2592	272
6299	2592	279
6306	2877	537
6308	2091	346
6309	3732	221
6311	3295	515
6312	2120	447
6315	3109	567
6316	3959	200
6320	3320	311
6321	2476	416
6324	1770	337
6332	2591	497
6334	5696	340
6334	5696	417
6335	4209	299
6335	4209	233
6337	3201	481
6341	2070	339
6342	6229	475
6343	1414	373
6344	4179	549
6345	4324	310
6350	5592	280
6351	4334	267
6357	2590	392
6361	4673	567
6372	7246	392
6373	5763	411
6377	3225	322
6379	4345	248
6381	2488	211
6384	3191	226
6385	2711	464
6389	3320	185
6391	3965	426
6392	6256	377
6393	6699	200
6393	6699	200
6395	3595	577
6397	3252	535
6398	3700	452
6399	3437	311
6400	5454	567
6401	4057	332
6405	2396	296
6408	2610	330
6410	6194	804
6410	6194	525
6411	5944	455
6415	4881	610
6417	4977	607
6425	4319	357
6425	4319	328
6426	3550	264
6430	5058	555
6434	3745	659
6436	5287	416
6437	5889	496
6437	5889	302
6439	2058	267
6440	5454	289
6443	8271	526
6443	8271	200
6446	7095	293
6446	7095	369
6448	2961	461
6449	4242	532
6450	6358	320
6455	3635	294
6456	4305	506
6457	2196	374
6465	10405	241
6465	10405	338
6473	5379	305
6473	5379	567
6474	8020	171
6474	8020	194
6475	7145	347
6482	3259	258
6483	1330	372
6485	3505	754
6486	2353	550
6487	3138	303
6492	2294	418
6493	3532	483
6496	3248	385
6501	1622	327
6502	2320	232
6506	3215	332
6508	2156	505
6511	4521	370
6516	1569	238
6516	1569	286
6517	2594	271
6525	2695	649
6528	2489	449
6529	2781	311
6540	3105	266
6550	2307	447
6552	1811	415
6556	2272	296
6559	3104	492
6569	3157	476
6580	1500	367
6583	5433	458
6585	2162	366
6587	2144	206
6588	5279	585
6591	2649	421
6592	2305	398
6613	3690	425
6615	3106	222
6618	2401	454
6624	2934	516
6625	4017	287
6625	4017	375
6632	4104	485
6634	2911	447
6635	2250	427
6642	2327	414
6647	2962	560
6661	4290	314
6661	4290	325
6666	5481	333
6670	3319	564
6671	3555	370
6673	1975	424
6682	3742	423
6684	3630	301
6687	2923	227
6691	3134	531
6694	2957	333
6707	2653	471
6709	3534	495
6711	3396	510
6713	1422	286
6715	1689	284
6717	3253	500
6718	3060	364
6719	3236	211
6720	5405	510
6722	3034	334
6724	2979	232
6725	4414	273
6727	2232	374
6728	2649	409
6730	1959	255
6733	1731	289
6739	3802	419
6740	2236	414
6744	4354	453
6749	2870	477
6750	1276	326
6754	3197	260
6758	2539	436
6760	3743	343
6760	3743	279
6762	2856	286
6766	2835	645
6772	2595	365
6773	5491	210
6775	1884	396
6776	1654	293
6777	3298	211
6783	1851	273
6785	1647	333
6788	3618	329
6789	2237	274
6795	2684	268
6797	4076	360
6801	1968	279
6805	2074	311
6806	5420	318
6809	2266	243
6814	2099	309
6821	2078	266
6825	1840	274
6826	2538	365
6832	2162	432
6833	1653	438
6834	3677	278
6835	2484	378
6836	2240	366
6837	4038	381
6842	2173	211
6848	4197	185
6848	4197	382
6850	4643	386
6853	2176	238
6854	3447	392
6855	1928	255
6856	3771	545
6860	2188	271
6861	2829	452
6865	4812	454
6878	3370	324
6878	3370	203
6882	4381	450
6883	1960	312
6885	4838	343
6896	2339	423
6902	3065	347
6906	2381	327
6908	4067	383
6915	2791	491
6917	3546	374
6920	4173	200
6925	2648	336
6927	2214	478
6930	1975	570
6931	3752	388
6933	4349	372
6936	3377	284
6936	3377	345
6949	3931	245
6949	3931	225
6950	1216	232
6952	2286	431
6954	2632	555
6958	5026	447
6967	3576	342
6971	3375	658
6972	3481	451
6975	3432	267
6976	4322	255
6976	4322	268
6992	2980	406
6993	3496	487
6995	1403	185
7003	1880	369
7004	3735	522
7014	5272	309
7020	2854	242
7021	3578	393
7022	2705	395
7023	2725	372
7024	2007	434
7031	2436	477
7034	1867	206
7042	3042	398
7043	2176	502
7051	4572	444
7052	3027	280
7053	3018	432
7059	3019	383
7060	1293	259
7069	2846	233
7071	3001	454
7074	3251	243
7076	5251	429
7086	4585	267
7086	4585	298
7098	2851	205
7100	2885	530
7102	1594	298
7112	2114	511
7117	1258	311
7118	2357	500
7128	2310	211
7131	3043	381
7134	1924	416
7136	2673	572
7137	2899	618
7139	2489	390
7141	5209	565
7141	5209	477
7144	2989	391
7144	2989	386
7145	2326	515
7148	5439	578
7149	6920	437
7149	6920	466
7152	3259	653
7153	2777	448
7155	2658	402
7158	1732	243
7161	3024	287
7174	2969	568
7180	2264	372
7180	2264	369
7183	4193	338
7183	4193	354
7184	3240	552
7185	5836	429
7186	3426	625
7187	6177	382
7187	6177	593
7190	3008	606
7194	2308	489
7195	2863	619
7196	3941	462
7197	3665	595
7198	3003	395
7199	2464	482
7210	4541	616
7215	4611	763
7227	2355	665
7240	3591	470
7244	6610	953
7246	3341	469
7248	2734	204
7248	2734	179
7250	3569	253
7257	1607	244
7266	2525	620
7268	3137	392
7272	2204	568
7273	6326	686
7279	3535	185
7280	5196	200
7283	3428	662
7289	2287	681
7290	3740	403
7292	2572	433
7296	3115	731
7304	1672	185
7306	3062	536
7309	3940	688
7324	2827	679
7329	2186	261
7333	4672	792
7335	5229	616
7337	3747	382
7349	7182	577
7353	3025	517
7355	1375	272
7358	6362	377
7358	6362	574
7367	3771	518
7369	5999	939
7369	5999	134
7372	2678	152
7372	2678	141
7374	3304	647
7376	3581	406
7377	2779	425
7386	2588	609
7390	5145	631
7391	4622	786
7400	2346	626
7402	3052	719
7410	3193	455
7416	2569	328
7422	2681	483
7423	2313	547
7451	4512	464
7464	3322	606
7481	3923	673
7483	5296	593
7483	5296	227
7499	4139	668
7500	2843	599
7502	4321	566
7507	6977	312
7508	3408	444
7509	3362	520
7511	2850	617
7512	3407	455
7514	3926	656
7524	4136	625
7528	2828	629
7530	4220	464
7539	7021	584
7541	1321	402
7543	4495	534
7548	4885	540
7553	3762	605
7557	5804	471
7559	2989	434
7561	4262	515
7564	2452	374
7565	3280	309
7567	3275	527
7570	2954	345
7571	2356	358
7573	2759	583
7576	1990	493
7581	3386	565
7582	3094	554
7586	7371	607
7587	2734	659
7588	4196	499
7589	4050	649
7591	4306	548
7593	4993	567
7598	2985	211
7599	6350	595
7600	5414	443
7600	5414	575
7606	3344	361
7612	5046	470
7612	5046	435
7613	3321	420
7617	3518	703
7624	3075	508
7625	2731	533
7627	5424	606
7628	5378	511
7628	5378	551
7632	2390	286
7634	3587	688
7636	3554	238
7638	2373	597
7640	6191	465
7641	5774	381
7641	5774	549
7643	3566	513
7644	2520	488
7654	2645	521
7655	2616	245
7658	6752	330
7669	4370	650
7675	5943	645
7682	3299	285
7688	6102	911
7688	6102	513
7689	3986	211
7698	2625	552
7703	3711	200
7707	2625	645
7708	2964	211
7711	6445	385
7712	4160	555
7713	3803	571
7715	3872	661
7716	4840	547
7719	3776	656
7720	3669	667
7726	7104	322
7726	7104	244
7726	7104	482
7729	4632	506
7734	2897	348
7734	2897	268
7738	2340	281
7739	2258	407
7741	2101	451
7743	4709	666
7745	2373	539
7747	2587	428
7751	4716	544
7758	5482	412
7761	3646	341
7762	4674	245
7764	4680	440
7778	5103	413
7778	5103	459
7781	4054	400
7782	2418	200
7784	3269	389
7786	3220	356
7786	3220	200
7790	2744	614
7791	2786	586
7792	1894	255
7793	2949	403
7795	2624	303
7796	3810	608
7804	3769	678
7808	3897	662
7811	2965	569
7812	1791	233
7815	3253	423
7816	2119	351
7821	2624	384
7830	1924	200
7831	3222	268
7832	3022	666
7834	2260	529
7836	7370	251
7836	7370	338
7838	3532	151
7838	3532	310
7839	3016	387
7842	1169	262
7844	2719	480
7850	6748	450
7852	4430	884
7856	2982	317
7862	4871	418
7862	4871	433
7863	1659	230
7864	2624	529
7868	2750	324
7871	2897	272
7872	2544	408
7882	3755	243
7882	3755	190
7887	4362	366
7904	3922	378
7907	3783	676
7910	3019	180
7910	3019	227
7915	4225	454
7923	3489	539
7927	5031	466
7928	5721	394
7928	5721	457
7931	3089	330
7938	5619	538
7940	3449	661
7942	5755	339
7943	2927	545
7946	3177	206
7947	3971	323
7948	2092	502
7957	4116	377
7957	4116	419
7959	5042	227
7959	5042	273
7964	3067	387
7965	5332	575
7972	4431	209
7972	4431	428
7973	1632	387
7979	4128	652
7981	2506	598
7982	3872	278
7988	4721	617
7989	1757	328
7992	610	185
7999	3691	459
8000	3822	607
8001	1489	292
8003	3635	468
8004	6076	369
8009	2479	363
8013	3670	466
8015	2353	370
8025	2304	520
8028	3562	493
8030	2918	466
8031	4311	591
8032	4673	856
8034	2811	620
8035	1976	673
8036	3829	299
8043	6004	451
8046	3368	656
8047	2974	673
8053	3746	761
8060	2510	605
8063	2220	333
8073	3808	538
8075	3017	369
8080	3125	185
8087	4839	865
8090	4753	515
8102	3145	185
8103	3602	500
8108	1687	185
8113	3879	404
8115	4919	360
8119	3722	259
8122	2955	563
8123	2727	241
8129	2213	551
8131	2149	519
8136	3197	206
8137	2481	313
8139	3282	637
8143	5601	480
8150	5075	323
8151	2142	427
8153	3720	441
8154	3585	512
8155	2484	242
8163	3139	375
8166	2963	467
8167	3582	487
8168	2327	315
8173	1076	392
8178	2149	456
8182	3903	434
8183	5823	738
8186	3086	248
8186	3086	402
8192	4377	437
8193	4073	602
8193	4073	451
8198	3929	299
8201	2784	475
8214	6437	681
8215	4061	611
8219	3036	592
8223	5426	575
8232	1391	304
8233	3052	446
8235	6305	491
8236	2440	470
8239	2095	200
8247	2524	549
8251	2939	507
8252	3751	476
8257	3390	607
8263	3767	306
8264	2178	587
8265	4042	894
8268	3643	662
8272	3090	629
8278	3207	567
8280	2863	644
8281	3506	716
8299	1860	211
8306	3665	564
8308	6070	644
8309	3078	355
8311	3407	449
8312	4105	539
8323	6030	568
8325	1958	515
8336	3376	286
8337	3166	654
8339	3532	433
8339	3532	409
8340	3259	437
8361	4199	607
8362	2865	225
8374	4362	572
8380	4847	655
8381	4017	377
8383	5115	684
8384	6751	531
8387	3663	230
8392	3549	652
8394	3805	701
8398	3071	575
8406	7056	353
8417	3795	281
8419	2963	185
8421	2715	438
8423	4016	200
8423	4016	352
8424	2923	501
8427	4776	565
8427	4776	205
8434	3147	324
8434	3147	315
8442	4109	453
8442	4109	399
8445	2870	337
8445	2870	327
8446	2388	473
8449	1943	495
8450	1679	330
8453	2649	306
8454	1634	211
8463	2294	464
8467	2661	256
8467	2661	267
8470	2086	396
8471	3065	368
8474	3693	445
8475	1605	268
8478	2985	418
8479	1848	361
8490	2294	361
8491	2418	465
8493	3134	516
8497	2582	389
8498	3418	528
8499	3549	687
8502	2692	422
8505	2516	434
8506	2840	381
8508	3722	424
8509	4888	283
8511	3104	324
8514	3575	476
8515	3123	262
8515	3123	222
8516	2306	284
8521	3752	379
8523	3826	268
8528	2947	441
8535	2059	511
8536	3435	523
8537	2619	361
8538	2768	408
8540	2525	298
8544	2159	355
8549	2911	335
8550	2770	427
8551	2198	497
8555	2893	256
8557	2821	425
8562	2721	317
8564	2551	314
8565	2644	313
8566	2051	558
8568	2560	436
8572	5255	450
8573	3822	504
8578	2256	299
8578	2256	237
8579	2913	436
8580	2798	370
8587	1991	488
8589	3135	328
8594	4810	490
8600	4035	185
8601	2559	185
8604	2932	517
8607	2196	278
8611	2724	378
8612	2013	492
8613	1840	244
8619	3146	384
8623	2277	329
8624	2765	488
8626	2961	261
8627	3635	243
8627	3635	236
8628	2630	475
8629	3010	491
8629	3010	366
8630	1883	304
8632	3487	298
8632	3487	232
8633	1501	211
8635	2609	519
8636	2127	250
8638	2334	297
8638	2334	248
8639	1681	287
8644	3385	313
8648	2179	341
8651	2879	400
8653	5126	539
8653	5126	431
8655	5951	589
8657	2558	329
8658	3141	341
8661	3141	332
8664	2670	200
8665	2807	365
8666	3146	542
8668	5340	388
8669	3164	315
8677	2424	303
8678	2330	273
8679	2731	274
8683	3858	498
8683	3858	414
8684	2951	317
8689	3948	323
8695	2338	528
8696	2361	563
8700	1721	331
8704	4691	474
8714	3671	435
8715	1628	255
8723	3110	302
8726	3001	303
8736	3898	456
8737	1956	453
8741	4123	260
8743	1660	364
8745	1210	313
8747	2915	319
8748	2882	353
8749	3129	314
8756	2561	512
8757	4478	473
8760	2888	354
8761	6342	288
8765	1458	299
8769	1761	308
8770	5855	452
8780	4040	490
8781	7464	342
8782	2289	261
8784	2502	490
8789	1950	348
8792	2221	317
8793	2198	442
8796	2624	388
8797	2733	452
8801	4569	346
8802	2657	477
8805	3580	458
8808	4083	423
8809	3082	349
8810	5236	185
8811	1415	244
8813	3101	458
8815	3058	498
8816	1788	185
8817	5244	722
8819	3528	476
8830	1300	326
8833	2519	524
8839	1518	227
8840	1684	341
8841	4468	421
8850	3188	390
8852	3558	377
8854	3013	310
8854	3013	344
8857	4292	296
8861	2901	517
8868	3734	469
8869	2726	334
8877	3823	323
8880	1531	250
8884	3231	320
8884	3231	200
8887	2653	510
8888	3665	402
8901	1531	206
8904	3060	310
8904	3060	330
8911	2900	473
8914	1871	475
8919	2676	302
8920	3106	325
8921	2616	311
8924	1739	323
8925	1323	221
8930	2351	491
8945	2346	425
8946	1664	422
8950	6014	541
8955	1893	310
8958	4646	222
8974	3354	485
8978	1160	271
8979	4888	317
8980	3443	344
8982	3082	319
8985	4855	413
8989	2375	291
8992	2862	584
8993	2843	266
8998	2219	249
9002	4508	454
9009	3186	522
9011	2703	251
9016	3248	185
9017	2405	297
9023	3277	450
9030	2745	555
9031	7670	747
9032	2937	166
9032	2937	185
9034	3541	578
9043	1774	274
9044	1819	250
9050	3252	323
9050	3252	255
9057	5300	372
9061	2069	243
9061	2069	215
9062	1679	457
9066	2303	242
9066	2303	266
9070	868	340
9074	3055	296
9076	2679	354
9080	5003	329
9084	5908	662
9094	2684	415
9095	5392	260
9095	5392	232
9095	5392	253
9097	2553	434
9099	3064	241
9101	3207	532
9103	1410	260
9105	3314	494
9106	2335	272
9109	2495	349
9110	2825	339
9116	2559	387
9117	1878	239
9122	2309	266
9124	3572	321
9126	3285	247
9127	2481	200
9128	6364	269
9129	3156	427
9132	3892	461
9133	7584	450
9134	1604	373
9136	5601	533
9139	5136	423
9143	6145	428
9145	4144	287
9146	5203	423
9148	3737	640
9153	1980	447
9157	1690	296
9158	1144	227
9162	1748	547
9165	4985	319
9171	4112	758
9176	3687	248
9177	4024	444
9178	5829	493
9178	5829	600
9194	3683	700
9199	6829	453
9201	3160	576
9202	4631	314
9203	4172	304
9203	4172	544
9208	5047	412
9228	2633	291
9229	2090	476
9231	3735	583
9235	3694	369
9238	3551	315
9240	2641	563
9242	3547	259
9246	4728	409
9248	3534	355
9251	8148	415
9251	8148	503
9259	3406	552
9262	3295	542
9264	8208	571
9268	3695	504
9270	5075	682
9272	3363	284
9275	7748	354
9275	7748	455
9282	5912	741
9283	2502	498
9285	4525	564
9290	1947	337
9291	4042	533
9292	3241	471
9293	3055	507
9295	5102	487
9298	3228	314
9300	2997	277
9301	4516	304
9308	6557	458
9310	2432	449
9312	3174	492
9314	6770	556
9314	6770	562
9318	2563	579
9330	4028	426
9332	2737	524
9337	3893	547
9351	3852	495
9352	6818	500
9355	4970	450
9373	3452	303
9376	3870	542
9378	7105	589
9378	7105	551
9379	7973	354
9384	2875	474
9388	1749	461
9395	3630	429
9400	5230	614
9404	3419	476
9409	3148	551
9412	4189	573
9427	4914	288
9427	4914	351
9429	2902	456
9430	4859	251
9434	7182	187
9434	7182	315
9438	7569	600
9447	5718	480
9447	5718	513
9452	7473	520
9453	3462	569
9462	3391	585
9467	2720	351
9469	5114	390
9470	5836	342
9472	7163	227
9478	5090	558
9481	5309	567
9486	4931	333
9490	2570	200
9495	6673	581
9495	6673	200
9500	4627	513
9501	4228	598
9502	4500	617
9504	7648	511
9507	2169	286
9508	3715	554
9511	5172	497
9512	2933	452
9515	2779	428
9516	4300	452
9518	5837	529
9523	6934	517
9527	6326	786
9531	3057	540
9532	7016	765
9533	2851	610
9541	4372	561
9544	2107	524
9545	2304	506
9549	3348	490
9550	3060	495
9551	3399	475
9554	3129	560
9555	3348	537
9558	3770	541
9561	7062	384
9565	4235	463
9567	3523	477
9568	3285	422
9576	6017	405
9584	2814	420
9585	3142	515
9593	2486	228
9593	2486	165
9594	3653	332
9595	6139	339
9596	4080	459
9607	2875	440
9608	3087	465
9620	1877	361
9630	1753	269
9631	2347	435
9633	4099	237
9634	3370	390
9638	2941	414
9640	3029	457
9643	2121	548
9647	2284	394
9652	3431	364
9653	1531	307
9654	3954	517
9656	4800	418
9657	1621	273
9658	4224	378
9660	3609	248
9663	4191	635
9666	2119	294
9676	2090	340
9677	7598	602
9678	4318	322
9688	3307	606
9689	3947	335
9691	2465	303
9693	3042	551
9694	2614	556
9697	1545	493
9698	1069	270
9700	4365	279
9701	1422	252
9705	2031	300
9710	7638	470
9710	7638	429
9712	2389	256
9718	5790	579
9719	3311	400
9721	2303	306
9722	1993	279
9723	4781	255
9726	2187	266
9727	3796	200
9728	2194	311
9732	995	200
9733	2830	481
9735	1681	230
9736	5661	443
9739	2571	307
9746	2398	327
9749	4174	528
9752	2484	226
9755	2345	291
9758	4693	299
9759	1368	295
9760	4267	460
9764	1854	328
9768	2229	510
9769	4562	502
9770	2261	409
9771	2326	216
9772	2243	377
9782	2131	261
9792	2121	267
9799	2141	243
9802	3926	505
9803	2093	302
9803	2093	281
9806	2627	432
9808	3520	185
9812	2595	260
9814	2019	498
9815	3660	482
9817	2974	250
9820	3021	357
9821	4885	417
9834	3506	494
9844	3421	250
9844	3421	258
9846	4298	429
9847	3934	186
9847	3934	125
9848	2949	533
9850	3778	425
9851	5438	533
9852	3084	545
9855	2793	497
9856	4624	425
9857	1938	505
9867	1308	207
9867	1308	215
9875	5125	669
9876	4356	185
9891	5503	504
9895	2809	200
9899	3324	320
9903	2532	521
9909	3845	672
9918	2950	359
9925	3408	289
9926	2261	354
9929	3713	502
9930	2865	400
9932	4716	258
9933	2507	491
9938	4022	238
9940	1822	457
9945	6405	513
9946	2624	563
9949	3623	495
9955	4436	306
9955	4436	242
9960	3295	334
9961	4649	381
9962	2850	366
9963	6062	380
9963	6062	610
9964	2701	258
9967	4930	299
9967	4930	227
9970	2116	382
9973	1987	326
9978	3244	398
9979	1838	382
9983	2016	342
9988	3151	325
9991	2204	370
9992	4614	226
9992	4614	319
9994	2468	313
9998	3303	268
10001	4509	348
10006	2277	296
10015	3097	200
10016	2881	263
10016	2881	250
10018	3212	381
10018	3212	292
10020	2304	185
10022	2151	234
10023	1908	367
10024	3780	324
10024	3780	222
10026	3367	323
10026	3367	356
10036	3745	254
10038	3888	514
10039	2346	325
10042	2928	233
10042	2928	289
10049	1751	320
10051	2638	283
10052	3679	287
10053	3700	563
10060	3119	375
10062	4234	481
10065	2612	357
10066	4833	430
10070	1609	299
10074	1506	312
10075	4025	435
10079	1879	185
10083	2637	383
10084	2530	343
10086	3115	375
10087	2324	216
10091	3089	318
10092	2332	487
10094	2056	510
10103	2752	324
10104	3571	426
10105	2610	455
10112	2717	495
10114	3915	413
10115	4758	483
10120	2129	343
10121	2425	439
10123	2262	247
10123	2262	226
10124	5124	299
10126	2964	216
10128	3194	464
10135	2887	249
10136	4516	570
10141	2907	221
10146	3652	326
10154	4262	524
10167	1953	499
10170	4665	198
10170	4665	221
10171	4102	539
10177	2908	423
10183	5757	338
10190	4278	420
10195	4987	177
10195	4987	204
10196	2490	367
10202	4198	529
10205	3080	327
10212	3244	341
10213	3690	487
10215	2752	373
10220	3431	430
10222	6057	441
10224	3416	341
10233	2119	517
10244	2370	311
10245	3562	498
10250	2793	404
10255	4648	409
10257	2213	376
10259	2851	307
10261	2380	249
10263	2845	437
10280	2696	442
10283	2367	206
10286	4082	449
10289	3393	578
10290	2889	503
10296	2487	259
10299	5073	510
10299	5073	185
10308	4664	583
10311	5337	243
10313	6226	392
10313	6226	419
10314	3459	393
10317	4024	522
10319	2118	299
10327	6006	383
10347	2808	289
10348	2580	337
10350	1974	500
10351	5790	713
10357	3009	185
10359	2666	566
10361	5363	626
10364	5820	206
10374	4397	524
10378	1885	476
10384	2383	336
10393	2217	221
10394	2495	507
10399	3699	351
10400	1920	380
10406	2659	513
10415	4115	713
10420	3555	508
10421	2754	583
10425	2458	391
10427	4883	357
10429	4714	521
10429	4714	538
10433	2874	535
10434	2635	436
10435	4948	450
10438	2135	446
10440	2117	311
10441	1970	448
10446	5034	356
10450	3580	227
10457	1931	318
10469	2108	284
10469	2108	367
10472	5129	352
10476	2375	330
10477	1940	285
10479	6067	270
10479	6067	393
10490	2221	262
10491	2881	501
10494	3938	319
10497	4130	545
10501	5223	453
10503	3156	250
10503	3156	215
10518	3502	296
10518	3502	215
10521	2247	230
10523	2461	267
10525	3882	227
10526	1852	238
10527	5099	300
10535	2521	290
10536	3143	211
10545	6288	331
10545	6288	426
10546	2718	500
10547	3219	314
10554	3334	415
10555	2901	471
10557	3181	489
10565	3363	323
10565	3363	325
10568	2849	451
10569	3422	211
10571	2756	348
10578	3516	492
10580	4906	474
10589	3704	274
10593	5003	446
10594	3647	517
10598	2394	543
10600	3786	429
10608	5342	216
10618	5085	374
10622	3271	486
10624	3878	364
10630	2795	281
10639	3338	509
10642	2579	365
10644	3939	553
10657	3103	488
10661	2436	551
10675	2508	364
10676	3769	459
10677	2876	543
10682	6276	559
10689	3466	276
10689	3466	292
10691	5011	481
10693	3218	495
10696	4290	498
10698	2723	534
10703	2764	579
10708	2821	477
10710	3639	185
10715	2090	493
10717	2141	233
10722	3533	599
10724	3627	317
10727	3515	389
10728	1704	395
10730	5035	293
10730	5035	274
10732	5850	531
10738	3825	233
10739	6371	750
10748	5744	185
10752	3799	559
10753	1848	336
10754	3909	596
10756	7632	674
10758	6079	237
10758	6079	453
10771	5134	186
10778	3556	200
10779	3533	650
10784	3195	502
10789	2569	315
10791	3780	294
10792	4116	630
10793	3990	479
10794	2929	305
10794	2929	338
10796	2956	200
10797	8237	308
10799	4581	601
10802	2200	428
10810	1429	403
10811	4555	798
10816	5463	503
10822	3233	565
10827	3263	518
10828	5797	441
10828	5797	296
10830	2315	310
10835	3957	300
10836	6365	200
10837	6839	480
10837	6839	259
10839	3432	345
10860	1720	328
10861	5590	737
10873	2903	306
10877	2979	238
10881	3524	338
10882	3665	567
10885	4524	424
10885	4524	651
10886	3424	339
10887	3334	516
10890	4192	506
10892	1855	230
10893	2700	471
10894	2354	155
10894	2354	180
10905	2285	268
10910	6681	356
10912	5598	273
10913	3071	256
10913	3071	274
10915	2597	326
10917	1808	517
10918	2936	513
10919	5914	318
10920	3793	387
10920	3793	294
10921	2758	272
10924	1703	279
10942	1799	285
10944	2684	325
10944	2684	285
10945	2757	248
10945	2757	268
10948	1882	255
10949	4812	451
10954	3270	322
10956	2019	335
10958	3496	301
10961	2121	185
10964	2282	337
10966	1822	302
10975	2209	274
10979	3233	525
10980	2287	287
10982	2181	322
10991	1851	355
10995	1435	267
10998	2968	356
10999	6216	311
11000	1824	274
11002	1834	313
11004	7071	296
11008	3235	227
11009	3435	342
11010	2581	505
11016	3617	316
11016	3617	330
11017	3490	281
11018	2760	283
11019	3810	292
11022	2627	230
11023	3140	267
11028	3214	336
11038	3148	633
11054	6067	414
11060	3439	558
11063	2568	399
11064	3464	356
11064	3464	316
11068	2067	390
11072	7357	206
11072	7357	430
11077	3499	406
11082	4322	620
11082	4322	491
11083	5101	548
11093	1773	363
11097	5936	603
11108	3107	557
11113	3038	304
11114	1801	185
11117	4175	692
11123	1743	275
11124	4406	260
11130	3912	583
11132	4351	240
11132	4351	249
11142	4211	500
11148	5635	434
11150	4858	438
11152	4080	455
11153	2902	492
11162	2756	260
11162	2756	260
11166	3114	353
11172	3445	478
11173	2212	272
11179	7395	396
11185	2410	332
11188	2636	578
11189	2286	371
11198	2151	316
11199	3502	587
11200	1703	227
11203	3700	267
11205	2640	185
11207	3362	563
11212	2168	244
11213	2891	185
11215	3451	450
11216	3284	395
11219	2690	185
11220	3733	376
11236	2899	200
11239	4941	646
11240	7416	481
11241	5899	314
11241	5899	324
11247	4416	547
11249	6030	493
11250	4055	432
11252	6234	692
11255	4135	362
11255	4135	359
11256	7260	521
11266	2337	524
11270	5003	206
11282	2651	215
11286	3378	326
11286	3378	287
11287	3281	243
11289	3248	236
11291	4805	602
11294	2424	356
11299	6305	250
11300	3338	384
11305	3979	344
11307	3671	408
11314	5654	501
11319	3372	185
11322	7392	611
11327	3243	607
11329	2433	424
11330	2557	537
11336	5358	706
11339	4360	577
11344	2635	467
11347	1778	226
11349	4951	584
11351	2862	535
11355	5401	536
11362	3690	528
11363	7217	222
11364	3301	556
11366	5033	635
11370	6921	385
11371	2885	206
11372	3478	466
11373	7858	386
11379	4094	519
11379	4094	379
11382	3699	675
11384	2779	268
11385	2633	584
11386	3644	316
11391	4988	616
11392	6877	729
11397	2966	614
11403	3124	398
11415	3090	614
11416	1849	448
11419	5453	552
11423	3020	365
11427	4783	458
11429	5856	674
11433	7436	553
11433	7436	239
11442	7141	294
11442	7141	272
11443	5780	559
11449	5749	282
11454	4546	526
11455	2672	261
11460	3840	266
11465	3979	266
11466	4968	581
11466	4968	359
11470	3846	591
11472	3801	405
11478	1478	346
11487	3463	452
11490	1887	337
11492	2752	597
11496	4270	338
11500	3287	431
11503	2535	581
11504	5989	394
11504	5989	334
11505	4453	454
11510	2406	542
11517	5539	434
11518	7128	399
11520	7083	563
11525	2905	606
11540	4783	504
11548	7415	400
11556	4432	462
11558	3619	349
11560	3929	497
11560	3929	471
11565	3237	548
11566	4176	286
11572	3830	476
11573	4232	446
11574	4243	428
11575	1785	338
11578	2861	476
11579	4495	305
11579	4495	174
11580	2162	491
11583	4212	842
11588	2507	531
11593	1501	263
11595	2481	367
11597	3060	339
11606	2662	185
11607	6877	576
11613	2842	307
11615	2295	326
11619	1975	282
11620	2112	293
11623	1038	341
11635	6141	433
11639	2847	345
11644	2343	440
11645	6671	491
11646	7371	339
11646	7371	298
11652	1903	309
11657	3421	429
11659	3799	565
11659	3799	561
11667	7741	476
11670	5187	593
11673	4713	405
11675	6619	290
11679	1889	185
11681	2397	359
11682	2498	344
11683	2543	502
11684	1946	546
11685	5521	529
11687	3472	529
11689	6964	869
11694	6411	458
11696	5285	737
11698	2539	481
11700	2187	245
11703	3252	639
11713	4965	200
11713	4965	365
11714	6642	255
11716	1825	366
11719	3151	264
11720	3874	532
11721	5973	391
11721	5973	437
11727	6454	287
11727	6454	185
11736	3572	517
11744	2045	463
11751	3277	401
11755	2747	440
11756	2124	288
11759	2480	353
11768	4192	407
11772	2027	261
11773	2639	401
11775	3414	316
11776	7382	468
11776	7382	476
11778	2863	482
11781	3395	222
11781	3395	307
11782	7095	511
11788	2034	185
11791	2043	562
11796	2861	639
11798	5359	644
11800	5279	427
11801	7136	827
11811	2505	395
11814	2814	250
11815	3151	531
11816	4618	230
11819	3800	257
11827	4045	537
11828	3139	510
11832	3961	238
11833	3084	462
11834	5218	331
11841	3836	438
11845	5897	632
11850	3445	515
11858	7385	539
11870	3475	541
11879	5471	365
11879	5471	318
11886	3183	501
11887	3134	417
11894	2429	492
