0	24188	22983
1	2918	645
5	1623	263
8	2890	427
11	1821	320
19	2933	335
22	4067	416
25	3042	449
28	3649	818
31	2786	211
34	3134	431
38	1922	435
42	4282	517
42	4282	365
56	3599	476
57	1812	442
59	4801	436
69	2533	523
70	2109	442
76	4365	666
80	1958	361
81	3514	456
82	2277	317
88	5653	657
93	3588	416
94	2466	153
94	2466	221
95	1281	268
98	5144	460
101	2835	411
102	3071	404
109	4601	266
109	4601	457
110	3457	222
122	5315	354
129	3248	275
129	3248	293
131	2739	306
131	2739	312
136	4205	441
149	1297	287
152	3497	470
164	3003	233
171	3181	289
175	3394	260
176	583	259
184	3003	440
193	2624	274
195	5034	615
197	5387	395
200	4203	315
202	5178	424
207	3279	402
213	3378	459
214	3001	290
214	3001	212
218	2180	300
219	1237	291
220	2094	466
222	4552	391
224	1917	591
226	2466	455
227	3114	439
229	1522	237
231	2818	336
233	3206	519
234	3120	517
237	2484	471
244	2974	566
248	4538	545
253	3424	540
253	3424	470
254	2178	294
256	5192	462
257	2815	331
258	1436	264
259	5742	384
259	5742	261
261	2113	384
262	2046	261
265	1564	466
266	3519	583
268	1978	333
271	3222	508
278	2533	308
278	2533	327
280	2032	317
281	447	260
287	1491	260
291	2477	185
293	5450	631
295	4078	699
298	3677	501
299	3903	462
299	3903	466
300	2889	238
300	2889	256
302	3077	434
308	2892	550
309	4388	478
311	3486	462
314	1597	290
323	5054	738
328	2424	432
331	2580	286
334	3186	259
336	4794	528
340	3990	520
341	2568	327
342	2289	570
343	1418	300
350	1895	316
354	1584	325
356	2568	271
357	1580	498
360	3480	442
361	2140	500
362	2874	563
365	5513	403
367	3893	190
367	3893	180
368	2173	447
370	2555	185
372	2688	300
373	2766	483
383	2478	513
389	2921	646
395	1606	211
402	3159	468
409	2530	215
410	2497	243
413	2654	429
415	1830	227
416	2131	494
418	1819	311
419	3170	487
428	2603	287
428	2603	291
437	1794	268
438	5505	723
439	5680	834
441	3244	280
446	3681	460
447	3540	390
451	2619	185
455	2709	412
463	2725	466
472	2800	280
477	5538	607
483	2397	518
492	3458	425
494	2255	340
495	4756	606
497	1622	296
501	1813	322
519	5966	304
520	4426	250
522	5407	451
529	2379	681
549	1804	443
555	3268	766
557	2128	462
559	3093	854
572	4770	624
581	2985	527
587	4464	498
592	3844	337
593	5333	345
593	5333	390
595	3853	439
601	1848	454
603	2075	581
605	2697	459
609	3575	347
622	4530	292
628	2272	351
628	2272	224
630	1561	263
634	1832	316
635	4233	309
635	4233	235
636	4346	604
637	5002	245
639	4610	562
641	3065	617
642	1640	321
647	1648	227
652	2568	453
653	4900	535
657	3564	498
658	4742	359
662	3043	509
665	3014	692
672	3858	286
672	3858	253
674	3070	278
679	3527	384
682	5003	356
685	3458	372
688	2830	348
690	4837	575
701	4681	432
701	4681	234
702	1009	382
704	4963	484
706	2153	252
707	2316	338
711	2801	523
712	3621	338
717	2175	354
724	2027	402
728	1754	236
728	1754	300
734	2543	304
736	2912	296
739	2707	526
743	2508	272
746	4090	412
747	3213	451
749	2011	334
750	1830	479
751	2456	210
751	2456	343
752	1099	302
753	1381	211
754	4946	491
756	1037	331
758	4792	232
759	2715	319
759	2715	376
763	2767	283
766	1904	301
768	5846	764
773	2267	211
773	2267	338
776	3018	398
776	3018	269
782	2468	238
785	3233	347
785	3233	308
786	1565	361
788	3167	470
793	3776	280
794	1954	371
801	1872	490
802	3196	331
802	3196	295
803	2750	273
809	2335	281
810	1844	333
816	656	200
818	2151	200
819	2463	657
822	2131	291
826	3162	471
832	3118	131
832	3118	263
842	1720	200
844	1472	267
845	1781	200
848	3304	321
851	3849	441
856	2175	492
857	2627	302
858	2399	176
858	2399	309
860	3914	413
867	1027	185
870	3814	284
871	2155	243
876	4429	312
880	2546	351
881	4179	392
884	1785	215
891	866	185
894	4257	451
900	1283	326
901	2575	380
901	2575	335
902	3113	530
905	2054	185
907	782	243
914	2145	317
917	3249	254
917	3249	308
928	3819	529
931	937	309
936	4248	445
947	2232	317
949	2961	462
950	4633	288
951	2810	183
951	2810	302
955	3407	462
956	4256	472
959	3233	506
962	4180	402
962	4180	431
965	2668	389
965	2668	366
966	1974	316
969	2993	281
969	2993	248
973	2003	277
980	3001	297
981	3259	311
985	3499	365
986	2089	263
989	2504	464
992	1486	222
994	1321	222
995	1958	253
997	3641	431
1000	2172	627
1001	5894	356
1001	5894	495
1002	1345	361
1010	1931	185
1015	5432	352
1017	3573	613
1023	2438	330
1026	3729	461
1028	2269	200
1035	2108	279
1035	2108	189
1036	1667	403
1042	1710	332
1047	2743	200
1051	4543	753
1052	1399	505
1055	1570	185
1056	4482	548
1060	1473	312
1065	2588	603
1073	2597	335
1079	2806	278
1093	3114	508
1103	3469	503
1104	2766	254
1104	2766	319
1105	1975	276
1105	1975	318
1108	5184	316
1112	5228	404
1124	1903	260
1125	5078	423
1128	2987	322
1130	1388	262
1132	4376	345
1136	2358	296
1139	3669	462
1141	3042	250
1144	2160	211
1145	3496	539
1152	1098	283
1153	1308	345
1159	2716	391
1160	1901	439
1163	4356	385
1164	5014	298
1167	1711	431
1178	4652	473
1178	4652	500
1186	4126	226
1187	2244	516
1192	4919	308
1192	4919	385
1196	2528	483
1202	3398	541
1207	3046	671
1209	2672	420
1212	2496	383
1217	5790	796
1218	1768	405
1219	4216	284
1224	2237	285
1228	2817	384
1231	1958	211
1239	1544	315
1246	6009	580
1249	4863	222
1279	3030	289
1289	3214	219
1291	3039	339
1296	3211	344
1303	2466	307
1306	2595	384
1310	3515	458
1315	5180	265
1318	2734	243
1325	2679	480
1326	2417	180
1326	2417	333
1328	4430	291
1340	2570	545
1346	4783	434
1347	4038	464
1356	2980	345
1358	2421	339
1361	1566	362
1375	2668	352
1381	2385	239
1383	5291	338
1388	1045	342
1391	4768	514
1393	2185	307
1396	4024	327
1402	4908	432
1406	1835	254
1413	4040	376
1419	4800	445
1419	4800	273
1424	2478	319
1429	5812	398
1429	5812	488
1430	7372	591
1430	7372	456
1431	2675	357
1434	4177	321
1435	4671	302
1441	1743	352
1442	5982	463
1444	3610	375
1444	3610	362
1451	3679	378
1452	2146	332
1458	4743	563
1459	1512	290
1462	919	307
1479	3810	418
1483	1824	356
1484	5415	499
1484	5415	183
1484	5415	144
1485	2345	317
1485	2345	259
1487	3819	257
1487	3819	293
1490	3294	516
1491	5814	355
1493	1641	261
1494	5269	378
1501	3559	591
1505	2222	322
1506	3751	307
1510	3823	263
1515	3234	492
1520	1385	316
1525	3084	547
1530	4693	398
1531	1988	200
1533	2674	462
1534	3694	569
1546	3508	254
1555	2590	278
1556	2024	494
1559	2450	354
1559	2450	265
1563	634	276
1564	5016	561
1567	2343	317
1571	3084	273
1587	3287	165
1587	3287	354
1591	1924	245
1593	1975	342
1596	2521	304
1603	2130	306
1609	2756	473
1614	4513	238
1616	4642	227
1618	3292	327
1621	2903	552
1638	4504	468
1645	2690	250
1648	6199	382
1649	3552	295
1650	5518	438
1656	3216	417
1659	3304	317
1675	2705	397
1677	1966	358
1678	2908	478
1682	3835	645
1686	3672	493
1687	5349	200
1695	6524	404
1698	5459	588
1706	6799	531
1711	3316	380
1714	3027	469
1715	4588	260
1716	4140	573
1718	2571	243
1720	6570	296
1720	6570	158
1722	4442	610
1724	6443	580
1726	6196	592
1727	5797	427
1730	5384	305
1737	5262	593
1739	4338	540
1741	4341	576
1745	3620	629
1754	815	185
1758	4099	527
1759	3737	316
1760	4018	621
1766	6540	823
1767	3520	336
1781	6337	778
1806	4810	459
1806	4810	283
1807	6641	458
1808	3403	155
1810	5430	206
1812	1971	319
1813	2812	644
1814	1179	431
1816	4990	448
1818	4406	550
1819	2282	479
1823	3466	432
1824	2103	285
1825	5526	672
1828	4370	488
1842	4019	553
1844	2513	281
1847	5504	685
1848	4143	457
1850	3718	465
1852	4847	372
1854	2681	528
1855	3410	575
1860	3666	485
1871	3948	444
1876	3139	442
1877	3979	473
1880	2805	363
1886	3089	448
1888	3349	211
1896	4141	350
1900	3222	518
1905	3926	382
1908	5442	817
1909	1970	431
1918	2702	533
1925	3204	345
1927	4389	486
1927	4389	366
1931	3381	415
1932	1414	303
1934	2187	294
1935	2563	206
1940	2738	619
1942	2608	430
1943	3370	326
1943	3370	346
1944	5775	453
1944	5775	463
1947	2149	356
1953	5818	382
1955	2416	361
1959	1896	346
1962	3298	185
1963	2984	320
1968	4903	434
1968	4903	448
1972	4281	351
1972	4281	355
1977	1735	251
1981	2013	310
1981	2013	312
1986	4187	429
1986	4187	287
1989	2470	352
1990	1395	325
1994	2672	379
1998	4626	463
2000	2258	480
2002	3412	317
2003	1779	284
2007	2822	415
2011	4371	343
2012	2981	206
2013	3166	234
2015	3990	578
2024	2585	277
2025	1572	200
2030	3324	496
2041	3329	255
2045	4229	261
2045	4229	326
2046	2462	206
2052	3351	222
2053	1822	291
2055	3720	499
2057	2919	277
2057	2919	249
2059	3239	185
2077	2754	289
2078	2854	329
2080	2713	279
2080	2713	285
2092	2665	409
2093	1657	249
2102	2874	348
2114	3029	276
2120	1853	160
2120	1853	227
2122	3809	368
2122	3809	281
2127	1606	308
2133	1929	249
2133	1929	208
2134	1909	316
2136	1860	298
2138	3791	282
2138	3791	229
2138	3791	444
2140	1631	185
2143	3089	329
2145	2434	169
2145	2434	198
2152	1520	314
2154	3044	374
2156	4295	148
2156	4295	319
2168	2461	263
2170	2095	458
2171	1661	234
2173	2238	306
2176	2736	322
2177	2688	283
2180	4721	317
2182	2955	533
2183	2866	320
2184	3060	268
2187	3722	253
2187	3722	320
2191	3586	188
2191	3586	139
2192	7356	293
2192	7356	277
2194	2312	531
2196	2867	318
2198	3216	321
2198	3216	262
2199	4388	408
2199	4388	118
2199	4388	369
2209	3281	320
2212	3436	316
2212	3436	464
2215	2793	238
2216	6787	497
2217	2752	260
2233	5406	415
2239	4842	365
2242	2164	531
2245	2370	353
2252	1974	344
2255	4278	471
2256	6417	333
2258	4917	486
2259	5083	515
2262	1825	314
2269	2624	273
2269	2624	308
2272	4027	267
2273	2064	528
2276	4965	348
2277	2830	298
2277	2830	400
2281	1440	290
2287	3027	641
2288	5476	585
2290	3746	349
2292	3802	249
2295	5903	328
2297	2941	249
2300	2266	358
2305	3311	328
2309	4001	575
2312	5882	601
2312	5882	199
2313	3209	397
2315	2717	359
2323	6222	346
2323	6222	592
2324	5030	363
2328	3054	311
2329	5880	426
2330	3561	338
2330	3561	269
2331	6295	366
2331	6295	386
2345	6301	544
2352	2877	319
2353	2972	250
2353	2972	222
2361	4066	204
2361	4066	220
2362	2431	307
2364	2125	211
2365	3387	233
2365	3387	128
2366	4780	341
2373	1738	284
2377	7171	458
2379	6491	484
2381	4466	408
2383	4515	278
2388	2565	260
2388	2565	217
2395	2578	451
2396	2688	245
2398	3143	364
2400	1297	222
2403	7008	344
2406	5152	470
2407	2218	290
2408	3956	333
2410	6047	390
2411	4062	354
2412	5316	200
2412	5316	293
2418	4745	529
2421	4233	418
2425	6164	222
2426	3093	719
2432	2263	484
2433	4287	763
2434	5344	416
2435	2088	387
2437	2481	435
2440	3136	250
2450	5006	272
2450	5006	237
2455	4287	482
2456	5294	549
2457	2524	206
2458	3170	459
2461	1650	227
2464	3649	312
2467	5697	612
2478	2347	321
2480	1814	300
2482	3861	536
2486	1878	374
2487	4589	556
2489	3208	276
2489	3208	288
2492	2413	429
2496	4924	452
2498	2337	325
2506	1601	292
2510	3655	376
2510	3655	355
2516	5628	369
2524	2167	278
2529	2443	585
2531	4217	470
2533	2430	530
2534	3502	388
2534	3502	651
2543	4006	475
2548	1603	343
2551	4251	238
2551	4251	355
2566	4258	391
2568	1964	406
2571	4415	503
2583	2431	471
2588	5713	376
2598	5078	548
2598	5078	347
2603	2821	189
2603	2821	291
2608	3127	455
2610	4239	475
2616	5092	427
2619	5993	345
2628	3537	270
2629	3955	218
2629	3955	218
2636	4595	565
2637	2347	215
2639	3679	541
2640	1536	320
2660	2076	278
2673	1678	305
2678	6025	250
2678	6025	479
2681	1828	322
2683	1388	281
2685	2559	377
2694	4601	542
2695	4120	340
2697	2706	344
2700	2587	370
2701	2733	211
2706	3847	584
2711	4645	532
2714	2713	434
2715	4053	339
2717	3655	416
2717	3655	275
2723	2134	312
2725	2076	563
2728	2595	494
2735	2988	300
2739	1589	185
2743	3090	294
2747	4457	443
2752	2752	303
2757	2892	185
2759	2927	484
2762	4084	512
2763	2560	238
2764	1678	545
2767	809	279
2769	3717	330
2771	2781	474
2774	2707	313
2774	2707	265
2777	2377	255
2783	5164	571
2784	2285	423
2786	3272	255
2786	3272	215
2787	1445	325
2787	1445	174
2795	2697	612
2795	2697	318
2796	4424	313
2797	2097	261
2798	5757	491
2800	2870	503
2802	2863	1011
2806	2271	373
2809	2393	309
2810	1503	297
2814	2656	336
2814	2656	222
2816	3456	427
2821	1237	200
2822	1878	398
2822	1878	295
2823	2046	385
2827	2391	267
2827	2391	331
2828	3623	512
2829	601	200
2833	2525	418
2835	2251	582
2836	3971	502
2838	790	211
2840	2465	200
2843	2731	325
2844	960	251
2845	2174	255
2847	606	146
2848	4123	250
2850	3280	279
2850	3280	382
2853	2128	357
2864	2550	394
2867	3538	249
2868	1469	292
2871	2182	277
2871	2182	280
2872	4852	540
2873	2374	263
2873	2374	156
2874	2665	269
2874	2665	197
2875	2734	313
2879	3990	304
2880	2715	410
2881	4025	705
2883	1878	304
2884	2734	384
2885	4320	548
2889	788	280
2895	3613	307
2895	3613	332
2899	2685	494
2904	3979	244
2904	3979	300
2906	1552	299
2907	2155	279
2911	1446	185
2916	1916	457
2918	1710	243
2919	4396	431
2920	2568	278
2920	2568	260
2922	3466	469
2924	2340	369
2928	1807	211
2932	5162	459
2933	3749	534
2938	4579	485
2941	3760	369
2942	1486	365
2944	1851	266
2945	2666	278
2946	3114	282
2946	3114	297
2958	3444	297
2962	2897	524
2964	3299	206
2965	1540	362
2965	1540	263
2967	4905	452
2967	4905	463
2970	3892	559
2974	2763	289
2983	3065	337
2988	1815	293
2989	3528	651
2997	3596	824
3004	2729	409
3005	1931	206
3006	4829	412
3009	1781	387
3020	1630	269
3023	4138	459
3027	2217	527
3028	2169	418
3033	3425	348
3039	4982	563
3041	5497	615
3047	2493	333
3051	4798	399
3054	2986	519
3065	4719	185
3084	1673	444
3086	4724	504
3088	1071	327
3089	5670	532
3090	2402	422
3090	2402	328
3096	2658	392
3106	3422	534
3107	4272	501
3108	2915	385
3110	2570	290
3110	2570	232
3112	3861	768
3115	4974	781
3120	5168	327
3128	2337	373
3144	1630	267
3150	4453	244
3151	876	302
3154	2398	330
3155	3154	262
3159	1670	329
3163	2351	157
3163	2351	185
3164	4288	470
3170	5450	525
3171	2692	355
3172	1946	222
3176	3866	478
3177	3537	448
3181	3633	610
3182	2646	363
3186	4980	288
3192	5512	498
3193	3046	230
3194	2376	421
3195	2380	316
3197	3721	230
3201	2042	342
3205	4558	430
3209	2626	452
3211	5282	510
3212	4947	465
3213	4063	525
3215	4829	425
3229	3714	433
3230	2797	185
3232	1525	342
3237	1607	227
3240	5947	563
3244	2007	359
3246	5302	507
3247	3989	351
3250	1154	300
3251	1621	211
3257	3075	495
3259	2884	501
3265	5288	309
3265	5288	244
3265	5288	230
3267	5616	431
3267	5616	323
3277	1744	371
3279	3876	444
3282	3380	763
3287	2121	346
3289	4257	496
3290	2368	504
3300	4550	452
3302	3636	488
3303	2638	492
3309	1847	459
3312	1968	461
3318	4512	466
3330	2710	382
3331	5801	719
3336	2812	339
3339	4845	302
3341	1629	238
3343	4297	821
3347	1191	267
3348	4254	574
3349	2833	279
3358	4617	412
3359	1533	250
3362	1708	275
3364	2289	265
3376	2467	432
3377	3604	251
3383	5823	547
3384	5823	238
3389	2547	580
3391	1801	318
3391	1801	330
3394	3271	481
3397	3346	320
3399	2344	559
3403	5657	369
3403	5657	404
3412	1164	480
3414	4416	422
3415	2907	441
3430	5898	222
3432	2425	200
3434	3962	315
3436	5629	519
3438	4220	301
3442	2356	272
3445	5140	941
3447	5216	452
3451	1921	211
3453	5244	740
3459	2341	228
3459	2341	294
3467	3071	448
3471	3466	557
3473	1531	367
3474	2642	585
3475	4208	561
3476	2511	364
3479	1818	185
3480	3876	488
3481	2532	243
3486	1894	170
3492	2307	266
3495	5997	931
3497	1085	268
3505	4007	325
3507	4847	308
3508	2727	582
3517	1974	356
3525	2858	344
3526	2848	643
3527	4665	536
3531	3009	497
3534	2283	482
3538	5559	452
3538	5559	508
3544	3961	316
3544	3961	482
3547	3930	185
3548	2544	571
3561	1435	200
3564	4789	591
3566	2647	501
3568	2802	508
3570	2685	459
3572	2951	346
3576	1811	366
3582	4886	366
3585	2552	233
3597	4420	551
3601	2606	290
3603	1283	555
3605	1554	272
3606	3502	561
3613	3802	266
3614	2074	384
3619	2362	446
3624	2890	466
3629	2915	560
3630	2341	447
3631	2462	360
3634	3022	390
3635	2605	556
3636	2203	344
3641	4001	305
3641	4001	287
3644	2542	301
3647	2930	540
3655	3154	493
3658	4015	290
3661	2978	378
3663	4997	526
3666	4243	510
3667	5632	365
3671	2400	367
3672	5467	563
3675	4277	716
3682	2877	374
3687	1889	324
3695	3454	759
3699	3213	353
3699	3213	311
3701	4712	487
3704	5097	200
3710	1911	521
3716	3737	397
3718	4174	486
3733	3335	316
3733	3335	308
3735	2804	580
3736	4489	867
3739	3038	290
3739	3038	250
3745	2595	337
3749	4559	400
3750	2597	388
3757	3538	200
3760	1991	314
3764	5642	425
3765	1090	287
3766	4181	547
3775	2695	454
3776	2646	843
3782	2553	307
3783	1603	193
3793	2391	347
3798	2541	414
3801	3217	345
3801	3217	233
3803	4896	288
3804	5011	462
3809	2869	351
3813	2878	597
3816	2220	243
3819	4755	870
3824	3345	339
3824	3345	306
3828	864	335
3831	3522	570
3832	5090	600
3834	2978	185
3834	2978	325
3836	2041	483
3837	3505	523
3838	1903	226
3840	3000	211
3840	3000	341
3841	3048	467
3845	1140	200
3846	3822	568
3850	2997	293
3854	3721	574
3856	1841	369
3857	2200	344
3858	4978	669
3860	4355	230
3863	4125	308
3863	4125	347
3863	4125	211
3867	2936	315
3880	4835	471
3881	3419	523
3884	3759	482
3885	2409	549
3886	2112	185
3887	3115	535
3891	2009	306
3894	4640	437
3898	2088	259
3903	4365	467
3905	1963	328
3906	1977	185
3910	1528	566
3917	3544	200
3922	1685	650
3923	4046	433
3928	3170	355
3930	4604	419
3936	3333	368
3937	2571	374
3942	4640	383
3944	2988	250
3945	2548	217
3945	2548	247
3957	2538	362
3957	2538	269
3970	3340	545
3981	3013	403
3985	3819	459
3986	5074	548
3991	1953	185
3992	2789	389
3996	3485	509
3998	3612	385
4003	4237	469
4009	3417	535
4023	3178	590
4024	1779	394
4025	4023	340
4030	3558	530
4036	6264	510
4037	6341	498
4038	1198	280
4040	5251	316
4043	3455	479
4046	5653	456
4048	6865	820
4053	7803	226
4055	3387	541
4057	2577	473
4058	3561	256
4061	7261	224
4061	7261	156
4061	7261	776
4063	2177	476
4069	4290	561
4071	6917	321
4072	2852	310
4074	5034	500
4078	3003	227
4083	3309	281
4093	3523	526
4108	5858	287
4108	5858	426
4109	5587	222
4109	5587	514
4111	3367	254
4113	6126	423
4114	2903	418
4121	3178	533
4123	1994	471
4131	6790	323
4132	4690	389
4137	5303	591
4138	3275	239
4140	4097	238
4141	3949	491
4150	2809	243
4152	3904	352
4152	3904	312
4156	4153	471
4160	3735	418
4166	3172	558
4168	6967	497
4168	6967	478
4173	5376	422
4186	4308	333
4190	2207	238
4198	5480	295
4198	5480	399
4208	5230	350
4211	5794	577
4213	5348	540
4220	5358	261
4220	5358	627
4221	3328	541
4222	5439	525
4225	2720	437
4226	4314	421
4229	2638	488
4238	5787	520
4239	2989	435
4244	5143	306
4246	2805	421
4247	4366	472
4264	2379	216
4265	6810	615
4265	6810	542
4280	4757	354
4283	1942	234
4288	1923	358
4299	2154	239
4301	4413	461
4305	4024	255
4305	4024	381
4315	3863	297
4317	5902	511
4317	5902	237
4325	2454	234
4327	6015	503
4330	5961	290
4335	2399	200
4339	6667	645
4340	8017	191
4340	8017	119
4343	4725	388
4344	5543	565
4345	4750	713
4346	6983	230
4346	6983	164
4346	6983	408
4348	5785	502
4351	3055	277
4357	3266	266
4362	2981	474
4364	5532	534
4376	2584	185
4377	5032	476
4389	2467	185
4392	4200	431
4394	4515	437
4403	5030	446
4408	4627	357
4411	6051	827
4413	2875	391
4417	2927	418
4418	6771	356
4421	2561	285
4421	2561	303
4424	2998	493
4425	2534	300
4426	4008	452
4428	3169	483
4436	6485	440
4437	2688	362
4438	3450	200
4441	5497	357
4441	5497	278
4448	3155	433
4454	5507	392
4455	2352	272
4458	3245	641
4462	1586	339
4465	5085	813
4470	4499	410
4477	5380	349
4487	5745	444
4489	1479	277
4491	2408	442
4499	2062	215
4501	2409	465
4503	2165	291
4508	1337	302
4511	4417	400
4513	1855	185
4514	2475	324
4516	3213	414
4519	2972	506
4520	2431	431
4525	2116	376
4527	2881	313
4533	2452	342
4536	4828	468
4537	1222	257
4538	7475	402
4538	7475	425
4542	2307	332
4544	2587	431
4544	2587	486
4547	2075	363
4549	6082	380
4549	6082	371
4550	3959	394
4551	1692	200
4553	4080	497
4554	2556	221
4554	2556	230
4555	1427	253
4560	3864	501
4563	2443	243
4565	4604	216
4565	4604	453
4566	1697	259
4572	2679	336
4575	2845	423
4581	1823	280
4583	3944	427
4603	1146	221
4605	4934	312
4612	1405	267
4615	4337	269
4616	6880	363
4620	3176	304
4621	1989	288
4623	2853	352
4626	1042	244
4628	2983	243
4628	2983	335
4629	1586	267
4634	2534	227
4637	3096	185
4638	2207	506
4639	1851	215
4645	4231	483
4647	4239	406
4648	5127	750
4649	1133	253
4650	2668	364
4651	3196	280
4656	1299	261
4658	5019	345
4659	2410	520
4660	3484	868
4666	4364	543
4670	2361	348
4677	3590	200
4677	3590	238
4679	3117	274
4681	2268	339
4688	2922	798
4690	2730	480
4691	4117	521
4692	3999	200
4692	3999	298
4702	3231	243
4703	2995	490
4704	1361	266
4705	3512	256
4710	2140	276
4712	3618	364
4714	2212	288
4716	2742	274
4717	3047	336
4720	2511	279
4721	2461	267
4725	678	280
4726	3236	448
4728	3971	296
4729	1475	185
4735	1343	256
4739	3612	520
4748	2097	296
4749	1137	257
4750	3208	505
4751	1601	206
4754	3066	444
4755	2317	403
4756	3140	408
4758	2301	529
4769	2447	294
4771	1034	250
4773	2698	185
4773	2698	312
4778	2572	293
4778	2572	238
4792	1846	268
4795	2949	502
4801	2796	245
4804	3785	459
4808	4022	485
4817	1373	200
4821	3189	244
4821	3189	211
4826	1259	227
4830	2355	447
4836	2917	383
4837	2616	243
4839	1560	384
4841	4043	224
4841	4043	230
4847	2342	567
4852	2579	303
4853	3470	464
4854	3521	385
4869	2991	386
4870	1922	261
4871	4626	474
4871	4626	461
4878	3015	243
4878	3015	249
4879	3081	452
4882	3071	234
4886	4802	476
4888	3829	257
4891	2597	239
4904	3729	465
4904	3729	495
4905	1582	410
4906	4405	430
4907	3732	342
4913	2451	273
4915	4135	614
4916	7187	475
4916	7187	396
4918	3406	293
4922	1861	250
4932	6138	767
4933	3305	352
4934	4884	793
4935	3425	238
4937	1580	272
4945	3965	411
4949	3084	415
4950	2619	423
4957	3309	406
4962	3110	382
4965	967	215
4968	3339	396
4969	5045	429
4974	4459	499
4979	2788	244
4979	2788	277
4987	2639	326
4991	5287	727
5005	4223	454
5007	4001	585
5008	3833	250
5009	6839	523
5010	3018	262
5010	3018	305
5016	3891	487
5026	4216	330
5031	1381	332
5032	5347	384
5032	5347	211
5035	2982	460
5036	3703	185
5039	5875	628
5043	3776	566
5044	1576	185
5046	3083	439
5048	3843	526
5055	5439	483
5055	5439	383
5061	3591	399
5063	6252	554
5066	3539	255
5067	4573	402
5067	4573	376
5069	6352	394
5069	6352	463
5071	5240	371
5071	5240	447
5072	4381	538
5076	2553	321
5078	6984	475
5080	3177	372
5083	3648	573
5085	1872	263
5085	1872	239
5089	4594	401
5094	2792	499
5099	7817	481
5099	7817	265
5105	4264	185
5107	2867	401
5109	3536	767
5114	4445	414
5117	3396	320
5120	1526	155
5120	1526	145
5128	5344	519
5130	2184	451
5132	2542	407
5136	2435	301
5137	3028	307
5140	3423	550
5149	3186	445
5152	2224	284
5152	2224	145
5154	2626	477
5156	6439	815
5163	3374	163
5163	3374	148
5166	2704	263
5177	2725	518
5178	2344	457
5180	3738	552
5181	3107	479
5184	3326	190
5184	3326	193
5186	2639	504
5188	3847	481
5191	6141	209
5191	6141	519
5192	5826	497
5201	4480	499
5207	4587	143
5207	4587	330
5211	3003	558
5213	3059	565
5217	7265	590
5223	4436	266
5224	3551	431
5226	3321	484
5231	3199	206
5233	1952	185
5235	3937	505
5235	3937	508
5237	3292	465
5240	1998	408
5241	2306	471
5243	4108	583
5244	2100	376
5246	3503	433
5249	3635	462
5250	2552	280
5251	4765	328
5251	4765	438
5252	3075	401
5254	2795	443
5256	3820	546
5257	3447	494
5264	4339	454
5265	3976	248
5265	3976	278
5272	5910	226
5274	4724	227
5274	4724	197
5275	3691	686
5277	3698	255
5283	3957	492
5284	2460	530
5285	4363	185
5287	3781	408
5291	2559	390
5296	5664	315
5296	5664	462
5298	4241	718
5300	3791	481
5301	2856	185
5302	3649	527
5304	1544	263
5309	5829	670
5311	1385	226
5314	4429	373
5316	3147	684
5317	2107	398
5320	5026	630
5326	3422	393
5327	1943	260
5330	3649	310
5331	2168	185
5332	3255	377
5343	2183	285
5344	3697	529
5345	5009	385
5346	3697	477
5347	6141	169
5347	6141	363
5349	5663	472
5356	4561	464
5357	4806	421
5359	6328	469
5359	6328	309
5361	3578	401
5367	3189	706
5374	7017	598
5380	2452	316
5389	6233	419
5416	3398	302
5418	5488	267
5418	5488	234
5419	2714	442
5420	3915	394
5422	996	303
5425	5642	402
5429	2290	449
5438	2920	761
5441	3289	233
5450	3852	520
5452	2652	391
5455	6624	486
5457	5828	386
5461	4012	319
5463	6976	318
5467	6687	702
5467	6687	425
5475	3819	294
5476	5340	424
5476	5340	487
5484	3536	450
5487	1744	294
5490	4030	255
5496	3346	482
5498	6578	430
5507	5730	672
5510	2809	431
5517	2171	490
5520	4164	527
5522	4042	305
5523	7147	639
5528	5876	380
5529	5765	525
5530	4871	775
5538	3435	289
5539	4965	386
5539	4965	494
5548	2693	486
5554	2112	353
5560	4967	455
5562	1242	221
5566	1707	185
5571	3764	323
5575	4128	317
5576	2826	373
5584	4926	222
5584	4926	367
5592	3736	364
5594	5173	248
5594	5173	537
5596	3834	252
5596	3834	306
5597	2196	430
5603	1855	355
5608	4391	289
5615	6119	548
5616	4794	822
5618	4922	347
5621	1909	393
5622	3693	766
5645	3170	810
5648	2546	440
5649	4308	237
5650	4144	506
5654	3860	400
5655	4857	423
5656	5662	468
5668	3914	488
5669	1933	337
5674	6549	740
5677	4125	185
5679	2962	481
5680	6681	283
5680	6681	404
5682	3364	243
5683	5681	417
5685	1945	211
5688	3318	737
5691	4565	677
5695	6345	711
5708	7006	737
5720	2767	388
5723	1071	192
5724	4693	394
5730	4867	463
5731	1957	348
5736	3021	510
5742	5774	679
5752	2932	185
5753	2955	502
5754	3995	477
5755	4498	558
5761	4688	538
5762	2521	200
5768	2308	308
5777	3908	380
5781	2523	323
5784	3589	304
5785	4538	478
5785	4538	401
5788	2825	229
5789	3436	497
5789	3436	314
5793	3438	268
5795	2361	495
5805	3626	689
5806	2800	442
5812	2065	239
5815	4768	180
5815	4768	175
5816	3933	280
5819	5801	607
5822	5243	534
5830	3016	479
5832	4628	397
5835	3093	771
5838	3836	501
5840	3009	411
5843	2237	315
5851	2291	484
5853	2370	314
5858	4236	453
5858	4236	382
5864	1925	264
5866	4778	431
5873	4100	426
5877	2676	260
5878	2357	358
5882	5763	499
5883	5644	516
5884	2908	330
5887	5082	243
5892	3190	293
5893	2883	380
5894	4272	471
5896	2371	222
5905	2526	296
5906	5602	368
5908	3875	440
5910	3847	418
5919	2157	371
5921	5129	499
5922	2712	211
5928	2775	206
5931	2103	308
5934	2520	300
5938	2294	272
5944	2396	243
5948	3538	450
5951	3016	243
5951	3016	221
5953	2662	308
5958	4819	387
5962	5941	364
5964	3317	518
5969	3549	755
5973	1131	243
5974	2033	260
5977	2349	356
5978	5035	228
5978	5035	325
5988	3913	268
5988	3913	244
5990	1496	250
5991	1340	263
5998	3476	329
6009	3809	464
6010	1911	226
6015	4131	334
6016	1700	305
6017	1200	279
6018	1511	227
6022	3037	293
6022	3037	231
6024	5379	282
6026	4506	307
6031	2355	304
6031	2355	295
6037	2713	502
6040	2910	529
6042	4170	215
6045	3231	328
6045	3231	239
6046	4402	226
6046	4402	202
6050	3929	490
6051	3825	504
6053	4230	592
6054	3022	308
6055	3343	633
6059	5664	185
6062	3290	238
6065	1359	301
6066	5328	467
6067	1789	254
6068	2901	481
6076	2365	306
6088	4868	637
6089	2798	249
6092	2778	482
6093	4015	452
6093	4015	511
6102	3080	298
6102	3080	291
6103	2725	256
6103	2725	284
6104	2038	310
6105	1168	262
6107	2751	311
6108	3597	336
6108	3597	234
6111	5996	499
6111	5996	494
6112	2531	301
6116	3485	242
6116	3485	161
6116	3485	109
6119	2045	494
6120	2804	277
6122	2618	222
6123	3620	310
6124	2621	200
6127	3529	221
6127	3529	282
6128	1850	271
6129	2807	200
6130	3785	478
6131	2218	305
6132	2566	206
6135	2981	302
6135	2981	301
6136	2386	222
6144	2278	324
6145	3243	344
6146	4687	343
6147	2888	291
6150	2056	300
6152	2089	251
6154	3643	478
6155	3551	470
6156	2320	256
6158	2490	222
6159	3438	586
6163	4168	317
6167	2734	386
6168	1641	279
6172	1182	218
6176	2851	358
6178	5055	248
6180	3202	524
6200	5606	302
6214	3819	325
6214	3819	230
6215	5456	364
6219	1749	297
6220	4236	412
6221	2150	478
6222	4283	247
6223	2795	597
6225	3858	488
6226	5043	403
6227	3859	476
6229	1611	305
6239	1649	211
6241	2191	303
6243	5592	291
6244	4574	211
6246	2421	341
6247	3965	468
6248	2430	327
6252	5990	537
6255	5516	185
6257	2270	436
6259	3364	251
6266	3941	391
6271	4066	368
6273	3964	469
6274	2508	236
6274	2508	207
6280	4858	185
6280	4858	206
6282	2050	258
6289	2823	461
6292	1790	200
6292	1790	347
6293	5306	532
6293	5306	515
6297	3785	301
6298	3448	241
6304	3279	369
6304	3279	344
6309	4841	540
6309	4841	522
6311	4434	211
6315	3948	226
6318	2025	185
6324	5014	636
6326	3698	268
6331	4508	479
6333	1754	333
6335	3472	327
6338	1441	415
6339	2919	289
6346	2308	432
6361	2086	370
6363	2700	487
6365	3711	608
6380	2183	513
6381	4164	539
6383	3415	291
6387	3064	469
6389	2246	235
6389	2246	236
6390	3617	429
6396	4343	448
6398	4971	509
6398	4971	220
6409	1275	206
6410	3945	290
6412	4616	537
6413	3034	200
6415	2164	223
6415	2164	287
6416	2310	222
6417	1777	291
6421	1044	211
6422	4227	438
6425	3671	390
6433	4417	356
6433	4417	562
6435	3206	300
6436	2890	318
6437	2537	538
6443	1451	413
6444	4990	517
6447	5138	564
6448	3522	211
6449	3768	262
6452	4363	327
6452	4363	553
6454	5149	185
6454	5149	436
6459	3798	597
6466	3170	419
6467	3262	366
6470	2681	306
6476	1886	297
6477	3526	508
6484	3120	283
6490	2988	444
6495	2497	234
6495	2497	251
6495	2497	202
6497	4571	398
6498	4340	292
6501	5474	422
6501	5474	577
6502	1791	541
6504	5723	657
6509	5242	765
6511	5783	535
6513	1464	296
6514	1839	383
6516	1493	185
6518	3298	382
6520	1314	463
6522	4173	401
6524	3353	691
6526	2505	382
6532	3171	407
6533	3417	385
6538	3803	589
6542	3006	307
6543	6105	185
6547	3913	490
6548	2328	444
6552	2217	280
6557	1891	413
6558	5042	583
6566	5337	185
6569	4396	520
6570	5870	585
6573	1914	185
6574	4630	504
6574	4630	437
6588	3288	312
6589	5615	398
6590	3734	456
6593	4383	255
6597	2883	430
6601	5522	277
6606	4284	484
6609	2781	549
6614	2302	615
6620	2798	296
6623	4899	349
6624	4129	253
6624	4129	415
6625	2720	516
6627	2946	431
6628	3569	466
6631	3018	393
6634	4962	466
6641	2391	308
6643	3565	440
6644	4271	449
6651	3260	316
6652	2689	251
6652	2689	285
6653	3621	375
6662	3946	518
6662	3946	530
6664	3304	436
6667	4396	424
6667	4396	266
6671	2726	322
6675	2799	469
6676	4225	281
6681	4071	227
6681	4071	287
6687	3573	348
6690	2927	329
6690	2927	353
6691	4761	261
6693	4570	507
6694	2540	343
6695	2356	321
6696	1367	238
6706	3730	649
6713	2877	318
6718	3897	330
6722	3757	241
6728	1842	289
6729	2870	354
6730	1388	206
6732	5325	310
6734	4468	254
6737	2851	194
6737	2851	359
6742	1332	248
6748	3806	322
6749	2546	215
6750	3478	259
6751	4527	336
6756	1924	384
6757	1211	238
6760	2963	248
6766	4601	462
6771	1833	318
6772	5228	455
6774	1717	307
6779	3151	338
6780	3048	317
6782	3705	442
6783	2648	343
6794	2121	480
6795	5757	551
6796	1841	355
6797	2402	350
6798	3303	458
6807	3117	351
6808	3097	185
6816	4096	302
6821	4117	580
6823	1305	266
6828	4606	470
6828	4606	278
6833	3406	328
6835	1027	230
6838	3903	408
6838	3903	334
6843	2409	532
6844	5931	442
6844	5931	489
6851	4996	766
6852	4606	558
6856	4282	404
6860	2882	304
6860	2882	237
6868	1032	185
6872	2580	307
6872	2580	191
6874	2807	415
6880	3671	483
6881	4030	314
6882	2362	260
6884	4610	253
6884	4610	524
6891	2414	392
6895	3129	467
6897	1958	289
6898	4301	545
6902	3030	539
6905	4229	524
6907	3346	422
6910	3350	205
6910	3350	238
6915	3144	440
6921	3716	476
6925	3633	520
6927	3101	578
6934	4574	390
6936	1726	422
6938	3116	496
6942	3620	528
6944	4394	678
6946	3209	494
6949	4181	369
6952	4677	543
6952	4677	491
6957	4550	462
6958	2175	432
6960	5286	345
6960	5286	271
6961	2808	418
6969	5390	494
6970	3449	352
6971	3251	441
6974	5183	499
6976	2387	295
6977	2506	348
6980	3494	519
6983	3809	222
6983	3809	214
6984	3219	412
6986	3276	488
6990	5182	573
6995	1597	222
7000	5723	372
7003	5913	403
7004	2284	500
7011	2252	261
7013	4070	440
7013	4070	443
7018	2135	338
7019	3171	353
7022	2877	285
7035	1232	289
7047	4037	600
7055	6829	717
7060	4234	309
7075	6128	563
7083	4560	127
7083	4560	169
7083	4560	201
7092	6069	200
7096	5817	300
7106	5635	324
7112	879	255
7121	3951	486
7124	4470	232
7125	4603	334
7133	2448	185
7141	1167	267
7145	3773	429
7147	3005	498
7149	3107	530
7150	6589	638
7154	5285	328
7155	3122	497
7156	4102	333
7157	2723	403
7158	4359	358
7160	2682	410
7161	3376	289
7162	1574	274
7165	5512	652
7170	4096	405
7171	4913	389
7175	4362	383
7176	3305	607
7187	2431	315
7189	3283	292
7189	3283	246
7191	659	215
7192	2554	269
7196	2125	215
7197	2419	345
7203	5112	604
7205	5219	598
7207	6398	481
7212	2543	486
7222	2746	465
7228	6151	425
7234	6133	216
7249	5770	784
7252	2606	481
7253	1815	328
7254	5252	541
7254	5252	360
7261	2706	185
7269	6062	544
7273	4095	222
7291	5761	609
7294	3944	514
7307	3854	355
7309	1894	399
7310	6313	444
7310	6313	393
7312	5492	495
7312	5492	295
7323	1917	492
7324	2454	355
7325	3225	489
7326	4959	280
7328	4370	423
7333	4623	596
7334	4371	537
7337	3681	455
7338	3315	221
7338	3315	224
7344	1183	340
7346	3967	453
7350	2243	227
7353	1779	262
7354	3518	401
7357	976	185
7359	2240	485
7365	1610	370
7370	3405	145
7370	3405	122
7382	4353	538
7390	2534	288
7391	4668	662
7392	2385	441
7394	2879	275
7394	2879	272
7395	4630	517
7395	4630	321
7396	3160	445
7396	3160	447
7397	2574	339
7399	3334	383
7400	4377	398
7404	1913	262
7405	4351	458
7406	3077	367
7408	1004	164
7414	2860	185
7418	3884	289
7421	1448	274
7428	2594	258
7431	3735	467
7434	2512	323
7439	2542	304
7440	2228	297
7442	5187	774
7443	5279	314
7445	4107	596
7448	4621	464
7450	2268	309
7453	5196	622
7455	2576	185
7459	1104	185
7461	4626	385
7462	1334	238
7463	1829	343
7465	4195	294
7467	4588	457
7471	3358	432
7473	1590	261
7474	832	310
7477	2288	264
7481	1573	271
7491	5497	481
7491	5497	485
7496	2651	436
7498	2437	344
7505	2694	328
7506	2141	328
7507	1761	336
7508	3010	671
7510	2648	484
7515	2077	211
7516	2135	511
7519	4239	267
7522	4084	700
7527	2051	297
7527	2051	267
7533	2400	243
7547	3153	269
7547	3153	226
7551	5108	458
7553	3037	499
7555	6272	456
7558	6299	185
7564	2361	250
7571	3977	479
7573	1533	308
7578	2156	371
7579	5598	853
7581	3917	520
7582	2530	552
7583	1140	280
7586	1510	222
7588	2603	432
7593	4289	459
7594	1065	259
7598	5228	351
7601	5704	539
7602	3408	185
7603	4578	356
7604	2963	402
7606	2460	245
7607	4118	473
7610	1948	305
7611	1193	243
7612	3405	565
7614	1315	479
7617	1462	411
7619	4411	450
7619	4411	497
7620	3585	388
7620	3585	509
7624	2826	312
7633	3505	477
7635	1652	307
7637	4683	433
7641	2677	321
7646	3221	400
7647	2396	287
7648	3326	371
7649	1752	272
7650	2216	393
7670	2736	530
7671	1900	317
7672	1542	185
7673	3331	460
7674	1595	238
7678	1545	299
7682	2370	222
7684	4846	543
7685	1748	310
7690	1839	294
7691	3275	454
7692	3639	578
7697	1783	290
7698	2740	494
7699	1749	342
7708	1187	270
7709	2514	565
7710	4310	328
7719	1784	345
7720	1803	312
7721	1937	227
7727	1585	211
7729	2056	260
7731	4791	754
7732	3215	283
7732	3215	125
7733	2646	411
7738	1747	211
7739	3393	707
7740	1366	372
7741	4015	489
7743	2846	311
7747	4798	321
7747	4798	138
7748	2128	247
7748	2128	283
7751	1875	302
7761	5137	409
7766	2874	205
7766	2874	311
7767	1499	265
7768	2483	342
7771	3795	468
7776	4176	490
7776	4176	443
7779	2685	429
7784	3440	291
7791	3378	344
7794	2239	226
7796	6297	846
7797	3363	329
7798	3194	429
7799	3217	314
7807	1614	292
7815	3949	424
7816	2059	265
7816	2059	197
7825	1644	453
7827	1339	185
7829	2279	268
7829	2279	253
7831	2901	292
7833	2364	222
7835	4924	338
7839	2055	283
7839	2055	167
7842	1836	238
7848	2707	227
7850	4974	268
7853	2856	358
7854	6283	406
7855	5448	714
7858	3981	422
7860	5732	442
7861	3042	468
7865	2754	380
7869	1987	448
7872	2074	259
7875	2775	464
7876	4101	388
7879	2292	238
7882	1676	233
7884	4006	382
7887	1270	278
7888	1993	244
7890	2743	211
7891	5850	569
7891	5850	492
7892	2391	355
7893	4813	550
7894	2244	227
7900	2007	477
7908	1822	238
7916	1808	392
7920	3086	247
7920	3086	280
7923	5631	432
7923	5631	349
7926	1084	309
7927	2024	285
7934	2248	410
7936	2012	200
7943	1781	211
7946	1766	267
7948	1990	268
7949	3179	475
7950	2816	476
7954	2353	303
7957	1665	318
7962	2466	206
7963	1497	192
7964	2777	281
7967	2038	276
7969	5841	380
7979	1940	344
7981	4436	196
7981	4436	171
7983	3080	514
7987	1360	291
7999	1601	259
8002	2177	401
8004	3126	222
8005	789	370
8007	3215	709
8012	5965	501
8012	5965	550
8018	1139	238
8021	1678	307
8022	4592	325
8023	3621	263
8024	1516	260
8025	3465	445
8026	2697	472
8031	1457	248
8038	1776	502
8044	3149	250
8044	3149	279
8046	5808	515
8049	6476	525
8049	6476	504
8052	4172	520
8054	1730	389
8057	2431	377
8059	2947	336
8060	4276	522
8062	1301	227
8065	3165	475
8067	2482	298
8074	3020	415
8078	1809	185
8079	1844	363
8081	6691	678
8089	3749	522
8090	2471	339
8095	2566	266
8102	3702	384
8104	2439	233
8104	2439	244
8106	2438	267
8108	3973	325
8108	3973	276
8109	5458	566
8109	5458	357
8111	4239	211
8112	4602	486
8113	5634	468
8113	5634	509
8115	1724	287
8117	2357	268
8121	3785	465
8123	1932	215
8127	2571	279
8128	1564	248
8131	2973	437
8131	2973	410
8133	2160	458
8136	3306	133
8136	3306	159
8137	1251	280
8142	3287	362
8144	3416	456
8146	2805	325
8146	2805	227
8150	5522	422
8158	920	294
8161	2719	227
8166	3727	449
8168	3906	692
8174	2736	328
8174	2736	227
8178	3473	411
8182	5285	339
8193	2834	237
8208	3086	338
8211	3461	400
8212	3034	490
8213	3780	408
8214	2751	502
8219	6058	592
8222	2229	451
8228	3249	294
8228	3249	405
8231	4784	709
8233	1546	490
8237	2905	304
8240	1463	266
8241	3242	227
8249	1957	238
8257	5159	479
8263	3808	352
8263	3808	219
8269	1230	255
8272	3196	623
8275	3383	491
8276	3471	501
8277	4153	344
8277	4153	379
8286	1390	282
8287	5988	423
8294	3230	500
8295	4733	215
8301	3545	538
8303	2817	317
8307	1197	286
8309	4552	622
8312	2915	486
8315	3712	261
8315	3712	292
8316	5627	266
8319	2417	427
8321	4708	430
8321	4708	177
8321	4708	197
8322	1467	242
8324	4390	455
8325	2940	211
8325	2940	222
8327	5825	351
8333	1765	292
8334	2460	439
8340	2505	628
8341	3595	266
8341	3595	312
8342	1086	226
8344	4257	485
8348	4180	503
8353	1761	371
8360	1977	279
8365	4518	439
8366	2365	469
8367	3384	540
8369	2992	241
8369	2992	167
8369	2992	344
8375	3735	185
8381	405	185
8387	2063	273
8389	1800	295
8390	1584	303
8392	2350	239
8395	1784	198
8395	1784	249
8404	2942	301
8404	2942	183
8406	5107	574
8406	5107	583
8414	1175	261
8428	2193	200
8445	4057	426
8449	2948	479
8454	2800	498
8460	4533	580
8478	6762	506
8485	3717	768
8489	6128	532
8496	4697	341
8498	5300	557
8501	2330	380
8504	1631	185
8505	5739	597
8523	2126	502
8524	3291	246
8524	3291	249
8525	3518	399
8526	2867	295
8531	4401	475
8544	3891	426
8548	3041	484
8551	2251	270
8556	5674	250
8561	5460	369
8566	1608	215
8570	2228	378
8572	3370	222
8573	5558	233
8576	2865	279
8580	2077	457
8588	2673	498
8591	6620	245
8592	2061	352
8595	3147	227
8596	2081	347
8600	4948	438
8601	2225	470
8609	6050	239
8612	7171	502
8613	6063	448
8613	6063	277
8615	871	211
8616	4479	535
8619	4421	273
8622	3269	192
8622	3269	173
8623	1455	282
8626	2461	215
8634	861	286
8635	5556	470
8637	1814	239
8645	1741	271
8646	2434	422
8647	1331	226
8652	1646	508
8663	1797	327
8675	1802	459
8682	2507	237
8683	3295	564
8686	2158	361
8695	4434	469
8700	4224	318
8704	3213	504
8710	2976	411
8714	5460	425
8719	2769	459
8724	6781	314
8748	2367	278
8751	4454	531
8759	3208	265
8766	4920	508
8773	2957	299
8786	3685	277
8794	4655	491
8796	3491	478
8798	3808	276
8799	4670	283
8802	6903	200
8838	3872	211
8842	4678	401
8843	5374	415
8848	906	185
8849	2311	281
8859	7078	384
8864	2545	359
8866	4066	506
8870	2202	439
8886	6000	426
8888	4806	415
8901	5736	215
8901	5736	217
8909	6353	433
8910	6030	526
8914	6475	232
8918	3615	510
8919	5495	542
8927	3181	458
8930	5253	332
8933	2241	436
8938	7233	318
8940	3965	185
8941	7002	529
8944	3302	291
8947	2585	420
8956	3326	558
8957	6796	746
8963	1512	500
8970	3383	315
8973	2875	330
8976	2305	462
8983	5966	409
8985	6301	585
8990	3729	657
8997	3327	421
9000	7103	440
9002	2903	334
9005	4633	474
9008	3450	494
9011	2486	311
9012	6011	301
9016	4335	405
9017	5807	472
9020	3032	390
9026	6063	531
9028	4583	395
9030	4802	407
9037	4682	426
9038	5855	804
9050	3676	408
9053	6992	487
9054	4037	319
9055	5088	338
9057	5717	487
9057	5717	297
9061	5230	227
9061	5230	232
9062	3418	325
9066	5965	452
9074	4038	476
9076	3401	381
9076	3401	192
9076	3401	180
9081	4080	320
9081	4080	255
9082	3473	274
9098	3367	470
9101	5917	563
9105	2809	292
9108	6559	280
9116	4106	309
9121	2063	319
9121	2063	282
9125	1778	322
9128	5945	436
9128	5945	384
9128	5945	440
9137	3190	500
9142	3522	360
9145	2367	378
9149	5456	524
9154	2715	364
9156	3283	227
9158	3717	447
9160	3989	486
9170	2808	304
9177	3487	185
9183	2921	440
9184	2242	377
9187	5223	323
9195	4059	508
9196	2289	275
9197	5067	391
9201	5087	525
9205	4838	357
9208	2252	322
9213	4316	462
9216	2775	369
9218	4310	348
9220	1775	282
9225	3127	299
9226	2172	425
9228	1798	266
9234	3768	545
9235	3744	447
9236	5099	466
9237	2256	206
9239	1943	221
9239	1943	250
9243	5556	354
9257	4169	185
9259	2079	339
9269	6211	482
9278	6952	500
9281	1158	250
9287	3783	379
9291	2858	297
9293	6725	626
9296	2036	200
9298	2857	298
9298	2857	330
9301	4953	535
9316	4483	362
9323	2675	345
9325	2314	479
9326	1734	329
9330	3483	379
9330	3483	314
9333	3829	494
9337	3658	376
9343	2327	264
9343	2327	222
9346	1997	444
9351	2824	230
9352	5130	437
9356	1543	275
9359	2576	248
9376	3990	339
9382	2702	321
9388	3148	227
9394	3717	477
9397	2797	185
9400	2767	311
9402	2618	661
9411	4445	322
9414	6593	368
9420	3982	526
9423	1262	268
9424	979	185
9427	1977	287
9428	1489	402
9436	4690	377
9442	3005	293
9444	3257	331
9448	840	232
9452	5353	200
9455	4433	534
9462	3843	614
9464	4086	420
9472	6743	498
9484	5841	457
9487	3432	200
9489	1217	353
9493	5846	277
9496	5603	427
9503	2030	471
9508	1190	284
9511	1705	264
9512	1050	185
9516	6395	442
9524	6496	273
9524	6496	245
9525	1614	286
9538	2977	261
9538	2977	365
9539	3719	255
9539	3719	185
9544	3359	251
9550	1205	318
9553	1896	302
9558	1824	372
9559	4895	319
9563	3555	723
9567	5413	507
9570	6170	221
9571	2930	331
9573	4617	430
9578	3404	263
9580	1825	319
9583	2791	287
9583	2791	168
9584	1128	243
9591	3546	528
9599	5057	394
9602	2062	279
9611	2855	280
9612	2420	297
9614	6547	825
9620	1721	716
9621	3079	381
9630	2441	297
9631	7164	448
9632	2796	431
9633	2319	227
9635	2059	304
9641	3863	473
9644	3207	525
9648	2371	513
9650	6679	397
9651	3115	354
9654	3498	221
9656	4037	491
9658	6563	314
9661	3171	200
9673	2731	315
9679	5322	484
9680	2243	227
9681	2442	200
9683	4182	394
9690	2457	498
9692	4340	640
9692	4340	186
9693	6031	426
9694	3856	310
9696	1653	418
9697	4043	220
9697	4043	327
9702	1276	294
9708	2562	492
9712	5627	672
9718	1895	412
9721	2645	243
9722	3743	508
9723	2446	206
9732	4345	537
9733	6953	716
9740	4929	496
9746	3910	536
9759	5479	799
9761	3375	168
9761	3375	184
9767	3338	387
9770	2369	233
9772	2699	314
9783	1873	382
9784	2062	306
9790	5729	279
9791	989	211
9794	2142	245
9794	2142	279
9798	4120	242
9801	2271	439
9803	2717	273
9804	1879	302
9805	2288	283
9806	3690	227
9813	2160	274
9814	5558	287
9822	1965	200
9824	2013	288
9841	3621	471
9842	4177	501
9846	2805	342
9854	5394	501
9865	3069	297
9866	2454	359
9870	5481	354
9871	3787	259
9876	3151	514
9877	3768	463
9904	4296	230
9906	3714	418
9908	2097	227
9914	2424	351
9916	3366	580
9924	3671	242
9931	1436	446
9936	4386	565
9937	3107	314
9938	5776	409
9944	1880	206
9946	2745	844
9948	6384	238
9953	3369	421
9959	4686	541
9960	3174	398
9968	3303	576
9969	3034	401
9983	4626	512
9985	2828	285
9986	5873	321
9987	4042	468
9994	2742	468
9996	3047	488
9999	2109	456
10001	4482	211
10004	4162	441
10013	2554	540
10017	4348	185
10024	842	227
10030	1987	222
10031	2017	334
10033	3364	468
10036	4279	278
10040	3398	200
10044	1450	227
10045	1861	412
10056	2376	503
10060	1856	497
10072	4032	427
10080	1638	185
10086	2244	281
10095	1939	433
10098	2153	157
10098	2153	169
10099	5116	334
10104	1915	456
10110	4082	338
10111	3888	423
10112	4240	404
10125	3053	545
10126	2772	502
10128	2579	444
10133	2539	443
10135	1244	330
10137	4079	564
10138	2945	442
10139	2911	514
10140	3842	346
10141	3756	339
10142	3563	272
10146	2534	479
10148	3658	403
10150	2277	360
10152	3460	227
10154	2190	468
10157	3295	437
10159	3619	535
10160	4100	263
10160	4100	220
10167	3238	282
10168	4703	478
10172	2017	422
10173	3044	426
10175	5235	302
10177	3894	444
10181	4326	721
10186	4512	230
10189	3315	409
10192	5688	450
10193	4120	377
10199	4493	276
10200	1943	448
10202	4933	331
10209	4281	434
10212	3429	229
10212	3429	354
10221	5231	482
10221	5231	178
10223	2158	310
10229	2365	502
10240	3568	488
10243	4354	440
10251	3682	441
10252	4782	279
10256	5578	538
10258	6023	435
10258	6023	453
10261	3429	222
10264	5775	441
10267	3889	426
10281	2543	277
10284	2597	489
10296	3089	297
10301	3021	268
10304	5434	317
10306	3463	428
10307	1496	254
10309	4159	499
10311	6423	477
10311	6423	359
10315	2231	341
10316	4157	243
10316	4157	323
10320	1599	376
10322	3307	232
10324	4804	411
10327	2741	346
10329	2602	583
10336	3827	420
10339	4784	346
10340	5911	350
10344	3046	307
10344	3046	311
10346	5121	332
10346	5121	408
10348	5043	460
10353	1492	425
10362	1717	369
10363	3733	430
10364	2888	519
10368	4659	834
10369	4226	230
10374	6246	643
10377	1527	309
10380	2247	548
10385	6246	511
10389	3844	312
10389	3844	336
10391	1536	503
10392	2780	329
10396	6075	716
10399	5042	308
10399	5042	300
10405	3031	483
10408	4010	461
10413	4363	615
10415	2641	216
10419	2072	436
10428	2978	291
10430	5328	420
10440	3081	491
10442	4485	433
10443	5760	226
10443	5760	459
10447	3766	413
10451	5405	643
10455	4248	559
10457	2949	511
10461	4057	518
10466	4938	204
10466	4938	160
10479	2472	522
10485	827	215
10487	4641	659
10488	3407	508
10491	5665	519
10505	4931	402
10509	4512	458
10512	4631	429
10517	1606	375
10524	5944	413
10527	4287	486
10528	1824	353
10530	4510	661
10532	2130	386
10535	3463	212
10535	3463	152
10536	2190	289
10540	4488	646
10546	2176	380
10559	3710	608
10561	2470	221
10564	3352	541
10568	3663	185
10570	3570	297
10572	3999	609
10574	1929	360
10577	5734	553
10577	5734	333
10582	4414	475
10583	5883	193
10583	5883	238
10589	2724	511
10593	2634	770
10597	3478	442
10605	4389	455
10607	2006	411
10614	1967	200
10617	3287	355
10618	4859	438
10623	3998	442
10629	4369	185
10632	3557	227
10635	5485	496
10641	2997	425
10653	2940	541
10663	4177	582
10674	3029	382
10678	4062	245
10678	4062	160
10679	1159	267
10685	1543	215
10695	3580	544
10701	1595	185
10706	4712	466
10707	3391	429
10711	2837	185
10719	3769	647
10721	1623	324
10724	6233	276
10730	1675	354
10731	1615	528
10737	2370	263
10741	3071	311
10743	5102	915
10744	1867	349
10754	3119	399
10770	1130	185
10771	3291	388
10777	1883	336
10781	3639	175
10785	3305	437
10790	4512	672
10800	1307	362
10813	2570	705
10819	2549	241
10826	4252	712
10829	3402	495
10839	4984	247
10839	4984	209
10839	4984	314
10848	3084	667
10851	4101	419
10851	4101	407
10856	4643	536
10861	4678	744
10872	3547	736
10881	2838	568
10883	4069	446
10884	5000	468
10884	5000	510
10887	2762	329
10888	2223	329
10896	1511	272
10900	1766	372
10904	1333	279
10908	3581	662
10908	3581	196
10910	4061	403
10910	4061	692
10914	4134	227
10919	2323	259
10922	2015	216
10925	664	272
10936	3523	499
10939	1896	381
10940	3034	801
10944	2549	445
10946	4696	362
10947	3597	479
10949	3502	448
10955	4913	362
10956	5112	281
10961	1810	329
10962	1825	408
10965	4566	321
10965	4566	183
10970	2185	302
10970	2185	271
10972	3769	633
10973	1404	417
10974	4146	337
10976	5171	423
10981	3765	377
10982	3341	484
10985	3693	535
10986	2653	314
10988	2972	273
10988	2972	189
10990	1513	453
10992	4353	536
10995	2790	651
10996	2652	483
10998	3738	283
11000	5661	523
11004	2089	222
11005	5065	514
11007	1784	289
11010	1201	258
11017	3179	467
11020	2726	322
11020	2726	465
11022	4609	537
11030	2046	406
11032	4582	554
11033	1530	238
11034	5343	402
11044	3514	593
11052	2392	499
11055	4401	762
11059	2929	390
11060	4088	592
11065	1217	185
11069	1718	314
11070	2080	286
11079	3763	500
11084	5571	814
11093	4070	259
11095	3726	394
11102	2347	266
11108	4305	232
11109	3592	552
11119	3030	573
11120	1569	304
11123	4544	333
11123	4544	295
11129	2842	557
11133	1651	244
11133	1651	185
11134	3883	284
11145	3142	320
11145	3142	323
11148	1688	267
11148	1688	248
11152	1468	243
11161	2040	427
11174	1406	238
11176	1712	359
11190	1242	282
11197	3429	519
11199	2753	484
11207	3146	261
11208	1701	324
11209	1753	215
11214	1787	281
11217	1360	249
11226	2118	389
11232	4769	279
11232	4769	378
11237	1498	451
11239	2084	412
11242	1532	482
11247	3106	215
11248	2168	227
11255	3785	529
11256	3475	555
11257	2791	314
11260	5045	436
11263	2772	339
11264	2520	306
11267	3793	469
11269	4649	494
11272	3451	448
11278	3066	516
11282	3168	506
11286	1908	268
11290	2380	587
11292	1853	237
11294	2075	409
11298	3955	606
11302	1793	227
11303	3095	561
11310	2813	364
11315	2349	439
11320	2479	370
11328	3154	272
11329	2514	363
11331	3734	465
11332	2472	315
11334	2875	271
11337	3938	300
11338	1921	460
11342	3721	572
11342	3721	264
11346	2926	294
11355	3649	449
11356	2247	475
11363	1567	310
11368	2050	501
11370	4649	393
11371	3383	506
11373	4738	458
11374	3690	425
11375	3912	458
11379	2874	513
11392	2239	209
11392	2239	293
11397	1993	339
11398	4637	328
11407	1778	248
11408	3559	226
11408	3559	290
11422	2933	364
11423	2132	496
11424	1225	278
11425	3133	252
11425	3133	384
11431	3807	310
11434	5376	448
11437	3263	465
11442	1899	299
11442	1899	224
11443	2056	559
11448	1274	245
11450	1853	348
11452	2937	360
11455	751	288
11461	3221	346
11466	2194	268
11472	3318	429
11475	2334	248
11494	3057	303
11498	2725	534
11498	2725	284
11500	2627	452
11502	2745	485
11509	3764	397
11511	1191	418
11513	3378	405
11520	4686	562
11522	1810	505
11525	1737	520
11528	5510	200
11536	3490	417
11540	1915	279
11544	3941	491
11545	3659	459
11546	1512	372
11557	1687	261
11560	2080	398
11561	3805	220
11567	1968	246
11568	3588	438
11572	2060	222
11577	1662	289
11578	4545	539
11589	4275	439
11592	2298	333
11593	2275	808
11598	1336	276
11599	2727	422
11602	4414	574
11608	2498	475
11611	2658	295
11612	2509	507
11613	2804	461
11620	3924	361
11622	2559	389
11623	1999	250
11623	1999	232
11628	3095	186
11631	1993	278
11636	629	276
11640	2533	318
11642	2059	285
11649	3666	373
11651	4280	185
11655	1799	342
11661	4731	805
11664	3950	192
11664	3950	260
11665	4488	507
11666	2744	472
11667	2071	444
11672	2707	297
11672	2707	286
11675	3293	206
11678	3284	324
11681	3729	318
11684	2378	358
11697	2330	383
11699	4313	473
11700	4743	470
11703	4008	537
11704	4509	396
11706	3420	431
11709	2822	528
11718	1652	200
11719	3158	222
11720	1212	291
11727	2088	321
11729	5644	597
11730	2943	393
11731	3738	481
11732	1251	234
11733	2315	373
11734	2711	301
11738	4541	572
11739	3247	499
11742	2071	304
11745	4965	423
11747	3453	532
11750	1057	317
11751	2230	312
11759	5360	206
11760	4064	541
11762	4855	403
11763	2068	266
11764	3259	295
11771	1566	330
11775	4397	453
11778	2225	364
11780	2353	311
11781	5588	441
11784	5587	393
11786	3303	232
11786	3303	263
11787	1860	255
11790	3636	402
11795	1947	326
11796	823	206
11797	1325	521
11800	2178	441
11802	2630	300
11803	4549	387
11804	4473	553
11807	3511	470
11808	2134	295
11810	4718	343
11815	3178	403
11818	2561	185
11822	3442	489
11829	2372	267
11831	4478	466
11831	4478	355
11834	2224	185
11837	3189	609
11838	4305	369
11850	3122	291
11858	3987	427
11862	3456	382
11863	1929	250
11872	2765	564
11877	1972	335
11880	4535	554
11884	3355	396
11895	3932	313
11907	2225	222
11908	4680	617
11920	3943	389
11926	5107	502
11929	1920	244
11930	3191	491
11937	5212	412
11939	1345	296
11948	4426	478
11953	4313	478
11958	4712	389
11958	4712	392
11961	4511	367
11964	1947	444
11965	5681	627
11970	3840	222
11971	4934	576
11971	4934	350
11976	4556	472
11981	4902	442
11987	3118	278
11997	5389	462
12000	2996	494
12003	5542	297
12004	1969	318
12005	5393	464
12005	5393	467
12010	3668	850
12019	1631	341
12023	3506	445
12026	1354	277
12028	3994	378
12032	2611	488
12034	3724	505
12036	3978	482
12041	4682	360
12048	2050	256
12055	4231	357
12056	3263	496
12057	2408	290
12061	2374	431
12066	2076	429
12067	5370	826
12072	4024	298
12073	1084	270
12077	4720	259
12077	4720	286
12085	5761	446
12085	5761	441
12086	2925	211
12092	2999	454
12096	3204	344
12098	3697	417
12101	3403	566
12103	4361	333
12105	1821	541
12113	3708	200
12117	3367	435
12118	1692	306
12121	5213	485
12123	1031	185
12129	4317	370
12136	4799	353
12141	1598	313
12142	4390	266
12142	4390	345
12143	2725	227
12148	4186	493
12154	3203	206
12159	3942	450
12161	2182	519
12171	2828	343
12174	5428	281
12186	4712	502
12189	2115	481
12191	3404	277
12203	3824	489
12204	3353	458
12204	3353	333
12206	4118	567
12207	3744	308
12211	3954	622
12222	3812	473
12229	5675	519
12230	2424	458
12236	1773	281
12238	2620	436
12239	4639	632
12247	3632	271
12247	3632	301
12255	4313	318
12260	5526	437
12260	5526	381
12268	4012	534
12272	3504	185
12273	5918	226
12274	4095	304
12274	4095	211
12275	2250	300
12276	2917	292
12278	3433	227
12280	2313	459
12282	3617	460
12284	3165	292
12284	3165	247
12296	2407	352
12297	3591	497
12298	3373	594
12308	6453	384
12309	692	300
12310	2906	467
12312	3739	194
12312	3739	272
12314	4388	394
12318	5231	456
12320	3291	537
12331	5824	337
12331	5824	569
12333	3533	300
12334	4782	399
12338	3951	346
12338	3951	298
12339	4723	524
12347	2741	438
12348	5328	280
12350	4899	403
12350	4899	421
12356	5522	416
12358	1828	412
12359	3845	444
12360	1629	532
12364	2021	408
12367	4262	411
12371	2963	272
12372	4410	675
12377	1882	211
12387	6405	896
12399	3764	451
12399	3764	582
12406	6672	288
12412	5708	440
12417	3588	455
12422	3165	141
12422	3165	582
12424	2053	170
12424	2053	257
12428	3786	200
12433	2808	526
12439	3420	673
12446	5280	602
12448	1884	614
12450	2063	299
12455	3603	507
12461	3149	366
12462	4362	389
12463	4305	674
12466	3894	809
12472	2414	586
12475	5619	212
12475	5619	282
12476	3764	739
12479	2797	341
12482	1948	366
12491	4307	761
12492	2852	327
12494	3383	200
12495	2365	541
12498	5570	362
12504	4025	710
12506	5035	480
12509	3550	322
12517	4548	446
12517	4548	243
12520	6543	553
12528	1932	422
12529	6067	809
12530	5241	418
12530	5241	440
12537	4131	473
12542	5670	833
12545	2661	268
12548	2237	403
12550	2510	416
12556	3135	252
12558	5540	500
12558	5540	655
12560	2291	566
12562	3718	272
12563	3057	567
12565	3601	527
12568	6238	456
12570	4116	358
12570	4116	393
12573	2938	298
12575	2641	403
12578	4672	362
12581	5487	513
12581	5487	490
12582	2784	463
12583	2612	416
12594	3941	348
12600	2026	273
12600	2026	322
12602	4112	432
12610	3109	394
12613	5963	318
12613	5963	343
12617	5606	349
12618	4033	552
12621	3710	494
12626	6355	454
12629	3650	328
12630	3363	487
12633	1573	278
12637	2005	410
12639	2977	275
12641	2588	457
12646	6131	820
12647	6810	299
12647	6810	312
12648	3185	428
12656	3466	265
12658	4351	526
12662	3303	447
12664	1084	278
12670	7053	592
12670	7053	430
12673	3290	470
12674	4686	264
12674	4686	295
12676	1896	468
12677	4470	414
12680	4788	336
12682	4426	474
12682	4426	562
12685	2796	547
12688	2431	312
12694	2999	185
12697	3743	185
12699	3414	569
12703	1819	348
12706	6283	510
12707	5238	596
12708	1936	274
12712	3549	172
12712	3549	233
12714	4913	610
12722	1433	156
12722	1433	134
12724	2328	296
12725	2030	230
12727	6357	286
12729	3969	324
12729	3969	265
12736	6122	219
12736	6122	237
12737	3222	454
12745	2756	268
12746	2109	479
12749	2014	471
12754	1290	329
12756	2105	230
12757	6564	974
12763	1990	254
12764	2932	356
12769	1492	296
12770	2892	487
12771	5690	320
12772	4315	458
12773	3262	317
12776	2952	287
12776	2952	307
12777	2136	319
12779	2559	268
12781	3370	305
12782	5411	503
12783	1469	285
12784	2268	185
12784	2268	350
12786	1294	269
12789	2404	267
12790	2115	391
12794	1940	292
12795	1886	297
12796	2874	243
12797	1067	328
12801	1550	321
12803	3895	529
12803	3895	515
12810	4368	458
12810	4368	389
12813	6484	742
12814	1530	318
12830	3026	570
12841	4545	423
12845	4993	211
12846	1176	285
12848	1597	280
12851	2323	338
12854	2234	309
12858	4672	208
12860	2468	253
12862	5490	467
12862	5490	377
12867	6933	801
12874	2653	325
12874	2653	309
12875	2118	192
12875	2118	149
12876	2759	360
12879	3983	180
12879	3983	141
12883	5799	705
12888	1488	283
12895	3534	287
12903	2788	372
12905	2494	262
12909	1051	244
12911	526	221
12914	1709	311
12916	2999	601
12918	1773	185
12919	2904	501
12920	5869	577
12926	2499	226
12927	1652	478
12934	2274	281
12943	1157	292
12944	1401	403
12948	5222	479
12948	5222	237
12948	5222	233
12949	2330	411
12952	1972	255
12954	2448	141
12954	2448	152
12957	1650	222
12964	6931	543
12964	6931	421
12966	5509	489
12971	5083	514
12975	2034	323
12979	2441	333
12979	2441	232
12984	1938	368
12986	1995	311
12993	2076	603
12999	2808	524
13007	3304	455
13009	3379	277
13012	4254	613
13013	2381	521
13016	3367	407
13017	2891	500
13018	4991	670
13022	3763	487
13027	6003	713
13028	3219	610
13032	2279	284
13034	2240	302
13035	3416	292
13036	6387	610
13040	2845	308
13045	5428	311
13049	3515	844
13054	2328	293
13055	3560	280
13056	3365	444
13058	2403	408
13063	3467	258
13063	3467	350
13064	2650	532
13075	2606	473
13076	3422	834
13078	4211	304
13079	2342	331
13096	2251	193
13096	2251	269
13098	4348	504
13104	4350	420
13105	2977	426
13106	6377	444
13107	5607	400
13107	5607	300
13109	1945	241
13110	2626	498
13111	5047	869
13123	4169	456
13125	3817	291
13134	3781	230
13142	2655	309
13145	3120	518
13150	1899	264
13156	5299	499
13162	4369	630
13164	3465	251
13164	3465	167
13166	3588	403
13173	4981	475
13179	2418	620
13181	2717	238
13187	6530	405
13189	4147	616
13198	3707	254
13199	4392	422
13203	5771	788
13209	4967	227
13210	2270	325
13212	3863	583
13213	2669	337
13215	3251	495
13220	3557	255
13223	2149	393
13224	6293	589
13225	4555	411
13226	4974	526
13227	4554	475
13228	2605	482
13238	3853	387
13242	2363	274
13245	5005	619
13246	2557	255
13250	3102	323
13254	3240	385
13257	1809	280
13259	3347	538
13260	2345	185
13262	4838	339
13262	4838	618
13264	4069	583
13268	3765	437
13271	4469	506
13279	5563	370
13281	6212	484
13281	6212	413
13283	3581	415
13285	2733	550
13288	2879	495
13292	3858	513
13297	2391	343
13297	2391	299
13302	2850	200
13306	3353	523
13307	3128	496
13308	2848	266
13312	3095	521
13313	3477	448
13314	2028	266
13315	5568	651
13319	3175	319
13321	6809	914
13325	3175	308
13344	2278	568
13345	3991	449
13346	4644	626
13348	2658	543
13350	2492	513
13352	2806	345
13353	2910	531
13356	3390	216
13358	3846	215
13358	3846	319
13359	2553	508
13367	2185	350
13372	6681	273
13376	3491	494
13385	1520	257
13385	1520	185
13387	2367	222
13388	3525	524
13388	3525	268
13391	6980	230
13394	4265	200
13394	4265	414
13397	3527	622
13401	1764	269
13401	1764	241
13402	2802	295
13403	3536	269
13406	2179	286
13412	2477	568
13416	2828	215
13419	1554	445
13430	4654	444
13431	1870	266
13437	3407	259
13438	1981	200
13439	3203	354
13440	4364	322
13441	1421	318
13442	1856	255
13447	3065	499
13451	1688	234
13452	3624	421
13461	3742	227
13469	3009	341
13470	3937	609
13470	3937	338
13473	1289	232
13474	1477	333
13488	2090	324
13490	3115	266
13496	1899	257
13498	1863	298
13499	4210	375
13501	1488	206
13504	3403	383
13505	4529	827
13510	1261	335
13512	3247	145
13512	3247	161
13517	1831	292
13525	1614	261
13527	5108	308
13538	5882	414
13540	5744	222
13542	4270	429
13542	4270	717
13546	969	200
13549	3892	267
13552	4007	348
13554	2587	293
13563	3350	256
13568	4644	471
13569	4282	547
13574	4692	200
13575	4679	458
13576	3233	364
13583	4327	537
13584	4521	389
13595	4188	497
13600	3432	452
13605	4952	293
13617	4924	272
13619	4006	254
13621	6896	499
13626	3955	442
13627	4872	227
13633	924	280
13656	4827	278
13674	7188	324
13676	2633	352
13677	5336	302
13679	5104	285
13680	4635	632
13682	1799	333
13684	6436	353
13685	5994	687
13687	5516	449
13687	5516	243
13702	5657	258
13702	5657	182
13707	5180	251
13710	2008	255
13711	3577	489
13712	4865	544
13723	4775	185
13725	2076	289
13728	5410	448
13736	4024	425
13738	3304	383
13741	4105	385
13746	3820	268
13747	2210	185
13749	6388	200
13757	3740	211
13758	2518	488
13762	6357	374
13762	6357	356
13764	3010	211
13766	3825	680
13770	2230	278
13772	7194	454
13772	7194	331
13779	2498	459
13781	2555	356
13791	3045	547
13792	5452	320
13795	4285	486
13800	2199	255
13803	6860	395
13806	3661	500
13808	2664	377
13820	4811	327
13822	2456	446
13825	5030	360
13826	2833	441
13828	1611	316
13831	3130	476
13834	4084	423
13842	7206	800
13844	4793	649
13845	3372	500
13857	4490	200
13859	3411	289
13861	3802	493
13866	4058	320
13878	2937	548
13883	2853	355
13884	5571	304
13889	4196	423
13893	3328	220
13893	3328	204
13897	5778	318
13898	6607	403
13904	1407	291
13906	3529	428
13914	4521	449
13922	817	353
13926	5759	440
13932	1960	471
13940	2398	283
13949	5093	388
13951	4925	462
13953	3343	290
13956	4166	250
13959	3960	206
13970	5526	255
13970	5526	363
13974	1780	185
13975	6079	384
13979	6737	266
13988	3969	491
13990	6672	630
13991	4769	613
13993	3274	606
13994	1327	238
13995	4827	553
13998	2459	254
14000	6245	513
14004	4116	747
14007	1914	310
14024	5699	273
14028	1741	370
14034	4062	349
14034	4062	329
14036	3615	607
14049	3436	510
14050	3301	493
14052	2764	444
14054	3683	218
14054	3683	195
14064	1446	295
14065	6520	494
14065	6520	465
14074	4069	456
14081	2541	461
14082	2033	337
14085	7282	310
14087	2929	427
14090	6776	635
14093	6045	473
14098	4618	468
14101	4108	509
14103	1378	276
14111	4831	519
14116	3494	280
14121	3556	211
14123	4563	504
14128	2042	256
14130	4570	530
14136	2197	243
14149	1836	517
14152	1848	296
14153	3536	185
14153	3536	206
14157	4243	313
14161	4987	493
14173	3444	304
14178	3281	529
14195	4536	754
14196	7005	433
14198	6137	784
14206	3680	485
14209	1199	200
14218	5513	599
14219	1152	361
14221	1516	381
14222	3202	489
14225	6437	807
14229	6309	330
14231	2616	297
14240	6692	596
14244	3209	484
14250	5077	680
14251	2235	419
14253	6006	305
14261	4589	805
14262	1486	429
14265	2227	416
14271	4436	516
14275	2886	551
14276	2765	374
14285	4424	215
14285	4424	271
14301	2392	440
14309	4190	467
14312	2797	459
14320	5886	610
14325	6955	408
14328	2720	325
14331	7170	423
14339	3498	530
14364	3521	446
14368	4048	469
14376	2761	253
14380	2698	326
14387	2386	409
14388	2596	360
14396	3007	437
14397	3849	578
14401	1293	222
14405	2340	491
14407	6135	438
14409	4773	392
14409	4773	394
14414	2272	356
14414	2272	295
14416	6041	413
14418	3703	385
14427	6913	185
14437	2116	215
14444	2632	494
14449	5219	255
14450	4419	273
14450	4419	185
14455	2482	453
14458	4343	290
14459	5660	489
14462	1953	438
14465	5223	538
14469	6171	200
14471	2080	327
14474	3978	611
14475	4379	185
14478	4566	233
14479	2503	380
14486	2716	521
14488	3448	267
14489	5490	438
14492	3663	508
14498	3740	200
14500	6770	406
14502	2496	459
14504	5908	648
14505	2852	341
14509	2108	481
14513	909	398
14519	2982	226
14521	1262	232
14532	4466	458
14534	3668	609
14536	3790	571
14541	5051	222
14547	3367	185
14559	5483	339
14559	5483	295
14562	3237	200
14564	4072	449
14569	5584	414
14571	2236	346
14587	5312	491
14587	5312	200
14595	6320	435
14606	5075	467
14608	2636	185
14614	4164	334
14621	6262	626
14626	5750	551
14627	4683	471
14630	5096	450
14631	3563	734
14632	3091	200
14637	3467	523
14644	2146	280
14651	4705	362
14656	1897	440
14658	4156	599
14662	5289	437
14662	5289	374
14665	4068	321
14668	1253	251
14672	3068	525
14674	5001	430
14676	5087	377
14682	6198	382
14692	5823	486
14707	6913	529
14715	4022	377
14719	476	185
14721	5214	552
14733	1761	353
14736	3911	387
14749	7042	660
14755	2713	396
14761	1552	185
14762	2621	227
14771	3165	278
14777	1020	283
14780	3071	530
14782	2867	457
14789	4178	490
14807	3574	384
14811	3046	267
14811	3046	284
14813	2230	185
14815	5094	280
14833	3274	268
14841	6605	489
14851	1812	414
14859	6313	459
14859	6313	404
14861	3580	706
14863	2761	580
14869	4318	498
14874	3364	332
14888	4976	523
14889	2094	395
14894	2808	343
14901	1355	320
14903	6107	311
14908	3395	709
14922	2588	372
14932	3988	346
14932	3988	356
14933	5297	307
14943	2960	338
14953	2761	349
14955	5718	407
14969	3688	569
14973	3738	554
14981	4892	385
14984	3600	211
14987	3210	777
14988	6596	516
14991	1737	348
14993	2549	687
15001	4441	407
15002	6338	304
15007	1223	418
15014	3697	361
15016	1860	454
15018	1247	269
15019	4155	507
15021	3087	545
15022	4179	343
15025	6631	492
15032	1097	352
15033	4502	322
15034	3361	369
15037	4391	530
15051	4739	303
15053	3699	410
15078	3886	483
15090	4419	204
15094	3755	501
15101	5335	550
15106	3474	261
15110	5338	453
15114	2482	293
15119	2264	516
15127	4175	332
15130	5195	211
15138	6839	472
15142	4954	540
15152	2617	457
15163	3347	733
15165	3481	302
15168	2683	396
15173	1645	231
15184	2396	419
15193	3831	521
15197	1590	311
15198	3836	284
15200	1917	304
15202	4926	367
15206	1249	370
15214	4948	215
15214	4948	286
15216	4111	415
15217	2535	348
15224	3447	329
15226	4468	407
15227	1453	185
15233	5097	552
15235	5205	533
15237	3586	377
15250	1212	325
15254	1765	200
15255	3445	746
15265	2923	343
15268	4000	254
15268	4000	222
15269	2044	610
15274	4588	516
15285	1952	751
15292	2466	309
15293	2381	320
15293	2381	308
15295	2189	384
15299	6132	355
15312	3756	536
15324	6669	335
15326	2595	463
15327	3694	215
15329	1271	262
15330	1880	376
15335	606	215
15339	1582	486
15353	4074	376
15362	6810	444
15363	3952	464
