0	32645	35611
2	3472	500
19	10135	557
19	10135	433
20	8478	723
21	2039	164
29	9720	755
30	8053	477
35	2622	200
41	10042	246
43	8074	496
49	4080	398
52	5390	569
54	6640	471
55	4888	447
57	8236	505
59	9417	520
61	12022	375
61	12022	462
71	7716	473
75	3244	338
79	3901	198
81	1904	553
83	10654	284
85	4526	222
85	4526	445
87	5698	636
88	9448	465
88	9448	402
89	3610	825
94	1742	200
95	6544	185
97	4555	230
103	11205	549
105	3454	426
106	8087	206
111	3522	282
111	3522	185
115	7764	388
116	10794	822
117	3675	592
119	6964	510
120	7415	474
123	2482	643
124	4239	419
125	2910	428
130	5720	286
131	6433	278
132	2587	397
140	6449	683
144	7959	454
145	3398	230
146	2609	477
150	5012	308
150	5012	482
160	7780	606
161	3766	698
168	8945	555
171	3876	227
179	10598	731
186	4352	475
188	9621	698
188	9621	664
190	5155	431
193	3149	468
194	4700	461
199	1051	424
203	4262	185
211	4817	471
212	8818	264
213	7914	520
215	8281	583
215	8281	308
218	2771	249
226	2550	513
228	4478	304
228	4478	469
230	5487	629
232	9958	553
232	9958	366
234	7363	366
235	5169	331
239	4481	277
241	2736	316
246	4046	395
252	5618	368
253	8549	279
255	2730	471
256	5739	394
259	8605	629
259	8605	514
260	3867	328
262	2459	353
264	6591	185
269	2831	309
270	3484	396
281	2222	227
282	1469	200
285	4418	185
287	12126	383
288	2483	269
290	3667	622
295	8318	382
299	3657	490
300	6136	463
304	4870	526
307	11925	447
309	2699	512
312	7769	276
316	4277	509
317	7896	362
333	8275	475
335	4310	314
338	2251	245
340	2764	355
353	6471	250
353	6471	351
363	4323	346
366	4911	259
372	5994	252
373	2340	414
374	9346	548
380	8669	307
384	6505	380
388	4801	302
395	1702	237
407	3520	375
409	4104	584
412	3256	490
414	2229	333
416	4450	305
418	5924	438
421	2027	540
423	3892	587
430	3772	328
431	2305	451
433	5060	326
433	5060	286
434	1122	250
441	3389	336
442	3185	372
445	7765	461
445	7765	412
452	7314	779
459	5279	230
463	4270	395
468	5833	389
470	9323	211
470	9323	185
476	2796	381
484	1709	378
499	6445	526
501	12207	835
502	1308	352
503	8254	527
507	1787	366
512	2465	325
513	4477	518
514	5154	432
526	10006	421
526	10006	508
527	1879	363
544	9552	533
545	7613	571
550	2707	353
552	4588	391
553	7158	391
561	4114	450
564	4423	278
566	3773	648
577	7690	435
577	7690	414
579	4750	501
581	13057	341
590	5956	258
591	9807	367
591	9807	302
592	9646	438
592	9646	365
594	3554	520
605	3875	454
609	2002	185
614	7650	522
620	7795	222
623	7025	685
626	3726	457
630	6987	492
639	6425	204
639	6425	193
644	3756	475
648	2048	331
671	8912	616
672	2997	376
672	2997	244
673	8465	551
673	8465	244
674	3702	420
679	3408	460
681	3082	445
682	2664	489
689	2721	272
691	5131	545
692	3932	717
697	2769	568
701	6310	634
701	6310	442
706	4299	413
709	4632	222
712	3838	489
713	3825	703
717	2318	423
718	2854	415
722	5016	598
723	9345	472
723	9345	530
726	5476	494
727	4270	338
736	7127	468
736	7127	519
745	7089	717
747	2196	545
748	4726	748
749	6678	441
750	6417	338
753	3422	390
766	6688	637
768	2963	338
771	9780	388
772	4569	623
781	4660	363
786	3948	350
789	3885	577
790	5969	484
795	3497	312
797	2259	249
804	4691	513
805	7215	627
805	7215	612
809	1783	390
813	6643	426
816	2668	336
820	7692	541
821	5562	596
824	3313	645
826	6726	620
828	7763	339
831	5791	184
831	5791	182
834	3014	559
835	3480	288
835	3480	238
841	6595	726
844	7747	393
847	9262	778
851	3727	570
858	6711	316
866	6264	398
867	6442	588
871	1768	375
877	4395	238
881	2888	464
891	9388	504
893	3639	463
894	4927	676
900	4289	641
910	5196	646
913	3310	344
917	6415	575
920	2903	343
925	6884	466
928	3565	582
932	3320	455
944	3921	471
950	12232	339
950	12232	732
954	3482	770
958	7188	416
971	5329	185
972	4592	314
975	3437	505
977	6118	185
979	6890	324
981	3492	571
983	3309	185
986	4685	388
989	1579	397
990	5040	830
993	3336	539
996	4854	358
1000	4874	591
1004	3766	416
1005	8177	752
1007	3856	280
1011	2015	404
1012	3655	384
1013	7787	585
1016	2599	346
1026	4278	417
1027	3004	273
1028	3402	312
1032	1382	397
1035	5222	430
1040	4492	531
1048	3208	669
1049	3266	264
1050	3140	773
1053	6253	282
1056	3310	537
1061	5234	323
1062	6319	303
1063	3578	468
1064	2354	459
1067	4830	453
1078	2299	185
1087	5559	659
1095	2146	302
1097	2270	269
1105	3626	600
1110	5891	534
1115	2656	363
1118	3249	517
1118	3249	448
1119	9499	434
1122	5143	298
1125	4421	517
1129	5891	267
1131	2695	399
1138	9948	516
1138	9948	338
1139	1876	373
1144	5337	458
1151	4317	319
1154	2799	294
1155	5169	518
1157	4984	420
1160	4366	374
1161	6236	353
1165	4105	443
1172	5870	614
1172	5870	252
1174	6952	404
1174	6952	331
1175	6986	517
1177	5314	429
1179	9157	457
1186	4072	510
1190	4769	480
1193	9243	306
1194	3094	432
1201	6722	476
1201	6722	572
1203	9515	563
1204	4509	330
1206	3626	366
1218	3466	290
1229	8984	433
1231	12284	252
1233	3652	542
1235	3191	485
1237	4946	517
1243	5803	184
1244	3217	481
1252	6175	631
1261	2919	374
1264	2157	284
1264	2157	185
1265	1890	185
1266	3168	454
1276	9231	386
1278	6685	185
1307	5093	282
1308	2601	510
1309	6008	280
1309	6008	286
1310	6292	513
1321	2487	436
1326	4494	435
1333	4882	544
1334	6894	430
1336	6346	291
1336	6346	361
1341	5741	399
1341	5741	505
1347	2646	476
1349	3532	336
1350	10086	467
1357	4700	222
1359	3940	372
1365	6505	285
1373	5965	595
1375	7000	352
1385	2629	254
1385	2629	242
1386	5856	227
1389	10848	428
1394	4914	283
1397	2608	465
1401	4574	220
1403	3469	467
1405	4299	315
1406	1575	358
1413	4154	369
1420	6648	241
1422	2661	411
1425	8220	515
1432	6914	352
1434	1685	185
1436	9927	538
1438	4479	343
1443	1182	337
1463	2773	283
1464	2412	368
1466	4830	222
1468	6763	544
1476	2985	603
1478	7194	200
1478	7194	281
1480	4027	293
1482	7121	493
1483	6269	270
1488	3813	254
1489	3298	185
1490	7520	519
1494	4744	485
1498	3084	564
1500	8035	902
1501	5509	910
1503	7785	543
1505	6371	541
1509	4157	254
1510	5246	507
1513	6679	455
1515	1749	438
1517	6463	570
1517	6463	786
1520	4619	726
1523	3394	563
1524	11798	294
1526	4645	247
1526	4645	267
1527	3488	261
1530	3373	216
1534	3853	470
1536	12500	715
1538	6462	780
1539	6756	848
1539	6756	473
1544	8470	573
1546	6394	623
1560	6312	416
1560	6312	398
1561	3627	372
1562	5000	349
1562	5000	243
1566	5514	261
1569	2766	258
1572	2403	222
1580	2371	457
1584	8267	622
1586	9000	611
1587	3969	295
1593	12959	238
1595	6154	581
1596	3556	417
1600	7831	455
1602	11965	301
1612	1600	221
1616	2789	544
1617	4974	238
1620	10566	312
1626	3247	573
1635	6420	609
1636	4141	266
1637	4667	548
1643	7017	463
1645	3987	745
1646	4349	462
1647	5909	289
1650	6592	505
1652	5088	243
1655	5544	586
1662	6455	354
1663	3305	402
1664	3887	349
1669	3075	539
1671	7626	239
1671	7626	233
1676	7395	258
1684	6032	256
1687	8559	441
1694	2727	565
1696	3896	185
1699	3562	469
1704	3791	305
1708	6203	629
1709	4960	359
1714	2024	406
1716	3476	406
1717	6539	390
1723	3779	359
1724	1731	448
1728	7357	804
1728	7357	706
1731	1559	354
1732	6675	496
1739	1849	429
1742	4022	482
1746	2678	375
1747	3806	259
1749	1539	403
1766	4264	357
1766	4264	194
1768	3498	238
1770	1990	507
1776	6799	457
1783	5481	364
1783	5481	411
1788	1282	185
1789	3278	541
1792	5405	424
1801	3736	437
1802	6522	418
1809	2655	294
1811	2624	384
1813	7487	553
1825	4706	230
1826	3909	398
1829	6684	463
1832	3005	461
1835	5345	292
1836	2151	200
1837	4871	289
1838	6487	237
1839	4536	471
1849	8975	763
1851	4165	688
1854	2963	559
1856	4502	356
1859	2662	291
1861	6605	531
1864	2505	633
1867	3571	441
1868	5908	299
1869	2063	280
1881	2604	379
1882	2115	351
1883	5694	540
1890	3670	477
1891	1886	215
1892	3504	564
1895	3504	554
1896	3286	206
1899	3235	555
1911	5080	443
1914	1311	344
1915	944	261
1916	3467	482
1917	2563	406
1918	5990	596
1918	5990	350
1926	3550	580
1928	6276	431
1930	2513	200
1930	2513	237
1935	3400	369
1944	6007	273
1944	6007	314
1948	3848	209
1949	5834	534
1950	2745	659
1953	2669	302
1972	3811	557
1976	5811	460
1977	5494	499
1977	5494	185
1981	3649	411
1983	5585	273
2017	3356	280
2021	6428	298
2022	3677	344
2026	2879	220
2029	6029	532
2030	2032	232
2031	4697	255
2032	2684	288
2035	2975	318
2038	2185	358
2042	4216	471
2046	1756	362
2047	3569	301
2049	4933	486
2049	4933	218
2049	4933	247
2059	4613	228
2059	4613	276
2061	3715	215
2064	6800	546
2065	2626	215
2067	2383	370
2071	5906	430
2072	3335	480
2074	2276	207
2074	2276	214
2077	3882	185
2082	1425	561
2089	3832	460
2091	4236	548
2093	1826	443
2095	4813	479
2101	4189	295
2103	4529	359
2104	2440	472
2105	3050	392
2115	5615	499
2115	5615	421
2125	6792	389
2126	2671	433
2127	4959	382
2128	3530	423
2130	3639	376
2130	3639	402
2131	4004	909
2136	7043	295
2140	2314	418
2152	6303	388
2152	6303	496
2154	4140	439
2156	10436	520
2157	2641	330
2162	2487	283
2170	5612	365
2171	2944	801
2173	2033	375
2175	2807	211
2185	2587	389
2193	3618	497
2194	3076	290
2196	4047	440
2197	5546	477
2200	2257	504
2206	4597	475
2207	3573	385
2209	2141	413
2210	5906	344
2213	6032	397
2214	1650	200
2216	2026	174
2220	2944	475
2227	962	251
2228	3087	424
2230	6060	243
2231	4684	453
2231	4684	352
2233	1926	323
2240	3996	356
2247	5188	446
2255	3987	364
2260	3829	311
2261	2807	374
2263	2891	668
2268	1601	369
2272	5668	494
2280	1956	308
2285	5089	408
2292	3387	385
2295	3562	185
2297	3852	521
2298	3004	376
2300	4943	266
2316	3365	429
2318	2911	523
2319	5801	284
2325	6437	544
2333	6208	266
2338	5860	555
2343	5231	495
2351	3737	427
2369	4355	279
2371	4338	517
2372	11606	349
2379	2531	260
2385	2798	350
2388	4460	234
2388	4460	251
2390	9145	346
2392	5380	319
2395	5141	461
2403	8151	370
2410	11719	291
2410	11719	306
2411	14218	243
2412	10927	316
2414	11301	384
2414	11301	261
2414	11301	350
2416	4451	324
2421	11502	340
2423	6939	374
2425	4652	451
2426	2877	375
2427	3066	242
2434	3569	369
2441	4673	185
2441	4673	230
2442	5973	371
2445	4939	406
2447	5082	211
2457	2374	420
2458	6495	481
2461	4761	268
2462	2755	371
2467	5935	418
2470	5871	243
2471	5256	419
2472	2943	409
2477	1028	272
2488	4597	449
2491	3987	237
2493	2100	250
2499	4942	450
2501	5415	478
2514	2156	443
2517	2835	453
2519	3890	233
2520	7326	222
2520	7326	492
2521	5421	479
2534	5827	303
2544	2816	397
2547	1902	437
2548	4960	254
2551	3501	374
2553	1726	393
2556	2486	744
2563	6651	261
2565	1116	211
2567	3868	312
2573	6857	591
2575	3794	407
2585	5309	333
2586	4811	432
2589	4264	299
2591	3359	473
2605	5323	185
2606	4660	479
2614	2985	246
2618	3637	308
2629	4639	365
2639	4929	463
2640	3733	268
2641	2729	418
2643	1935	453
2645	5484	385
2651	4484	418
2655	5516	474
2655	5516	472
2658	3820	556
2664	6379	185
2666	4176	600
2691	2171	406
2692	7614	752
2696	4547	415
2702	909	285
2708	3696	432
2716	4510	466
2718	2377	285
2719	1924	283
2723	1670	276
2736	6618	453
2740	3773	387
2744	2374	363
2752	4288	261
2758	6660	268
2760	3759	265
2761	2471	417
2768	7251	323
2770	7588	395
2770	7588	322
2775	2997	358
2785	3295	238
2789	3847	280
2792	4466	305
2803	4653	414
2805	6964	488
2805	6964	388
2809	6271	415
2812	4349	302
2817	5452	587
2817	5452	457
2821	3156	326
2823	4472	346
2830	2818	445
2831	4475	185
2839	3453	462
2847	6103	469
2852	4463	386
2852	4463	627
2863	3908	522
2868	4282	215
2875	4051	291
2876	2090	334
2878	3797	369
2879	5730	459
2879	5730	435
2881	2824	185
2884	4433	303
2884	4433	261
2895	2359	243
2896	5628	351
2899	3780	286
2905	5611	503
2907	5678	437
2907	5678	438
2911	1501	325
2913	2517	360
2918	4215	238
2923	6193	241
2924	7221	312
2929	4321	442
2954	4251	369
2956	5677	351
2956	5677	444
2968	2289	238
2970	3524	442
2971	3845	585
2973	3933	419
2987	3746	353
2990	3958	609
2992	2850	359
3007	4575	281
3007	4575	253
3007	4575	481
3010	5550	321
3013	4077	382
3014	6499	340
3019	3272	418
3022	4356	826
3030	4714	470
3033	1646	267
3037	3639	211
3039	5966	428
3042	3828	445
3043	4048	666
3047	3220	387
3053	1976	474
3058	4112	295
3063	4087	479
3064	3865	315
3071	2514	299
3072	4135	185
3076	1720	350
3079	4194	222
3079	4194	472
3085	3365	294
3086	5112	474
3095	1740	450
3100	1907	290
3101	1388	141
3106	5369	630
3107	3822	560
3116	2766	326
3117	4172	453
3117	4172	533
3120	6247	314
3120	6247	387
3136	3398	365
3144	5916	232
3157	4229	262
3162	5271	457
3166	2169	410
3176	6649	561
3177	4042	384
3178	4232	468
3179	2434	200
3180	4609	185
3183	4027	517
3184	3592	365
3187	5358	416
3187	5358	425
3188	4256	523
3196	6313	332
3197	3831	415
3208	2900	230
3210	3002	379
3215	2564	295
3217	2912	418
3218	7303	382
3220	2956	394
3221	3003	343
3225	1999	423
3227	6242	230
3239	1994	424
3240	5896	323
3243	5078	441
3245	5569	280
3245	5569	249
3256	5394	192
3256	5394	337
3258	6865	329
3269	5154	289
3274	4911	250
3277	3535	433
3278	4096	416
3279	4527	491
3280	3962	290
3286	5324	437
3286	5324	245
3286	5324	379
3287	3673	316
3295	5129	405
3296	5395	465
3300	5223	416
3301	5485	367
3305	7241	407
3305	7241	494
3306	2669	477
3308	4358	405
3310	2743	216
3313	2386	488
3316	6946	521
3320	5053	395
3324	1199	433
3325	3210	360
3327	4484	369
3329	5010	266
3331	3283	312
3334	5171	493
3335	4752	424
3341	2904	504
3343	6986	378
3344	3110	426
3353	1716	414
3362	3850	185
3365	2600	386
3367	4234	388
3371	5620	317
3374	4351	505
3375	3564	445
3388	4200	200
3394	3343	288
3397	3311	451
3397	3311	401
3398	7003	524
3399	7348	260
3401	4753	521
3407	4829	239
3414	3569	206
3419	2928	334
3420	2295	261
3421	3627	431
3422	4280	396
3425	6076	527
3433	2513	314
3434	2949	262
3436	2399	346
3437	2608	213
3437	2608	250
3447	2003	286
3465	3177	320
3465	3177	324
3467	2454	238
3468	3067	260
3470	3055	200
3475	6597	185
3476	3228	200
3485	6366	623
3485	6366	315
3495	1275	226
3497	1863	434
3498	4830	415
3515	6390	566
3516	2524	323
3518	2180	285
3524	3937	250
3528	2625	229
3531	4390	185
3535	2353	282
3545	3672	200
3546	3070	365
3556	4585	451
3573	3465	309
3573	3465	256
3589	3363	466
3593	2971	311
3595	3551	418
3601	4626	280
3604	3475	278
3610	1761	479
3618	6536	470
3619	6023	311
3624	2231	360
3627	3274	456
3629	7595	346
3630	3783	266
3633	5204	410
3639	4574	391
3645	5279	396
3650	3976	328
3652	3547	222
3655	2998	420
3657	3251	185
3664	2791	266
3667	3793	297
3669	4167	688
3677	5257	293
3681	3923	329
3682	7513	279
3683	5878	346
3689	3009	280
3696	5097	433
3698	3062	358
3701	746	227
3710	5430	273
3710	5430	215
3711	7513	273
3713	2302	321
3720	3153	185
3723	6461	426
3735	3031	319
3736	4842	366
3742	5664	352
3749	4990	462
3750	3405	428
3756	3139	268
3759	6742	274
3769	2348	185
3770	4075	302
3770	4075	151
3778	3565	290
3784	1858	245
3789	3654	464
3797	2649	587
3798	3912	274
3804	4676	318
3804	4676	297
3809	1786	444
3811	3048	261
3815	3757	317
3819	4447	454
3821	4415	268
3821	4415	302
3830	3657	200
3831	3431	206
3844	4088	256
3844	4088	254
3848	4089	476
3852	3707	448
3866	7102	211
3867	3326	289
3879	3526	350
3885	6500	570
3888	4893	237
3888	4893	261
3894	3079	402
3895	1412	215
3896	5878	286
3896	5878	484
3898	4151	272
3906	6263	248
3911	3791	359
3918	4997	484
3921	4183	475
3929	2690	346
3932	3026	215
3933	4329	418
3939	4157	291
3941	4893	215
3947	5195	486
3948	2378	369
3949	4352	211
3952	3100	488
3960	3764	361
3963	4460	404
3965	4333	232
3967	4156	441
3977	5987	419
3979	782	200
4011	4516	274
4018	4083	705
4029	3289	379
4032	1583	200
4034	3339	377
4034	3339	263
4037	4990	501
4039	5484	473
4042	2592	261
4043	3224	300
4054	5511	584
4057	3084	272
4058	3137	383
4063	4357	433
4087	3415	259
4090	1798	238
4092	1880	200
4095	4382	271
4096	2306	435
4098	3510	369
4099	4468	249
4100	4032	398
4101	2479	371
4105	3085	365
4107	1340	410
4108	4699	381
4109	1971	283
4110	3063	284
4119	3373	426
4124	4621	250
4125	5419	323
4125	5419	462
4129	3712	239
4138	2007	425
4143	3019	448
4145	5085	571
4147	2306	211
4153	3521	185
4155	4710	297
4157	3492	260
4169	3312	211
4170	1024	185
4175	2424	339
4185	2951	417
4189	3972	254
4193	5570	243
4197	5056	499
4198	4031	298
4199	2512	254
4199	2512	255
4200	5549	484
4220	4525	238
4220	4525	213
4229	2021	358
4234	2843	303
4235	3882	331
4235	3882	224
4243	3142	302
4244	3119	238
4256	3046	331
4256	3046	376
4259	4460	215
4262	3185	246
4267	5667	517
4270	3927	238
4271	3036	402
4274	5515	343
4278	3122	427
4283	3551	421
4285	2117	178
4285	2117	184
4288	3492	486
4293	1391	553
4294	1952	243
4297	1870	294
4299	6211	595
4300	6367	524
4301	2464	227
4317	5057	163
4317	5057	337
4334	2678	378
4337	6278	485
4339	2301	307
4345	2567	554
4346	4165	557
4348	2195	522
4352	4894	501
4354	4124	200
4366	2067	222
4367	2358	489
4374	1181	275
4376	4298	200
4378	3962	459
4379	7130	185
4392	1750	396
4398	7579	654
4399	2290	206
4412	2678	375
4418	2519	392
4419	3653	200
4423	5828	490
4424	3992	250
4432	2445	397
4437	993	185
4443	1618	227
4446	6891	481
4449	5113	473
4455	1896	349
4456	4052	462
4458	4597	449
4471	1376	222
4478	3334	282
4486	3386	239
4487	2275	409
4489	4069	434
4496	6098	400
4500	5603	200
4500	5603	407
4505	5619	504
4507	1255	487
4508	3738	341
4509	3536	349
4511	1494	249
4514	3921	200
4516	1798	215
4520	5377	393
4524	3534	237
4526	3102	272
4527	4709	266
4535	2707	420
4536	3437	473
4540	5309	303
4540	5309	306
4542	3261	509
4545	3960	390
4553	4695	256
4554	4135	539
4555	4436	200
4561	4687	457
4568	2826	412
4571	3307	426
4580	5139	529
4583	4100	378
4586	2299	262
4590	1827	185
4601	4038	541
4606	2885	332
4610	4344	366
4612	6190	249
4614	3035	531
4615	2871	512
4618	1469	200
4626	3135	458
4627	2588	279
4629	1629	296
4635	3484	506
4638	4206	200
4640	3994	251
4645	6066	454
4645	6066	211
4647	4707	486
4657	4061	338
4658	4787	645
4659	1605	368
4663	6009	440
4663	6009	332
4665	2220	337
4672	3709	339
4681	2382	364
4691	3487	440
4694	2649	414
4695	2412	458
4701	3897	433
4707	2569	258
4707	2569	200
4710	4565	206
4713	6736	308
4719	3349	348
4723	3082	370
4739	4447	254
4739	4447	185
4740	4373	257
4743	4111	289
4743	4111	305
4746	4320	238
4749	3931	243
4749	3931	273
4752	2238	206
4755	3506	243
4757	4599	534
4766	2287	222
4768	4247	315
4780	4296	222
4781	4000	393
4786	4110	212
4786	4110	382
4787	6439	227
4788	3419	249
4791	3677	232
4791	3677	250
4793	1463	259
4794	2803	481
4795	2957	586
4798	4108	387
4804	3490	411
4808	5776	227
4808	5776	645
4811	3589	364
4813	3417	445
4829	3547	256
4829	3547	221
4831	4503	393
4834	6819	759
4835	6784	403
4839	6850	248
4840	4606	356
4842	3084	232
4864	2319	297
4865	3204	833
4869	3612	329
4873	4388	278
4880	3570	309
4882	5160	409
4892	2964	579
4894	3367	430
4895	3644	650
4896	3359	456
4901	5112	424
4902	4377	432
4912	5905	270
4917	3610	216
4918	7004	309
4923	1960	239
4928	2781	279
4929	4818	436
4934	1075	211
4944	4854	274
4946	5899	222
4947	4385	445
4952	4338	337
4955	2663	307
4959	2346	243
4964	2575	185
4969	962	226
4971	4317	252
4972	3955	387
4975	3997	254
4979	6374	544
4982	4131	265
4988	4617	536
4989	2682	405
4994	3672	518
4997	4303	238
5002	6190	185
5005	2633	470
5015	4914	743
5018	6271	350
5018	6271	536
5019	3223	274
5021	2581	479
5022	6543	295
5030	2457	453
5033	4803	417
5038	3131	395
5045	4839	299
5047	2955	310
5049	5172	523
5049	5172	445
5050	4873	379
5050	4873	342
5055	3082	500
5065	4183	278
5065	4183	256
5069	1929	185
5070	2152	356
5071	3354	264
5075	2977	211
5082	3572	588
5088	4405	250
5097	7227	361
5097	7227	532
5102	3744	346
5113	2797	270
5121	4369	260
5122	1548	255
5137	5701	415
5140	3788	279
5141	4691	279
5142	4545	403
5151	2683	455
5152	3542	363
5153	3921	438
5153	3921	433
5157	6352	401
5162	4526	341
5165	7266	498
5172	4376	276
5176	4604	200
5179	2629	261
5182	3677	546
5183	2540	283
5188	3535	319
5192	5287	498
5196	2433	267
5200	5184	322
5202	4129	390
5203	4003	254
5205	5446	286
5217	4306	185
5219	4951	381
5234	4957	310
5235	6872	344
5235	6872	408
5236	4596	272
5236	4596	200
5243	5653	185
5246	3977	314
5252	2595	343
5262	6584	185
5262	6584	233
5265	3674	376
5272	3054	438
5279	5185	304
5279	5185	397
5283	2119	440
5285	2856	233
5290	1879	690
5306	8229	222
5307	2219	265
5309	4150	298
5311	6158	448
5311	6158	383
5315	3819	303
5320	3715	265
5323	3605	259
5330	6126	237
5332	4553	256
5333	7372	248
5337	5486	343
5339	5737	345
5340	4726	311
5342	4932	532
5344	5115	726
5354	7032	211
5359	3396	443
5376	6880	590
5383	2389	238
5383	2389	346
5385	4204	617
5386	5368	767
5389	6549	239
5393	4214	620
5403	7306	394
5409	3643	263
5409	3643	642
5418	5130	739
5422	4450	596
5429	6792	312
5440	3386	497
5441	3098	554
5442	8328	542
5444	3540	539
5454	4706	410
5457	4321	424
5460	1256	316
5463	7191	508
5470	3159	255
5475	10543	325
5476	5970	363
5479	2009	529
5480	9535	554
5484	3449	306
5495	7525	261
5497	1518	687
5499	4525	482
5502	1007	269
5504	6823	770
5510	4843	279
5510	4843	355
5514	5808	546
5515	2913	529
5516	8081	365
5520	2533	249
5521	2982	291
5529	2254	389
5530	6622	469
5531	8396	322
5534	4943	475
5540	7303	752
5541	4796	403
5544	6787	280
5545	3193	292
5552	11171	270
5553	9860	489
5555	1291	323
5564	6523	419
5564	6523	300
5574	7780	454
5575	5610	565
5578	3894	423
5580	2476	407
5582	6181	777
5589	3583	505
5598	6422	473
5611	9127	245
5613	6390	244
5619	5967	438
5619	5967	357
5623	2813	331
5625	7712	267
5638	6453	383
5644	1811	504
5655	1763	400
5664	4119	289
5668	3690	430
5668	3690	351
5673	3476	370
5674	7569	233
5674	7569	291
5682	4900	227
5703	7363	731
5704	4545	391
5708	4628	249
5712	9635	472
5727	3488	551
5766	5167	360
5769	2289	233
5775	5685	466
5781	8513	252
5783	3672	384
5785	4889	285
5786	9147	478
5797	2508	375
5799	9081	841
5799	9081	542
5802	4612	470
5807	5145	111
5807	5145	380
5810	1688	408
5818	5349	498
5824	5802	505
5826	5965	377
5826	5965	460
5829	4366	410
5834	4767	473
5835	3007	248
5839	1366	250
5846	1668	185
5847	4640	668
5850	2331	266
5852	3974	470
5857	2911	232
5860	5043	811
5865	6240	226
5876	2327	523
5882	4299	185
5882	4299	243
5882	4299	234
5887	7169	185
5888	5826	434
5893	4255	335
5901	1093	378
5906	2242	426
5913	8545	185
5915	4144	380
5918	1399	238
5932	6469	322
5941	1540	395
5961	7300	703
5962	7322	411
5970	2864	697
5976	3402	577
5977	4254	439
5978	6068	512
5984	2550	348
5992	8444	427
5992	8444	577
5994	6040	324
5999	4924	200
6002	7498	540
6002	7498	350
6003	5861	613
6012	2866	408
6013	6742	544
6026	11115	267
6037	6025	358
6044	3125	468
6049	8354	393
6050	6509	207
6050	6509	317
6051	8967	185
6055	1032	265
6063	3037	370
6066	3248	436
6068	2127	466
6070	11492	489
6072	1882	206
6073	10295	551
6077	6017	333
6092	11707	261
6094	2002	239
6097	5552	263
6097	5552	356
6102	2542	331
6111	5129	299
6111	5129	393
6113	6101	551
6113	6101	541
6117	2532	465
6124	4771	385
6125	3776	224
6125	3776	289
6126	9100	385
6133	2258	336
6137	3266	261
6137	3266	144
6141	6670	138
6141	6670	226
6148	5755	494
6149	10387	761
6149	10387	818
6154	4817	557
6157	6929	303
6167	7854	261
6197	3922	466
6209	9114	635
6224	2101	244
6234	5666	489
6235	2960	473
6237	3894	355
6258	7461	237
6268	7468	221
6271	6077	723
6274	9416	277
6277	8179	589
6282	1794	562
6284	1505	362
6290	5243	405
6303	1658	249
6304	6533	518
6308	9378	336
6309	8303	506
6309	8303	652
6316	3453	286
6318	1133	227
6319	3259	410
6321	5340	252
6330	3963	601
6332	3026	539
6333	6579	277
6346	3552	303
6347	9259	346
6362	5935	436
6365	6058	362
6365	6058	272
6380	4250	351
6381	4112	316
6388	6128	185
6389	1966	283
6393	10623	512
6396	753	206
6402	2815	328
6408	2359	340
6409	1811	267
6411	7045	648
6413	7907	545
6413	7907	288
6418	4588	316
6426	8898	260
6433	3646	486
6436	3257	227
6447	3497	340
6452	3307	314
6460	2468	317
6461	2660	296
6468	3169	337
6472	2092	330
6475	4029	185
6475	4029	301
6476	7150	360
6484	7923	353
6486	6882	515
6487	2452	282
6494	3186	447
6503	3614	417
6503	3614	358
6510	4185	424
6512	2879	346
6515	1627	307
6516	5500	200
6518	1936	323
6519	1777	497
6523	4226	391
6523	4226	173
6523	4226	152
6531	1407	215
6535	4633	402
6540	2989	185
6541	6694	200
6545	3558	211
6552	7253	376
6552	7253	458
6553	963	280
6567	7783	185
6569	1131	451
6572	8003	316
6577	2089	268
6583	8776	265
6586	2171	406
6588	3567	297
6595	11711	539
6597	5805	392
6616	3835	336
6620	2349	277
6622	7519	406
6626	7813	268
6638	8565	381
6660	2249	373
6672	3909	283
6674	3327	448
6683	2143	305
6689	4998	541
6697	2731	206
6699	10472	225
6699	10472	390
6702	4870	550
6706	7044	278
6716	4844	446
6717	4398	441
6720	2706	310
6720	2706	273
6723	3832	351
6731	5657	290
6732	8607	185
6732	8607	295
6741	2251	518
6746	7052	563
6750	6679	279
6750	6679	266
6751	5886	327
6754	2983	338
6757	4333	434
6765	3516	358
6771	3663	285
6775	4031	340
6782	6445	343
6786	3365	255
6794	2467	533
6798	2422	526
6799	1909	384
6800	1374	323
6807	7924	262
6807	7924	537
6814	4926	343
6824	4919	332
6836	2318	267
6838	3033	290
6842	6092	402
6842	6092	389
6844	10426	339
6850	10305	406
6858	4966	315
6861	3395	336
6862	2233	341
6865	6301	325
6873	5564	238
6876	5720	467
6880	2960	362
6880	2960	166
6884	3131	303
6889	3905	743
6901	3431	370
6916	4625	185
6918	1585	255
6919	7883	495
6924	7453	200
6926	8597	200
6927	5667	462
6931	5116	454
6932	3387	311
6943	2005	278
6950	2869	554
6972	3175	185
6974	2004	437
6976	4344	493
6984	4714	513
6987	4720	329
6989	1996	409
6994	5422	280
7005	4266	200
7008	5719	550
7011	5170	426
7019	2970	302
7020	6005	546
7021	4912	308
7022	8724	533
7023	2330	294
7025	3766	404
7029	4991	255
7034	1726	260
7047	5579	306
7050	3769	463
7058	9323	547
7058	9323	581
7060	2685	408
7061	7634	270
7066	3974	517
7066	3974	393
7068	5492	268
7068	5492	152
7079	5458	456
7082	9544	403
7089	5229	447
7095	5448	602
7098	7927	294
7099	4712	297
7117	3257	365
7118	5028	560
7125	6871	185
7126	4029	337
7126	4029	444
7127	9180	384
7130	7062	190
7130	7062	120
7133	1734	441
7143	4650	297
7147	5023	350
7171	6804	536
7183	3392	385
7188	4306	348
7194	6000	443
7197	3421	512
7198	2688	336
7200	7174	222
7202	4751	481
7203	3859	344
7203	3859	544
7212	6440	215
7229	4925	532
7232	3409	549
7233	3146	478
7239	5234	548
7240	4484	184
7240	4484	183
7242	3304	472
7244	4037	185
7249	8532	438
7249	8532	549
7250	3149	595
7252	6840	472
7260	3209	278
7262	1619	254
7270	6349	439
7272	5299	467
7273	2955	440
7290	4286	305
7291	5269	501
7296	1416	237
7320	4346	238
7326	3288	287
7335	4252	237
7338	4387	516
7359	5473	539
7361	2359	315
7364	4175	348
7375	1577	255
7377	2044	310
7380	8182	503
7385	5019	393
7386	1423	200
7389	1391	382
7391	6460	323
7393	10739	441
7393	10739	431
7394	11187	265
7402	6478	650
7405	4097	453
7413	2457	426
7416	7008	542
7425	6713	368
7428	3799	610
7433	8065	185
7436	3569	185
7437	12296	200
7442	7343	232
7444	3570	468
7457	8053	444
7459	10742	256
7459	10742	321
7466	4878	422
7476	3187	211
7477	2488	342
7484	2501	362
7487	1457	243
7496	4238	581
7505	3099	241
7512	3546	242
7518	6013	472
7521	2583	206
7522	2199	331
7523	4097	222
7528	3776	245
7532	2795	447
7542	4588	357
7545	5449	229
7546	2070	321
7547	2503	429
7552	6766	281
7564	4914	357
7571	8722	380
7571	8722	313
7577	5289	460
7578	4920	372
7580	4451	472
7581	4544	288
7584	2495	289
7589	3360	234
7593	7292	490
7597	3342	362
7598	1922	232
7600	3533	323
7604	6352	369
7609	3372	367
7610	2606	227
7615	3082	408
7617	3996	367
7632	2242	238
7633	3723	418
7638	8756	439
7644	2945	474
7647	5340	345
7659	3473	341
7659	3473	327
7665	3505	185
7667	5612	267
7669	4891	185
7670	5822	467
7673	2285	444
7682	2438	355
7685	6431	200
7685	6431	256
7687	5529	366
7689	3725	360
7690	3301	361
7691	2245	267
7695	4004	307
7697	4037	309
7701	3453	434
7707	4136	200
7709	3018	327
7720	4456	463
7722	8869	452
7722	8869	200
7723	2638	289
7725	7270	185
7728	1810	279
7736	3362	446
7743	2640	211
7744	1784	317
7749	1853	450
7752	2566	401
7761	4389	245
7761	4389	232
7764	2579	351
7766	3349	185
7772	2546	185
7773	1197	250
7776	4382	479
7777	4817	331
7781	1942	324
7782	6598	280
7784	3527	361
7785	4172	429
7791	4205	200
7793	4611	487
7794	4175	534
7797	4021	471
7799	4584	278
7808	7129	273
7811	4139	409
7812	4114	289
7814	3535	327
7815	2561	263
7817	3264	383
7818	2642	275
7819	3894	274
7821	3208	238
7821	3208	276
7823	2623	215
7830	5370	261
7833	3158	462
7841	4011	451
7844	4363	271
7844	4363	376
7845	3240	255
7846	3317	300
7851	7879	355
7854	5825	557
7855	8918	211
7862	6751	426
7864	2878	458
7867	3377	267
7876	7948	185
7877	4822	416
7878	6442	245
7883	3939	457
7895	8116	741
7901	4873	346
7903	7075	425
7905	4300	387
7908	3934	267
7911	4871	479
7913	3616	206
7916	6571	261
7919	3516	250
7925	1938	292
7933	3500	258
7933	3500	428
7934	3944	276
7941	8974	416
7947	4294	373
7960	3865	346
7960	3865	187
7961	2856	265
7964	857	215
7966	2019	423
7978	3978	331
7981	4071	510
7986	2523	531
7987	3553	622
7988	3155	200
7994	2081	200
8006	4911	185
8011	3412	200
8012	2040	301
8013	926	301
8024	3879	303
8028	5540	287
8031	4484	592
8033	4017	498
8034	2639	244
8036	4180	537
8037	2709	271
8041	4774	362
8042	6410	447
8042	6410	221
8042	6410	152
8045	5141	262
8046	3812	426
8048	1644	446
8049	3905	446
8050	3187	382
8051	6506	689
8054	3498	277
8054	3498	192
8057	4284	426
8057	4284	395
8066	3256	521
8067	2219	287
8071	1667	309
8073	3114	261
8075	2656	211
8082	4436	294
8082	4436	280
8086	2504	272
8089	3106	300
8093	3725	185
8097	3305	371
8099	5393	222
8101	3642	185
8109	1775	297
8113	2252	322
8115	3692	325
8118	6540	555
8122	1668	286
8127	1920	254
8130	2528	211
8131	2570	440
8138	2693	476
8141	4421	309
8149	2276	302
8149	2276	222
8150	2231	379
8156	6478	200
8156	6478	478
8160	7028	425
8160	7028	385
8163	4038	286
8165	2296	557
8166	5559	458
8181	1813	265
8183	3485	266
8187	4816	274
8190	5691	544
8198	4082	243
8199	1787	300
8208	2167	492
8219	4100	475
8228	2137	242
8232	2471	271
8234	9589	307
8236	3602	516
8237	1222	280
8241	5460	418
8243	9806	356
8250	2975	237
8253	3340	466
8255	6773	511
8258	4735	432
8260	3090	369
8267	4403	411
8273	2856	385
8281	2861	265
8284	5795	399
8290	4233	227
8293	2571	286
8295	1948	227
8296	1969	301
8296	1969	411
8302	1839	371
8308	1931	185
8309	7203	533
8311	4095	404
8316	1946	311
8318	3281	260
8318	3281	277
8320	6107	666
8328	5201	293
8330	8180	254
8341	4442	185
8347	1856	374
8347	1856	350
8349	1581	241
8355	2316	286
8357	8082	295
8357	8082	409
8358	3076	391
8363	3814	420
8369	4107	268
8369	4107	238
8373	1687	292
8379	2869	231
8379	2869	237
8382	3899	295
8386	6829	358
8386	6829	268
8401	4923	398
8410	7842	384
8411	1488	200
8414	1843	211
8419	3857	301
8420	2570	261
8422	2401	200
8423	5440	409
8424	7348	453
8438	2533	282
8442	6026	398
8456	4052	357
8471	4280	312
8481	3476	256
8483	3940	238
8491	4265	388
8495	3020	174
8495	3020	342
8504	3423	422
8506	6641	449
8508	3670	616
8512	2882	340
8514	6175	215
8516	4438	403
8521	3551	339
8521	3551	185
8524	2260	249
8526	2259	434
8537	1845	237
8542	3148	185
8551	4591	650
8563	6939	338
8569	7643	629
8569	7643	366
8575	1328	255
8584	3815	372
8589	7412	259
8591	3423	438
8592	4196	314
8594	5102	379
8601	4087	243
8606	3748	485
8607	5743	524
8608	2157	222
8610	3925	404
8615	5292	373
8616	3477	435
8618	5857	251
8619	2932	339
8621	1819	321
8624	3480	296
8626	4257	243
8628	3471	302
8635	5265	343
8643	7364	452
8646	4048	354
8649	4302	476
8651	4063	277
8653	4334	457
8654	5764	440
8654	5764	391
8664	5215	286
8666	3913	345
8668	2366	185
8677	5494	310
8684	4710	215
8691	5471	312
8698	2997	345
8700	4193	322
8707	7388	486
8711	4083	394
8712	4239	460
8731	2066	330
8745	1821	327
8746	6587	340
8746	6587	417
8747	4373	222
8748	5975	348
8758	8741	513
8759	7032	263
8759	7032	273
8763	4001	296
8764	2253	215
8767	3556	356
8777	4643	416
8783	2073	227
8794	4573	391
8796	2304	313
8800	1869	266
8804	4563	243
8805	2730	185
8811	9040	456
8813	5090	510
8816	5338	350
8818	3302	288
8819	4901	522
8821	2054	262
8822	5389	411
8823	5159	215
8824	5421	378
8825	3867	341
8828	3899	398
8833	2255	435
8834	2468	289
8838	2523	238
8839	6640	202
8839	6640	175
8842	4522	445
8854	5049	566
8856	2802	443
8857	3933	317
8859	3507	730
8862	3744	470
8863	7971	309
8864	5080	393
8869	4744	620
8869	4744	500
8873	1854	295
8877	3430	394
8880	5065	526
8885	2364	312
8890	5666	240
8890	5666	210
8896	4241	257
8896	4241	150
8896	4241	251
8900	2003	309
8908	5982	370
8909	3118	459
8918	1957	222
8919	2816	364
8927	2295	200
8929	2980	328
8935	4345	404
8939	3492	329
8944	4162	520
8951	6274	420
8953	4998	423
8954	1492	185
8975	3653	427
8978	2561	185
8979	4180	242
8980	4036	404
8981	7208	408
8982	3256	464
8985	4784	458
8988	5632	458
8991	4396	477
8997	4614	271
9001	6222	347
9001	6222	279
9003	2765	281
9004	5967	331
9004	5967	481
9005	5240	282
9005	5240	243
9017	1924	372
9022	8187	416
9027	6657	287
9038	4705	216
9042	4360	485
9043	3516	265
9045	6098	262
9047	7725	454
9048	7954	361
9053	8685	347
9053	8685	402
9055	7350	266
9064	4224	185
9076	8016	263
9088	4501	185
9099	2237	296
9100	4120	200
9100	4120	280
9104	9109	200
9105	4276	376
9123	2421	255
9127	3691	293
9127	3691	211
9130	4104	414
9141	6679	211
9142	4788	206
9144	6505	185
9147	2625	272
9148	3643	255
9151	4725	453
9161	1878	280
9169	777	206
9174	9614	367
9186	3008	280
9195	5657	286
9202	4092	367
9203	5992	319
9203	5992	251
9207	5998	300
9208	3176	282
9209	4625	382
9214	2042	315
9216	2494	386
9224	6235	270
9227	2591	226
9228	4324	286
9228	4324	342
9233	1255	251
9240	3809	206
9244	2386	282
9258	5416	471
9262	4772	739
9273	8878	430
9279	3630	227
9283	3836	339
9285	3995	693
9286	3477	185
9294	5830	262
9301	4527	232
9302	2672	250
9304	3641	353
9305	2665	254
9310	8995	397
9310	8995	311
9312	2063	413
9314	5153	227
9314	5153	548
9319	3033	255
9326	5047	354
9327	7387	222
9332	6793	353
9333	2521	283
9334	5530	652
9335	2114	280
9336	5029	216
9342	4246	479
9344	4544	614
9346	6642	450
9349	1889	270
9354	6989	216
9358	4526	509
9359	4735	322
9367	4468	337
9369	6209	238
9372	7862	685
9373	1385	282
9375	5911	441
9376	3981	185
9381	8829	206
9384	4753	267
9389	1838	332
9393	3783	367
9399	3766	503
9405	4868	504
9406	4904	305
9413	2880	421
9426	2798	336
9428	6982	307
9429	4072	200
9431	4629	465
9433	5164	315
9435	3045	268
9436	4772	216
9438	7840	185
9441	3419	241
9442	4538	441
9445	3049	380
9449	2789	200
9451	5316	472
9453	3504	441
9458	6797	273
9459	5859	434
9466	2401	221
9467	3913	438
9472	7780	381
9479	3868	238
9493	3681	234
9507	2160	389
9511	7312	289
9515	3577	513
9526	2499	499
9528	6913	711
9536	14865	391
9540	7780	185
9541	2281	282
9547	3956	221
9557	10843	472
9576	1268	388
9584	11985	436
9585	4925	242
9592	2004	325
9595	6735	335
9597	4682	345
9599	3322	200
9602	5430	454
9603	11269	371
9607	2790	281
9613	5990	206
9616	3391	344
9619	4629	353
9623	9701	211
9644	5619	599
9646	7988	290
9647	2130	230
9649	13995	403
9651	4248	348
9654	11218	238
9660	2989	256
9662	7329	322
9673	6177	587
9676	4617	234
9681	5440	731
9683	7178	672
9702	3189	229
9708	5919	624
9718	14343	456
9729	3842	397
9732	3710	255
9734	4350	816
9744	6918	471
9746	3823	426
9753	7625	458
9756	5322	720
9759	7725	549
9761	3389	556
9769	5270	692
9770	8011	479
9779	13647	363
9801	4150	313
9803	3880	387
9816	2989	453
9829	1891	363
9830	13349	740
9832	4073	495
9836	8492	603
9836	8492	690
9841	4388	508
9844	5574	456
9854	5871	582
9854	5871	143
9858	2273	185
9863	6141	227
9863	6141	416
9864	4522	337
9872	4516	604
9880	4960	347
9881	6964	404
9882	9179	382
9892	4713	364
9895	3209	355
9900	3372	371
9904	3510	405
9913	3000	251
9913	3000	382
9914	5769	566
9922	4719	300
9932	8625	230
9932	8625	353
9947	3985	269
9949	8153	460
9955	5765	406
9956	3113	318
9958	8640	275
9961	5827	548
9964	4808	480
9973	7262	529
9977	2755	358
9978	4161	420
9982	3383	232
9983	1395	351
9994	3358	233
9997	3768	350
10000	12978	733
10010	7105	255
10013	5127	268
10020	14571	300
10021	3955	368
10025	7361	429
10030	2472	234
10031	7952	401
10049	2662	421
10057	1827	166
10057	1827	177
10063	8373	273
10065	4111	300
10065	4111	250
10068	2857	331
10069	12033	560
10069	12033	492
10071	3848	354
10079	8182	215
10080	1101	356
10088	4262	468
10089	2459	237
10111	8052	306
10121	2933	620
10124	4667	353
10139	3811	211
10143	6378	222
10144	10024	400
10144	10024	371
10144	10024	355
10145	1832	309
10146	3251	615
10147	13005	461
10147	13005	521
10148	4296	227
10150	4338	505
10162	8244	377
10174	4612	309
10176	3817	409
10179	7168	698
10182	4494	486
10184	2603	331
10191	12352	353
10191	12352	275
10199	4635	439
10202	2799	490
10204	5884	531
10217	2851	249
10221	1527	185
10223	6337	388
10224	6748	463
10228	3964	414
10233	4566	185
10234	7719	589
10234	7719	704
10235	4246	352
10237	618	328
10239	9023	185
10245	5917	158
10245	5917	281
10249	7249	252
10249	7249	207
10251	3852	279
10258	3840	341
10258	3840	185
10261	6119	257
10263	6102	185
10272	4279	464
10305	7331	215
10315	7494	273
10317	3905	457
10319	13129	407
10325	5208	480
10330	11337	285
10330	11337	282
10332	3120	390
10342	3273	505
10349	1784	211
10350	7444	290
10352	5464	227
10356	8134	422
10357	7298	506
10362	5034	230
10362	5034	384
10363	6172	301
10363	6172	263
10372	2747	599
10373	4952	372
10379	2621	499
10393	4720	516
10396	10704	360
10400	3036	185
10407	2516	248
10408	5246	273
10412	9414	398
10412	9414	465
10416	3352	655
10417	12805	520
10434	6481	355
10437	3799	461
10442	3323	238
10444	2900	272
10446	9518	602
10447	7451	320
10452	4660	185
10461	2396	470
10466	4951	378
10469	3904	278
10474	3208	200
10475	3653	375
10476	11267	349
10478	9336	354
10482	3818	227
10483	4952	290
10492	2704	610
10501	6678	367
10505	3131	348
10510	2240	394
10514	4506	633
10527	12628	529
10528	7714	300
10535	1805	437
10545	13209	444
10551	11881	266
10553	4970	500
10553	4970	286
10558	9002	270
10558	9002	145
10560	6298	740
10568	2218	279
10582	3317	449
10588	4649	355
10591	5427	200
10597	11190	400
10597	11190	278
10599	13346	452
10601	4504	310
10602	10468	799
10606	4467	404
10611	5080	249
10612	6275	185
10613	12279	280
10613	12279	594
10618	8583	796
10620	2316	579
10621	8822	415
10622	5112	422
10638	7300	316
10647	3145	290
10652	3254	200
10658	12818	498
10659	8058	341
10671	12058	433
10696	2198	554
10697	2210	362
10698	2714	541
10701	6145	293
10704	8559	416
10717	12114	509
10717	12114	357
10728	2964	379
10729	9472	763
10734	2931	433
10735	14066	438
10735	14066	527
10737	3044	508
10738	2875	471
10740	2345	200
10743	9938	319
10744	10576	400
10749	4589	316
10752	1803	200
10755	4524	670
10757	6564	563
10760	5980	496
10772	10375	249
10775	5190	522
10777	5721	425
10796	3653	583
10800	3948	552
10801	2365	348
10803	13817	308
10804	9799	238
10809	9628	360
10810	5759	614
10822	7261	561
10822	7261	550
10825	5647	364
10837	2538	327
10838	3588	394
10839	4800	404
10843	3779	242
10845	4687	200
10847	3326	456
10850	3014	312
10853	8098	555
10853	8098	475
10855	10783	492
10858	12608	280
10860	4481	426
10867	4428	447
10878	11689	490
10889	2185	357
10890	4214	410
10891	5212	630
10891	5212	518
10897	3797	641
10905	7857	257
10905	7857	523
10907	6943	417
10908	8621	263
10910	2952	384
10911	5044	599
10923	614	185
10926	2452	408
10933	5883	648
10938	5918	379
10945	2563	450
10947	4411	783
10948	2634	277
10950	6174	300
10952	4092	498
10955	2761	380
10957	6930	496
10959	7487	288
10960	3392	329
10963	2041	481
10971	6563	275
10981	4691	571
10987	4749	806
10995	5647	316
10996	2888	460
10999	3474	569
11002	3042	382
11004	3016	559
11005	3046	361
11008	4116	466
11010	3649	279
11013	7655	280
11014	6407	227
11022	3157	313
11030	3641	410
11036	4359	451
11038	3329	468
11039	4330	354
11040	3139	596
11044	3793	514
11048	4930	729
11051	2176	288
11056	5220	516
11058	3783	282
11061	3174	589
11062	5194	442
11063	3526	469
11071	2163	362
11075	2443	368
11080	7038	418
11082	3565	227
11092	4706	299
11097	5182	545
11106	1029	227
11111	6109	185
11114	4204	426
11116	3657	262
11121	8136	488
11121	8136	569
11131	4342	483
11143	12090	312
11143	12090	372
11145	3112	577
11146	3998	459
11151	5190	413
11158	4684	455
11161	1343	302
11164	3462	464
11166	7633	185
11167	1611	407
11175	7853	343
11178	4730	351
11179	4746	272
11181	2526	389
11182	2416	334
11191	8135	243
11192	5343	383
11201	2324	481
11212	3916	389
11214	2407	517
11216	6777	368
11222	3602	412
11233	1849	338
11234	2037	454
11243	4626	365
11244	2905	491
11257	5677	330
11259	5449	500
11261	5078	296
11271	7449	546
11280	2753	432
11286	3619	479
11290	2605	211
11291	3293	396
11296	4262	332
11297	5706	291
11299	3047	291
11301	3663	367
11305	4770	416
11313	4291	452
11314	1752	288
11316	1902	345
11317	3931	303
11320	3129	296
11324	5015	185
11333	5208	550
11334	2769	472
11338	3273	211
11339	2229	327
11341	13269	284
11343	2022	356
11344	3083	674
11350	5293	461
11363	4080	330
11365	3731	414
11375	13821	309
11379	8454	595
11380	3161	543
11381	6338	695
11383	1324	417
11390	5031	673
11391	3006	206
11392	5001	277
11400	2732	293
11407	10639	313
11408	2294	508
11410	3818	185
11414	5390	557
11417	4609	502
11424	7506	686
11425	4071	425
11432	5287	255
11434	2395	589
11438	5422	349
11447	3966	553
11448	1584	211
11454	4165	215
11454	4165	211
11458	4436	377
11459	3303	284
11459	3303	285
11465	4446	526
11466	6957	164
11466	6957	230
11473	5892	635
11483	11663	305
11483	11663	262
11485	3323	432
11494	6795	422
11496	5088	222
11501	4225	396
11508	2314	222
11509	9887	355
11515	7872	256
11523	6729	799
11526	2663	552
11527	4106	318
11531	3513	457
11532	2724	486
11533	3842	645
11536	10454	460
11540	4276	185
11545	5294	162
11545	5294	240
11551	4115	185
11552	2816	451
11559	4092	448
11570	5980	502
11573	3476	481
11578	2347	491
11587	5676	418
11588	2834	267
11591	5933	537
11595	1768	541
11597	3614	442
11599	6156	483
11602	5676	186
11602	5676	207
11606	6914	289
11606	6914	509
11610	6007	371
11619	5814	227
11623	12080	471
11634	4378	433
11635	5613	408
11636	6984	330
11646	14533	283
11654	9955	617
11657	3885	429
11660	11454	457
11662	5496	496
11674	10785	345
11675	5119	227
11676	4684	444
11679	6427	419
11679	6427	474
11680	4385	185
11682	2644	407
11689	5793	412
11690	8019	303
11693	2470	544
11697	11344	436
11701	5825	185
11720	12795	340
11720	12795	233
11721	5765	420
11728	10884	373
11731	4621	561
11732	4210	334
11733	6449	389
11736	12659	401
11736	12659	227
11737	7032	227
11737	7032	367
11742	6270	232
11746	7621	316
11747	3951	244
11751	14530	383
11759	4359	546
11768	6167	357
11770	12806	274
11775	1841	356
11782	1135	287
11783	4226	261
11790	2333	770
11793	2299	206
11794	4512	569
11796	5316	341
11796	5316	281
11804	4185	200
11807	2641	200
11823	3740	266
11825	2691	301
11826	7500	246
11841	8665	402
11843	5489	320
11846	3123	265
11848	5459	429
11849	7194	461
11849	7194	532
11855	1716	424
11857	3402	269
11869	8425	417
11876	3793	460
11884	3454	371
11888	2959	472
11889	3371	400
11890	7352	275
11894	9014	287
11896	4045	274
11910	3535	274
11911	3419	337
11916	3453	200
11918	2924	185
11921	6337	585
11926	1287	278
11927	3386	477
11941	4335	630
11942	6525	299
11944	1344	265
11946	2117	275
11950	13190	248
11959	4789	295
11965	4600	196
11966	5982	464
11970	4199	277
11974	2507	410
11980	11929	211
11989	2339	185
11994	4748	358
12006	1538	226
12010	2075	185
12011	5333	545
12017	2408	299
12017	2408	313
12022	2769	200
12027	5828	308
12054	1309	185
12060	2837	244
12069	3708	393
12075	4720	575
12079	8469	200
12079	8469	291
12083	3212	449
12085	2863	302
12087	2299	292
12092	4131	356
12094	5858	475
12102	7704	289
12104	5213	222
12113	3962	438
12115	4419	279
12123	5413	261
12129	3309	416
12138	5094	568
12139	3291	269
12140	3981	409
12145	2037	358
12151	5223	405
12152	3127	290
12154	3421	284
12156	5442	508
12158	5657	429
12158	5657	311
12164	8329	269
12173	5070	185
12176	3707	249
12179	2600	407
12180	3465	367
12181	3404	402
12187	2985	350
12190	3037	222
12191	2604	278
12195	2097	563
12196	3631	296
12205	4974	273
12208	3533	376
12213	2432	316
12215	3419	409
12221	2026	261
12224	8603	498
12234	6313	470
12235	1970	306
12238	1799	388
12239	2647	334
12240	8148	397
12248	7382	315
12251	5005	200
12262	3886	185
12265	3190	358
12268	6600	185
12269	3425	394
12276	7553	606
12278	6210	423
12286	5206	302
12288	5460	633
12291	3102	273
12292	2842	433
12293	3945	423
12299	1676	210
12302	5385	497
12309	5506	300
12309	5506	234
12310	4771	305
12314	7577	503
12315	1722	471
12316	5786	458
12317	3582	200
12318	5414	347
12320	3545	390
12322	3298	385
12322	3298	378
12326	7439	303
12328	5483	372
12333	2937	222
12338	2356	447
12344	8076	287
12344	8076	302
12349	7265	243
12351	3089	410
12355	2966	345
12356	1670	252
12366	3300	276
12371	1083	429
12373	5092	221
12374	3567	424
12381	2862	395
12384	1469	425
12398	2946	310
12401	5345	200
12404	4036	261
12407	7601	365
12410	7033	477
12411	5956	343
12415	5507	316
12418	1707	340
12435	6432	382
12447	4547	200
12448	8559	211
12454	2977	277
12455	5025	436
12457	4350	280
12461	1774	232
12463	1821	193
12463	1821	310
12465	5003	207
12465	5003	267
12465	5003	522
12466	3209	311
12466	3209	271
12467	7097	465
12470	4378	449
12473	6352	258
12476	2135	416
12480	5399	373
12481	3433	304
12489	3202	272
12490	6228	288
12490	6228	232
12494	4177	402
12495	6203	275
12498	2495	373
12506	5464	469
12508	7313	424
12509	2934	206
12510	1666	473
12523	2797	365
12524	2641	404
12533	3512	304
12536	4712	407
12546	7086	290
12555	7233	215
12559	2257	347
12560	8400	279
12562	6039	316
12563	2500	185
12564	3319	417
12564	3319	296
12574	3003	374
12576	2936	356
12578	2155	222
12580	3465	414
12586	4864	578
12587	3776	413
12590	1405	287
12592	4497	312
12596	4060	367
12598	4579	440
12603	5153	602
12612	4653	340
12622	4368	457
12628	1935	485
12629	7069	488
12630	3330	335
12632	8281	200
12637	5810	495
12643	4892	681
12646	2872	395
12658	4163	271
12661	1717	303
12662	3048	233
12663	2677	267
12665	3504	291
12666	6360	386
12670	3874	238
12674	3840	211
12675	3120	401
12675	3120	377
12677	4819	612
12680	3260	325
12685	3446	447
12689	5320	646
12693	2059	284
12694	3356	264
12697	3700	415
12702	3317	200
12704	5005	292
12712	3868	312
12713	3143	409
12714	5052	519
12716	5876	416
12717	7471	475
12718	4840	370
12722	1292	215
12723	2338	185
12724	2528	267
12726	3857	254
12726	3857	193
12745	3106	261
12760	2238	558
12764	3899	432
12769	4327	370
12771	7830	379
12775	7489	244
12777	5330	409
12780	4072	539
12781	2929	226
12787	3791	300
12790	6098	570
12804	3120	345
12804	3120	260
12813	7158	394
12814	2673	436
12820	3352	292
12820	3352	186
12825	3236	307
12829	4655	489
12831	4494	185
12838	3977	404
12839	3746	249
12839	3746	287
12845	1390	364
12848	2658	559
12851	6742	536
12851	6742	588
12853	5868	317
12855	5696	382
12857	5463	243
12863	2719	423
12864	3198	583
12869	5584	423
12873	4751	471
12880	5265	185
12881	3838	449
12883	6237	390
12894	3797	436
12897	5278	268
12902	3660	185
12903	2733	738
12907	6092	227
12909	6004	597
12911	3657	374
12917	2509	232
12921	3078	253
12934	1633	430
12939	6517	698
12944	3851	394
12945	2070	432
12948	4167	692
12952	3121	317
12952	3121	308
12964	5999	227
12966	1493	426
12975	5213	619
12976	2796	239
12983	4373	382
12985	4780	488
12988	2744	392
12991	5396	251
12993	5768	268
12994	5539	406
13000	3919	299
13002	2387	396
13017	2065	259
13022	2179	316
13033	4464	396
13041	3488	451
13043	5294	243
13047	1781	298
13052	6071	453
13065	2837	463
13067	3357	424
13071	2755	185
13074	2612	407
13077	4982	495
13078	3369	342
13079	3200	185
13081	5400	202
13082	5394	485
13087	5283	269
13087	5283	633
13088	3964	515
13091	3890	227
13099	1604	388
13100	3762	458
13105	2390	390
13110	3663	367
13114	4509	729
13122	6817	380
13125	4663	741
13130	2788	395
13133	5702	388
13134	1879	409
13142	3435	200
13152	3055	206
13161	4644	334
13163	6488	492
13167	4105	464
13169	7554	440
13176	3627	407
13178	4651	254
13182	3084	293
13184	3721	279
13185	3348	361
13191	5684	259
13195	4626	451
13197	2548	238
13201	3064	633
13202	4409	462
13205	1503	296
13217	3119	249
13218	2280	448
13220	3967	211
13235	4729	471
13237	4079	402
13240	3843	222
13240	3843	238
13241	5364	419
13247	2078	396
13250	3678	412
13251	3718	550
13254	4492	286
13255	2958	215
13264	4622	447
13270	5161	246
13271	7818	439
13272	6555	318
13272	6555	239
13273	2543	329
13274	5690	399
13275	1876	459
13280	3241	335
13283	5974	726
13285	3655	259
13294	3563	301
13297	2621	461
13301	2537	249
13302	3014	388
13305	6135	281
13306	5785	296
13311	4139	358
13313	4625	250
13320	7769	386
13324	6100	341
13331	4078	323
13332	6573	459
13333	4275	342
13335	3398	280
13337	1586	251
13340	4983	308
13353	1741	405
13354	7111	384
13361	2533	377
13368	3870	233
13369	4325	635
13380	5681	402
13382	5302	399
13389	4428	265
13389	4428	380
13402	4796	307
13416	3149	388
13421	4861	306
13421	4861	238
13428	4092	435
13430	5411	324
13432	4587	416
13435	2940	185
13443	2608	444
13447	3837	270
13449	3442	473
13455	2977	221
13458	6018	419
13459	5033	261
13464	4918	190
13464	4918	236
13469	2232	540
13473	6442	473
13476	5010	395
13477	4281	200
13481	5701	185
13482	1950	368
13487	6215	642
13491	7818	433
13492	3636	346
13493	6824	387
13496	3568	200
13498	2219	211
13502	4277	227
13509	3302	381
13511	2273	384
13516	3908	254
13522	3456	359
13528	4861	329
13537	4315	426
13540	3746	288
13542	5088	404
13543	2764	304
13544	5061	524
13557	4351	256
13567	4840	315
13568	5266	466
13571	5147	412
13574	5499	267
13574	5499	185
13583	2062	285
13586	6576	272
13586	6576	313
13593	5424	365
13606	6512	206
13610	6983	472
13610	6983	337
13621	2780	185
13627	4617	323
13627	4617	449
13628	1446	259
13633	5248	185
13635	1343	327
13638	2393	239
13643	3510	346
13645	3118	475
13646	3715	520
13657	5519	238
13659	6144	551
13665	4625	335
13671	4008	283
13671	4008	227
13672	2750	331
13675	3146	372
13681	2839	323
13682	3705	289
13685	4207	305
13691	2405	334
13692	2321	309
13696	2276	557
13703	3077	364
13706	5325	279
13715	7624	410
13716	3139	251
13717	4593	472
13723	3756	274
13738	1876	342
13741	5263	321
13750	3579	393
13751	4446	221
13751	4446	249
13768	2713	226
13772	3067	230
13774	6312	384
13777	6754	292
13778	2686	387
13780	3161	415
13781	4231	243
13788	3522	287
13793	3479	449
13798	4029	408
13802	3708	471
13804	4641	558
13808	3203	754
13811	7706	324
13818	6787	438
13826	4406	414
13827	6640	596
13833	4340	200
13842	4832	472
13847	2018	241
13856	3793	340
13859	3374	294
13860	4222	358
13861	4070	456
13864	3433	185
13865	6597	331
13869	5023	317
13873	5454	243
13877	3020	254
13890	2644	412
13892	2813	433
13894	4916	340
13894	4916	358
13900	6762	462
13901	4256	387
13901	4256	209
13906	2894	234
13906	2894	431
13909	3225	216
13916	5234	476
13918	3470	185
13919	4036	373
13922	3926	222
13922	3926	222
13934	4279	371
13939	6147	478
13949	2974	267
13951	6054	227
13953	2535	495
13955	2560	460
13958	7655	283
13961	6879	380
13962	3166	369
13968	5947	474
13970	3295	262
13972	4362	477
13980	4938	285
13989	2841	254
13993	6213	428
14001	6634	500
14009	6345	190
14009	6345	209
14011	7445	321
14013	6475	530
14017	3969	481
14018	3136	234
14020	5448	356
14030	4525	635
14031	1729	206
14034	3715	301
14046	2490	297
14051	4814	284
14060	1746	428
14061	4190	399
14062	4397	389
14062	4397	296
14072	7741	376
14077	2116	410
14083	4378	352
14085	3460	384
14090	4570	200
14095	2561	273
14100	3149	265
14105	4657	185
14115	4562	447
14117	2987	527
14118	4877	436
14118	4877	328
14122	3308	406
14128	1927	354
14132	3541	485
14137	5324	474
14138	4764	282
14144	5363	185
14147	2728	389
14154	3242	489
14159	6230	413
14167	4594	455
14168	2580	390
14171	5227	255
14179	4372	446
14180	4320	211
14183	4578	485
14189	5295	584
14192	3273	266
14193	4526	280
14193	4526	200
14200	1570	302
14201	3118	404
14203	4558	266
14209	4412	238
14212	3251	216
14218	3926	200
14219	2885	287
14221	4089	405
14226	2980	463
14233	2786	185
14235	4834	244
14238	3577	227
14245	3846	393
14247	3116	396
14249	8496	283
14249	8496	215
14253	2769	606
14259	6476	338
14265	3477	285
14266	3561	263
14267	2384	200
14269	4276	416
14270	2109	284
14271	2025	472
14272	3478	297
14281	3573	564
14283	3154	335
14287	2645	286
14287	2645	213
14288	2489	420
14293	3625	430
14294	5521	328
14298	1712	273
14299	5647	333
14303	3677	394
14309	4302	293
14311	2544	353
14325	1567	343
14331	3082	440
14332	2996	395
14334	2921	433
14336	3741	320
14338	3024	407
14342	5610	638
14342	5610	412
14345	4833	464
14352	6122	352
14353	4606	256
14353	4606	239
14356	2216	593
14362	2463	371
14373	3597	243
14379	3520	420
14379	3520	365
14381	2910	419
14392	4959	345
14398	4371	453
14409	3042	211
14413	4356	322
14413	4356	383
14415	5042	364
14418	2410	307
14420	3080	449
14438	2984	284
14449	4930	425
14451	3317	445
14452	8597	324
14452	8597	354
14453	4211	446
14457	1185	347
14460	1564	185
14463	1409	206
14478	3230	363
14489	6634	200
14495	4029	489
14495	4029	386
14498	3183	313
14515	3264	232
14516	3528	327
14518	6794	256
14520	3537	394
14522	8572	206
14531	2452	411
14541	6360	586
14546	2847	491
14550	1697	406
14551	6587	315
14559	3834	489
14561	2967	272
14563	1738	369
14567	4659	185
14568	3937	271
14570	1254	380
14573	3526	319
14574	1696	382
14579	5414	307
14583	2860	361
14590	3985	350
14591	3543	369
14592	3927	399
14597	3700	457
14613	5962	419
14621	3880	502
14625	4637	418
14630	5522	411
14631	7956	255
14632	11499	317
14635	7039	398
14636	2621	371
14638	3850	444
14647	5752	359
14647	5752	256
14652	6143	458
14653	4239	269
14654	4521	285
14655	3370	244
14662	4011	377
14678	4086	347
14692	7612	491
14694	6875	578
14697	11451	222
14697	11451	216
14701	3487	269
14701	3487	403
14702	3268	389
14703	4051	185
14710	2188	365
14712	3995	255
14713	3860	216
14717	3804	459
14720	2808	378
14721	4084	256
14722	5656	391
14725	5633	487
14734	1874	415
14747	3627	242
14749	1781	266
14751	5762	503
14767	5335	376
14768	2487	187
14768	2487	296
14769	2354	344
14777	5480	200
14777	5480	347
14780	5282	491
14781	3956	416
14788	3485	267
14791	4342	379
14792	3435	253
14794	1976	211
14799	4425	627
14800	2795	299
14801	6147	529
14810	5590	346
14813	6157	211
14818	6866	200
14821	2599	254
14822	3347	307
14831	7670	475
14832	5644	337
14850	5276	556
14859	5075	371
14875	6835	419
14875	6835	673
14876	10724	709
14878	4909	279
14879	7030	675
14882	3513	461
14887	4348	244
14890	1694	250
14894	7614	400
14897	11046	489
14900	1471	508
14902	10241	284
14904	2314	386
14908	4803	299
14910	7555	418
14913	8683	392
14913	8683	319
14917	6798	382
14922	2729	227
14926	9876	164
14926	9876	324
14938	2639	503
14941	1876	400
14943	4224	466
14951	2252	232
14953	3342	279
14973	1860	305
14982	4935	423
14984	7850	397
14990	5427	511
14994	9449	455
14996	3282	549
15006	2874	516
15007	2512	339
15017	7462	238
15026	2110	404
15029	7146	689
15042	5190	267
15044	6413	452
15055	6908	396
15077	4310	515
15080	5436	339
15085	3990	410
15088	1282	321
15089	3848	227
15094	4315	388
15100	4414	396
15103	3692	592
15110	2788	509
15111	2524	465
15117	6943	379
15119	6324	383
15123	8099	393
15126	7611	200
15137	3400	255
15140	3201	238
15141	2890	468
15148	7978	255
15148	7978	316
15149	1918	522
15160	2725	289
15162	3392	504
15166	1827	242
15170	8072	451
15173	3803	275
15174	3935	366
15179	4497	220
15179	4497	208
15180	2264	248
15181	3226	329
15189	7945	336
15190	4924	421
15192	7341	215
15192	7341	276
15195	8836	765
15199	5108	389
15202	6081	529
15206	2696	211
15207	4289	262
15210	2142	444
15211	6823	678
15211	6823	274
15215	5723	204
15223	4988	444
15227	5418	404
15231	5431	415
15233	2794	266
15243	2288	369
15247	8238	406
15254	2059	238
15258	7157	384
15259	1928	293
15266	3557	343
15270	4085	692
15271	3941	395
15272	2525	211
15278	3073	508
15279	4899	472
15280	4311	266
15282	3386	442
15289	7579	506
15303	3380	395
15308	2393	531
15314	1521	211
15315	2646	307
15317	5004	324
15320	1276	369
15326	3492	325
15330	2271	373
15335	10850	603
15340	4749	274
15343	2738	515
15345	6707	395
15345	6707	474
15361	3590	558
15362	4238	769
15365	9648	317
15371	2973	428
15381	2435	415
15383	3162	453
15391	5114	793
15393	5975	166
15394	5456	766
15397	2614	237
15402	3383	378
15410	8955	227
15410	8955	419
15413	3589	250
15416	2695	233
15417	4446	230
15418	2654	420
15419	4062	379
15423	2605	278
15424	4742	429
15432	4762	307
15434	3710	327
15435	3409	751
15436	6164	250
15438	4120	516
15439	3070	634
15441	9533	332
15445	4959	280
15450	2378	312
15457	4978	606
15463	6030	528
15471	3255	433
15473	4207	421
15475	9505	334
15480	1793	363
15484	9339	393
15484	9339	185
15502	3072	447
15516	2394	248
15520	7477	490
15520	7477	496
15521	3386	429
15525	2009	290
15538	5686	544
15544	5882	398
15556	6130	465
15558	3664	443
15561	3581	238
15562	4479	243
15565	3039	433
15567	7695	200
15568	6794	332
15568	6794	321
15571	2569	399
15576	3690	290
15584	5365	461
15585	5735	269
15589	5082	445
15601	7081	328
15601	7081	348
15604	3325	348
15609	3633	255
15614	8065	359
15614	8065	360
15618	2381	363
15622	3147	462
15624	3184	438
15633	11185	537
15637	3669	185
15638	5168	426
15642	4073	302
15642	4073	298
15644	7324	379
15650	1499	386
15660	8940	629
15662	3786	404
15665	4314	368
15669	5050	363
15672	6756	276
15674	5886	341
15681	10473	251
15681	10473	185
15687	10750	239
15687	10750	472
15698	5149	482
15703	2617	251
15713	5455	283
15716	3410	324
15719	7302	185
15729	9662	464
15730	3025	337
15731	4980	222
15740	4774	409
15744	3916	506
15745	3697	497
15754	1775	477
15761	3508	301
15769	3601	185
15769	3601	267
15772	3891	513
15773	2639	256
15795	4463	227
15798	4611	420
15804	3418	268
15812	4242	226
15812	4242	368
15813	4255	400
15815	2233	484
15818	7528	233
15821	2531	211
15826	3540	257
15832	4200	387
15834	2943	291
15844	3944	320
15849	5286	200
15855	8459	439
15857	5899	339
15867	4302	200
15873	6601	229
15874	7224	511
15875	3749	391
15877	10262	490
15883	2157	227
15888	5765	411
15888	5765	305
15902	3566	373
15907	2925	268
15908	3847	351
15916	6905	465
15918	3713	419
15920	10478	438
15922	5998	211
15924	6953	292
15924	6953	297
15925	6369	283
15935	1876	335
15939	3501	510
15940	4436	397
15957	3097	795
15962	6346	329
15965	5903	230
15966	3487	595
15967	3942	300
15982	2846	445
15983	5646	432
15985	3860	467
15986	4260	506
15994	8743	185
16007	5128	227
16008	7175	473
16009	3810	267
16009	3810	286
16012	6497	683
16023	6390	348
16033	3146	375
16052	4556	285
16055	1726	211
16074	2987	525
16076	3481	420
16096	3369	444
16104	2884	570
16114	9694	387
16114	9694	566
16116	4097	306
16125	7314	331
16128	8366	401
16144	6038	423
16145	1384	250
16156	3570	249
16159	3991	296
16165	3081	363
16166	5224	370
16170	5137	451
16182	2160	264
16184	3077	296
16186	3727	390
16190	3352	483
16190	3352	469
16194	8588	420
16201	4615	406
16210	3437	416
16216	1784	370
16217	3504	171
16217	3504	196
16220	2348	468
16222	3435	560
16223	2458	338
16226	3932	447
16231	2872	471
16232	8110	526
16241	2740	446
16247	5711	518
16262	7733	652
16262	7733	243
16264	3633	471
16271	3919	373
16271	3919	389
16275	2331	246
16275	2331	213
16277	5083	227
16277	5083	185
16280	9988	387
16281	8251	605
16296	3911	474
16315	5492	425
16316	651	185
16317	3857	524
16321	4134	185
16323	2899	321
16326	7651	266
16336	6580	286
16337	3277	519
16346	7386	247
16348	4372	185
16352	3917	455
16358	8576	412
16359	3962	419
16364	6001	331
16368	2554	383
16369	3963	397
16385	4618	476
16386	5145	244
16388	2636	215
16389	4070	567
16391	3842	343
16399	9523	565
16400	2517	420
16401	3480	385
16412	2024	211
16420	5655	245
16424	4914	283
16429	5719	529
16435	3886	498
16437	4334	267
16444	2351	339
16445	11044	215
16455	10555	460
16456	5489	494
16459	3520	453
16462	9101	760
16463	1678	332
16467	3747	426
16474	6351	303
16475	5029	211
16476	1352	185
16480	6733	408
16482	3828	357
16489	3775	272
16495	4243	411
16501	2504	406
16503	4718	506
16510	4894	490
16511	7691	295
16511	7691	206
16517	4918	291
16517	4918	401
16521	9559	614
16535	4956	185
16544	6227	397
16547	4774	421
16557	3184	222
16568	6316	492
16576	4236	528
16580	4664	424
16583	4135	724
16596	6174	301
16599	1701	293
16607	7485	361
16615	3233	238
16621	7706	227
16622	839	185
16624	2794	307
16624	2794	185
16632	2075	427
16640	5389	449
16648	5275	266
16648	5275	391
16652	4699	508
16657	6694	381
16657	6694	438
16670	7730	325
16679	9261	551
16679	9261	276
16685	7068	278
16691	4446	239
16697	9366	297
16708	3036	344
16711	6537	315
16713	4003	459
16714	4790	238
16714	4790	185
16720	6748	719
16721	5603	185
16724	4994	285
16726	4946	289
16728	4575	399
16729	7614	322
16737	5266	200
16740	3618	456
16742	3080	394
16743	6579	464
16744	6727	268
16750	1562	304
16752	2287	440
16758	1971	296
16759	4184	256
16770	3212	318
16775	5616	464
16777	2331	360
16782	2961	278
16783	3468	518
16791	4345	255
16795	2766	289
16796	3119	249
16797	4519	330
16798	2145	237
16802	7662	185
16810	7508	394
16814	4126	339
16819	4861	266
16820	3224	200
16823	8211	373
16829	2615	253
16834	9091	435
16834	9091	510
16842	3145	227
16845	3588	326
16847	1354	185
16853	2895	367
16855	2050	307
16860	4249	394
16873	2546	226
16878	3811	250
16881	7131	428
16884	2309	333
16892	2963	464
16900	5145	250
16901	6932	373
16901	6932	405
16902	4272	278
16904	5076	401
16906	3075	523
16923	9530	347
16924	6221	503
16926	4263	238
16930	3760	454
16933	5601	386
16937	4481	353
16945	2656	393
16950	5094	718
16954	6650	423
16957	5080	404
16968	1244	321
16973	3678	508
16975	9818	266
16975	9818	287
16977	3012	339
16990	2862	635
16997	2940	232
17007	4455	320
17011	7667	341
17025	3994	461
17026	8328	243
17036	6274	401
17037	4523	249
17038	1811	243
17040	14577	347
17041	3667	481
17062	1337	211
17069	4135	304
17069	4135	182
17082	7380	226
17087	4161	481
17089	2945	403
17093	3261	500
17100	1225	426
17104	3634	373
17110	11288	206
17110	11288	496
17114	1905	350
17122	3443	428
17126	769	329
17131	12520	435
17135	5923	211
17140	8140	350
17147	16326	206
17147	16326	211
17147	16326	444
17147	16326	275
17157	3379	185
17162	1907	336
17172	2361	243
17184	5019	644
17197	5565	530
17202	4073	276
17208	12676	554
17219	5009	289
17219	5009	413
17221	2147	375
17230	4225	612
17232	3225	417
17233	2990	443
17234	7210	171
17234	7210	429
17234	7210	428
17245	8199	463
17245	8199	495
17246	5176	474
17253	1268	242
17256	6196	612
17258	4264	317
17263	2551	239
17264	4984	285
17264	4984	513
17270	3561	384
17278	4133	355
17284	4536	185
17291	2026	245
17302	1124	237
17306	6282	418
17311	4359	230
17313	1713	465
17317	3067	478
17321	3379	335
17334	5352	478
17337	5443	327
17339	7640	418
17340	9506	494
17341	2641	301
17342	3027	232
17344	2432	439
17345	7970	313
17348	5875	472
17349	5584	343
17356	3339	185
17357	8862	391
17358	5276	185
17360	15639	604
17363	1964	370
17367	4402	420
17368	3662	411
17371	9401	450
17372	5404	264
17374	6230	737
17375	1441	307
17376	7655	471
17379	12833	404
17392	13906	250
17393	5909	451
17402	6295	200
17410	9633	404
17410	9633	284
17417	3703	350
17419	10514	495
17419	10514	442
17423	5030	215
17432	2650	256
17433	6863	265
17435	1323	349
17436	4645	439
17440	4505	304
17442	4275	211
17445	7554	270
17451	4978	397
17452	7947	222
17454	6194	408
17456	7964	329
17456	7964	245
17458	7610	357
17460	7992	506
17466	5142	259
17468	7159	239
17475	2024	291
17477	9933	310
17479	15976	242
17479	15976	349
17479	15976	332
17481	6978	295
17488	1537	324
17489	11799	250
17489	11799	325
17490	6468	216
17490	6468	281
17492	5678	263
17498	3057	286
17509	5321	215
17513	4741	326
17520	2141	243
17521	4965	283
17521	4965	211
17532	11219	336
17534	6020	243
17535	7206	306
17536	10837	371
17537	4062	294
17538	7457	386
17539	8249	324
17541	8222	360
17544	12188	323
17551	6713	233
17553	6770	423
17556	4458	565
17557	4072	257
17559	8534	301
17560	2947	316
17576	7737	248
17577	6510	453
17578	12528	471
17579	9679	306
17580	2619	432
17584	3096	360
17587	8925	531
17588	5813	435
17591	3968	350
17594	14819	367
17599	4995	552
17600	14957	478
17603	8223	381
17611	5089	421
17611	5089	284
17613	1778	306
17639	1647	362
17642	6893	612
17648	7666	387
17675	1609	448
17677	7711	385
17679	2634	381
17681	4248	627
17684	3543	206
17686	3662	432
17687	2096	398
17697	2624	185
17700	7430	496
17701	2491	340
17705	1334	451
17710	3986	347
17710	3986	158
17711	2267	376
17713	7251	309
17715	3778	392
17717	5010	613
17719	2943	323
17720	1418	326
17722	3521	326
17725	3447	422
17727	1649	281
17728	3519	285
17729	2767	389
17730	2241	215
17739	2429	185
17742	2044	348
17747	5920	401
17747	5920	388
17750	5953	606
17751	5671	455
17755	3615	272
17759	2209	404
17760	1917	299
17762	4938	478
17766	1796	280
17771	3071	211
17776	4378	305
17780	4178	300
17781	5342	331
17783	4686	664
17790	5643	369
17796	7338	185
17797	7441	389
17797	7441	502
17797	7441	243
17798	2048	410
17799	5725	443
17821	6102	275
17823	5965	368
17823	5965	398
17825	3810	471
17835	3701	395
17840	3241	514
17841	2192	454
17845	6543	439
17848	8601	383
17848	8601	375
17849	2508	321
17855	5374	381
17859	5594	540
17861	5021	211
17868	7219	338
17869	3520	420
17875	2800	377
17876	4427	422
17879	4061	406
17880	4045	695
17883	2782	280
17884	3897	572
17885	3940	227
17888	2457	621
17891	8349	355
17908	7220	485
17908	7220	334
17915	5211	306
17923	4366	267
17924	5252	185
17927	3979	420
17931	3806	372
17934	2713	355
17937	4447	472
17939	3373	277
17947	6225	359
17947	6225	421
17947	6225	267
17950	3672	415
17955	3554	376
17956	4379	565
17961	2865	375
17963	2915	354
17968	7377	733
17975	5873	484
17981	2507	356
17982	3219	475
17985	6214	493
17989	3115	366
17992	3642	328
17999	1536	295
18001	4082	430
18004	8995	664
18010	5598	238
18016	6779	496
18018	6047	446
18019	3924	554
18031	1283	294
18032	2831	357
18033	3428	613
18042	3089	522
18046	5035	521
18048	4050	332
18066	4359	499
18076	2521	358
18077	3646	437
18080	2915	481
18098	1938	280
18099	5957	535
18102	5211	709
18109	4908	710
18111	5139	279
18111	5139	456
18117	3799	211
18123	5365	479
18131	3897	715
18134	1781	353
18140	4701	428
18146	4911	404
18151	5119	454
18153	3340	461
18159	2818	406
18162	2635	295
18164	3520	308
18167	7367	634
18171	2289	422
18172	2958	386
18173	3989	744
18180	2387	421
18181	5272	451
18185	6030	319
18190	4436	471
18198	4057	421
18210	4876	423
18213	7111	258
18214	2723	424
18217	1606	263
18218	3284	525
18219	3711	306
18221	3366	514
18223	3042	327
18230	4505	426
18240	8374	533
18246	1289	185
18248	3422	361
18251	3729	609
18256	3387	322
18257	6149	382
18267	4654	380
18269	5187	373
18270	4034	412
18277	6171	582
18277	6171	370
18278	4096	411
18284	8785	185
18284	8785	200
18289	6302	372
18291	3907	375
18300	7504	386
18301	4632	608
18304	5026	701
18313	3149	216
18314	5966	485
18314	5966	537
18326	1858	340
18327	3312	396
18331	2872	311
18335	3180	328
18345	3651	475
18352	3146	264
18358	3167	593
18360	2534	479
18377	4388	243
18387	2422	524
18390	3979	397
18390	3979	185
18392	4940	484
18398	4144	195
18398	4144	153
18401	2464	185
18404	1327	282
18412	2957	211
18418	5656	557
18420	6335	289
18420	6335	497
18421	5169	389
18424	2603	748
18425	4312	322
18426	6593	478
18431	2109	385
18443	3323	222
18446	5869	355
18452	3446	400
18454	1791	285
18457	1645	309
18464	3357	261
18468	7348	362
18474	3695	336
18488	3096	464
18491	4458	284
18494	5581	410
18497	3597	458
18502	5273	436
18504	5749	227
18504	5749	185
18505	2802	354
18509	4445	249
18512	2610	253
18513	4559	244
18515	2168	461
18519	2316	368
18522	6519	339
18525	2611	434
18533	2925	243
18547	5325	710
18550	4102	272
18550	4102	320
18551	2662	255
18552	4621	505
18552	4621	243
18558	7805	576
18562	5991	519
18563	2135	440
18572	3235	506
18588	3058	370
18596	7435	438
18600	5026	412
18600	5026	349
18609	4508	479
18611	3213	432
18613	8431	707
18618	6474	401
18626	2313	272
18626	2313	200
18632	4381	491
18635	8836	332
18635	8836	284
18637	6732	309
18639	3670	376
18640	2212	388
18648	2688	263
18649	5318	396
18652	4179	796
18655	2446	655
18656	3207	512
18661	3552	453
18671	8022	335
18673	8430	284
18674	5158	289
18675	2315	396
18680	4066	317
18682	1727	375
18684	5850	474
18692	6945	373
18697	3204	523
18698	5258	349
18700	6377	401
18706	4048	255
18711	3638	237
18712	4643	505
18715	3862	292
18717	4654	478
18730	1623	215
18736	3621	363
18740	4299	305
18754	5787	259
18755	7218	529
18756	2741	388
18764	4028	448
18765	3880	463
18767	2447	311
18768	2144	464
18774	6178	294
18774	6178	339
18776	3439	360
18777	3537	473
18782	7235	400
18784	3302	512
18785	1506	368
18795	3777	515
18809	3706	381
18817	2135	408
18820	3924	423
18823	4094	520
18825	5102	509
18826	3531	615
18837	3210	406
18841	5537	200
18841	5537	436
18842	2597	456
18845	3694	468
18850	2447	707
18857	6688	467
18865	4939	462
18866	7020	255
18876	4372	322
18877	4990	488
18882	3847	211
18884	2859	494
18885	6395	350
18887	8299	257
18887	8299	325
18888	6002	302
18891	3982	419
18892	8492	336
18894	7806	257
18898	3079	250
18927	3587	488
18928	6191	279
18934	3961	332
18936	5166	248
18949	3270	813
18952	6134	491
18955	3197	490
18957	4168	294
18960	5867	367
18969	2039	387
18991	2308	665
18995	4266	302
18998	1965	634
19002	6114	553
19002	6114	423
19008	3954	611
19010	4395	238
19016	3053	411
19019	7207	353
19019	7207	354
19022	4856	279
19034	4246	289
19034	4246	414
19036	2770	445
19042	2081	414
19043	1405	266
19046	5273	298
19046	5273	272
19050	3093	560
19052	2119	256
19055	5719	216
19055	5719	228
19057	2074	329
19058	2303	286
19067	2482	372
19072	3677	372
19073	2580	313
19074	3443	260
19079	5769	465
19080	4167	397
19083	4664	211
19083	4664	255
19084	4826	491
19088	3297	429
19090	3124	351
19091	2878	185
19093	8875	472
19101	2829	640
19106	4491	570
19110	2130	501
19112	4809	227
19118	5950	445
19119	3019	281
19120	3837	232
19126	3558	463
19134	2307	299
19135	3567	233
19138	5550	377
19138	5550	306
19140	7046	206
19141	3124	334
19142	2169	185
19149	1900	362
19150	4514	491
19161	3433	330
19162	2062	239
19166	3695	306
19168	2218	380
19169	5158	393
19170	6622	315
19179	3440	290
19182	3950	304
19189	2361	185
19193	7417	211
19203	9013	476
19207	3090	278
19210	2726	399
19213	3189	206
19216	1622	200
19217	6056	388
19217	6056	424
19243	4379	404
19251	4827	403
19253	4282	249
19254	3598	251
19256	4603	200
19256	4603	261
19259	3711	434
19266	2659	379
19271	2638	271
19273	2573	301
19279	5721	310
19283	2083	363
19284	3618	411
19288	3431	299
19290	8818	243
19290	8818	392
19292	4433	505
19300	3417	211
19301	3834	343
19302	3118	289
19307	5964	304
19308	3149	278
19312	3580	571
19318	2823	268
19321	3477	309
19325	3583	178
19325	3583	268
19329	2716	280
19335	4505	322
19337	8691	309
19337	8691	280
19337	8691	249
19338	4377	295
19341	1369	299
19343	3230	267
19344	1536	242
19349	8499	271
19356	6681	274
19357	2950	448
19367	3250	401
19368	2806	280
19369	6597	455
19371	1942	354
19372	3717	200
19376	3662	268
19378	3058	238
19380	7699	261
19383	4509	266
19384	3679	293
19392	4722	284
19403	3279	425
19404	1932	394
19408	5366	200
19409	5056	637
19414	8021	281
19417	1847	278
19431	4305	315
19432	1987	304
19440	5994	443
19442	4946	367
19450	3045	367
19451	5642	469
19468	1980	282
19474	2626	296
19477	2492	529
19483	4411	238
19486	3911	385
19492	2808	319
19496	3012	367
19499	2158	248
19504	4670	185
19509	1915	266
19511	1142	358
19512	3231	286
19513	8143	278
19523	4117	404
19524	2746	445
19525	2864	402
19530	8060	418
19531	2698	339
19533	4263	243
19536	1259	206
19540	4649	468
19542	3079	455
19547	3992	389
19549	6681	392
19552	4417	255
19556	4025	435
19558	3271	290
19567	3013	216
19568	2092	274
19570	4604	366
19571	5799	419
19572	7523	407
19573	4724	299
19574	7650	324
19574	7650	267
19583	3586	301
19584	1480	345
19585	1286	336
19587	2855	341
19588	3399	447
19594	4784	463
19595	6537	464
19597	6802	400
19597	6802	432
19598	6920	476
19598	6920	521
19600	2890	200
19605	7862	318
19610	4480	398
19611	1691	206
19623	3095	427
19626	7318	435
19627	7153	316
19629	2283	238
19633	5154	469
19633	5154	473
19634	3410	463
19637	3468	391
19642	4487	260
19648	2845	394
19655	3133	461
19661	2998	493
19665	2858	391
19672	3267	227
19682	2886	429
19683	4872	374
19685	3898	185
19686	7692	355
19688	6393	363
19691	3893	467
19692	4882	266
19700	6476	470
19704	3771	315
19707	1753	427
19709	6064	317
19711	6663	280
19712	2101	529
19714	6034	386
19716	3258	396
19720	4515	292
19720	4515	314
19722	4369	407
19724	6769	273
19730	4763	499
19736	6667	227
19737	3904	403
19739	4808	352
19746	6333	298
19749	4932	278
19751	5077	488
19756	3141	417
19760	4091	468
19760	4091	413
19771	2860	540
19777	9146	397
19777	9146	303
19778	3027	526
19781	6216	704
19785	3027	200
19786	2292	252
19786	2292	316
19789	4840	286
19789	4840	225
19790	7114	509
19790	7114	426
19792	6068	343
19795	4615	522
19803	3104	521
19805	3337	381
19813	4898	200
19818	4846	698
19819	2960	342
19827	8199	457
19829	3228	380
19831	6299	467
19832	5032	487
19837	5650	350
19842	1990	290
19843	1078	434
19846	3932	514
19848	7302	351
19852	5358	566
19865	4188	442
19868	3290	487
19870	5087	389
19875	7543	452
19884	5225	812
19886	7492	430
19897	5007	442
19897	5007	228
19897	5007	283
19898	5176	420
19900	3055	260
19901	5210	374
19904	1996	419
19908	5582	414
19908	5582	370
19922	4077	371
19928	2843	222
19929	3265	471
19934	5480	350
19939	8282	238
19942	5638	222
19952	5828	451
19957	5417	278
19958	5868	470
19963	4204	413
19971	2295	211
19977	3022	512
19982	3534	487
19985	7825	383
19987	3668	287
19990	8824	461
19993	5155	427
19996	6423	613
19999	1799	290
20000	8804	322
20001	1432	415
20008	4753	512
20011	7747	610
20019	6271	281
20025	3977	242
20026	2496	270
20028	9126	279
20028	9126	200
20030	3243	778
20034	4914	331
20035	5280	466
20037	4013	237
20037	4013	182
20040	2244	294
20044	5911	298
20045	4080	232
20048	7923	718
20059	4762	580
20067	8335	471
20067	8335	448
20068	6081	474
20069	6393	233
20070	821	233
20071	3045	290
20074	2786	248
20076	4566	631
20077	1994	222
20078	4878	412
20078	4878	525
20079	2565	421
20080	3526	307
20083	4107	292
20085	4423	371
20091	4142	267
20113	3939	505
20114	3242	422
20126	2165	257
20129	2320	306
20131	4333	519
20135	2216	356
20136	3199	178
20136	3199	384
20137	3021	407
20139	4325	182
20139	4325	257
20140	4307	227
20143	2277	200
20146	4663	501
20148	4972	364
20149	3387	578
20153	2985	155
20153	2985	143
20154	4420	510
20161	4215	245
20171	4667	378
20175	2502	200
20187	4414	200
20193	3662	215
20202	4134	312
20204	1325	244
20210	5411	307
20211	5527	200
20217	3794	238
20223	2937	331
20224	5791	406
20227	2711	387
20231	2999	397
20232	6252	407
20234	6526	348
20234	6526	239
20234	6526	267
20241	5873	185
20246	8340	556
20259	4641	261
20265	4262	521
20267	7330	498
20273	3368	391
20277	8017	351
20278	9027	499
20282	3203	232
20285	2167	324
20296	2440	327
20300	4554	335
20306	1708	455
20310	6726	393
20312	1256	261
20325	3585	291
20328	7135	785
20329	6489	686
20330	4804	548
20331	2199	331
20333	4145	464
20337	3320	285
20342	4490	303
20359	3742	788
20364	4494	318
20368	3744	539
20372	3444	460
20373	3910	227
20374	2000	272
20382	2184	226
20383	9365	440
20384	4493	284
20389	5001	255
20389	5001	314
20390	3712	284
20393	7278	348
20395	8448	579
20396	7873	452
20396	7873	382
20400	2835	206
20403	4436	409
20405	4089	512
20406	8246	261
20408	5911	701
20409	2794	335
20411	4834	501
20420	3818	442
20421	2636	474
20423	3084	477
20426	9808	360
20429	4501	277
20430	4889	358
20434	6465	507
20440	3885	272
20443	2839	222
20444	3317	509
20444	3317	332
20445	3971	385
20452	8868	331
20455	10012	317
20456	6687	292
20464	4433	474
20465	9361	380
20467	8353	568
20469	4633	372
20470	5312	437
20472	4064	319
20475	4408	269
20476	9217	396
20476	9217	468
20487	6144	424
20495	4632	377
20496	3557	529
20499	4387	513
20500	6893	432
20509	4042	347
20511	2762	452
20515	1226	273
20518	4935	515
20519	6060	317
20520	9883	456
20520	9883	310
20522	5072	237
20525	4785	268
20530	4630	486
20547	6413	227
20548	8128	500
20552	7244	419
20552	7244	476
20553	5883	647
20557	3007	332
20559	2748	503
20560	1954	402
20572	3326	465
20573	4000	255
20578	5713	304
20584	7635	463
20585	9241	460
20588	4431	409
20592	7020	688
20592	7020	418
20593	7125	436
20598	5007	369
20603	3068	614
20604	2848	563
20606	5609	453
20609	3777	331
20613	7718	238
20617	7212	227
20619	4937	444
20626	8009	254
20626	8009	315
20627	4398	309
20636	10048	340
20637	6228	431
20640	2886	324
20642	6844	251
20645	4712	659
20646	5645	185
20646	5645	304
20647	3412	371
20648	2927	206
20648	2927	216
20654	7989	541
20665	3907	347
20675	2853	309
20678	3279	259
20684	4893	525
20688	6146	436
20688	6146	418
20692	7854	310
20693	7486	266
20695	6891	524
20697	9613	536
20700	7327	279
20701	4520	247
20702	4095	462
20704	4825	227
20707	2286	304
20712	3339	402
20717	4717	487
20724	5879	411
20729	3225	372
20731	7765	486
20732	3647	468
20735	4909	362
20738	6615	472
20741	3008	267
20746	5129	215
20747	3652	282
20751	9006	357
20765	3021	620
20766	6387	304
20769	2359	248
20770	2971	227
20771	6231	206
20773	5647	277
20776	3174	254
20779	5210	222
20783	3753	420
20786	3610	405
20789	10040	739
20789	10040	222
20793	2859	424
20799	4649	301
20801	5777	464
20804	5232	519
20805	5631	336
20816	6548	216
20817	3084	510
20828	3892	673
20829	4658	253
20829	4658	291
20833	2551	423
20842	6702	504
20843	6095	489
20843	6095	529
20845	6726	534
20850	5205	329
20857	4927	341
20862	2573	424
20870	7409	441
20879	2898	418
20885	6413	448
20888	5633	295
20889	3080	259
20890	5026	329
20891	6825	541
20892	8899	552
20897	1956	348
20899	7678	483
20900	3575	399
20902	3665	325
20910	7193	745
20920	5984	250
20924	7377	469
20928	5974	527
20932	4146	443
20933	4276	443
20935	4484	269
20950	5318	501
20952	4507	334
20956	6670	500
20962	8298	572
20976	10031	557
20978	4299	541
20981	5935	307
20986	7070	298
20986	7070	211
20998	4325	414
21006	5439	364
21007	7186	281
21010	4331	226
21013	2840	211
21016	2919	341
21020	4160	432
21025	5494	424
21033	2835	474
21034	3747	593
21039	1475	513
21042	7628	461
21046	4668	380
21048	3453	499
21053	2771	445
21057	2167	497
21069	6857	415
21072	2109	322
21074	2952	200
21081	5239	317
21082	5273	460
21085	6800	381
21087	3198	546
21110	9389	254
21113	6157	761
21116	4355	302
21117	4091	312
21118	2943	211
21119	4982	452
21120	6281	376
21123	6853	385
21142	7759	503
21142	7759	228
21145	2725	536
21148	7360	377
21149	3141	458
21151	8965	400
21151	8965	243
21153	6455	457
21156	5557	366
21160	4750	320
21165	6629	700
21168	7857	382
21176	2444	381
21177	2391	185
21180	3957	238
21184	2992	548
21185	8474	387
21188	4921	433
21188	4921	499
21190	4013	250
21192	8047	330
21194	3875	454
21195	2277	325
21202	2791	401
21211	6859	332
21213	3718	244
21217	2446	262
21221	2459	361
21222	3098	328
21223	3873	275
21224	6795	448
21229	4356	185
21242	3563	294
21243	3542	526
21245	1311	227
21247	3228	431
21248	3204	242
21257	7100	360
21257	7100	337
21262	3113	270
21263	5055	288
21264	1634	262
21268	5984	457
21275	2808	255
21277	8328	312
21277	8328	412
21284	3765	359
21285	2218	373
21287	4969	288
21297	4752	567
21299	5834	280
21303	9951	298
21309	5290	406
21309	5290	232
21310	5228	345
21317	9559	816
21324	3313	244
21339	2846	222
21343	3208	256
21346	4208	417
21349	1186	185
21351	4704	401
21351	4704	414
21353	8646	406
21366	5715	238
21371	4223	405
21377	2778	419
21379	1314	308
21390	6121	250
21392	4456	506
21393	5883	662
21393	5883	200
21394	4429	375
21395	1995	437
21396	5208	502
21401	7932	455
21402	4123	472
21404	4664	737
21407	5070	512
21408	2575	477
21409	5486	464
21417	2440	277
21428	2261	308
21429	7259	394
21435	4819	386
21442	2202	556
21445	9093	211
21447	8293	333
21447	8293	515
21449	6210	260
21449	6210	388
21457	4221	351
21461	1996	314
21464	5266	211
21464	5266	396
21466	3597	528
21469	5966	612
21477	2638	215
21477	2638	284
21479	2708	319
21484	5952	793
21500	3485	439
21513	2040	261
21517	3938	428
21518	6206	510
21518	6206	435
21522	9516	723
21523	4096	341
21526	1900	335
21527	9028	441
21532	4412	200
21533	3547	520
21535	5028	398
21537	7624	450
21540	2123	375
21541	4724	508
21543	4996	490
21544	4066	373
21546	1139	372
21554	6812	375
21563	5571	506
21566	2558	200
21569	2204	278
21571	5439	395
21571	5439	496
21573	7364	343
21575	3614	267
21577	4080	544
21582	9134	444
21584	7112	314
21586	4420	474
21587	4490	821
21588	5400	383
21589	3538	457
21598	5153	383
21599	6453	418
21601	3203	199
21606	3254	373
21608	8695	428
21612	4246	452
21615	4948	293
21616	6774	463
21619	4980	553
21620	1875	502
21621	3842	413
21624	3611	509
21626	1119	367
21631	3929	206
21632	3813	441
21633	2518	560
21634	3637	487
21651	4662	359
21657	7262	498
21660	2617	306
21666	3946	540
21676	8317	555
21676	8317	610
21677	3413	516
21682	2558	260
21700	2030	310
21707	1585	290
21709	3110	435
21711	7126	374
21711	7126	406
21712	5182	683
21723	4793	523
21728	5268	226
21730	7023	255
21733	6676	483
21734	3110	480
21736	2175	238
21744	3661	363
21746	6015	710
21746	6015	849
21750	3399	232
21751	3718	513
21752	6710	426
21753	6273	441
21757	4407	583
21758	5107	312
21760	4826	206
21763	3275	436
21765	3582	421
21767	3903	377
21769	887	211
21770	2498	206
21776	7890	254
21777	5478	360
21779	2425	431
21780	4762	315
21781	4339	268
21784	4446	362
21786	4446	327
21797	4285	364
21801	2766	344
21804	4926	306
21806	7040	346
21811	2838	423
21817	9166	411
21822	2925	571
21826	3719	437
21829	5972	459
21832	2085	358
21835	2352	358
21839	5587	344
21844	5418	307
21848	7346	676
21855	4082	493
21857	4453	413
21862	2338	227
21873	3748	356
21877	3383	559
21879	6193	396
21881	4807	283
21883	5069	387
21884	2265	372
21888	2701	185
21889	3940	250
21892	4705	497
21895	2831	314
21896	2374	352
21899	3536	439
21903	4088	430
21906	6599	374
21914	2412	215
21915	2561	211
21920	4037	534
21920	4037	350
21924	6258	390
21926	5742	306
21927	3477	185
21930	2811	296
21934	7037	478
21935	3475	498
21936	7875	391
21937	5677	407
21938	3402	470
21939	4701	368
21941	1373	260
21942	6197	261
21952	1789	382
21958	6432	377
21964	4468	805
21967	3822	308
21971	6051	461
21972	4266	511
21975	5944	404
21977	8826	370
21979	2868	276
21981	2963	360
21982	7898	221
21983	2570	468
21986	2936	261
21991	8153	484
22001	3784	476
22003	1763	376
22004	4896	410
22005	4167	569
22010	4594	589
22010	4594	351
22018	1761	379
22019	3005	597
22020	3357	391
22023	6703	460
22023	6703	482
22024	4248	185
22025	4599	396
22025	4599	577
22026	7801	460
22027	6314	461
22041	4995	470
22044	4873	767
22047	2177	288
22048	3447	239
22051	3138	532
22052	3832	409
22054	4241	370
22055	4581	390
22065	2205	506
22067	3918	463
22067	3918	421
22071	3702	382
22078	6597	817
22078	6597	717
22088	3041	463
22099	1847	401
22101	3296	451
22103	2941	255
22106	4978	419
22115	2736	522
22117	4612	310
22122	5639	457
22127	5064	465
22142	4126	370
22144	3462	456
22150	4341	497
22152	4615	327
22157	5048	600
22164	5249	447
22167	3174	261
22168	6605	300
22168	6605	350
22170	5554	384
22189	6758	211
22194	4157	460
22197	4302	415
22198	2373	200
22201	4705	441
22202	6746	601
22202	6746	399
22208	5068	278
22210	2028	343
22213	3173	725
22225	6208	435
22226	2283	222
22230	6975	534
22230	6975	185
22244	1615	310
22245	2264	451
22246	3199	497
22249	3470	250
22250	3555	238
22255	3629	602
22258	4594	469
22263	3402	471
22264	6880	701
22274	7270	459
22276	2294	381
22282	4492	573
22283	3765	436
22284	1549	275
22286	3232	465
22292	2979	421
22301	6557	637
22305	3903	385
22307	5893	260
22308	3865	474
22311	6491	215
22314	6408	523
22314	6408	540
22322	9200	238
22323	4035	475
22325	5456	592
22327	3473	440
22333	4601	299
22335	2638	281
22345	2415	420
22346	2731	464
22349	2841	490
22357	2857	296
22362	2451	292
22367	7140	395
22369	3547	422
22370	2778	420
22374	1526	494
22375	5911	471
22384	2064	379
22385	2864	206
22385	2864	265
22388	1393	547
22391	4488	490
22392	4535	419
22398	1840	318
22401	2759	206
22409	3740	431
22411	1248	342
22413	6800	489
22422	4850	230
22425	3504	255
22428	2725	251
22428	2725	272
22429	6697	200
22430	2777	262
22430	2777	211
22432	4052	358
22434	1330	185
22436	3042	312
22437	3054	356
22449	6126	384
22458	1566	289
22468	9285	429
22470	2154	485
22475	2655	399
22477	1896	290
22479	3194	295
22479	3194	298
22481	1740	331
22482	3557	349
22484	3912	200
22484	3912	272
22485	2609	435
22486	5264	499
22492	6272	360
22492	6272	244
22494	3033	411
22496	8747	211
22500	4166	185
22500	4166	238
22503	8940	257
22505	1750	227
22506	3308	468
22511	5277	314
22511	5277	291
22512	5777	480
22516	5536	349
22521	3450	335
22525	3145	474
22532	9643	306
22533	6514	244
22533	6514	242
22534	4632	368
22535	9741	306
22536	1764	329
22542	8862	200
22545	3619	308
22556	7186	250
22558	5829	563
22559	5950	287
22560	6385	538
22565	4958	382
22567	3702	279
22568	3819	200
22574	3677	469
22580	1798	249
22584	10006	477
22585	6093	436
22590	5870	282
22593	4917	351
22596	5398	398
22601	3771	294
22603	9146	432
22614	9344	307
22618	2948	296
22619	2864	357
22619	2864	267
22620	3096	271
22621	3943	315
22628	4190	431
22632	2974	428
22637	9348	422
22638	7172	400
22639	8406	473
22644	1019	200
22647	7504	342
22647	7504	281
22651	8990	314
22651	8990	294
22651	8990	185
22652	2750	365
22657	5449	185
22658	6279	354
22661	6046	295
22662	2647	568
22668	8678	472
22672	3442	278
22673	4046	248
22673	4046	274
22677	3425	421
22681	4449	296
22683	2470	320
22687	2952	422
22693	7328	492
22704	6783	200
22704	6783	490
22719	1982	371
22729	6831	489
22729	6831	255
22732	5137	316
22736	5795	185
22745	6004	529
22749	7071	243
22750	5214	200
22750	5214	250
22755	2873	322
22756	7091	395
22756	7091	388
22758	4511	405
22760	5793	438
22763	5800	261
22765	2413	217
22774	4373	303
22781	1652	316
22785	3456	438
22788	2541	324
22792	8551	422
22795	2395	471
22799	2203	467
22804	8129	321
22808	11584	459
22810	6436	511
22818	8057	665
22821	4194	379
22827	7489	481
22828	2618	280
22829	3794	309
22838	6669	450
22838	6669	414
22845	3520	659
22850	5420	200
22850	5420	269
22854	1199	355
22856	2664	225
22856	2664	348
22864	1705	330
22870	3424	256
22874	3081	449
22876	3171	574
22877	6679	272
22882	1976	280
22885	5325	234
22885	5325	164
22898	4533	618
22902	2624	431
22912	3934	185
22917	12628	424
22919	8057	373
22923	8123	413
22926	3589	556
22930	4499	185
22931	3209	645
22938	1806	370
22943	4845	313
22953	3053	226
22954	7998	250
22956	3743	358
22962	3988	185
22962	3988	356
22984	11572	211
23006	3933	580
23008	4761	302
23019	3697	346
23031	4598	230
23031	4598	306
23033	2235	566
23043	4006	464
23050	4636	456
23052	5154	436
23055	3686	409
23061	2278	400
23063	6073	355
23074	12159	282
23075	6345	343
23082	5231	497
23085	2989	387
23094	4870	413
23106	13323	382
23107	2614	227
23115	6490	446
23118	7155	298
23118	7155	313
23121	3494	433
23122	6662	368
23124	5601	344
23142	5470	445
23143	2475	259
23144	4051	185
23149	3412	338
23149	3412	325
23150	5510	451
23155	2445	399
23162	11176	384
23183	5220	215
23184	2355	248
23190	5889	421
23195	11226	322
23197	3067	275
23201	686	234
23215	4433	391
23222	5233	356
23223	3982	661
23237	4773	397
23237	4773	425
23239	954	316
23241	3117	736
23243	8005	338
23244	9109	185
23249	2383	200
23250	7236	185
23253	8790	200
23258	11731	325
23259	10632	272
23259	10632	508
23262	3938	569
23265	6343	211
23268	6151	437
23271	3690	259
23279	3431	426
23285	5110	266
23288	4261	456
23289	4369	463
23294	5458	570
23296	2431	357
23296	2431	398
23301	5832	260
23304	3745	546
23309	5064	270
23310	11275	303
23315	5640	378
23315	5640	470
23321	4164	485
23324	6695	211
23332	6519	362
23332	6519	349
23336	2986	152
23336	2986	276
23348	2470	540
23356	8711	325
23359	6511	471
23361	4129	521
23367	3938	471
23370	4901	364
23377	3201	542
23379	7235	436
23382	4218	264
23382	4218	249
23386	4097	484
23391	7980	570
23391	7980	629
23396	6637	463
23397	3728	497
23415	4606	295
23433	2913	399
23437	7587	474
23438	4902	476
23442	4551	382
23445	5561	349
23453	2888	268
23465	3290	639
23481	11277	239
23482	3386	462
23485	3488	369
23492	2021	285
23498	6280	383
23499	3020	266
23503	11680	185
23504	9194	295
23520	7292	211
23520	7292	275
23520	7292	329
23522	6191	466
23524	3127	257
23527	3504	357
23529	10527	255
23536	1317	426
23538	4121	226
23543	1896	319
23544	1893	433
23554	4842	457
23557	1267	349
23565	8217	185
23567	2371	237
23575	3543	211
23585	3083	267
23587	4082	215
23627	3717	658
23639	1987	241
23650	2616	296
23662	2832	215
23664	3849	303
23666	2007	291
23668	1114	390
23669	13278	200
23678	7946	238
23687	7039	630
23702	1637	290
23708	9063	200
23708	9063	211
23709	4416	185
23717	11871	464
23723	2628	273
23727	5905	297
23730	6466	265
23730	6466	303
23735	8027	501
23740	1837	281
23744	4045	255
23769	3925	192
23769	3925	193
23772	7153	398
23774	3204	185
23775	1468	404
23776	3487	417
23783	5440	283
23802	3539	310
23810	2017	232
23811	7628	334
23812	3262	558
23822	1580	180
23829	2127	259
23833	2283	271
23838	6930	258
23853	5574	317
23858	4273	221
23869	5806	457
23877	6129	284
23878	709	211
23881	4443	296
23884	4167	388
23894	5985	430
23904	9362	277
23907	6269	279
23909	4992	211
23913	10009	542
23915	3073	418
23931	4190	328
23936	3495	498
23941	4651	279
23943	12066	230
23952	4574	352
23953	4122	206
23959	5126	200
23961	3225	333
23963	1429	269
23966	6369	314
23968	3730	278
23969	4034	317
23972	1707	206
23979	3293	387
23986	7841	503
23990	6686	200
23994	8891	403
24000	2920	491
24008	1948	401
24018	6884	494
24018	6884	484
24023	10795	293
24023	10795	284
24024	3078	222
24029	7446	441
24037	5750	427
24039	1817	215
24042	13364	477
24042	13364	448
24044	3323	527
24048	5118	222
24058	3981	262
24066	5115	433
24069	1702	363
24073	2471	200
24074	8077	436
24076	6122	428
24081	2185	389
24083	5451	336
24083	5451	348
24088	7860	468
24090	4395	394
24096	2938	258
24098	7570	654
24098	7570	464
24101	2686	362
24102	2023	282
24105	2348	185
24108	2813	185
24110	6060	489
24111	5237	405
24122	11128	348
24122	11128	215
24129	11182	410
24132	7249	382
24136	3310	366
24136	3310	452
24145	12510	461
24145	12510	448
24152	8289	248
24153	4245	468
24156	7854	200
24169	3048	344
24172	6027	243
24182	5063	438
24185	6356	430
24199	6978	302
24211	3672	459
24217	6346	421
24228	5674	458
24229	7664	264
24229	7664	262
24232	5605	238
24244	2907	200
24246	6397	200
24260	7469	202
24260	7469	168
24267	5064	448
24273	3004	475
24274	6723	237
24274	6723	291
24282	2570	479
24287	5757	318
24296	4243	325
24297	2303	296
24303	2354	742
24305	5876	558
24307	3416	516
24310	3357	273
24315	7648	706
24317	9639	330
24319	4509	371
24327	3872	366
24335	11460	243
24339	4324	488
24348	1001	215
24349	5988	200
24360	9193	497
24370	4647	461
24377	5673	415
24380	7396	434
24386	3737	216
24387	3485	220
24392	5692	369
24396	4811	185
24397	4238	370
24401	12125	356
24403	2580	489
24413	7975	397
24419	5729	438
24421	4813	479
24426	10111	389
24440	2767	416
24442	5008	395
24453	1759	230
24459	3280	222
24461	5522	409
24465	1885	523
24467	7031	200
24487	7660	517
24488	2807	185
24496	10226	293
24497	5217	402
24499	9623	543
24501	3049	314
24504	4517	185
24524	10221	314
24530	4177	395
24541	6431	259
24557	7825	476
24563	5741	276
24564	5090	256
24573	7014	296
24575	4091	227
24584	4660	200
24591	6431	271
24593	1002	255
24600	1326	298
24605	6242	237
24611	12416	331
24611	12416	344
24620	3118	285
24627	8441	241
24639	3816	250
24647	5112	215
24650	5215	322
24660	1224	241
24676	4579	234
24691	7697	267
24697	9017	297
24704	3334	249
24715	4452	427
24727	4839	273
24738	7925	470
24739	11292	309
24739	11292	302
24743	3247	322
24749	1369	338
24764	5873	200
24769	1004	259
24780	4820	303
24784	11775	227
24787	5304	262
24798	6483	326
24799	10056	211
24799	10056	211
24803	12263	227
24805	5837	507
24811	6508	185
24812	1782	226
24817	11370	191
24818	4750	319
24820	13065	474
24836	7785	271
24838	980	211
24846	3716	261
24847	5474	185
24852	9149	309
24856	4424	600
24874	6018	308
24876	7451	293
24876	7451	272
24879	2758	302
24879	2758	347
24881	1604	206
24893	8843	397
24898	1743	298
24904	11576	392
24912	5976	521
24916	4593	609
24930	2545	269
24932	4411	547
24935	5568	215
24938	5044	519
24942	14360	185
24947	3854	423
24954	10974	437
24955	3565	423
24966	7668	465
24971	3875	463
24985	2623	602
24988	4959	278
24989	9974	315
25009	11452	427
25011	7913	497
25017	10284	259
25022	3818	185
25027	15553	287
25029	2862	342
25030	5283	222
25034	6152	222
25035	7923	423
25041	1949	304
25043	7221	458
25051	3722	227
25055	3218	364
25058	1922	432
25070	11887	258
25072	4982	447
25074	4091	467
25076	3968	413
25087	8845	582
25091	6445	412
25091	6445	227
25093	10989	245
25099	8979	468
25100	8688	238
25105	770	211
25107	4377	211
25111	4937	462
25112	11187	308
25116	9299	245
25119	11476	500
25122	10925	292
25125	10037	506
25130	9751	453
25132	4849	258
25132	4849	192
25135	8359	262
25140	4566	307
25142	6641	442
25154	6719	264
25162	8102	458
25163	7665	376
25164	5164	702
25166	5723	339
25170	3160	475
25171	8623	389
25183	15829	524
25185	5760	556
25186	2955	328
25188	8069	334
25188	8069	293
25190	4322	412
25192	9728	266
25195	10632	460
25204	9610	515
25209	7572	325
25216	4178	488
25225	5979	462
25228	4950	220
25228	4950	203
25233	4824	603
25234	9932	278
25236	4528	446
25238	8824	451
25238	8824	418
25243	3126	434
25249	13315	260
25253	9065	364
25259	7896	597
25259	7896	488
25261	10883	227
25264	2673	496
25265	8073	478
25270	4205	596
25271	2960	456
25282	6347	684
25286	3264	290
25304	1614	185
25326	13819	407
25329	9983	366
25330	6439	424
25330	6439	355
25335	3563	503
25337	2875	472
25345	2487	216
25345	2487	190
25346	8127	323
25353	5459	307
25356	2821	355
25364	3773	408
25367	15180	502
25370	3383	505
25372	6330	302
25380	10675	510
25387	4188	342
25391	7244	259
25393	3769	258
25397	6232	356
25398	4250	297
25399	3411	422
25406	5550	516
25406	5550	211
25414	4494	248
25415	17597	264
25417	4621	475
25423	7253	562
25429	6314	686
25435	13394	339
25439	10873	285
25441	10217	387
25449	3337	423
25450	4228	591
25452	5981	346
25453	2351	206
25455	4325	476
25458	2469	315
25461	7031	331
25463	13832	376
25469	4862	468
25482	7760	430
25482	7760	373
25491	2965	227
25495	4592	330
25497	5835	309
25501	7361	515
25502	4124	591
25505	5751	266
25508	13377	405
25512	12788	426
25515	13852	492
25516	4814	185
25530	3883	388
25531	4654	521
25532	2585	368
25542	5636	312
25548	4461	410
25557	1331	227
25558	11294	507
25564	6927	222
25569	12925	341
25575	5435	237
25576	3545	452
25580	3946	233
25582	11522	227
25585	4354	544
25586	5084	595
25592	11847	291
25595	5453	299
25597	2261	349
25597	2261	314
25605	13622	304
25608	5078	575
25613	1152	273
25619	4925	604
25620	1192	307
25622	9091	680
25626	4098	359
25627	3939	185
25637	4133	466
25640	5567	372
25641	12395	302
25644	3919	583
25644	3919	238
25647	5827	563
25654	1690	260
25665	3651	431
25671	2530	499
25673	4673	329
25693	3667	398
25697	12270	155
25701	8333	563
25706	1915	451
25709	7737	250
25726	2776	442
25732	9463	340
25733	3728	426
25737	7370	418
25743	2605	564
25761	4402	395
25765	7219	471
25770	2094	361
25779	2206	271
25783	7434	550
25784	10569	450
25788	2038	286
25791	5258	449
25793	4768	399
25795	6686	469
25798	2595	442
25801	5176	530
25803	3287	475
25807	7591	346
25809	7317	399
25814	2686	341
25822	7811	534
25826	4906	506
25827	5501	519
25830	9168	266
25832	8213	200
25835	5079	543
25838	5245	390
25842	5106	432
25844	4441	256
25847	4575	276
25867	3971	535
25868	8478	417
25869	4525	289
25872	12758	505
25881	10613	415
25881	10613	466
25882	17168	499
25883	12760	536
25885	5557	506
25891	3034	345
25902	2379	639
25907	5507	524
25919	3624	596
25924	5717	296
25928	4208	464
25936	8505	517
25937	6204	426
25942	2278	211
25944	7674	429
25950	15003	185
25953	4968	347
25957	4462	400
25964	3360	518
25972	6454	442
25973	3661	435
25975	4146	502
25976	2523	318
25985	4132	301
25995	4198	292
26000	1369	353
26007	12305	436
26007	12305	403
26015	11698	185
26022	5829	472
26028	5905	487
26034	8323	266
26050	7813	313
26050	7813	267
26054	10559	360
26065	2255	480
26070	2111	417
26076	3103	398
26078	6147	328
26079	13989	460
26081	2602	364
26083	5257	358
26087	3240	291
26095	2332	354
26110	4135	229
26112	5330	265
26113	6221	186
26113	6221	232
26118	5591	310
26123	7226	280
26124	2954	437
26126	15010	283
26126	15010	306
26130	2692	384
26136	3052	415
26138	15268	250
26145	5183	365
26147	5474	309
26148	5635	316
26149	2603	273
26157	6279	459
26162	3469	230
26171	7226	341
26177	6506	349
26179	6895	185
26180	14853	227
26185	6544	358
26186	4327	329
26196	10283	333
26200	3137	200
26202	11590	221
26203	3206	284
26203	3206	185
26206	4172	248
26215	5398	401
26217	8100	374
26219	4969	533
26222	4692	284
26223	3711	460
26230	5497	343
26231	13857	327
26233	12256	323
26233	12256	251
26240	6589	211
26240	6589	249
26248	2816	498
26254	2225	249
26256	7920	200
26259	8967	206
26266	5085	226
26270	13714	293
26270	13714	300
26275	4570	323
26276	2978	480
26283	5507	588
26294	3799	752
26295	5255	370
26297	12353	293
26313	1174	267
26314	17543	427
26320	3990	517
26321	14636	277
26321	14636	259
26326	4476	263
26331	6005	278
26333	2477	318
26334	7400	222
26336	3205	396
26339	4729	338
26367	3765	503
26372	11583	211
26379	12532	293
26382	3841	303
26387	5567	206
26388	9805	243
26390	6590	411
26399	4114	343
26401	4884	445
26409	2587	564
26416	3005	373
26418	2755	200
26420	7568	262
26422	5649	542
26430	1512	256
26435	4562	314
26443	4371	363
26449	5719	687
26452	7700	185
26452	7700	200
26457	6549	355
26463	5673	578
26469	7142	253
26476	4396	333
26477	5715	496
26480	1604	424
26482	7618	309
26484	4175	534
26490	4444	200
26500	10242	479
26502	6215	512
26512	2343	389
26522	5134	399
26526	5711	422
26531	4403	356
26533	6485	399
26536	3908	382
26538	16987	526
26540	3273	509
26547	6687	263
26555	2056	477
26556	13984	296
26557	6101	257
26559	16607	580
26566	8565	211
26568	6144	495
26570	3550	566
26571	4961	216
26581	3292	351
26583	4497	324
26592	3057	288
26602	4369	462
26603	11959	334
26614	2211	357
26619	6677	437
26621	10666	361
26628	7534	215
26630	14282	200
26630	14282	499
26634	9450	328
26640	5252	369
26647	5870	289
26653	5011	232
26654	5093	291
26676	2062	412
