0	22784	26923
3	9538	634
5	5519	416
5	5519	534
6	2515	301
7	2544	370
13	8785	413
20	2289	385
28	6068	222
30	3564	270
41	3061	250
42	4261	707
45	6439	479
47	7323	599
50	11848	238
51	3143	537
52	1680	380
55	3386	302
57	4489	379
59	11670	273
59	11670	185
59	11670	332
66	14042	583
66	14042	534
67	5979	244
68	3562	518
70	3864	513
77	8441	566
78	4176	582
79	4838	317
79	4838	357
87	3927	366
88	4522	353
89	5131	334
91	4691	392
95	3564	532
100	2192	289
103	8498	550
107	3301	521
108	1352	200
111	2694	380
114	2872	367
119	2072	261
120	3539	185
122	4993	200
129	4856	612
133	3407	303
133	3407	345
136	3157	399
138	5244	385
139	2384	328
141	3854	257
152	2662	444
156	3219	343
163	8349	528
167	6573	296
169	4393	421
175	3732	334
178	7409	351
180	5098	516
181	2519	464
186	4371	490
188	5168	242
190	6301	676
196	4187	676
197	7363	488
199	7888	395
199	7888	514
205	4599	531
211	4775	568
215	4233	410
219	2298	283
220	8951	555
223	5760	641
226	2917	564
228	4646	477
229	11332	441
231	10543	431
231	10543	395
235	5621	533
237	2848	484
240	5281	310
240	5281	264
243	4704	395
250	3261	394
258	5321	478
260	12476	497
261	2082	304
262	4953	436
267	8813	388
267	8813	241
268	13470	529
268	13470	303
269	6150	412
269	6150	565
273	10309	508
274	3812	302
275	8383	516
277	7378	561
279	1434	272
293	9422	547
295	2665	472
296	13364	354
296	13364	446
296	13364	218
296	13364	150
298	2636	268
299	5825	301
302	9288	448
302	9288	513
308	3437	395
313	7489	327
313	7489	420
315	3656	723
318	4384	600
329	8117	549
332	4503	315
333	5147	517
334	4797	200
337	1840	535
340	2484	547
341	3902	436
349	2703	254
350	6525	469
350	6525	206
358	10283	397
366	13271	315
366	13271	303
366	13271	309
368	4494	527
369	2866	573
373	5334	443
374	7584	567
376	3127	466
379	2931	357
380	3593	575
388	6318	362
402	4443	273
403	4214	211
407	3221	462
409	2917	324
418	4387	232
429	6471	238
431	8770	586
431	8770	440
436	5672	529
437	4876	462
446	2228	469
450	2386	314
454	4239	380
456	13341	353
456	13341	416
456	13341	564
458	10972	326
458	10972	598
458	10972	239
458	10972	335
462	3211	404
463	4787	591
466	2423	459
467	3013	611
469	6457	415
475	3051	688
478	3688	411
481	4680	515
483	2360	185
487	6509	498
488	5168	379
489	10297	345
489	10297	341
489	10297	233
493	8279	486
495	11898	221
495	11898	539
499	4626	315
516	4074	489
519	5695	454
520	4717	560
536	2435	606
537	6165	550
540	8905	274
544	6246	299
546	3327	472
546	3327	225
546	3327	224
548	14233	492
548	14233	392
551	9255	367
551	9255	354
559	1814	287
560	5585	421
566	4024	559
567	4518	273
568	3037	233
570	13874	487
572	4941	260
573	3673	393
575	4895	583
577	9553	264
587	10220	241
587	10220	275
587	10220	410
588	10875	470
593	4469	438
594	3699	341
595	4249	420
599	6495	568
600	5928	370
601	6491	503
602	3676	345
603	7519	511
607	11365	338
612	5707	324
613	7979	506
615	8802	494
617	3499	547
618	5328	305
621	11911	365
624	2094	544
625	5156	384
631	3978	538
632	3966	511
635	2197	160
636	3851	390
644	1971	185
645	10886	472
646	3506	534
651	7022	557
656	12017	353
658	3168	221
660	9885	272
661	9495	352
662	12289	498
663	11490	436
667	13472	348
667	13472	323
676	4033	326
678	13906	581
684	11839	238
684	11839	598
685	5982	474
686	9750	530
686	9750	572
691	6524	348
692	10896	262
693	3072	596
694	6259	405
698	6336	522
700	6220	244
700	6220	458
701	2915	472
705	2798	427
706	6639	546
706	6639	284
712	6516	559
714	2623	300
716	5571	527
721	6579	491
721	6579	598
724	12734	514
725	5413	549
733	3739	349
733	3739	261
737	4496	398
739	11840	429
741	9683	293
742	11418	261
743	10335	546
745	13692	501
745	13692	225
745	13692	241
746	10617	471
746	10617	324
750	8170	486
752	6184	303
756	7681	238
759	3429	602
760	9702	556
761	4055	301
767	5625	482
769	4584	583
770	3004	559
773	2553	340
777	6050	672
778	7671	623
783	3431	222
784	3434	544
785	5987	335
786	13997	297
788	2696	494
792	5921	478
795	12383	358
795	12383	318
797	4690	478
801	6374	185
803	3586	314
806	2227	469
809	11327	332
809	11327	452
811	4638	549
814	4717	392
819	3276	593
822	12773	535
822	12773	363
827	3407	529
828	3152	511
832	2856	342
832	2856	215
833	10778	362
833	10778	185
833	10778	592
834	10643	597
835	7074	523
840	3886	298
842	13207	464
844	2947	337
846	5846	483
846	5846	288
847	8350	337
852	4933	430
852	4933	255
855	3437	479
858	4159	503
859	3253	285
864	4175	280
865	1977	415
871	6906	232
871	6906	335
871	6906	643
873	1459	243
879	4452	547
879	4452	357
881	1602	237
890	8518	245
892	2853	533
893	3009	185
894	3073	647
897	9741	300
897	9741	252
899	5493	328
899	5493	317
901	2584	504
903	8683	580
904	6100	416
905	5717	280
905	5717	167
906	9730	242
908	3558	337
910	2966	327
911	5282	309
913	5500	393
915	4631	340
916	5533	269
920	5226	559
922	6164	509
922	6164	298
923	6516	311
925	2929	351
932	9996	270
932	9996	356
933	3309	503
934	3153	359
935	6973	485
935	6973	200
936	3741	459
937	7451	410
939	3291	391
942	2965	539
944	4762	554
945	14298	275
948	7497	457
948	7497	508
949	7910	361
954	3776	250
957	4592	421
958	11650	291
965	5601	472
972	10782	462
980	3629	221
984	3248	298
984	3248	352
986	4464	455
987	4358	330
998	20394	263
998	20394	316
998	20394	384
998	20394	425
998	20394	268
999	12959	415
999	12959	622
1000	2043	652
1002	19750	384
1002	19750	420
1002	19750	491
1002	19750	344
1002	19750	261
1003	16201	672
1005	16877	747
1008	15772	335
1009	12288	456
1009	12288	573
1010	8290	515
1013	11860	490
1013	11860	360
1017	5399	634
1024	7481	488
1029	6897	515
1030	4910	570
1033	9197	255
1033	9197	248
1034	18601	348
1034	18601	411
1034	18601	387
1036	2733	270
1037	7450	681
1043	4550	199
1043	4550	161
1044	8460	583
1046	13370	585
1047	9102	824
1053	18196	634
1058	5311	487
1060	6450	740
1066	2504	672
1067	12477	550
1069	15002	520
1069	15002	505
1069	15002	606
1070	7712	331
1072	7416	414
1076	6384	322
1077	20661	550
1079	12965	505
1083	8441	615
1084	5275	480
1091	5640	617
1094	6772	498
1097	2953	491
1102	16344	347
1103	19724	250
1105	5763	688
1107	10581	376
1107	10581	299
1110	3017	576
1113	13014	792
1118	13970	277
1118	13970	569
1123	3203	288
1135	7291	478
1136	3912	566
1139	8306	363
1142	14492	740
1142	14492	770
1148	11710	579
1148	11710	546
1151	6434	399
1158	11913	431
1161	17521	374
1162	6128	367
1163	10615	536
1164	4502	405
1168	3060	260
1170	13869	281
1173	4246	525
1174	10642	337
1175	3529	595
1176	6059	667
1180	6760	625
1181	7130	512
1182	8867	629
1187	6637	602
1190	3459	284
1191	13368	269
1193	16070	369
1193	16070	378
1195	8439	200
1196	20183	358
1196	20183	415
1196	20183	330
1196	20183	369
1196	20183	342
1201	13095	233
1202	11131	244
1202	11131	367
1202	11131	358
1205	9772	554
1208	18555	263
1208	18555	266
1208	18555	623
1208	18555	674
1210	10078	325
1210	10078	343
1211	20780	490
1211	20780	551
1211	20780	402
1214	11877	376
1214	11877	378
1221	7002	577
1221	7002	373
1222	16857	403
1226	20134	750
1226	20134	521
1230	8939	335
1233	4802	464
1235	11120	312
1237	6113	456
1238	5840	383
1239	9765	487
1239	9765	268
1246	2497	502
1251	17639	272
1251	17639	471
1251	17639	446
1251	17639	426
1252	5519	299
1254	7484	334
1254	7484	317
1254	7484	317
1255	1887	211
1259	9031	227
1259	9031	554
1265	4340	394
1266	7154	420
1266	7154	406
1267	19577	291
1267	19577	302
1267	19577	333
1269	3771	348
1273	9198	336
1275	6698	626
1275	6698	419
1277	18339	587
1278	5037	676
1281	2337	455
1289	7308	586
1292	5101	479
1294	5469	260
1294	5469	363
1295	12825	529
1295	12825	448
1298	6877	383
1298	6877	389
1299	4933	534
1300	12004	592
1302	3770	413
1304	6023	431
1306	5051	549
1313	17531	611
1313	17531	562
1313	17531	549
1316	15013	623
1318	7307	333
1318	7307	393
1319	3409	463
1324	6196	312
1325	4318	508
1326	13311	606
1327	3323	430
1330	6722	291
1332	12463	380
1332	12463	543
1334	4313	353
1335	7793	322
1336	3534	371
1338	10918	344
1338	10918	371
1339	6790	390
1340	5930	612
1342	5433	640
1343	2279	615
1345	13613	233
1351	4552	410
1352	9414	219
1352	9414	392
1353	5249	590
1357	3148	215
1359	5433	305
1361	4609	395
1363	3892	548
1368	3628	590
1370	6714	254
1372	2294	313
1373	4924	238
1375	7191	283
1376	3334	255
1377	5328	436
1379	6061	385
1381	5220	366
1386	11166	353
1393	5645	226
1396	4699	333
1397	10403	573
1402	6126	537
1403	3443	265
1404	2853	421
1405	21295	325
1405	21295	302
1409	4522	564
1410	3551	586
1413	7150	601
1414	20275	759
1414	20275	442
1417	4304	486
1419	6888	321
1419	6888	613
1422	4087	200
1423	5132	490
1424	2285	555
1425	8403	506
1430	7175	665
1434	5217	566
1435	3546	640
1436	3546	509
1438	17370	219
1438	17370	228
1440	3424	211
1441	14984	308
1441	14984	377
1441	14984	358
1451	2777	301
1452	5336	281
1452	5336	373
1455	3632	282
1455	3632	362
1459	4821	278
1459	4821	550
1461	7537	200
1466	10370	211
1466	10370	299
1466	10370	185
1467	4921	633
1469	5326	615
1470	6246	377
1471	2341	404
1473	3836	206
1474	4675	375
1475	7938	320
1476	5429	384
1478	6182	226
1486	8541	271
1486	8541	289
1487	3032	399
1488	9389	401
1488	9389	288
1489	12987	396
1495	11098	338
1495	11098	322
1497	3996	319
1498	3561	259
1498	3561	452
1504	6248	422
1504	6248	267
1507	6612	544
1508	6632	555
1509	8972	375
1510	2780	414
1512	5130	353
1527	5440	461
1528	5305	317
1529	6675	476
1530	6640	185
1531	9430	339
1533	17011	623
1534	4156	704
1538	1998	581
1544	8225	425
1545	4035	454
1547	8724	631
1550	18150	276
1550	18150	341
1550	18150	371
1550	18150	301
1551	6475	568
1555	8768	433
1557	6343	348
1557	6343	340
1558	13227	352
1559	5014	525
1560	5887	768
1561	3252	562
1566	5906	404
1573	3263	376
1574	2593	297
1575	11874	481
1575	11874	395
1576	7994	649
1577	6285	185
1579	4851	404
1580	3592	584
1583	3403	410
1588	2567	238
1590	3663	200
1591	4459	338
1591	4459	379
1592	9029	239
1596	2842	439
1597	4258	356
1598	8134	737
1603	3844	317
1604	2406	387
1610	7071	270
1611	5735	400
1612	6102	301
1612	6102	232
1612	6102	354
1615	7943	380
1615	7943	395
1616	10621	676
1622	7792	361
1622	7792	227
1627	2860	564
1628	15407	498
1628	15407	562
1632	15349	358
1632	15349	611
1632	15349	377
1632	15349	334
1632	15349	294
1633	2887	481
1634	7672	354
1635	3827	529
1638	3560	270
1639	3712	334
1647	5334	523
1651	3107	319
1652	3452	222
1661	6846	419
1662	17549	185
1662	17549	216
1662	17549	376
1662	17549	446
1663	4470	292
1668	11877	321
1668	11877	288
1669	8283	272
1670	14288	375
1674	4504	434
1675	5904	501
1677	4739	315
1681	6059	354
1682	5106	584
1686	3582	375
1688	5430	692
1689	21490	177
1689	21490	205
1689	21490	298
1689	21490	328
1689	21490	286
1691	5399	539
1694	5268	200
1695	8529	598
1705	4352	349
1712	4154	267
1715	4979	303
1719	2481	299
1720	2312	283
1724	3691	495
1729	3400	534
1731	3210	360
1732	2353	276
1736	2850	446
1742	4347	318
1743	11522	342
1746	2457	322
1747	3664	335
1755	2970	244
1758	3831	705
1764	2981	306
1764	2981	315
1765	4102	468
1767	3677	566
1770	8580	267
1776	3669	644
1778	4630	421
1784	4035	612
1788	9107	239
1789	4784	553
1790	2081	215
1792	3000	579
1793	5957	415
1796	9991	567
1800	6100	306
1801	6756	482
1813	4142	256
1815	6287	279
1816	2117	293
1818	3593	403
1822	9225	548
1822	9225	244
1822	9225	483
1830	1636	324
1831	11731	356
1831	11731	227
1832	10985	297
1832	10985	340
1836	12097	566
1836	12097	420
1836	12097	405
1836	12097	767
1839	3179	383
1843	3501	200
1844	3892	577
1845	10373	495
1848	8006	276
1850	7862	503
1854	11249	404
1854	11249	442
1868	7387	273
1871	3383	597
1874	3189	646
1878	3497	344
1880	4733	707
1882	2858	505
1884	10871	607
1890	8071	626
1897	13590	232
1899	5039	232
1900	3248	458
1904	4944	522
1904	4944	569
1907	6325	396
1910	5915	647
1912	7422	564
1912	7422	573
1913	12935	168
1913	12935	199
1913	12935	499
1932	3512	349
1938	10214	315
1939	4996	541
1941	3390	420
1951	2652	185
1959	5302	476
1959	5302	203
1966	10053	492
1970	4948	345
1971	4477	361
1973	15436	466
1973	15436	385
1973	15436	454
1973	15436	360
1984	5180	578
1985	4375	300
1988	9587	312
1990	5587	422
1994	6856	323
1996	4563	379
1998	11019	305
2004	3028	353
2011	3340	243
2014	4225	670
2017	5192	403
2019	10037	346
2019	10037	344
2019	10037	277
2021	7871	416
2030	4054	400
2037	7318	361
2042	2416	273
2046	5813	206
2050	13702	537
2052	5260	372
2053	1218	227
2062	4186	206
2063	5982	185
2065	6118	326
2068	6248	325
2070	2145	227
2074	3805	242
2077	13124	268
2079	2286	302
2086	5674	256
2087	5931	200
2089	9402	486
2090	5499	415
2096	7921	190
2096	7921	241
2108	12529	451
2110	4990	457
2118	6428	328
2120	4749	200
2124	12280	222
2124	12280	525
2132	4066	219
2132	4066	173
2132	4066	215
2134	9888	343
2139	1892	289
2140	4768	654
2151	5443	279
2152	6522	432
2154	2545	369
2158	9146	669
2158	9146	366
2160	7103	435
2163	7030	359
2163	7030	409
2165	9661	330
2167	5247	649
2170	3851	543
2172	7987	636
2173	3984	470
2177	9397	561
2177	9397	300
2178	5931	267
2179	5364	620
2179	5364	251
2180	2490	710
2182	5232	834
2196	15485	301
2196	15485	416
2197	7652	620
2198	3860	590
2199	3033	441
2200	4602	283
2201	10424	657
2202	17586	567
2204	13597	221
2204	13597	254
2207	6033	200
2209	10838	877
2216	4033	499
2221	17010	287
2223	8594	200
2223	8594	636
2231	10341	846
2231	10341	768
2234	4331	749
2234	4331	549
2242	4309	430
2246	11561	556
2246	11561	273
2251	4163	545
2253	14203	309
2261	6560	367
2262	4714	625
2268	6162	458
2268	6162	620
2270	10424	390
2273	3255	440
2274	12594	529
2276	6124	413
2278	5423	451
2278	5423	446
2279	8733	407
2285	14268	185
2285	14268	550
2287	14146	594
2288	12550	671
2289	6185	454
2291	10568	571
2292	4965	379
2293	2660	471
2297	2407	337
2298	2251	396
2306	8360	455
2308	5276	266
2309	5279	325
2313	2844	621
2314	3301	572
2317	5026	315
2319	9721	516
2325	9011	346
2328	8027	185
2330	4308	612
2332	5475	612
2333	7577	477
2334	3048	466
2336	3360	545
2339	3038	370
2339	3038	419
2343	8654	677
2343	8654	579
2346	5097	498
2347	4848	676
2351	4345	668
2351	4345	436
2353	10344	248
2356	9201	344
2356	9201	350
2371	3717	460
2374	2674	222
2375	14620	308
2378	9818	329
2378	9818	427
2380	11271	291
2381	3953	316
2381	3953	350
2386	11900	349
2386	11900	351
2391	11681	611
2391	11681	211
2392	3401	698
2402	3337	371
2408	4393	604
2410	18750	309
2411	3971	417
2412	10698	623
2413	6063	494
2414	15840	766
2414	15840	707
2414	15840	729
2415	4429	512
2416	14850	346
2422	1873	511
2426	9608	601
2427	3448	292
2428	17783	692
2428	17783	750
2428	17783	734
2429	7519	651
2433	4616	323
2438	4989	478
2440	6983	476
2440	6983	200
2440	6983	342
2459	3311	277
2461	5066	185
2461	5066	447
2462	5824	833
2464	14389	300
2464	14389	480
2472	3749	321
2477	10651	728
2481	4966	582
2482	6189	277
2484	10114	306
2485	5912	535
2486	3730	648
2490	3201	185
2491	5758	281
2492	4033	594
2499	4404	524
2501	2087	419
2506	14793	232
2506	14793	417
2507	10144	393
2509	8439	758
2509	8439	538
2510	2594	449
2513	14739	384
2520	4311	464
2521	13172	185
2526	5583	587
2533	7281	633
2535	5464	358
2536	1478	399
2542	3173	185
2548	4754	276
2549	2732	512
2553	6225	610
2553	6225	482
2554	5344	515
2557	11094	252
2558	2945	222
2560	4541	535
2564	7207	518
2570	6106	308
2570	6106	550
2573	3596	449
2577	6014	465
2578	4934	402
2586	15403	473
2586	15403	659
2586	15403	469
2594	3937	177
2596	5343	625
2597	3749	704
2603	5023	285
2604	7183	438
2605	7145	474
2605	7145	409
2610	2834	669
2611	10884	279
2611	10884	342
2618	11353	465
2618	11353	519
2620	5983	588
2624	4878	499
2629	2470	516
2630	3231	380
2634	5271	552
2635	7324	634
2640	7097	440
2641	4909	318
2643	5106	200
2644	2790	261
2645	8555	492
2650	5683	295
2654	17672	254
2654	17672	343
2655	6337	909
2659	3851	586
2661	3035	523
2662	10957	516
2662	10957	185
2666	4853	754
2669	11305	545
2669	11305	605
2672	3101	417
2673	15051	871
2673	15051	612
2676	3052	200
2677	5527	802
2678	11114	565
2679	12875	575
2682	3330	640
2685	3004	297
2689	3799	548
2690	3426	666
2694	12685	739
2695	6796	351
2696	6121	199
2697	1306	505
2698	5835	535
2699	3616	503
2701	3152	348
2702	6010	551
2706	10019	267
2706	10019	318
2707	6345	598
2707	6345	472
2714	9872	355
2714	9872	293
2716	10373	416
2718	5410	639
2722	9985	446
2728	2455	366
2730	3253	596
2735	7085	524
2735	7085	411
2736	7705	585
2738	8595	355
2747	10895	406
2748	10839	650
2748	10839	595
2750	8735	441
2752	2051	404
2754	5166	340
2755	9318	227
2755	9318	387
2755	9318	382
2756	5727	516
2757	4380	584
2759	3994	215
2761	4339	754
2767	4128	403
2770	3503	324
2777	3773	626
2786	12921	526
2786	12921	344
2786	12921	546
2787	9589	356
2787	9589	325
2789	6369	424
2790	4169	611
2792	7766	546
2795	6186	993
2798	10958	326
2799	8903	388
2800	4968	611
2801	3258	280
2802	11606	483
2805	6056	211
2808	16456	302
2808	16456	222
2811	5268	447
2814	15728	623
2814	15728	942
2814	15728	259
2814	15728	259
2816	5811	298
2826	1836	233
2832	10619	977
2835	10048	557
2836	6349	590
2841	4851	407
2843	4400	546
2844	5479	637
2853	7387	507
2855	5484	472
2858	18192	513
2858	18192	222
2861	4821	283
2866	3067	704
2868	5062	571
2873	3655	665
2884	15977	638
2884	15977	329
2885	2917	368
2893	8314	250
2902	5135	377
2908	6791	577
2913	14501	707
2916	7753	185
2918	7015	654
2920	7010	657
2921	2026	275
2922	4278	916
2926	8295	449
2931	4755	274
2933	15931	456
2939	4061	715
2940	8274	746
2942	4374	223
2942	4374	540
2943	5219	397
2949	9710	525
2950	2410	238
2951	6315	431
2952	9919	200
2960	14099	656
2960	14099	712
2961	8205	461
2963	9352	526
2965	3736	285
2967	5902	613
2968	4749	625
2970	3871	613
2972	4066	651
2974	5905	158
2974	5905	173
2976	5385	316
2981	8305	676
2983	3471	337
2986	3374	454
2990	4817	274
2997	17826	215
2998	12041	226
2998	12041	429
2999	9451	636
2999	9451	155
3000	8101	222
3001	5923	598
3003	10642	464
3006	7038	667
3007	3595	275
3010	2925	584
3012	2838	532
3013	5115	703
3015	2514	512
3018	4643	381
3021	4251	495
3023	6222	405
3031	9126	646
3031	9126	509
3035	3620	277
3041	3396	538
3045	5727	653
3047	3527	579
3048	10754	628
3050	5631	245
3051	4728	364
3052	3625	359
3055	5238	448
3063	3691	403
3068	12995	211
3069	3169	393
3070	4826	440
3071	6983	325
3074	2616	472
3078	4018	238
3083	11064	297
3083	11064	206
3085	14850	725
3091	5572	272
3092	3684	301
3098	12035	319
3105	1864	371
3109	3747	222
3112	2653	344
3113	6745	233
3113	6745	288
3115	7982	263
3116	6670	498
3116	6670	337
3117	3494	378
3118	1345	309
3119	2790	455
3120	4556	329
3122	6264	326
3122	6264	336
3125	4326	458
3130	7059	211
3145	4197	307
3145	4197	206
3148	5705	511
3156	3449	359
3158	5716	284
3166	4477	492
3168	4973	232
3168	4973	301
3171	12205	295
3173	2916	260
3174	3077	718
3176	2679	425
3181	2179	305
3187	9476	185
3188	2356	356
3192	1813	271
3195	3118	211
3202	4265	296
3208	3230	220
3212	2282	417
3217	9123	433
3220	13918	381
3220	13918	419
3223	2576	398
3226	2212	185
3232	5519	330
3234	2154	185
3237	2861	287
3239	3523	359
3244	13810	222
3245	2911	308
3246	1640	331
3250	1398	400
3255	3283	185
3259	4806	185
3259	4806	274
3260	2614	456
3264	3519	379
3267	3449	287
3269	4013	445
3276	3399	257
3277	4413	315
3282	1318	330
3285	3789	482
3289	3954	361
3293	4131	226
3294	11285	216
3294	11285	461
3298	7757	433
3303	3482	215
3304	3561	417
3307	1982	366
3309	4781	377
3310	11649	379
3311	3837	451
3313	5105	573
3314	4531	415
3316	5003	275
3316	5003	295
3319	5300	442
3320	2418	261
3320	2418	233
3321	8371	256
3324	13358	206
3324	13358	185
3325	3092	408
3327	3382	330
3333	3816	516
3334	1761	211
3340	7203	374
3347	4605	245
3349	7103	498
3349	7103	353
3351	4693	360
3353	5587	258
3353	5587	489
3361	3805	634
3370	3560	470
3372	8183	356
3372	8183	429
3380	3712	185
3382	4746	450
3391	7745	420
3393	2692	506
3394	5382	234
3397	6146	522
3399	6118	343
3400	3007	200
3402	17355	319
3408	5946	185
3409	6700	255
3409	6700	216
3409	6700	282
3413	1812	294
3414	10236	493
3423	4299	445
3428	6696	237
3428	6696	253
3432	4452	211
3434	2711	203
3434	2711	259
3443	4286	386
3443	4286	245
3444	2420	275
3445	3514	226
3447	4841	289
3455	13697	290
3458	9425	291
3458	9425	322
3459	4679	366
3464	5175	708
3470	11028	345
3470	11028	284
3475	4922	285
3480	9389	185
3480	9389	387
3480	9389	299
3481	6306	458
3482	7933	297
3483	3105	316
3484	7472	261
3484	7472	236
3487	12334	322
3488	2343	317
3490	7748	157
3493	6490	314
3497	5780	285
3503	4380	238
3506	2880	238
3507	15719	410
3507	15719	549
3507	15719	420
3508	13741	415
3508	13741	506
3509	2075	222
3512	7961	236
3512	7961	233
3521	2258	303
3522	4458	439
3525	3311	215
3526	13312	346
3531	4675	451
3533	13514	451
3535	5569	322
3537	2298	472
3540	7368	413
3540	7368	268
3543	15550	345
3546	9531	355
3547	12995	298
3547	12995	449
3554	15756	296
3554	15756	253
3554	15756	376
3558	17608	411
3559	10934	481
3561	1376	311
3562	14149	200
3563	4915	245
3566	11208	454
3566	11208	540
3566	11208	428
3567	2306	221
3568	17230	279
3569	5201	301
3569	5201	555
3570	8423	200
3570	8423	239
3570	8423	216
3572	7616	408
3573	8596	259
3573	8596	280
3574	15042	211
3577	7828	306
3578	3322	617
3581	5572	425
3588	15921	435
3594	15063	255
3595	4300	451
3601	6983	243
3604	3784	250
3606	6722	309
3608	17170	474
3608	17170	418
3608	17170	254
3610	11599	444
3615	3179	418
3617	2016	433
3618	11920	390
3618	11920	487
3619	3560	285
3622	3012	454
3628	16272	337
3628	16272	619
3631	10127	723
3635	4834	278
3636	6032	366
3638	10332	270
3638	10332	281
3640	10678	400
3644	16763	356
3648	7772	274
3649	10082	354
3651	7009	601
3656	13880	227
3657	15071	503
3657	15071	380
3666	6576	462
3674	8314	501
3685	11450	305
3685	11450	311
3686	13520	484
3692	12678	446
3695	4294	185
3696	5039	385
3698	7424	280
3707	6583	337
3727	5340	440
3735	8258	483
3735	8258	476
3743	1067	317
3744	6380	431
3745	6500	216
3746	8328	715
3747	2132	328
3748	4984	212
3748	4984	337
3755	13043	528
3757	9243	462
3758	9166	342
3760	4691	317
3769	10036	657
3776	5768	274
3776	5768	236
3776	5768	408
3779	3619	256
3782	8532	348
3782	8532	610
3785	8775	389
3785	8775	211
3796	5648	480
3803	3962	420
3809	6596	654
3810	5821	275
3814	5334	221
3822	6893	359
3826	3996	454
3827	1852	311
3831	4705	185
3835	3344	457
3846	5730	659
3849	5808	539
3852	10340	426
3854	7684	475
3855	5103	381
3862	6364	453
3867	3934	717
3877	5399	361
3881	7224	526
3882	8064	318
3882	8064	448
3885	2222	185
3896	4731	544
3897	8125	578
3901	1632	291
3906	4024	322
3907	2619	574
3910	9975	535
3910	9975	551
3911	3111	351
3913	2981	249
3915	3201	855
3920	3893	721
3924	4542	603
3926	1977	353
3931	2587	360
3933	2426	284
3935	2972	327
3941	2436	617
3945	3965	514
3949	3301	446
3950	9826	305
3954	4895	519
3955	4113	415
3957	4488	449
3962	4284	531
3968	3950	336
3971	3673	302
3976	2478	471
3980	3940	513
3982	8887	546
3983	2537	468
3985	3336	444
3991	5715	273
3994	2999	454
4000	3990	468
4005	4063	474
4006	3730	551
4012	6617	277
4013	3813	554
4015	3252	600
4017	6141	470
4022	4971	442
4024	3011	574
4025	6871	491
4027	4198	525
4032	8215	559
4044	2866	509
4048	3360	514
4050	3940	582
4053	4118	471
4059	3256	185
4062	5220	487
4066	5251	498
4068	4234	420
4071	9305	672
4074	8544	396
4077	3716	393
4078	3298	457
4083	6224	348
4083	6224	608
4085	6105	738
4086	2933	381
4087	4465	458
4088	6063	684
4091	2935	360
4096	5580	402
4097	7123	505
4098	2935	501
4103	4568	411
4107	3145	454
4110	5594	570
4110	5594	511
4113	3671	605
4119	5631	558
4121	4570	550
4124	2974	652
4135	3701	357
4138	3083	558
4139	8296	610
4139	8296	537
4140	7075	638
4142	3334	567
4160	2778	200
4161	8658	701
4169	7254	485
4173	9502	513
4174	4756	342
4176	8071	566
4178	2903	570
4179	3756	381
4180	5926	828
4182	4806	743
4185	1951	446
4194	5244	323
4196	2047	414
4202	5874	518
4211	5045	375
4220	4647	311
4222	5849	185
4223	2703	549
4231	2320	444
4235	10739	402
4239	6734	616
4241	3254	588
4246	4055	712
4252	5384	808
4253	6826	549
4253	6826	466
4254	3296	522
4258	2914	600
4263	6245	545
4265	5825	594
4267	2077	486
4268	3374	519
4270	2460	686
4271	3232	337
4272	3533	457
4273	4113	577
4274	3307	427
4278	4415	268
4281	9702	306
4282	4646	451
4282	4646	532
4284	3631	487
4288	3915	227
4291	5589	520
4292	3305	561
4293	2783	451
4298	3618	445
4299	5267	635
4300	6995	442
4302	5755	312
4303	10052	284
4305	3611	533
4306	5314	534
4311	5866	226
4312	3550	533
4313	4028	513
4316	3707	372
4318	2880	286
4321	4139	301
4323	7637	309
4329	3509	498
4331	9289	301
4332	3089	587
4335	2669	602
4337	6353	353
4337	6353	359
4338	2571	243
4342	5539	484
4345	10526	280
4345	10526	363
4347	5295	299
4351	2657	338
4356	5868	554
4360	3991	594
4365	3067	695
4370	6683	316
4374	6104	472
4376	4295	570
4379	4368	340
4382	2265	470
4389	4863	512
4391	3610	216
4396	2848	211
4398	3744	467
4408	2429	335
4414	7004	262
4429	3988	809
4431	4397	616
4437	3555	287
4440	5878	515
4446	4599	385
4451	3322	282
4453	6153	520
4455	3891	474
4459	4460	574
4463	10869	321
4464	2835	185
4468	3682	413
4471	7363	442
4480	9155	284
4480	9155	291
4483	3147	330
4488	10784	357
4488	10784	345
4492	2640	519
4494	5218	463
4497	3316	427
4505	3375	559
4507	3242	222
4508	2011	334
4512	1382	308
4517	8142	629
4518	2625	502
4519	3141	420
4520	6134	243
4521	4696	569
4525	9183	300
4525	9183	260
4526	2700	292
4528	6985	251
4528	6985	592
4535	5229	453
4536	4424	580
4542	8271	369
4542	8271	348
4549	2496	262
4550	4864	346
4553	3227	578
4554	4043	286
4555	4727	543
4557	4686	378
4564	3927	512
4571	4104	546
4572	4890	200
4572	4890	303
4573	6597	283
4573	6597	286
4578	2907	328
4579	4100	539
4588	4402	570
4593	2103	274
4599	5319	579
4601	4118	273
4603	2285	360
4604	6531	243
4605	2833	227
4607	2548	427
4609	6975	437
4610	3803	256
4618	5640	206
4620	7223	185
4620	7223	381
4624	2821	462
4625	3260	338
4627	4302	657
4635	5328	660
4638	9985	471
4640	6193	335
4643	7168	343
4643	7168	268
4645	4378	393
4651	7525	331
4664	8836	689
4668	2937	185
4671	10070	361
4671	10070	266
4673	3030	330
4677	5037	250
4688	3912	409
4693	3023	289
4696	6165	185
4699	4671	339
4699	4671	200
4701	6978	586
4705	7194	272
4706	5106	216
4706	5106	330
4710	3591	598
4713	4916	323
4728	2067	254
4729	4186	647
4730	8828	647
4734	4547	413
4741	9788	292
4744	4693	439
4753	7590	370
4754	8782	445
4759	9632	397
4759	9632	644
4759	9632	250
4766	3832	305
4769	2915	530
4770	7707	269
4770	7707	334
4775	9834	387
4776	4130	268
4780	7889	329
4781	3647	360
4783	3552	287
4789	5277	330
4789	5277	380
4791	2439	331
4792	4271	463
4797	3921	442
4798	5983	376
4799	10735	306
4799	10735	552
4801	4430	565
4811	2674	443
4815	7924	503
4817	1943	215
4822	5004	511
4825	2225	397
4831	3571	206
4838	3844	295
4841	4002	586
4842	4672	585
4844	7085	520
4845	1472	337
4847	7906	459
4847	7906	516
4853	6530	318
4854	10008	486
4862	4430	313
4865	3445	417
4866	4215	327
4871	3953	356
4874	6258	628
4878	8086	522
4879	5720	321
4879	5720	382
4880	7467	503
4884	6734	541
4888	4072	564
4895	3690	585
4899	9542	618
4904	2655	410
4906	2815	457
4920	2444	337
4924	6122	450
4928	6046	313
4929	8270	413
4929	8270	536
4931	7425	506
4932	8019	441
4935	7152	185
4941	3329	499
4943	4321	644
4952	7510	551
4952	7510	463
4955	8031	592
4956	3332	557
4959	7479	354
4960	5603	339
4962	3054	304
4968	5111	424
4972	3652	624
4978	6733	312
4978	6733	300
4985	2887	421
4986	4647	440
4988	3033	382
4990	5017	253
4990	5017	190
4994	5312	509
5002	9656	234
5002	9656	278
5002	9656	533
5003	6502	298
5003	6502	211
5009	4877	278
5014	3212	372
5021	4789	499
5022	4035	347
5026	4966	580
5031	4367	362
5036	5999	334
5038	9738	399
5038	9738	639
5039	5478	336
5046	5484	283
5054	2536	285
5055	4788	631
5059	5967	661
5059	5967	302
5063	2699	344
5064	3071	549
5065	2964	373
5072	6801	343
5072	6801	391
5074	2535	273
5075	3445	413
5076	4513	351
5078	7723	331
5079	5737	342
5079	5737	374
5081	5587	403
5083	3658	200
5084	6112	581
5085	2951	316
5086	10100	233
5086	10100	267
5087	6975	502
5088	3552	337
5091	7858	577
5091	7858	347
5095	11216	485
5099	9671	682
5102	3894	605
5111	5437	528
5114	9376	575
5116	3327	239
5121	3082	370
5124	3356	444
5125	10165	309
5125	10165	574
5126	8645	456
5128	2826	285
5131	4466	491
5143	4812	523
5144	2906	460
5147	4710	304
5148	9098	484
5149	3200	592
5154	3223	254
5160	5003	497
5168	5147	735
5170	6023	319
5176	7728	575
5189	3414	535
5191	2872	227
5194	8457	607
5199	4751	258
5202	9567	360
5202	9567	206
5203	3517	492
5205	3678	616
5209	3722	696
5219	5420	198
5219	5420	259
5222	6803	462
5223	7110	626
5224	4628	200
5228	3770	222
5228	3770	203
5234	7160	297
5234	7160	464
5235	3537	510
5239	3852	185
5242	2824	296
5246	5967	311
5253	2586	520
5259	8658	471
5263	4840	316
5270	6492	566
5273	5460	545
5279	5019	529
5280	3484	245
5283	10656	505
5288	10450	254
5288	10450	544
5293	2662	564
5296	11369	432
5304	6076	509
5305	3495	502
5308	3843	333
5308	3843	309
5310	3434	558
5312	5128	502
5316	5314	434
5317	1935	294
5321	4643	305
5321	4643	275
5322	5627	211
5325	5047	566
5334	5459	444
5337	7866	555
5340	4003	435
5341	6144	278
5341	6144	317
5342	3040	479
5345	2953	200
5348	11682	445
5351	2580	485
5354	5627	230
5358	1098	234
5360	2817	299
5361	6291	366
5362	4934	299
5362	4934	326
5363	12155	331
5363	12155	345
5363	12155	237
5365	6444	330
5371	2179	306
5377	4037	305
5384	1450	323
5390	5310	533
5394	6514	391
5394	6514	585
5395	5596	200
5396	3870	361
5400	4830	532
5401	907	337
5402	3378	346
5402	3378	288
5406	7176	336
5407	4940	593
5408	5919	327
5414	6665	381
5417	2593	299
5424	2429	419
5426	8621	278
5441	8179	582
5445	5962	222
5445	5962	238
5447	4188	243
5447	4188	288
5448	6197	480
5448	6197	275
5449	5076	254
5451	5634	650
5456	9399	536
5458	8108	561
5458	8108	336
5458	8108	257
5460	11827	222
5467	5587	438
5471	3622	348
5474	3615	321
5477	4234	573
5478	3699	247
5480	5696	238
5489	11760	310
5495	6857	662
5496	2991	318
5500	6620	539
5503	10053	266
5508	3981	291
5510	9432	313
5517	2815	489
5518	9225	299
5521	6330	265
5522	11723	227
5522	11723	277
5523	4853	293
5524	4471	679
5525	4741	348
5527	3278	319
5530	5714	320
5530	5714	197
5536	3447	517
5541	1737	185
5550	6959	267
5552	10561	801
5555	2235	286
5556	6613	322
5565	11258	445
5567	9941	338
5573	11440	232
5573	11440	298
5573	11440	277
5576	11221	605
5576	11221	526
5578	8914	678
5584	4669	382
5585	5452	364
5589	3316	376
5591	4398	440
5600	5080	289
5605	4382	470
5606	4222	329
5606	4222	249
5610	3273	607
5614	3264	579
5618	2568	458
5620	8607	339
5620	8607	352
5623	9564	448
5626	2692	627
5628	5231	491
5632	2957	572
5639	6264	576
5641	8994	370
5641	8994	308
5641	8994	266
5643	3328	390
5644	2529	504
5654	4093	523
5663	6815	503
5664	4475	221
5667	10910	500
5667	10910	567
5670	4799	511
5674	4454	313
5675	2882	362
5679	4380	569
5680	4448	421
5680	4448	176
5680	4448	228
5686	3802	211
5688	6361	630
5689	4384	285
5690	3331	268
5693	4437	470
5696	9039	805
5700	2832	568
5703	4611	185
5714	3582	316
5715	3296	482
5717	5198	562
5727	4366	278
5732	4132	297
5746	5616	638
5754	4430	445
5755	3739	418
5758	2950	468
5764	3722	480
5765	4714	319
5766	7627	435
5769	3567	629
5771	11727	613
5776	4784	300
5779	6462	227
5780	4373	624
5781	11779	457
5781	11779	537
5783	1859	466
5788	5863	325
5788	5863	284
5792	5678	280
5793	7170	341
5797	3797	297
5797	3797	385
5802	4954	314
5802	4954	281
5803	5413	471
5807	5298	360
5809	2463	380
5814	3992	510
5819	3183	200
5820	4950	375
5821	6954	287
5822	5243	413
5824	4524	648
5825	8577	544
5825	8577	222
5827	4748	592
5829	3614	451
5830	7205	633
5831	3470	394
5832	12001	342
5833	2478	536
5837	11972	230
5837	11972	273
5840	4302	302
5840	4302	267
5841	4999	291
5842	4838	326
5844	2971	588
5845	6444	545
5850	6402	304
5852	4472	297
5855	3507	334
5856	3129	355
5857	6487	348
5858	4570	383
5859	4283	459
5860	3055	617
5861	3321	481
5863	3367	548
5866	4278	320
5867	3975	266
5869	5612	469
5869	5612	279
5870	8661	322
5870	8661	344
5870	8661	359
5871	3513	483
5872	5131	200
5879	4229	346
5882	6969	500
5891	5595	295
5891	5595	349
5899	4174	385
5900	3424	222
5903	7230	579
5907	3631	640
5909	3757	593
5912	2914	363
5918	2143	243
5923	2807	532
5927	10336	237
5931	5118	505
5934	8806	678
5935	3717	227
5936	4425	556
5937	6859	339
5940	3911	470
5944	6375	250
5946	3415	467
5946	3415	159
5952	8546	238
5957	7394	542
5959	3366	417
5962	2477	222
5965	3887	788
5969	1631	349
5972	3288	302
5974	5842	200
5975	2285	337
5978	10000	612
5978	10000	604
5988	4181	386
5989	2317	238
5995	4486	306
5996	4772	485
5998	6901	377
6000	2027	387
6001	8258	185
6004	6306	426
6004	6306	349
6004	6306	316
6006	9630	643
6006	9630	520
6009	4531	660
6018	10204	215
6021	3871	338
6022	5420	492
6024	11057	453
6029	3572	278
6029	3572	303
6042	2928	338
6047	3321	333
6048	6195	534
6052	5204	200
6054	1934	296
6055	4781	511
6061	4112	342
6067	3780	526
6070	2314	509
6071	6612	185
6074	6421	452
6075	4038	530
6077	7442	272
6077	7442	227
6078	7576	573
6078	7576	506
6079	2250	232
6080	1874	484
6082	2625	594
6087	4560	441
6088	4711	435
6093	3434	215
6096	4065	451
6098	3290	185
6101	8311	610
6109	8510	321
6111	2008	238
6115	3686	354
6122	3556	310
6129	3347	419
6132	6869	322
6133	2326	347
6135	2631	185
6138	11157	704
6138	11157	305
6142	7425	389
6146	6850	291
6149	2226	389
6150	3269	313
6152	5662	363
6152	5662	356
6153	3268	200
6154	15028	366
6154	15028	363
6155	2872	227
6158	3778	572
6159	5197	460
6160	3161	343
6162	4372	356
6164	3981	230
6166	4193	185
6168	7788	233
6175	3568	411
6176	2863	384
6180	3218	357
6181	12159	366
6184	17709	662
6185	3211	251
6187	16773	321
6187	16773	434
6188	5425	352
6193	12040	532
6193	12040	514
6195	4613	341
6200	3191	363
6201	6280	347
6204	2715	368
6210	10195	320
6210	10195	266
6211	3116	246
6214	2935	248
6214	2935	224
6217	4368	485
6218	4275	605
6220	9845	352
6220	9845	506
6221	3390	338
6222	8262	530
6222	8262	314
6223	4210	499
6224	2517	366
6225	4474	302
6226	6901	438
6227	20805	399
6227	20805	393
6229	11315	239
6229	11315	320
6230	4880	899
6232	4935	250
6232	4935	363
6233	4663	313
6235	4236	237
6235	4236	185
6238	2499	371
6244	3561	335
6246	4190	731
6251	8227	232
6251	8227	418
6252	4186	600
6253	3717	358
6254	8299	726
6256	2955	308
6257	7479	575
6259	6377	809
6266	3189	317
6269	4646	539
6270	14599	423
6272	2600	349
6276	5878	422
6280	5587	502
6282	11021	254
6282	11021	336
6283	3259	243
6286	3599	392
6286	3599	353
6287	3879	552
6289	12803	319
6289	12803	305
6291	6592	323
6291	6592	363
6294	4549	341
6296	8677	667
6299	4884	535
6301	3496	578
6302	2847	529
6303	2859	402
6305	3220	185
6307	7586	368
6307	7586	433
6309	2395	542
6310	3959	390
6313	7919	328
6313	7919	261
6318	4988	238
6319	6710	583
6327	6381	469
6337	5790	185
6343	2713	279
6346	3206	423
6355	3934	250
6355	3934	242
6357	2573	206
6358	3738	536
6360	2943	299
6362	2856	478
6364	3574	632
6374	3283	583
6375	2049	359
6377	8943	372
6380	3730	756
6385	3255	264
6386	6118	500
6394	4509	368
6395	3968	457
6400	3500	630
6404	3364	505
6406	2950	688
6408	4648	266
6412	10270	518
6415	4481	315
6416	5185	842
6419	12549	610
6421	10850	300
6421	10850	556
6424	3477	430
6428	4441	440
6432	3821	611
6435	1797	334
6436	3302	299
6438	2988	322
6440	10462	250
6441	3590	549
6446	14430	211
6446	14430	428
6446	14430	430
6449	11584	448
6454	3154	619
6456	7906	312
6460	4776	720
6460	4776	592
6461	6252	599
6468	3896	623
6477	4463	384
6479	3384	508
6488	3665	619
6493	5339	567
6495	3029	475
6496	3969	211
6497	1897	260
6498	21366	568
6498	21366	273
6498	21366	741
6510	2291	337
6511	5406	600
6513	3752	500
6514	6444	335
6515	3577	475
6518	7264	211
6518	7264	594
6519	6857	377
6524	3952	371
6525	14899	670
6529	11756	541
6531	4540	307
6533	2879	624
6535	6944	402
6535	6944	291
6537	4710	251
6539	4771	576
6542	7199	902
6544	10045	598
6544	10045	593
6548	6943	678
6551	11848	513
6551	11848	789
6551	11848	315
6551	11848	276
6552	8948	288
6553	6789	586
6554	10758	334
6554	10758	574
6554	10758	177
6559	4062	766
6562	8396	632
6563	19215	480
6563	19215	354
6565	18610	422
6568	2748	250
6569	1985	349
6578	11530	612
6578	11530	542
6579	8535	177
6579	8535	244
6581	4857	393
6587	5644	311
6587	5644	255
6588	9724	526
6590	13533	385
6590	13533	434
6592	11868	252
6593	5564	404
6594	4246	536
6595	3854	185
6596	5059	227
6598	1551	318
6599	3994	519
6606	2349	579
6609	6346	386
6610	5772	455
6613	3994	354
6615	12669	232
6615	12669	384
6616	12399	483
6616	12399	560
6617	4354	549
6618	7142	443
6620	9918	222
6621	6185	455
6625	7902	618
6627	11520	502
6628	3748	268
6633	11328	521
6633	11328	358
6633	11328	232
6635	3714	504
6638	4133	285
6639	4038	693
6640	5048	378
6643	13998	632
6646	3899	346
6650	8380	667
6651	3494	519
6652	8533	373
6654	17820	525
6660	5201	560
6661	4525	786
6662	2255	230
6664	3247	717
6669	16321	373
6669	16321	736
6669	16321	575
6670	7350	683
6671	2018	392
6672	3440	457
6675	20650	555
6675	20650	891
6675	20650	402
6676	12159	185
6676	12159	574
6677	8686	335
6682	7189	586
6694	8718	885
6694	8718	289
6695	8424	346
6700	3715	743
6706	6466	688
6718	6515	315
6718	6515	227
6722	4252	255
6729	4636	599
6730	2853	457
6732	19420	535
6732	19420	351
6732	19420	957
6732	19420	278
6736	3452	402
6737	10093	436
6737	10093	428
6739	5456	530
6740	10103	362
6740	10103	232
6742	7904	539
6743	6696	587
6744	3278	185
6746	6680	421
6747	15058	670
6757	14457	317
6759	15070	517
6759	15070	449
6760	7172	606
6762	8201	562
6763	3366	371
6764	18143	211
6765	3192	440
6766	9186	263
6768	4991	489
6768	4991	449
6769	3595	266
6770	8113	279
6775	2000	422
6776	4526	715
6784	4690	325
6787	18123	459
6787	18123	307
6787	18123	294
6787	18123	353
6798	12985	477
6799	3227	316
6802	3028	305
6803	3428	362
6804	3176	626
6805	4091	279
6805	4091	330
6805	4091	575
6806	10226	355
6806	10226	325
6806	10226	307
6808	3993	375
6809	8141	456
6810	14115	446
6810	14115	288
6811	1887	344
6813	3183	436
6814	19288	372
6814	19288	411
6814	19288	263
6824	18716	239
6824	18716	314
6840	5332	603
6842	9026	413
6843	4906	462
6848	5420	435
6851	6388	327
6851	6388	281
6857	4352	343
6859	2383	384
6862	9059	548
6869	16028	328
6871	9025	268
6874	4299	233
6875	2085	244
6877	17502	259
6880	4780	495
6881	2873	359
6884	4565	636
6887	3415	211
6887	3415	400
6890	5896	299
6891	5592	348
6892	10876	385
6892	10876	377
6893	7694	252
6893	7694	379
6894	1631	336
6896	3027	353
6900	5300	321
6901	5036	227
6902	15501	304
6902	15501	358
6909	6223	294
6911	8335	293
6912	1689	301
6915	5472	243
6919	8054	410
6921	1754	291
6924	2348	586
6933	2009	411
6936	3610	295
6936	3610	357
6938	2167	564
6939	4224	529
6942	5598	322
6945	3330	443
6947	2479	573
6949	13851	314
6949	13851	376
6949	13851	322
6949	13851	375
6950	12398	381
6950	12398	266
6951	13705	200
6952	3677	268
6952	3677	342
6953	3318	347
6954	3612	656
6955	1823	185
6958	2238	351
6959	10278	318
6961	10876	674
6961	10876	248
6964	2021	257
6967	4950	185
6970	3591	509
6975	2693	323
6977	4745	626
6978	8613	584
6987	4346	331
6995	4527	462
6997	11319	543
6997	11319	401
7000	4925	347
7000	4925	355
7001	3555	335
7002	2782	623
7007	13957	254
7007	13957	200
7008	7829	458
7018	1981	272
7021	2227	285
7025	6156	604
7026	2639	222
7026	2639	243
7030	6954	743
7034	11142	316
7034	11142	391
7035	13758	454
7035	13758	264
7035	13758	716
7038	4653	185
7039	12244	354
7039	12244	363
7040	2668	238
7041	7915	264
7041	7915	414
7044	3013	475
7048	2993	364
7055	9749	376
7056	2062	227
7058	2490	262
7062	3883	611
7070	5173	438
7071	2573	543
7074	9040	444
7074	9040	497
7075	4819	687
7076	1453	378
7077	4066	691
7078	3380	369
7078	3380	205
7086	3509	303
7087	5234	604
7091	4576	487
7092	3755	573
7094	15037	624
7094	15037	838
7097	18364	575
7097	18364	325
7097	18364	517
7099	2605	409
7103	5729	895
7104	3559	592
7106	5162	594
7106	5162	489
7108	5815	521
7119	3989	507
7120	12609	489
7120	12609	556
7124	3064	528
7133	6323	663
7134	4991	277
7135	17501	588
7135	17501	546
7135	17501	651
7137	7369	720
7140	5737	768
7142	3956	536
7154	3981	238
7169	2191	694
7174	2593	239
7178	2586	475
7179	9077	288
7181	8918	271
7181	8918	540
7183	6184	326
7186	5013	249
7187	7426	496
7189	2233	393
7191	2766	436
7196	3279	634
7197	3335	341
7199	2587	238
7203	5072	370
7204	6405	245
7209	9562	437
7219	4463	484
7223	3875	584
7231	8088	551
7231	8088	469
7234	4451	509
7237	5628	475
7240	5060	686
7241	7204	262
7241	7204	175
7241	7204	417
7247	5797	824
7251	3096	689
7252	7105	357
7253	2943	342
7257	4307	661
7262	3111	529
7265	8334	276
7265	8334	313
7266	5115	580
7269	4372	530
7271	2718	246
7273	8116	324
7274	6178	580
7276	4906	340
7279	7466	573
7279	7466	496
7282	5458	562
7283	2138	200
7288	3741	444
7294	6670	514
7297	4203	236
7303	2935	503
7304	3783	623
7308	7817	579
7308	7817	419
7313	5252	517
7314	3877	440
7317	3331	185
7329	3088	559
7332	4214	359
7333	9807	974
7336	2710	506
7338	4289	600
7342	3977	854
7345	4130	316
7345	4130	543
7348	7670	457
7349	3398	318
7351	5222	635
7354	3547	242
7356	2994	222
7357	5292	393
7357	5292	211
7358	1836	617
7362	5675	676
7368	4207	543
7371	3650	500
7377	4637	554
7381	5674	579
7391	4275	669
7392	3092	597
7394	3775	381
7397	2553	340
7398	8582	783
7398	8582	185
7400	4927	728
7401	7001	1001
7402	4950	371
7404	3576	550
7405	4879	399
7411	3582	693
7414	7799	472
7414	7799	434
7415	2271	215
7416	5306	327
7420	4114	426
7426	2476	361
7428	3170	259
7429	4161	294
7432	5091	578
7437	3039	343
7447	3997	602
7449	3023	341
7451	4163	570
7452	1789	232
7453	3848	586
7460	3442	339
7461	5429	310
7461	5429	721
7475	6104	709
7477	4451	315
7477	4451	359
7479	3114	433
7481	2614	217
7489	3245	353
7490	2916	206
7494	4077	358
7497	3820	564
7503	4833	518
7510	3432	672
7511	4486	370
7512	4040	279
7512	4040	380
7513	7027	275
7514	3091	366
7515	1567	573
7516	5056	545
7518	2297	379
7520	1708	237
7524	8280	620
7525	2893	254
7526	2279	325
7527	4010	420
7528	8399	299
7530	1716	460
7532	6291	360
7535	3838	442
7538	2146	185
7541	2744	260
7542	4806	584
7550	4872	337
7550	4872	225
7552	3134	328
7555	2018	603
7556	2799	286
7560	4437	376
7561	3403	656
7562	5105	357
7564	9942	564
7564	9942	630
7566	7316	317
7573	7476	666
7575	3735	346
7578	3167	356
7579	3234	556
7584	2488	345
7585	2614	344
7587	8665	600
7587	8665	388
7588	2999	591
7591	2652	732
7592	6645	331
7592	6645	340
7597	4076	680
7599	3988	366
7602	8526	389
7602	8526	356
7604	5910	336
7606	3830	422
7611	3682	377
7612	4314	518
7613	2329	383
7614	7073	407
7614	7073	407
7616	6802	596
7617	5677	388
7622	7705	363
7622	7705	345
7623	2081	313
7627	7577	324
7630	3489	462
7635	3675	690
7637	3465	345
7638	5138	270
7639	3503	296
7645	2946	555
7652	10375	343
7652	10375	255
7656	4120	329
7657	3548	238
7658	2276	393
7660	6785	557
7661	5576	514
7666	6038	227
7667	5817	343
7667	5817	418
7671	8390	249
7676	4203	424
7680	3233	598
7681	3147	578
7683	3050	555
7684	3254	536
7686	4022	622
7687	6714	666
7688	1461	229
7689	3687	478
7693	3088	403
7703	4879	498
7704	9732	328
7705	10674	388
7705	10674	238
7706	3098	680
7709	3869	664
7713	4975	377
7715	6459	521
7715	6459	557
7716	4401	729
7721	3030	745
7729	4419	222
7731	4248	352
7734	7043	299
7745	5175	648
7760	3718	643
7761	4255	572
7765	8125	556
7769	5441	673
7774	7372	389
7774	7372	254
7778	7216	469
7778	7216	331
7779	7170	487
7781	3941	583
7783	6844	349
7784	4109	590
7786	7877	466
7786	7877	649
7793	3454	646
7799	3201	353
7800	5886	674
7808	2797	347
7808	2797	185
7809	4886	719
7813	4266	364
7813	4266	350
7815	9310	706
7815	9310	325
7832	6581	616
7833	4351	746
7835	6106	251
7836	8080	418
7836	8080	397
7840	5759	321
7841	4596	676
7841	4596	220
7841	4596	297
7846	6806	444
7847	8831	410
7849	2529	388
7854	3442	444
7861	4619	659
7862	9625	571
7862	9625	506
7864	3688	483
7868	4329	543
7869	3211	469
7873	2056	222
7878	7302	297
7880	6509	655
7881	5095	683
7883	10023	327
7883	10023	222
7884	2745	519
7885	6417	596
7886	8544	270
7889	2861	200
7893	7486	486
7893	7486	383
7897	2666	339
7909	9046	185
7909	9046	507
7918	2903	521
7919	5759	385
7921	8870	480
7925	5195	487
7928	5964	849
7930	4241	602
7933	2518	482
7935	2580	213
7936	4957	354
7938	3462	502
7946	2621	508
7952	3807	440
7952	3807	467
7958	7192	232
7961	3684	646
7966	5392	824
7968	3055	269
7968	3055	212
7969	4534	644
7975	2870	288
7981	7587	916
7986	2321	362
7987	3319	504
7988	5731	352
7988	5731	534
7990	3733	206
7997	5442	509
8005	6050	564
8006	5317	581
8024	4436	397
8026	2652	667
8027	3983	321
8031	2289	504
8035	4544	428
8036	7151	286
8042	3528	473
8048	5253	530
8049	1596	538
8050	3535	654
8056	3791	435
8060	3999	414
8062	5405	504
8064	3855	601
8069	2095	751
8071	2347	566
8074	3494	463
8075	2916	340
8080	10795	567
8080	10795	382
8080	10795	707
8088	6745	418
8091	2649	335
8095	5596	537
8095	5596	185
8099	6118	549
8100	3395	197
8100	3395	186
8103	6249	657
8105	3419	318
8105	3419	274
8106	4932	493
8108	7926	436
8114	4549	185
8115	5099	405
8117	7010	656
8120	2358	432
8122	4760	485
8126	4587	475
8142	4530	364
8143	3504	519
8144	2753	280
8147	4638	465
8151	4626	433
8161	6985	483
8168	3961	189
8173	7569	514
8176	7161	275
8178	3627	401
8181	4327	369
8182	4223	294
8182	4223	296
8185	3847	185
8202	5949	435
8204	2987	642
8211	3699	313
8214	6973	220
8214	6973	526
8222	6117	624
8222	6117	820
8226	5107	515
8234	7159	291
8234	7159	357
8236	3033	484
8238	3705	699
8250	6276	251
8250	6276	357
8255	7031	185
8260	6680	495
8266	3275	605
8268	6741	626
8270	7541	436
8270	7541	233
8271	7131	323
8273	5613	467
8275	10195	395
8283	2639	546
8288	3363	459
8292	4433	502
8299	4526	266
8308	3698	487
8312	2047	306
8313	6236	304
8314	3330	654
8316	2482	285
8318	4036	922
8321	4736	364
8321	4736	307
8323	3034	422
8327	5456	730
8340	3826	408
8341	3180	318
8344	5992	569
8347	1493	260
8349	2852	562
8350	7384	602
8355	2250	380
8357	5411	501
8360	2733	375
8362	2501	633
8364	2477	575
8366	7621	944
8366	7621	839
8376	2215	570
8381	6917	307
8387	2939	185
8397	15283	250
8397	15283	521
8399	5160	488
8401	2606	636
8403	10343	277
8404	7667	185
8405	3829	537
8406	3522	543
8409	8513	629
8414	11326	244
8415	2806	361
8419	4452	227
8422	3478	413
8430	6636	420
8433	8754	222
8434	10038	465
8446	10140	643
8446	10140	469
8447	3236	561
8453	4122	246
8455	12305	572
8455	12305	658
8456	5366	892
8457	5753	249
8460	17101	1007
8460	17101	312
8469	11397	391
8476	20162	367
8476	20162	185
8476	20162	284
8480	3270	299
8483	3005	336
8484	5389	826
8489	11916	778
8490	5189	525
8492	3778	185
8494	5395	637
8497	4503	650
8498	7465	553
8500	4121	444
8504	10087	494
8508	6893	473
8520	3329	412
8528	5200	291
8529	3746	185
8535	2941	526
8536	4892	313
8538	6589	620
8538	6589	631
8545	5652	293
8547	5787	603
8549	3589	626
8551	8197	979
8553	6110	566
8554	1765	222
8558	6077	294
8559	14602	274
8560	3344	575
8563	5290	392
8564	5133	703
8575	6027	472
8576	4583	469
8577	5029	597
8580	4877	352
8582	3850	707
8586	3947	588
8587	4019	532
8592	17344	541
8593	12168	703
8593	12168	302
8593	12168	248
8595	4409	713
8598	13766	185
8600	3767	415
8605	6085	487
8607	8971	556
8610	8543	648
8611	14022	238
8611	14022	582
8616	16706	341
8619	4699	614
8620	8093	200
8624	7247	404
8626	4948	372
8627	17643	691
8631	2315	341
8632	8457	758
8636	5417	823
8637	1323	347
8639	2652	468
8641	7754	608
8644	12761	185
8647	13816	429
8648	3944	836
8650	3540	376
8653	7155	696
8654	5493	488
8656	8544	492
8661	9268	282
8662	3006	296
8666	12976	654
8667	10180	528
8667	10180	676
8670	5634	605
8672	10746	249
8672	10746	230
8677	5050	825
8680	4675	269
8681	19544	546
8681	19544	490
8682	2645	256
8684	6760	437
8686	3071	545
8688	4749	211
8690	10236	285
8690	10236	303
8693	5664	829
8697	5190	427
8698	8071	660
8698	8071	249
8699	15806	427
8700	16960	327
8701	5751	438
8704	5521	369
8708	7716	479
8712	4874	354
8713	4340	717
8714	3839	483
8720	3444	306
8722	7634	368
8723	7330	639
8724	5302	615
8735	4627	572
8736	10046	254
8736	10046	222
8738	15799	1033
8740	2571	404
8743	8931	362
8743	8931	344
8744	9424	923
8745	3638	589
8746	7834	185
8749	3605	561
8753	2723	636
8755	6259	337
8757	15660	308
8757	15660	343
8761	3574	671
8762	8689	523
8764	14362	290
8765	20241	500
8769	7530	724
8774	16776	438
8775	17446	293
8778	5376	340
8778	5376	614
8779	19496	560
8783	8386	737
8784	7740	222
8786	17216	617
8786	17216	506
8789	3529	344
8790	4709	561
8792	5605	560
8792	5605	227
8795	3328	652
8796	2265	701
8797	13482	211
8798	5929	447
8799	2737	513
8802	14357	350
8802	14357	260
8802	14357	604
8807	7919	304
8807	7919	348
8808	5502	561
8809	6530	656
8810	9884	685
8812	18885	651
8814	16201	357
8814	16201	797
8814	16201	267
8815	2380	609
8817	8147	595
8819	3505	484
8822	6335	469
8825	13646	215
8825	13646	574
8825	13646	395
8831	8095	613
8835	16868	718
8835	16868	572
8842	7279	512
8843	2871	477
8845	7523	602
8846	17869	221
8847	4958	263
8851	7331	206
8857	2824	215
8857	2824	153
8861	11170	655
8869	2970	490
8873	4397	502
8878	2983	486
8881	2017	601
8882	11586	484
8885	2695	249
8896	13305	351
8896	13305	487
8897	6782	543
8898	3715	602
8899	3820	185
8900	2583	431
8901	4551	557
8903	9955	591
8906	6605	774
8907	8583	469
8908	7299	266
8912	6747	629
8912	6747	494
8913	11810	185
8913	11810	364
8914	7343	290
8915	4838	457
8920	10844	551
8920	10844	325
8920	10844	301
8921	6937	495
8923	3481	511
8925	2859	599
8926	7242	492
8927	7219	580
8928	12967	643
8928	12967	600
8929	4887	574
8930	4072	597
8932	4690	305
8932	4690	402
8933	3289	321
8936	5491	407
8937	6211	620
8937	6211	638
8939	4647	607
8941	5607	407
8943	10979	616
8943	10979	555
8948	3382	621
8950	4055	582
8952	4902	544
8956	3399	511
8958	3829	641
8960	1990	656
8961	5360	364
8965	5610	261
8969	9351	355
8969	9351	211
8971	7150	346
8975	3116	360
8987	3869	582
8989	8732	347
8990	15254	523
8990	15254	716
8991	13694	583
8991	13694	429
8995	4569	467
8997	12775	582
8997	12775	369
9003	13729	484
9004	3498	396
9004	3498	408
9005	2970	733
9008	6481	684
9011	5337	200
9012	15542	473
9014	13242	1020
9014	13242	263
9017	4978	351
9018	9803	312
9020	6506	649
9023	4551	475
9026	4038	520
9027	4506	185
9028	3267	523
9029	5645	332
9036	2879	406
9037	3679	440
9040	4372	177
9041	1690	279
9043	3663	542
9044	8991	445
9044	8991	315
9044	8991	295
9049	2944	329
9054	2832	405
9056	2792	277
9058	3913	673
9061	11226	430
9064	10265	434
9064	10265	403
9064	10265	380
9070	4147	283
9070	4147	195
9070	4147	175
9072	3703	656
9073	14617	613
9073	14617	615
9074	2576	544
9075	2880	360
9076	2906	405
9077	9927	200
9078	2849	375
9079	3513	620
9080	4419	608
9081	12864	517
9082	4293	509
9082	4293	612
9092	10210	488
9094	2945	400
9103	12812	591
9104	6248	866
9106	4661	627
9108	10752	227
9108	10752	457
9109	3542	663
9111	8922	634
9114	8008	234
9115	7132	493
9117	2559	211
9118	3358	401
9119	2655	352
9128	4607	669
9133	10672	534
9134	17087	674
9134	17087	519
9134	17087	368
9138	6044	421
9139	11943	313
9139	11943	438
9139	11943	355
9143	4157	303
9145	3048	360
9146	2095	281
9147	5182	513
9148	7490	547
9150	4361	600
9151	13656	295
9154	2824	395
9161	3182	260
9161	3182	343
9165	1452	304
9167	1033	215
9170	5467	464
9174	12470	344
9174	12470	368
9184	2486	222
9186	9452	261
9189	2396	328
9192	2959	350
9197	4422	507
9202	3166	239
9208	9328	341
9209	1362	393
9210	8718	452
9213	2183	286
9216	5398	433
9216	5398	367
9218	4786	555
9227	12303	535
9229	5030	477
9234	3502	381
9236	3571	356
9240	3180	328
9243	6065	242
9243	6065	190
9247	3207	468
9247	3207	215
9251	6561	575
9259	3805	490
9262	4333	587
9264	7197	661
9272	3510	454
9274	5465	666
9280	4800	394
9280	4800	395
9284	4098	174
9295	7372	361
9297	12007	753
9298	2316	361
9300	13465	313
9300	13465	238
9302	3805	607
9308	6017	451
9309	2031	405
9310	3017	620
9311	2319	321
9317	3763	567
9318	6206	251
9318	6206	284
9332	7158	289
9332	7158	239
9338	7944	536
9341	11085	516
9341	11085	578
9343	2205	322
9344	3744	586
9345	2705	313
9347	6572	265
9347	6572	268
9348	3425	332
9352	13278	584
9357	4638	531
9358	3042	215
9359	5658	528
9367	3271	330
9369	4562	321
9373	4380	314
9374	8025	365
9375	3293	401
9377	11893	628
9379	7471	256
9380	5252	474
9384	5543	447
9389	8535	491
9391	2867	185
9395	7938	464
9396	2315	326
9397	3007	327
9399	10129	384
9399	10129	305
9401	4371	200
9404	7447	648
9407	2963	409
9411	3995	465
9415	5174	538
9418	11568	578
9419	4418	504
9420	3533	366
9422	3271	729
9423	3522	543
9426	2819	416
9430	8764	200
9434	3727	390
9435	10792	375
9447	6439	609
9448	10348	471
9448	10348	390
9457	4626	342
9460	3352	501
9468	7749	522
9471	2270	359
9476	1806	326
9477	2630	516
9478	11713	791
9481	7996	440
9483	3098	336
9483	3098	339
9486	5793	542
9490	2910	636
9492	4611	612
9494	12557	260
9494	12557	289
9495	4900	555
9500	4412	223
9500	4412	214
9506	4124	345
9510	2502	463
9511	4952	547
9514	11304	754
9515	5789	485
9519	7174	595
9522	6607	577
9523	2771	509
9537	3006	651
9538	6310	531
9540	4021	451
9541	8629	506
9543	6270	413
9543	6270	608
9544	6800	701
9545	4489	550
9546	5482	568
9548	5261	691
9551	3665	571
9558	1674	459
9562	12249	389
9563	9918	227
9565	10385	391
9570	5267	352
9573	5381	385
9575	5788	531
9577	6210	512
9583	7354	490
9585	9580	448
9586	8935	619
9588	4198	624
9591	4942	252
9591	4942	273
9593	8099	250
9593	8099	251
9595	5339	331
9596	5967	475
9601	3425	500
9603	7212	560
9603	7212	483
9609	3316	513
9614	4343	663
9616	6043	342
9616	6043	239
9616	6043	246
9621	5733	339
9623	5821	326
9625	13280	469
9625	13280	384
9626	5517	448
9632	5569	511
9634	13183	618
9639	10491	291
9639	10491	176
9641	7201	564
9642	4338	200
9646	5768	604
9648	13842	524
9649	12374	523
9657	2562	417
9667	2448	242
9669	10083	506
9673	2610	516
9675	8610	490
9678	4724	624
9679	4158	423
9682	8732	521
9682	8732	398
9683	5418	470
9684	3669	493
9687	6579	516
9688	4182	496
9692	3111	432
9696	2005	364
9700	9950	322
9700	9950	200
9705	2799	661
9710	7589	446
9716	1812	331
9717	3106	354
9718	11937	454
9722	1889	316
9725	5119	544
9731	7445	459
9734	3744	531
9735	2686	270
9736	2748	273
9742	3522	485
9745	12775	525
9752	4466	455
9754	6513	377
9755	5117	602
9757	2278	314
9758	2008	560
9759	10562	522
9761	2229	254
9762	4152	320
9762	4152	353
9764	4550	481
9767	3623	363
9768	5294	337
9768	5294	343
9770	8546	507
9776	4964	421
9778	4574	516
9779	6633	327
9785	4269	272
9791	3318	297
9793	4355	346
9794	3161	455
9799	3980	321
9800	5303	467
9810	5947	342
9815	5414	495
9816	9720	296
9818	7016	358
9823	3889	351
9823	3889	322
9824	6122	200
9827	4589	289
9830	4153	409
9833	4973	575
9835	1192	232
9837	3350	351
9838	6099	333
9838	6099	356
9841	8343	381
9846	6612	249
9856	3954	482
9858	3108	332
9863	10592	442
9865	6619	327
9869	4298	695
9872	13791	284
9876	1968	286
9881	3183	284
9883	3568	363
9885	2467	215
9888	7747	206
9890	6010	303
9893	2554	319
9898	3782	544
9902	3184	454
9905	3275	200
9907	9798	185
9908	5322	249
9909	8144	346
9909	8144	366
9911	2672	510
9914	6572	356
9919	913	270
9921	8187	185
9922	4083	306
9931	5264	274
9932	12076	314
9932	12076	348
9932	12076	302
9932	12076	319
9933	4898	296
9936	3270	472
9938	2494	171
9940	2268	482
9941	3393	227
9941	3393	227
9942	3399	344
9942	3399	348
9945	6889	336
9948	3958	269
9949	2821	438
9951	4380	706
9953	3291	345
9956	2647	465
9959	2469	332
9965	2570	373
9966	3059	238
9967	2533	357
9970	6152	465
9971	2965	299
9976	4103	356
9979	5543	602
9982	5841	429
9987	2347	540
9996	7899	442
9996	7899	388
9997	3991	267
9997	3991	307
9998	3898	731
10005	3665	604
10012	5036	480
10015	6001	568
10020	4504	292
10021	4214	402
10027	11015	314
10033	4955	540
10033	4955	372
10037	10394	632
10039	10080	409
10042	12363	478
10042	12363	278
10048	3158	167
10048	3158	190
10054	7521	203
10054	7521	232
10064	7951	479
10071	1759	350
10074	4024	200
10076	10330	552
10079	5818	521
10081	6818	609
10086	3437	595
10087	2239	288
10090	8935	568
10091	11175	238
10091	11175	310
10093	10771	373
10096	5616	425
10096	5616	481
10101	4395	484
10102	6026	466
10107	10372	200
10110	6402	331
10111	8647	417
10111	8647	332
10115	4218	312
10116	6267	341
10116	6267	329
10119	5946	230
10121	4378	332
10126	5040	249
10133	9032	401
10133	9032	350
10141	3501	347
10144	2742	399
10147	6529	323
10148	7083	334
10148	7083	505
10156	7589	200
10158	12312	468
10159	8714	531
10162	5688	255
10163	8867	304
10168	2791	185
10169	7482	576
10171	3973	353
10173	1117	346
10175	5942	322
10184	4223	531
10187	8166	576
10189	4899	666
10192	10845	586
10193	3457	332
10194	11192	527
10198	2901	185
10200	3172	468
10202	6339	250
10207	3289	295
10209	6524	536
10226	9348	254
10226	9348	273
10227	3683	597
10229	4402	300
10229	4402	211
10231	6766	596
10232	5980	447
10234	10814	330
10235	4761	329
10239	7380	376
10239	7380	540
10242	10912	496
10245	3137	422
10250	9126	533
10251	3683	291
10251	3683	334
10252	5545	537
10256	7825	653
10258	4509	535
10260	3788	465
10262	5104	430
10266	4055	549
10268	11612	324
10269	5424	780
10272	7402	317
10272	7402	427
10273	2857	406
10274	11374	179
10274	11374	356
10277	3746	547
10284	2931	281
10284	2931	334
10285	6602	342
10287	5295	327
10288	3926	185
10289	5411	505
10290	10794	592
10292	2224	351
10294	2698	352
10295	5104	572
10296	3465	475
10297	9115	693
10302	2751	323
10302	2751	296
10303	3925	325
10304	8804	200
10304	8804	663
10305	3078	300
10307	3165	519
10308	2952	512
10310	2432	662
10316	10549	526
10317	2001	334
10323	3948	414
10324	4619	604
10326	11376	292
10326	11376	284
10326	11376	256
10329	6093	629
10331	3615	174
10331	3615	191
10332	3494	185
10348	4626	261
10350	3820	593
10356	6773	553
10365	8140	522
10367	3425	554
10369	3806	260
10370	3496	295
10374	3470	185
10375	7047	604
10376	3481	297
10379	5039	578
10381	4624	364
10384	7574	509
10384	7574	632
10385	2869	517
10386	3684	254
10386	3684	185
10388	2007	322
10393	2911	527
10397	6493	533
10400	3161	446
10405	5856	628
10408	2776	259
10408	2776	227
10409	8754	200
10409	8754	328
10411	2289	331
10413	8843	387
10415	4180	395
10416	3149	238
10417	4375	358
10419	6977	211
10422	2978	602
10424	5728	787
10428	3395	498
10430	2986	282
10435	4171	434
10437	6324	200
10442	3973	265
10443	4599	290
10448	5325	587
10451	7606	261
10452	4579	527
10455	3149	323
10459	1585	200
10466	2877	357
10472	3706	514
10477	3559	296
10478	2908	529
10487	5410	185
10487	5410	301
10488	3077	454
10489	2572	313
10501	2196	342
10505	3020	311
10505	3020	374
10508	5008	303
10508	5008	328
10510	4532	385
10512	5652	496
10516	5818	238
10517	4473	434
10519	5834	371
10520	3881	419
10523	1902	255
10524	5149	338
10527	2342	521
10530	10123	185
10531	2706	356
10539	3229	531
10541	1876	324
10542	10541	319
10542	10541	351
10542	10541	211
10552	6977	500
10554	4359	409
10555	7964	278
10555	7964	185
10560	3583	554
10563	4092	349
10569	9541	331
10569	9541	552
10578	9354	283
10578	9354	329
10581	3577	241
10581	3577	260
10582	7393	259
10582	7393	339
10585	5016	421
10594	5608	391
10594	5608	253
10596	3809	430
10597	3204	381
10599	3757	304
10602	2255	318
10605	2949	257
10607	2743	303
10610	6637	572
10612	6701	408
10616	4302	405
10617	7471	604
10620	5541	837
10627	4605	350
10631	3278	569
10633	3841	299
10634	2846	605
10635	5653	331
10639	3148	250
10643	2971	583
10645	6106	543
10646	3686	638
10648	5577	295
10652	4679	683
10654	3588	185
10655	7661	642
10660	3968	325
10661	2614	250
10667	7185	531
10668	3533	385
10669	2932	347
10670	8743	347
10670	8743	185
10677	3069	360
10680	2804	200
10685	2972	339
10687	7067	318
10688	2527	351
10692	3071	185
10693	3123	200
10698	7285	528
10701	5092	701
10703	6744	564
10703	6744	471
10704	4269	575
10706	10695	239
10706	10695	325
10706	10695	352
10706	10695	312
10707	3655	342
10709	3473	261
10709	3473	293
10712	2603	619
10713	9367	595
10716	2384	342
10717	5769	531
10721	4133	526
10722	2637	238
10730	6312	664
10732	4847	517
10735	2644	298
10736	2743	255
10737	3771	244
10737	3771	328
10738	5917	313
10739	4077	661
10740	2489	331
10740	2489	276
10744	3134	408
10745	4813	611
10748	6744	331
10748	6744	557
10753	6931	250
10753	6931	546
10754	8989	391
10755	6337	536
10760	2687	299
10761	4359	345
10761	4359	416
10766	3397	542
10772	6805	227
10776	9000	296
10781	2286	238
10784	5713	529
10791	4847	344
10794	4634	633
10795	11415	521
10795	11415	482
10796	3180	556
10798	5112	320
10799	3838	200
10808	5958	487
10813	5362	185
10814	4769	206
10821	5051	185
10826	5448	576
10829	3104	533
10830	2051	302
10830	2051	192
10835	7412	200
10835	7412	590
10842	2625	270
10848	5574	459
10849	3253	432
10850	4653	364
10851	7525	548
10851	7525	550
10853	4305	450
10854	7915	200
10858	4383	568
10860	2080	356
10865	4009	315
10867	2341	319
10870	7621	616
10870	7621	548
10878	5995	738
10892	3231	280
10895	3977	556
10896	6138	507
10897	6072	471
10898	3004	388
10904	9508	407
10907	4331	347
10909	8178	402
10911	10469	270
10911	10469	335
10912	4208	268
10913	8056	349
10914	3325	387
10915	5476	483
10917	7059	286
10919	6190	304
10921	4948	435
10922	12047	185
10923	4698	521
10927	3422	230
10930	7082	583
10939	4045	423
10947	6450	497
10947	6450	436
10948	3807	538
10950	2522	373
10953	4158	428
10954	3222	254
10956	7421	385
10962	2253	493
10963	2663	565
10964	7748	281
10972	7200	443
10973	5376	278
10974	10299	261
10976	4295	517
10983	9325	403
10983	9325	629
10990	2097	535
10991	6641	357
10992	4345	429
10994	4601	400
10996	2397	332
11003	3352	472
11005	7754	541
11006	4993	303
11007	9898	538
11007	9898	322
11008	4327	533
11009	9826	564
11012	9158	573
11014	10291	576
11016	2562	425
11017	4462	332
11018	6589	475
11024	4037	636
11026	4761	258
11032	5604	185
11034	3164	272
11037	3934	640
11041	10803	385
11050	7078	409
11055	3295	216
11065	2774	598
11066	7831	428
11067	3497	506
11075	3972	574
11081	5575	485
11081	5575	427
11086	5266	630
11090	7789	733
11092	2085	459
11097	7860	554
11100	4214	290
11101	4693	456
11102	9235	561
11104	5047	482
11105	4719	388
11106	7700	428
11107	2715	431
11110	2630	215
11115	4511	639
11116	3253	513
11122	2334	287
11123	2182	230
11128	2081	322
11132	5751	402
11136	7063	291
11139	5731	568
11143	5108	451
11146	4506	394
11148	3689	242
11151	4032	456
11153	4166	617
11158	4592	531
11160	1828	359
11163	5813	462
11164	1632	504
11168	3988	434
