0	21966	26923
6	3944	404
9	2950	232
15	1716	300
17	1833	285
18	2400	350
19	3846	415
22	3106	305
23	2782	315
24	2117	249
29	2330	286
33	3546	185
34	2655	273
35	1909	238
38	3128	299
38	3128	268
40	1739	222
43	1883	278
52	3584	238
54	5768	382
61	3474	260
61	3474	211
65	5193	398
70	2076	255
71	2819	238
75	2559	251
81	2360	238
82	1365	185
86	2329	299
90	961	245
102	1797	200
103	3200	362
118	2046	263
124	1264	279
128	2321	283
129	1840	419
130	2127	283
137	2243	263
143	1920	250
144	2689	355
150	2351	238
150	2351	312
155	2597	242
156	1601	248
169	2326	221
169	2326	266
171	3215	238
186	2305	327
194	2179	346
237	5017	200
338	6457	358
341	4033	426
381	3322	456
388	3731	256
388	3731	222
436	3711	450
541	2457	266
659	1803	185
673	3222	408
679	3124	425
683	2881	256
687	3311	375
697	2686	295
698	3401	433
698	3401	364
715	3774	509
718	2148	215
720	3916	298
721	3719	268
721	3719	217
736	3332	322
748	3103	301
748	3103	292
753	3215	350
773	2229	249
775	6988	265
788	4434	462
798	2744	261
799	2363	352
803	1841	300
820	5148	493
822	2127	306
872	4810	497
877	2014	307
910	3528	211
910	3528	312
920	3366	322
931	4162	467
935	3441	489
948	2547	504
976	3992	419
977	6743	239
984	2275	283
995	3954	326
1003	1920	206
1007	4363	438
1010	5010	335
1025	3603	477
1030	3808	521
1032	2528	166
1035	2732	274
1040	2376	321
1041	2952	321
1050	4131	516
1051	1490	287
1057	3698	457
1068	1844	329
1085	4329	335
1094	3626	392
1107	3284	428
1108	3358	185
1109	3498	266
1117	2988	325
1129	2708	260
1130	2632	321
1141	5028	432
1144	2923	576
1145	3842	211
1146	3723	268
1147	2481	185
1150	3332	241
1152	5034	359
1155	3409	283
1155	3409	265
1159	2471	215
1163	2308	265
1166	3011	253
1171	3326	278
1172	2982	296
1175	3587	309
1176	3142	250
1176	3142	234
1179	2654	211
1182	3121	137
1182	3121	256
1186	3642	215
1192	1927	243
1196	2738	281
1204	2891	266
1204	2891	308
1207	1663	263
1208	2107	291
1209	2635	255
1210	3095	290
1211	2521	219
1211	2521	294
1215	2998	253
1216	3163	352
1223	3836	297
1224	6368	329
1224	6368	417
1225	2778	304
1226	5252	257
1229	2640	384
1231	1632	363
1234	2551	289
1242	3241	321
1243	1975	211
1244	3081	332
1252	4214	336
1254	3441	392
1257	2198	362
1258	3750	416
1261	3272	227
1262	2222	364
1263	3878	430
1265	3634	311
1271	2085	335
1272	4818	371
1275	2337	446
1276	3062	312
1276	3062	268
1280	3123	410
1282	3754	332
1282	3754	271
1284	2871	458
1293	4916	497
1295	2828	243
1299	4553	560
1301	5612	524
1302	3129	244
1303	2577	238
1303	2577	263
1310	2830	486
1329	3081	286
1330	1977	308
1334	3484	246
1334	3484	245
1343	4434	533
1344	3200	354
1345	6080	527
1346	6782	473
1346	6782	330
1347	5937	547
1347	5937	511
1351	3832	293
1364	3277	433
1366	3064	352
1368	3993	386
1370	4780	396
1371	8217	281
1373	4356	468
1375	5365	328
1377	2779	493
1381	3979	444
1383	3500	335
1391	2269	260
1392	4822	311
1400	9447	432
1400	9447	185
1407	3957	193
1407	3957	208
1421	7316	321
1424	4066	490
1431	6452	561
1432	5422	461
1438	4300	490
1440	3293	480
1441	5650	543
1445	9345	518
1448	4268	232
1451	3981	227
1453	4805	444
1459	11009	738
1463	6788	408
1473	3043	553
1474	6508	248
1476	3847	425
1477	3809	294
1486	2844	323
1494	2719	324
1503	2838	295
1505	7550	244
1505	7550	133
1506	3191	297
1507	2845	315
1511	4433	356
1511	4433	451
1515	6362	508
1515	6362	145
1515	6362	160
1516	3406	320
1528	3808	577
1535	2627	286
1538	8056	468
1539	6494	454
1544	5905	514
1545	4777	357
1548	2675	227
1551	5599	391
1552	3352	297
1552	3352	420
1553	4793	553
1559	3693	261
1562	6755	295
1568	3331	134
1572	3687	289
1573	4293	484
1575	5030	296
1577	4501	457
1579	5865	479
1586	3755	545
1597	5343	462
1613	4391	520
1616	3481	461
1617	5154	425
1618	8600	330
1620	3336	349
1621	2945	484
1624	5871	312
1633	3718	291
1634	1971	274
1641	7507	306
1642	4597	250
1644	4599	491
1645	2661	215
1653	7125	380
1653	7125	418
1682	2788	124
1682	2788	335
1687	2246	296
1688	3836	481
1689	4607	415
1693	4734	412
1701	3746	309
1710	2991	348
1717	4104	472
1718	4385	269
1718	4385	173
1725	5396	328
1729	2949	200
1730	7312	532
1730	7312	268
1732	6552	433
1732	6552	422
1733	4796	481
1734	3109	245
1736	4175	315
1742	7082	271
1744	4855	687
1746	2543	317
1749	3629	280
1749	3629	358
1750	2932	185
1758	6227	539
1758	6227	373
1765	6095	561
1767	3281	460
1776	7041	409
1784	5324	442
1803	5914	173
1803	5914	170
1837	2928	317
1844	3570	216
1849	5537	380
1850	4058	185
1859	4143	504
1869	4356	513
1872	4171	498
1879	5336	479
1892	4084	543
1914	4819	452
1917	3424	407
1933	6253	382
1938	4890	211
1941	5242	527
1948	1804	267
1963	6858	355
1977	3363	266
1978	5751	420
1987	5607	464
1998	5503	114
1998	5503	173
2006	3514	446
2013	2091	155
2013	2091	152
2020	4855	260
2024	4117	185
2029	10956	411
2032	3922	238
2035	4185	437
2042	4536	355
2043	4178	312
2056	4388	283
2062	3544	473
2066	5000	611
2067	4830	549
2068	3757	429
2073	3741	398
2083	5149	577
2087	4192	514
2096	3017	232
2098	5984	495
2111	1434	291
2112	5760	262
2128	1293	239
2134	5087	206
2137	5418	466
2138	4397	429
2151	7621	305
2159	2917	232
2162	4721	562
2167	3625	302
2170	1865	232
2173	1759	468
2174	2611	331
2176	2840	460
2178	3582	322
2179	7056	532
2180	2074	200
2181	1884	185
2188	2306	377
2192	3457	308
2198	3018	328
2202	3345	243
2202	3345	245
2208	2376	327
2210	3321	227
2219	5148	323
2220	3671	499
2221	3907	422
2221	3907	445
2228	1985	293
2230	1215	275
2239	4210	440
2241	1525	227
2246	1502	215
2257	1461	150
2257	1461	209
2262	3904	185
2275	2903	315
2280	1142	200
2281	3192	268
2281	3192	278
2282	2616	227
2288	5192	446
2289	1162	294
2292	1578	200
2296	2909	185
2298	2647	211
2302	4278	406
2313	3002	185
2316	4328	532
2319	4265	227
2320	1931	200
2321	4908	460
2335	3781	347
2347	3337	267
2348	4157	238
2348	4157	174
2353	3445	416
2357	6409	370
2357	6409	313
2359	4552	382
2364	3210	622
2365	4367	421
2369	4090	238
2370	3298	296
2373	3199	305
2374	1557	290
2385	2759	268
2388	5855	181
2388	5855	146
2391	1995	271
2396	3878	310
2397	2629	303
2398	3640	413
2406	3210	200
2407	5870	268
2409	3448	284
2410	2818	215
2411	2743	360
2414	4073	512
2417	2711	245
2418	2536	306
2421	2947	221
2421	2947	295
2423	5652	420
2423	5652	524
2425	1856	272
2430	3458	277
2431	3313	285
2433	3042	368
2434	5447	448
2436	3020	254
2439	2206	349
2443	2723	200
2453	2634	303
2453	2634	260
2455	3085	487
2463	4142	334
2466	1792	283
2467	4139	222
2468	3540	470
2469	3269	469
2472	5386	455
2473	2550	354
2477	3815	361
2482	3428	261
2482	3428	206
2483	3926	325
2484	1474	281
2486	3594	327
2486	3594	268
2495	2686	243
2496	3257	417
2499	1591	284
2500	2999	314
2503	5852	529
2503	5852	457
2506	3683	278
2510	2848	289
2515	5124	200
2515	5124	261
2517	3813	430
2518	4936	421
2519	5300	464
2519	5300	278
2521	4488	427
2527	2906	419
2531	2686	302
2533	3504	430
2536	4831	454
2547	2334	261
2549	4009	348
2552	2597	283
2553	2448	437
2559	2832	306
2561	1820	211
2569	4562	403
2570	3281	321
2570	3281	185
2575	4515	444
2576	7168	284
2577	2859	286
2580	4894	379
2581	3982	237
2581	3982	252
2584	2906	211
2584	2906	233
2587	3073	281
2592	3316	424
2594	4724	604
2603	5297	296
2613	4708	497
2617	2699	311
2624	3503	269
2632	3793	338
2636	4200	326
2637	3501	411
2638	3988	499
2639	2071	255
2642	2722	258
2642	2722	271
2649	2150	185
2664	3545	244
2665	3729	466
2667	4528	517
2678	3758	273
2680	2197	492
2687	4284	158
2694	2570	297
2698	2745	369
2701	4983	446
2714	5396	547
2716	5548	606
2719	4797	414
2723	3309	398
2736	4567	584
2739	4875	627
2747	3736	420
2754	4430	499
2758	4023	286
2761	4449	200
2763	2965	225
2763	2965	295
2773	4559	351
2774	3547	427
2775	5581	536
2777	3247	201
2777	3247	354
2778	3551	461
2781	4280	222
2784	4666	362
2786	4608	219
2786	4608	209
2791	4483	251
2794	3227	355
2798	4611	216
2799	4386	526
2805	5192	535
2806	2370	539
2807	3060	388
2819	4960	455
2824	3633	321
2826	4542	378
2830	3503	538
2834	3333	407
2835	1772	439
2838	4378	332
2841	2989	329
2842	3914	450
2843	3795	244
2843	3795	228
2847	3261	488
2849	4521	469
2851	4876	307
2853	4231	509
2856	4000	355
2858	3451	511
2860	3999	649
2866	3285	178
2873	3649	533
2877	1343	237
2882	3809	476
2894	3626	546
2895	3711	200
2897	2647	281
2898	2544	332
2899	3600	380
2910	2336	211
2916	1581	236
2932	2983	321
2947	5188	494
2949	4715	582
2953	3432	456
2961	3827	382
2963	4264	421
2972	5146	573
2982	3429	326
2983	3688	530
2993	5193	458
2996	2079	432
2999	4289	528
3000	3655	356
3002	4251	431
3013	2280	554
3014	3973	459
3024	5061	578
3029	3851	293
3031	3492	185
3033	3943	249
3034	4631	485
3038	3262	215
3039	4677	411
3042	5420	513
3047	2252	200
3051	5276	267
3052	3273	380
3060	3570	281
3062	3668	290
3063	3829	216
3072	2865	316
3073	2973	277
3082	2091	379
3083	2147	250
3086	4203	307
3088	3101	211
3089	3942	200
3096	2909	227
3097	2957	284
3098	3307	196
3098	3307	273
3100	1637	269
3101	2300	215
3107	2594	350
3109	2244	302
3110	2113	284
3112	2540	238
3113	3859	238
3116	3636	250
3120	4297	477
3128	2728	261
3131	2227	244
3133	3045	225
3133	3045	259
3135	2024	405
3136	5247	364
3136	5247	537
3140	2550	307
3141	4373	283
3141	4373	189
3149	3109	288
3149	3109	285
3151	2963	587
3154	2730	288
3155	3869	576
3159	1186	222
3162	4124	300
3166	1760	330
3175	1665	185
3187	1235	241
3193	5548	469
3193	5548	387
3198	2597	185
3202	2896	185
3205	2639	401
3207	2678	393
3212	4835	227
3229	2861	185
3235	2210	311
3237	2405	294
3244	3454	532
3259	4879	440
3262	3262	377
3264	4016	217
3264	4016	222
3265	1813	273
3270	3561	285
3273	3214	230
3273	3214	233
3281	3025	185
3281	3025	299
3285	3591	284
3286	3671	426
3289	2053	263
3290	2825	270
3290	2825	223
3292	3233	233
3292	3233	293
3293	2661	278
3294	3868	293
3296	4581	250
3297	3178	232
3301	2675	341
3305	3549	381
3306	2813	310
3313	1525	242
3320	1559	296
3321	3837	185
3324	3067	298
3327	3997	232
3333	2987	261
3336	4062	483
3338	2654	293
3340	2866	288
3342	3625	305
3353	3200	185
3353	3200	278
3358	4043	405
3361	2441	315
3368	3929	242
3368	3929	326
3370	4978	414
3371	2380	294
3375	3026	285
3377	3681	185
3381	2828	248
3385	3233	281
3387	3410	403
3388	2598	215
3389	3412	370
3391	4145	185
3393	2688	309
3395	3433	261
3395	3433	308
3400	1305	185
3405	1632	216
3406	5405	432
3412	1498	314
3414	2890	211
3414	2890	202
3421	2297	359
3422	1435	185
3424	4125	185
3425	3100	390
3426	2974	216
3427	2717	387
3428	2594	227
3429	3104	331
3436	3212	221
3440	2352	238
3442	2579	490
3443	4359	253
3446	3195	268
3448	3354	469
3452	5332	523
3459	2187	320
3460	3119	335
3464	2190	281
3466	3511	301
3471	2417	365
3472	2353	292
3475	2866	185
3478	3584	321
3479	3521	442
3481	2179	222
3483	3201	227
3484	4796	215
3484	4796	463
3485	2972	347
3486	3177	313
3487	3136	434
3488	3786	185
3490	2858	211
3491	2323	200
3494	2689	305
3496	2028	332
3499	1759	282
3504	3265	297
3504	3265	284
3513	2745	196
3513	2745	378
3515	1893	262
3519	2994	185
3522	2901	348
3526	3621	254
3527	3843	283
3527	3843	325
3530	3500	200
3530	3500	371
3535	3536	247
3536	2634	313
3539	3115	238
3547	3085	294
3551	5329	509
3551	5329	369
3559	2979	272
3561	1665	354
3563	3344	283
3563	3344	200
3566	3732	521
3567	2102	185
3572	4482	380
3576	2500	245
3577	3166	222
3579	3646	287
3584	2254	322
3587	3180	258
3587	3180	351
3588	2341	560
3589	3863	389
3592	3969	443
3594	3104	332
3597	3171	259
3599	2997	266
3604	3015	329
3609	3448	369
3617	3116	435
3619	3799	185
3622	3202	227
3628	4070	467
3632	2590	267
3633	2309	423
3634	2778	277
3637	4486	375
3639	2853	246
3639	2853	198
3645	3928	423
3646	2855	293
3647	1356	259
3660	3279	477
3664	2984	290
3689	3848	472
3691	4205	325
3693	3037	512
3700	2676	227
3709	3125	354
3709	3125	282
3711	3031	425
3716	3434	475
3719	2870	301
3723	2582	334
3724	4385	409
3725	3460	348
3727	4930	554
3730	2836	230
3731	4378	482
3732	4593	200
3735	3574	440
3740	2932	373
3741	4101	350
3744	4386	261
3746	4962	575
3747	1948	209
3748	4503	420
3749	3919	185
3755	2977	398
3758	2850	326
3763	3540	408
3764	4377	293
3765	3633	416
3771	3161	215
3771	3161	294
3779	4802	404
3782	3992	396
3787	3230	472
3792	3355	332
3796	2811	285
3796	2811	400
3800	3317	340
3801	2663	203
3801	2663	275
3806	4107	549
3820	3968	503
3825	3161	303
3835	2529	185
3835	2529	222
3838	4195	335
3839	2432	211
3848	3645	409
3849	3379	548
3850	3859	568
3853	3848	459
3874	1802	222
3877	3093	286
3884	4037	317
3887	2054	263
3897	2577	399
3903	3166	459
3904	4066	378
3915	2920	472
3924	4752	291
3929	4596	238
3929	4596	296
3936	2851	373
3937	3883	400
3944	3543	487
3947	2519	216
3948	4841	262
3961	3550	305
3980	2535	533
3991	3300	243
3991	3300	255
4006	4186	525
4006	4186	381
4012	3433	322
4014	3581	389
4028	2847	335
4032	3890	428
4038	2003	248
4039	4722	320
4061	2503	271
4064	2555	440
4067	5054	161
4067	5054	166
4076	2225	386
4077	3881	434
4089	3208	364
4092	4903	327
4092	4903	525
4095	5417	434
4100	3053	246
4107	3417	521
4110	1840	314
4112	2772	298
4113	2282	331
4114	3059	263
4116	4805	477
4116	4805	496
4121	2959	256
4122	2629	283
4125	4188	312
4130	4213	357
4138	3164	411
4149	3510	449
4151	2031	493
4163	3477	222
4172	2657	341
4173	1868	272
4196	2945	200
4197	4105	390
4206	3841	416
4231	3193	348
4242	4961	377
4243	4349	243
4244	2361	162
4244	2361	302
4246	2921	328
4258	3353	291
4270	3621	340
4275	3219	222
4295	3132	281
4295	3132	306
4302	3687	286
4302	3687	260
4303	1856	238
4304	3062	266
4307	3928	249
4313	2987	266
4316	2980	286
4319	4647	344
4321	3963	268
4326	3017	382
4337	2744	200
4338	3595	434
4342	1867	185
4346	2909	236
4347	2549	267
4352	3982	200
4356	2810	304
4357	2360	290
4365	3425	296
4366	2329	211
4367	1753	238
4372	1895	227
4374	2341	227
4386	2057	290
4390	3831	293
4401	3528	232
4401	3528	241
4402	1959	263
4404	3202	185
4404	3202	274
4406	1907	438
4410	3140	221
4420	2027	230
4423	2442	200
4426	2517	185
4430	2058	222
4445	3286	255
4445	3286	211
4446	3128	200
4446	3128	320
4457	2446	222
4458	2616	216
4463	2709	206
4468	2712	305
4472	2117	277
4475	2888	298
4475	2888	211
4478	2697	244
4479	2841	385
4488	5030	410
4488	5030	521
4499	2404	297
4501	1371	229
4506	1178	284
4507	2758	280
4508	2615	226
4511	3081	250
4517	2923	159
4517	2923	173
4520	1484	256
4524	2730	275
4525	2006	311
4528	4033	476
4529	3041	284
4536	1198	255
4538	3721	249
4545	2052	238
4548	2539	271
4550	2163	289
4562	2030	243
4573	2433	227
4579	2036	293
4589	2894	200
4597	3296	266
4597	3296	267
4606	2560	306
4607	4362	243
4611	2973	292
4614	3752	340
4614	3752	299
4620	2905	306
4620	2905	211
4621	3653	334
4623	1613	267
4630	2235	185
4631	2128	306
4640	1890	243
4650	2217	294
4661	1305	294
4662	2873	463
4664	3412	307
4665	3198	254
4672	2463	291
4676	1628	243
4687	3918	238
4687	3918	278
4693	3412	237
4711	2497	238
4712	3179	261
4713	1440	218
4713	1440	167
4714	2373	253
4724	2570	237
4724	2570	233
4726	1853	333
4727	3591	254
4730	2694	200
4739	2390	261
4745	1989	222
4757	2109	243
4760	2425	266
4769	3253	206
4772	3059	309
4775	2402	243
4780	2876	185
4780	2876	215
4795	5034	351
4800	4172	221
4812	2073	200
4821	2864	353
4826	3768	232
4826	3768	200
4833	2242	185
4841	1808	222
4843	4400	385
4843	4400	311
4844	2133	269
4853	4152	272
4853	4152	268
4855	2902	206
4855	2902	249
4856	2296	237
4857	2349	200
4860	1872	244
4862	3427	282
4870	4295	352
4871	2701	281
4878	3182	323
4890	4846	333
4893	4954	525
4895	2296	267
4900	2314	222
4901	3747	211
4911	2721	277
4913	3755	200
4924	4176	469
4931	4371	343
4940	2122	211
4940	2122	317
4951	3518	355
4952	4973	411
4967	1623	185
4969	2478	185
4971	2179	211
4983	1901	391
5002	2633	185
5011	2326	251
5019	3435	314
5020	1588	216
5022	3821	380
5033	4011	485
5051	2270	279
5054	4861	346
5054	4861	236
5060	1512	292
5063	2629	282
5064	4786	255
5064	4786	263
5066	1148	200
5070	3074	437
5078	2507	287
5079	3276	378
5080	2384	267
5082	4763	330
5084	2694	233
5095	1582	286
5102	3051	313
5103	2541	211
5104	2496	286
5115	3157	425
5121	1570	200
5125	2063	222
5135	2013	249
5143	1337	245
5159	2441	399
5162	1509	185
5165	1469	376
5183	3984	302
5202	1433	243
5203	1436	185
5221	3639	402
5221	3639	312
5223	2512	325
5229	2388	200
5231	2223	244
5256	2640	227
5262	2334	222
5265	2309	227
5268	2127	185
5276	2989	469
5278	3163	211
5283	3795	305
5298	2700	242
5321	2807	259
5323	2786	304
5332	2940	295
5333	2025	387
5335	1568	315
5352	3174	320
5369	3131	200
5388	2663	185
5547	2003	312
5552	3690	415
5567	2768	185
5575	2059	185
5576	4235	443
5577	3289	418
5580	3461	644
5582	1859	185
5585	1914	303
5589	3977	249
5591	2559	466
5594	2424	250
5595	3030	254
5597	3758	317
5603	3804	446
5604	3834	430
5614	2361	274
5617	3100	363
5618	3622	227
5619	1841	248
5627	2801	413
5631	2704	345
5633	2743	386
5636	2708	211
5637	2626	206
5639	4885	245
5639	4885	377
5643	1429	185
5644	2428	200
5645	1804	206
5646	2023	185
5648	1702	185
5649	4830	445
5649	4830	386
5650	2524	379
5651	2732	232
5652	2988	375
5660	1595	244
5663	2113	302
5666	1248	253
5671	1601	254
5672	4422	185
5676	4180	379
5677	5202	299
5677	5202	420
5680	3097	215
5687	2477	390
5689	3326	381
5690	2813	233
5693	5684	332
5693	5684	422
5697	2524	347
5700	3622	460
5703	3606	346
5704	2503	278
5706	2861	408
5707	2791	270
5710	4813	336
5712	3315	430
5727	2678	185
5734	2910	278
5735	2093	292
5738	3023	251
5743	3717	528
5744	2587	303
5751	5071	331
5755	3701	414
5766	2148	257
5768	5977	514
5770	2888	266
5775	2821	227
5779	4478	366
5786	2910	356
5794	3183	296
5795	3221	420
5800	3005	227
5811	1955	407
5821	3376	352
5822	3727	279
5823	4471	367
5830	1714	310
5840	2426	206
5844	3339	200
5845	3495	384
5850	4291	352
5853	2829	367
5858	2728	244
5860	1556	200
5861	3529	495
5863	4293	384
5865	2814	401
5886	2243	221
5895	1720	238
5900	4873	434
5902	2823	227
5911	2726	184
5911	2726	197
5913	2563	297
5919	3708	279
5919	3708	287
5927	3217	337
5930	3006	255
5943	3990	266
5950	2681	226
5958	4575	335
5959	3656	458
5962	3522	426
5965	1163	200
5967	4457	285
5978	2854	328
5981	3895	496
5984	3755	425
5989	2568	283
5990	2432	295
5998	4318	462
6000	4710	424
6004	5650	440
6015	2884	280
6020	2852	319
6023	3468	456
6024	4249	374
6034	3238	421
6042	4180	470
6043	2614	292
6049	5384	399
6062	2720	229
6062	2720	303
6064	2632	238
6067	3584	457
6075	1404	295
6077	2925	244
6090	2852	290
6093	4848	388
6105	4815	434
6107	2019	278
6108	3298	260
6111	2183	332
6111	2183	242
6114	2527	216
6126	2674	289
6127	4209	430
6133	2563	245
6136	1553	276
6137	3202	211
6148	5512	493
6162	1649	238
6167	1732	256
6175	2478	379
6180	2541	348
6185	2851	261
6189	2941	222
6189	2941	270
6190	2072	269
6196	4766	447
6196	4766	483
6198	5878	282
6199	2414	267
6215	1165	200
6220	2251	429
6269	3033	313
6274	3749	418
6301	2981	358
6321	2060	342
6332	3984	488
6333	1889	355
6334	4946	386
6336	3562	349
6341	4100	487
6342	5715	314
6386	1210	185
6390	4451	442
6397	5576	614
6401	3496	430
6404	3640	337
6411	3310	185
6423	2821	492
6443	3991	636
6448	4491	415
6461	3066	473
6473	5314	222
6496	3615	444
6508	2901	446
6510	3879	414
6511	3453	406
6522	3397	280
6524	5634	333
6532	3692	426
6546	4654	367
6547	2151	234
6566	3991	211
6576	2074	336
6578	4285	185
6581	5802	312
6582	4778	282
6582	4778	461
6590	4206	252
6599	3561	416
6610	4444	411
6612	2097	272
6616	2511	273
6619	2494	341
6622	4038	300
6624	2681	273
6630	2675	446
6633	2780	250
6636	2835	222
6644	1624	279
6651	4983	485
6657	1867	246
6676	2462	222
6678	1927	283
6684	5017	311
6684	5017	238
6697	4112	279
6697	4112	317
6710	3307	436
6712	3275	262
6712	3275	260
6713	2545	279
6713	2545	335
6718	3165	340
6719	1857	308
6720	4390	275
6722	2060	273
6725	2943	255
6725	2943	261
6728	1795	280
6730	1801	383
6733	2476	174
6733	2476	353
6742	2151	273
6746	4109	443
6753	5288	318
6757	2073	185
6761	3224	359
6765	2964	256
6770	2865	270
6778	2514	185
6778	2514	185
6780	2324	366
6782	2601	185
6786	2332	349
6790	1355	327
6791	2995	345
6791	2995	275
6800	1955	297
6805	2612	215
6808	3092	416
6814	2035	281
6817	2504	289
6818	2971	451
6820	1789	260
6823	2855	168
6823	2855	171
6823	2855	189
6828	3219	298
6832	2328	250
6835	2304	280
6840	2631	234
6843	2645	237
6844	3383	312
6853	1969	275
6858	2154	263
6862	1993	239
6863	2932	317
6864	3752	260
6868	3050	185
6869	2107	285
6876	2317	244
6877	2395	238
6881	3009	278
6882	2669	323
6886	1995	215
6888	2220	243
6894	2536	246
6894	2536	282
6896	2368	227
6898	3522	185
6898	3522	266
6902	2686	268
6906	3390	324
6909	3075	260
6913	3344	381
6914	2128	288
6916	2101	345
6919	2493	259
6923	2548	215
6927	2462	308
6928	3239	346
6930	2716	277
6931	1718	244
6937	1789	257
6944	1485	262
6949	1428	426
6959	2785	253
6964	2707	317
6968	1537	293
6974	2153	266
6976	2335	255
6977	1687	222
6979	2141	267
6986	2802	325
6989	3488	242
6993	2040	320
6995	2261	248
6997	2292	200
7001	2623	200
7004	2911	361
7008	2192	270
7010	3874	238
7010	3874	185
7011	2294	200
7013	1276	255
7016	2303	237
7019	1245	216
7022	1722	249
7023	1981	211
7024	1947	280
7025	2469	272
7028	3525	322
7038	3091	418
7039	2515	273
7041	2730	368
7043	1836	185
7051	2972	280
7051	2972	311
7052	2270	191
7052	2270	189
7054	1838	222
7055	3072	211
7056	2735	200
7057	2490	248
7061	1694	200
7062	2386	250
7072	2494	249
7074	877	222
7081	2930	280
7081	2930	200
7092	1883	222
7094	3264	255
7095	1356	243
7096	3051	366
7097	1661	227
7104	1565	284
7106	3084	249
7108	3013	200
7109	2691	284
7110	2847	241
7120	3352	343
7125	3257	250
7125	3257	256
7127	2482	255
7134	1363	274
7138	2167	243
7140	1983	261
7141	3141	200
7141	3141	211
7147	1724	244
7148	2787	200
7152	3203	273
7152	3203	210
7163	2660	271
7166	1744	206
7167	2401	185
7169	2841	243
7169	2841	222
7172	2378	215
7178	3508	249
7180	2636	248
7181	2239	251
7182	2820	250
7190	2160	185
7196	1719	214
7202	2706	273
7210	3058	230
7210	3058	238
7216	4784	391
7217	3623	389
7218	4565	558
7219	2709	457
7228	4591	363
7232	2680	303
7233	3786	335
7234	4518	568
7237	2581	311
7238	3628	456
7242	2054	243
7248	3014	246
7249	2531	314
7250	3336	294
7253	3126	290
7254	3543	230
7254	3543	279
7256	2749	323
7260	3118	377
7263	3638	318
7265	3106	569
7266	5393	335
7271	4968	303
7273	3477	268
7274	2867	430
7281	5525	200
7282	3379	269
7290	3295	248
7293	3233	226
7293	3233	275
7295	3598	419
7305	5737	329
7305	5737	461
7306	2707	293
7307	2718	317
7308	4592	395
7311	4101	461
7316	3877	369
7317	4691	402
7327	3828	616
7328	2569	322
7330	3254	309
7334	4687	482
7341	4009	199
7341	4009	314
7343	4358	230
7347	5308	324
7347	5308	254
7355	5685	399
7355	5685	419
7362	4408	310
7368	3160	250
7371	3508	539
7375	3855	185
7377	5134	460
7380	5078	232
7383	5535	422
7384	2566	456
7386	4091	299
7388	1728	243
7392	3325	279
7399	2680	308
7400	2825	375
7407	3892	243
7408	3658	200
7408	3658	260
7409	3306	238
7414	2187	211
7418	4074	350
7419	4145	271
7424	4700	465
7427	2826	200
7428	4341	424
7431	2272	530
7432	2149	289
7443	4220	366
7448	5014	362
7449	2929	287
7451	4687	463
7457	3628	289
7464	2670	356
7464	2670	296
7465	2449	504
7471	3622	417
7476	2202	249
7478	2677	238
7487	3119	276
7487	3119	180
7491	2474	286
7494	1905	227
7498	4750	336
7498	4750	281
7499	3509	243
7503	3493	477
7505	4253	429
7508	4798	388
7509	3831	285
7514	1635	222
7515	4643	263
7515	4643	444
7521	2565	260
7522	3420	291
7525	2731	284
7527	2508	264
7532	2650	304
7532	2650	210
7535	3181	287
7537	3864	266
7540	3059	211
7542	2613	185
7543	1669	185
7546	4258	292
7547	3466	472
7551	3289	200
7553	2089	528
7556	3494	556
7558	3214	417
7564	2029	249
7565	3861	293
7574	4256	455
7579	2684	289
7585	2900	309
7587	1215	250
7592	3852	251
7598	4752	490
7600	2852	335
7600	2852	248
7602	3623	478
7604	3499	476
7605	3455	453
7609	3123	292
7616	5721	488
7617	5079	508
7620	3910	539
7622	4111	327
7631	3965	458
7633	3846	420
7652	3072	336
7661	5497	350
7663	2167	249
7664	3621	465
7673	2870	460
7677	3353	461
7680	3912	452
7683	4288	422
7691	2532	200
7693	1773	227
7698	3459	482
7699	4425	431
7703	5227	238
7705	4393	687
7717	835	185
7718	3921	200
7729	3931	548
7731	4083	200
7736	3757	533
7737	2400	312
7740	3605	329
7744	1829	344
7745	2094	259
7747	3714	523
7754	3184	407
7755	3124	577
7760	5742	259
7760	5742	443
7767	3615	289
7775	5339	507
7780	4209	360
7786	3054	496
7791	3043	384
7793	3414	501
7797	3193	413
7800	2938	229
7800	2938	252
7801	5012	355
7802	2785	216
7803	2968	461
7804	2564	357
7805	4588	572
7811	3546	371
7811	3546	237
7812	2177	321
7814	5140	416
7826	3646	475
7832	3739	492
7833	4986	681
7834	2354	322
7835	3650	336
7839	2763	278
7842	4033	266
7846	2350	274
7854	2254	344
7863	4117	508
7865	2169	272
7867	2686	269
7868	2884	238
7869	4426	394
7872	5114	467
7874	3329	239
7874	3329	285
7876	2607	315
7882	3880	369
7885	4293	484
7887	3663	554
7889	2669	273
7891	3906	456
7896	2837	473
7901	2371	282
7902	3267	354
7904	2657	437
7905	2632	256
7917	4946	473
7926	2066	295
7928	3631	459
7929	1869	227
7930	1553	284
7936	2856	348
7937	3647	463
7944	4622	486
7948	4192	443
7950	1507	260
7953	2524	389
7956	2277	452
7958	2479	185
7959	2395	388
7960	2975	243
7961	4607	478
7968	2381	230
7978	3791	315
7985	3825	200
7990	1632	261
7991	2597	269
7996	3618	256
7996	3618	277
7997	5133	460
7997	5133	276
8005	1324	211
8008	3767	485
8010	3021	372
8022	3331	304
8024	3446	200
8025	1972	255
8026	3548	277
8029	2186	260
8035	3452	435
8043	3564	285
8043	3564	318
8045	3267	185
8048	1908	190
8048	1908	210
8049	3586	267
8055	2605	310
8060	4713	467
8062	2673	279
8066	3629	350
8068	2649	376
8074	2375	185
8076	2403	302
8077	4466	280
8077	4466	216
8080	4034	468
8088	4021	377
8089	2388	424
8090	2692	222
8092	3995	502
8097	2587	300
8102	2686	404
8105	2700	293
8107	3175	312
8108	2405	287
8109	2730	302
8111	4923	463
8116	3204	395
8118	2073	293
8119	3240	423
8119	3240	306
8124	2197	242
8125	3550	455
8129	2297	274
8131	1629	261
8133	2418	185
8140	2326	185
8143	2136	331
8147	3261	257
8150	2607	305
8150	2607	236
8151	2914	345
8152	3102	313
8154	2999	282
8160	2179	152
8160	2179	204
8162	3761	222
8164	3180	254
8166	3417	481
8168	2873	428
8170	4380	389
8171	2461	200
8174	5160	222
8174	5160	454
8175	5006	272
8176	2398	261
8177	3170	185
8178	3083	414
8179	3115	383
8181	2817	238
8183	3246	317
8184	3252	467
8185	3179	492
8186	3060	413
8188	2863	239
8191	3306	400
8196	3115	312
8206	1501	436
8207	2438	264
8208	3253	387
8211	2822	233
8215	3220	300
8221	2678	270
8222	2881	211
8223	4576	317
8223	4576	200
8227	2521	321
8228	2673	297
8228	2673	274
8230	2533	317
8231	2200	267
8233	4177	484
8235	4472	353
8239	4064	397
8239	4064	435
8241	2148	279
8245	2036	318
8246	2722	308
8251	4782	531
8252	4660	465
8254	3384	200
8258	1738	474
8267	5006	539
8270	2886	200
8274	2323	291
8276	1807	250
8284	2157	309
8287	1893	362
8288	2433	185
8294	3744	243
8301	4918	544
8303	2775	297
8305	2820	392
8307	3249	200
8309	2180	250
8311	4848	233
8312	4911	185
8312	4911	417
8314	4576	416
8316	2975	496
8318	3034	351
8319	5017	290
8319	5017	410
8320	3114	339
8322	3414	391
8323	4368	357
8326	3932	462
8331	3476	427
8336	4350	366
8337	4072	467
8339	2512	516
8343	2951	371
8347	3614	458
8352	3076	334
8358	2952	526
8363	3118	322
8370	3307	548
8371	3451	341
8373	3512	446
8374	5713	310
8385	4038	297
8393	3746	437
8395	2122	391
8396	5335	448
8401	4317	552
8403	3981	381
8406	3943	291
8406	3943	329
8408	4996	338
8408	4996	270
8412	3287	358
8421	4079	444
8437	2227	325
8440	3071	470
8441	4721	345
8442	2218	431
8447	3154	401
8448	4961	374
8452	2468	314
8453	2942	448
8454	2051	273
8463	2945	433
8468	2459	474
8469	2760	301
8486	3429	265
8490	4746	353
8493	2596	532
8495	2749	424
8498	1890	300
8503	2577	484
8507	3156	503
8515	3214	368
8521	3631	222
8525	2720	491
8529	4347	341
8534	3079	479
8545	4247	389
8549	3032	445
8567	2670	375
8568	3756	489
8569	3072	503
8591	4042	438
8592	5515	383
8594	4197	380
8606	3477	470
8607	3550	303
8608	2377	227
8610	2870	252
8610	2870	288
8611	2886	342
8615	5463	286
8617	2440	291
8619	3056	457
8621	2321	185
8627	2331	232
8632	4822	495
8633	2456	233
8644	2683	268
8645	2607	448
8647	3439	465
8649	3845	465
8657	3512	416
8658	3004	249
8660	2455	215
8664	4948	233
8664	4948	295
8668	4022	559
8669	3230	231
8669	3230	201
8672	2681	227
8673	4350	455
8674	2765	211
8676	4429	496
8681	2575	381
8682	5728	633
8691	3016	310
8693	2553	322
8695	3770	491
8697	2347	257
8700	4414	453
8701	4354	257
8703	3546	419
8706	3039	189
8706	3039	307
8707	4467	410
8713	4409	434
8715	5736	419
8725	3143	349
8726	2891	285
8736	2880	315
8746	3692	516
8752	2987	523
8757	2988	222
8762	1224	221
8773	2865	200
8798	2801	270
8801	7485	430
8801	7485	439
8814	2882	379
8820	3612	239
8839	3177	255
8885	1979	234
8899	3601	406
8907	3970	464
8909	4275	441
8914	3396	185
8940	5077	309
8945	6286	381
8945	6286	297
8947	2573	286
8950	2946	373
8971	3499	253
8988	2929	279
8993	3389	243
8994	3508	291
8999	2963	316
9002	3454	185
9019	5915	200
9019	5915	295
9032	3863	238
9034	3888	361
9042	3265	206
9049	3602	233
9076	3320	206
9079	2280	254
9081	2548	266
9087	4541	410
9103	2561	206
9106	2947	211
9107	3751	272
9113	2893	206
9120	3278	200
9124	2872	271
9165	3367	206
9169	2952	243
9171	3399	232
9175	3692	336
9176	4416	305
9177	2799	222
9179	1584	222
9185	2481	244
9188	2572	189
9188	2572	330
9206	3453	313
9206	3453	213
9208	3380	277
9211	5364	344
9213	2936	272
9217	3515	276
9221	2595	274
9225	2685	284
9230	2539	211
9231	1838	232
9241	3195	267
9241	3195	243
9253	3375	236
9253	3375	221
9258	3857	233
9284	2781	249
9286	3565	400
9289	1958	200
9293	3565	320
9303	1635	297
9305	2740	185
9319	4026	429
9325	3122	402
9331	2228	222
9351	2036	486
9356	3750	368
9369	3083	443
9383	1966	234
9384	3705	278
9388	3337	226
9390	5084	434
9392	4607	227
9394	3566	255
9407	2386	248
9418	5240	529
9422	2349	264
9427	1928	244
9435	4694	538
9444	3937	285
9456	3577	475
9461	3237	286
9463	2331	278
9463	2331	167
9467	2243	366
9481	3485	206
9502	2648	200
9522	6026	435
9528	3281	298
9530	3546	257
9535	1620	268
9550	2804	312
9563	3339	419
9564	4683	445
9570	2682	284
9619	3590	325
9665	6423	185
9695	4981	431
9696	2903	393
9735	2772	362
9740	3595	396
9757	2976	277
9774	2861	398
9775	1688	211
9808	2793	417
9822	2361	206
9822	2361	304
9829	2928	233
9862	4642	446
9869	2713	256
9880	5216	413
9925	3870	261
9927	2834	286
9937	3671	443
9950	1203	222
9953	4487	354
9969	2230	185
9975	4881	215
9978	3719	320
10013	3730	298
10018	4349	361
10024	3363	427
10044	4424	227
10072	4143	400
10080	5657	227
10080	5657	373
10082	3226	222
10117	2615	356
10126	3809	185
10128	4280	368
10134	3981	320
10143	2990	262
10148	3322	290
10155	3313	398
10167	3366	296
10178	4728	185
10183	2721	292
10186	2544	387
10188	3696	369
10190	5241	274
10190	5241	314
10201	2111	277
10204	3767	357
10206	4603	391
10216	3821	379
10224	3207	211
10233	2434	302
10242	4604	418
10252	3540	313
10258	3327	450
10259	2893	259
10260	1492	275
10261	3330	421
10262	4572	425
10263	3960	425
10275	5581	166
10275	5581	148
10275	5581	338
10278	4521	271
10281	2883	538
10282	3122	470
10286	1428	522
10287	3612	443
10294	2668	308
10295	4017	185
10307	3709	296
10326	2914	302
10328	2789	221
10332	3844	222
10334	3639	313
10335	2335	200
10347	2987	215
10348	3659	327
10348	3659	333
10352	2984	497
10353	3491	298
10358	3399	488
10364	3141	323
10368	1903	292
10369	2473	367
10372	3313	419
10375	4084	404
10377	2401	373
10378	2628	308
10387	2504	401
10390	4882	320
10391	2298	376
10395	3236	544
10398	3859	481
10408	2583	185
10411	3256	222
10412	3282	286
10412	3282	263
10430	7313	387
10434	3149	295
10434	3149	209
10437	3512	284
10438	7791	394
10439	2886	245
10440	2488	358
10461	2910	303
10461	2910	302
10466	6402	439
10472	3737	489
10473	3416	276
10477	2162	248
10478	3202	373
10482	2978	506
10484	3353	253
10484	3353	299
10488	4518	473
10488	4518	508
10507	3018	211
10508	2008	256
10524	3439	360
10529	2202	265
10530	4167	474
10531	3089	299
10531	3089	291
10539	2776	322
10540	3276	398
10541	3698	377
10542	2770	329
10545	3513	338
10555	2216	206
10561	3921	326
10564	3451	325
10578	2553	310
10581	4350	295
10581	4350	365
10598	2785	233
10598	2785	354
10601	5021	267
10604	3131	289
10604	3131	380
10609	3548	272
10609	3548	228
10612	7204	257
10615	4209	237
10616	4162	340
10620	3970	559
10621	2458	339
10628	4503	407
10632	2557	250
10634	2386	272
10638	2422	334
10641	2991	366
10643	3682	533
10645	3615	310
10645	3615	303
10659	3685	256
10664	3463	250
10668	2852	334
10675	2737	279
10681	2312	200
10688	2348	206
10690	3039	369
10704	2549	324
10705	2259	384
10706	4892	521
10709	3625	305
10712	3391	316
10712	3391	423
10717	2602	394
10723	2664	322
10724	2932	216
10724	2932	237
10727	6088	382
10728	3143	491
10730	4576	222
10730	4576	259
10731	2660	243
10736	2543	353
10737	2955	327
10743	2700	297
10744	2498	211
10748	2926	422
10750	2818	307
10751	3751	279
10762	3338	155
10762	3338	253
10770	3104	469
10771	4476	454
10778	3437	338
10783	1528	185
10786	2829	347
10787	3358	301
10789	2475	268
10791	1584	273
10794	1876	305
10795	2799	292
10799	2200	326
10800	5724	464
10801	3123	299
10802	3943	346
10806	2674	314
10809	2626	305
10811	5020	475
10815	1793	215
10816	3334	250
10816	3334	303
10820	3480	366
10824	3417	386
10825	2429	211
10827	4676	314
10828	2881	436
10830	2289	459
10833	2602	254
10839	2322	259
10845	3631	471
10851	2802	200
10859	3376	251
10859	3376	339
10863	3419	516
10866	2788	326
10871	2846	185
10872	4604	391
10872	4604	304
10875	4581	248
10877	2041	185
10882	5606	453
10887	2303	312
10889	2571	514
10893	1873	298
10898	2844	327
10900	5621	453
10903	2570	222
10904	3370	362
10904	3370	335
10907	3989	226
10907	3989	228
10909	2000	359
10913	2787	290
10917	4618	298
10920	5494	282
10922	3266	368
10927	2070	272
10932	2133	238
10936	2380	381
10937	4046	519
10938	2735	329
10944	1956	270
10952	3363	314
10955	2422	295
10961	1487	185
10962	2263	292
10969	2735	306
10969	2735	309
10973	4848	378
10974	3416	273
10974	3416	350
10980	2580	306
10989	2468	200
10994	5372	526
10998	2442	387
10999	3301	493
11003	1363	280
11009	2852	299
11010	2985	453
11011	3313	313
11016	1907	263
11017	3860	317
11026	2453	312
11027	4087	303
11028	3927	330
11029	2790	261
11030	2704	321
11038	2132	262
11040	3362	349
11046	4986	390
11048	1536	399
11051	3790	375
11055	2192	230
11058	4473	238
11059	4300	478
11060	2839	261
11066	3511	266
11066	3511	274
11067	3966	303
11068	2539	236
11070	3808	309
11072	2376	206
11075	1296	233
11086	5191	617
11088	5467	371
11102	2647	185
11103	2758	215
11104	3151	298
11112	1964	288
11114	3904	290
11115	1635	255
11118	2956	325
11118	2956	273
11119	2309	266
11122	3062	339
11127	4052	331
11131	2555	353
11133	3791	417
11138	3103	468
11145	2202	324
11146	3813	266
11153	4121	478
11158	2133	308
11162	2682	200
11166	3932	284
11167	3788	185
11169	2323	311
11171	5178	424
11174	2371	185
11176	2587	316
11180	4974	222
11187	2741	316
11190	3145	479
11193	2575	283
11195	1966	286
11196	3797	364
11196	3797	207
11198	2409	232
11200	2411	298
11204	3366	314
11207	4555	291
11207	4555	398
11209	3408	268
11213	4573	269
11218	3310	268
11218	3310	185
11219	1760	243
11221	3239	320
11221	3239	250
11222	3694	495
11222	3694	245
11223	3917	465
11225	4052	269
11225	4052	279
11226	1507	185
11234	3767	444
11237	2328	185
11241	2652	312
11242	2626	346
11244	3021	440
11246	2804	332
11250	4133	402
11252	3068	326
11266	2762	493
11268	3615	268
11268	3615	287
11271	2545	300
11273	5036	200
11276	3189	200
11279	3568	299
11279	3568	264
11283	2599	274
11287	3424	306
11289	3498	410
11293	2590	290
11301	3230	391
11302	1760	206
11305	2457	289
11311	4070	304
11311	4070	303
11315	1660	311
11320	4171	227
11322	2601	316
11322	2601	215
11324	3894	185
11325	2315	305
11326	2960	485
11331	3044	416
11339	2710	337
11341	3629	381
11343	2682	285
11345	4227	408
11346	2762	284
11350	1608	318
11351	4255	406
11352	8588	481
11357	2534	293
11359	4107	256
11359	4107	323
11361	3283	233
11361	3283	227
11362	2819	446
11363	2485	200
11367	3052	210
11367	3052	151
11370	2715	185
11373	2649	238
11377	4263	285
11379	2781	324
11381	1401	310
11382	3358	345
11382	3358	239
11386	2899	316
11391	2675	289
11396	3376	374
11398	3445	422
11407	1447	185
11409	5357	362
11413	6686	296
11422	4294	256
11426	5151	411
11428	3098	276
11438	7056	454
11440	2048	368
11441	5297	562
11442	3388	348
11444	2904	397
11447	5905	482
11447	5905	381
11448	4202	278
11452	3840	239
11453	3380	494
11456	1773	308
11460	2550	460
11461	4404	390
11465	3053	216
11467	4874	476
11470	2472	276
11473	2824	489
11474	5319	519
11475	4966	326
11478	2109	360
11484	3786	380
11484	3786	174
11486	2618	284
11487	3008	351
11496	3748	404
11500	2197	317
11503	3234	509
11506	4047	512
11511	4007	429
11513	3545	382
11514	3997	470
11516	3226	302
11519	2162	292
11522	4468	362
11528	1223	309
11537	2042	261
11538	4522	156
11538	4522	144
11549	3114	484
11554	2557	333
11560	5051	388
11563	3107	253
11564	3134	303
11571	5150	406
11574	2930	227
11582	2609	277
11584	3833	393
11586	3559	222
11602	2361	410
11609	2455	443
11612	3074	514
11613	4199	233
11616	3335	245
11623	3387	450
11624	5413	401
11624	5413	404
11625	3287	323
11629	2571	578
11640	3098	286
11642	4678	400
11646	2892	456
11652	3857	423
11653	3610	266
11655	3589	568
11659	5411	515
11661	2034	309
11662	3325	302
11665	3969	322
11668	4187	206
11671	2862	222
11678	7122	339
11678	7122	312
11679	1877	222
11680	1554	304
11681	3113	185
11684	5411	459
11685	2862	461
11692	2948	403
11693	2720	256
11694	4108	524
11702	3315	465
11703	4815	389
11705	3697	493
11708	5275	522
11710	6689	248
11710	6689	486
11712	1606	272
11713	4193	476
11714	2821	429
11726	2986	401
11732	2719	286
11740	2698	227
11743	4627	457
11744	2665	316
11751	2914	260
11753	7048	391
11753	7048	391
11755	4052	361
11755	4052	286
11756	2861	361
11758	3572	392
11761	4781	172
11761	4781	159
11767	5124	391
11774	3120	267
11783	2887	227
11783	2887	342
11786	2988	274
11788	2491	301
11789	2480	280
11791	2061	334
11795	1351	206
11801	3556	408
11802	5319	366
11803	2198	380
11804	3456	297
11809	3842	296
11810	3259	275
11814	3191	427
11815	3767	409
11818	2894	362
11827	3466	355
11829	3373	473
11832	5210	461
11832	5210	351
11835	4254	330
11837	3179	368
11839	2922	196
11839	2922	264
11841	4422	508
11843	2526	256
11846	2114	294
11847	3234	360
11849	1758	242
11862	3341	404
11864	4931	264
11864	4931	306
11871	2513	358
11873	4538	388
11874	3387	200
11875	3870	549
11877	4008	378
11878	3452	346
11882	1875	314
11888	2866	225
11895	1956	289
11903	4302	377
11905	3771	281
11905	3771	237
11915	2486	422
11916	2983	264
11916	2983	307
11918	2626	257
11918	2626	183
11919	4598	488
11923	2811	323
11927	2035	239
11933	2655	279
11936	2310	250
11940	3859	185
11945	4410	504
11948	5223	185
11949	1620	222
11950	3544	468
11951	2856	258
11951	2856	227
11956	3316	304
11959	3362	216
11960	4491	656
11962	2187	306
11966	5342	233
11966	5342	367
11972	2248	318
11978	1269	277
11980	4201	255
11980	4201	320
11982	5596	396
11983	5695	303
11991	2669	340
11994	2085	296
12005	2213	290
12018	2232	185
12025	1634	302
12027	1820	244
12031	3525	169
12031	3525	347
12035	2195	302
12036	1368	336
12037	5326	200
12040	3297	234
12042	5123	528
12051	3309	340
12053	3906	590
12054	2603	318
12061	1620	227
12062	1903	280
12065	4568	503
12066	2023	317
12067	2514	275
12068	6008	357
12074	3247	242
12078	2305	261
12079	3273	318
12080	2565	339
12081	4262	369
12084	3435	304
12091	3484	457
12093	4139	285
12101	5597	493
12103	3098	440
12107	3906	361
12111	4264	375
12116	4452	469
12119	4072	526
12124	2188	259
12125	3671	499
12127	2849	332
12132	4458	399
12133	4946	397
12134	3107	322
12136	5957	525
12137	3325	200
12142	2062	238
12146	5833	417
12147	3076	401
12148	3575	354
12154	3798	501
12160	6199	331
12164	4224	185
12165	4929	471
12175	3457	537
12180	4860	388
12183	4089	386
12187	3267	211
12192	2883	530
12197	5181	441
12198	5007	459
12200	2899	239
12212	4044	227
12213	5180	334
12221	2879	409
12225	3400	189
12225	3400	199
12226	2846	292
12234	3419	312
12241	3283	537
12251	5682	357
12253	3817	268
12262	3375	367
12266	5203	600
12271	4976	294
12273	2833	252
12279	3682	589
12302	3218	200
12304	2753	302
12315	5607	468
12315	5607	365
12334	6123	349
12368	3576	266
12384	3706	493
12402	4621	389
12405	5797	475
12410	2646	200
12411	2676	371
12414	5028	569
12433	2436	303
12440	3764	693
12455	3768	377
12456	3664	493
12460	5270	471
12475	3602	254
12478	4657	555
12480	3744	273
12480	3744	328
12482	5150	609
12485	4064	284
12487	3695	414
12488	6411	510
12488	6411	333
12489	3091	353
12490	5739	379
12490	5739	358
12492	5737	452
12493	3400	326
12494	2873	457
12499	4673	335
12499	4673	584
12501	4745	483
12503	5266	342
12509	5549	275
12510	4861	501
12513	3968	602
12518	2471	254
12522	5892	611
12523	4383	312
12526	4145	527
12530	5569	463
12530	5569	396
12532	6047	365
12534	2271	227
12540	4091	436
12549	2682	206
12553	3788	470
12560	2199	265
12565	3852	355
12567	2544	238
12569	2844	558
12582	4281	328
12587	5001	473
12589	2778	412
12591	3768	199
12591	3768	378
12592	5715	521
12592	5715	427
12600	1819	263
12608	2718	241
12619	2309	277
12621	3156	305
12627	3530	389
12628	2610	544
12634	2484	243
12642	1588	254
12643	3345	391
12644	3116	335
12645	2429	444
12656	4131	242
12657	1958	185
12662	2548	315
12665	2048	230
12669	2309	365
12672	6466	465
12673	2502	502
12675	2439	250
12680	3329	566
12681	3941	272
12684	2463	291
12692	2937	305
12694	3548	349
12696	3840	433
12697	6137	362
12697	6137	292
12705	2786	466
12715	3913	538
12717	2158	541
12721	2502	306
12729	4725	238
12731	2543	277
12742	3975	423
12746	3425	211
12751	5142	327
12755	3154	424
12773	4122	476
12785	2898	322
12792	4172	456
12794	4765	249
12795	3055	269
12810	4351	297
12812	5343	577
12820	4872	469
12821	4023	314
12821	4023	331
12827	3914	535
12833	2580	553
12835	4214	341
12848	4282	372
12851	2989	430
12856	3122	654
12858	3352	437
12866	3377	503
12868	3400	508
12887	4729	441
12887	4729	341
12902	3930	308
12911	3370	285
12922	2172	331
12923	4440	429
12944	4572	349
12946	4613	206
12946	4613	255
12953	4312	200
12955	2738	464
12958	4381	544
12963	1843	602
12970	4613	653
12975	3845	359
12978	5531	463
12982	5626	428
12983	6006	172
12983	6006	320
12984	4199	402
12995	1243	326
13000	1183	253
13003	4264	319
13008	3251	519
13015	2329	536
13022	4165	433
13032	3006	363
13035	5959	521
13036	5607	338
13037	5148	437
13038	4385	393
13040	2568	238
13044	2525	368
13045	2800	414
13046	2608	227
13047	2403	230
13051	1274	274
13056	2540	324
13068	2673	427
13075	1035	310
13077	5057	278
13079	4767	424
13085	4668	200
13091	4469	463
13096	3987	466
13099	6055	330
13106	3535	352
13107	2536	350
13116	2683	277
13116	2683	229
13119	3357	270
13123	3630	238
13126	5580	403
13127	4485	482
13130	3576	297
13130	3576	458
13131	5464	409
13134	2923	449
13139	1874	332
13141	3341	310
13143	6600	269
13155	2996	273
13171	3372	254
13171	3372	174
13178	2977	323
13199	2085	284
13211	3545	238
13211	3545	309
13219	1900	255
13221	2447	311
13240	2377	278
13245	1421	251
13255	2911	211
13259	4218	253
13273	4347	349
13276	3501	533
13279	3196	343
13280	2059	227
13282	4687	496
13285	2295	256
13287	2959	417
13293	2634	319
13297	2095	206
13299	3210	422
13301	3060	312
13308	3165	298
13334	4555	465
13342	3312	599
13351	2130	238
13401	826	241
13432	2449	238
13436	1717	185
13476	2885	227
13477	5100	480
13494	4908	338
13526	2104	420
13727	4577	266
13731	2281	270
13790	3084	357
13813	2343	464
13839	3379	277
13897	2472	250
13920	2170	493
13940	2473	271
13985	4527	451
14003	2243	227
14012	2755	278
14016	5286	379
14016	5286	391
14028	2901	278
14030	2676	260
14045	2906	244
14051	2825	200
14061	3690	488
14067	2610	200
14076	2490	346
14080	1460	255
14082	2540	308
14086	1496	200
14087	2777	434
14088	2421	200
14089	2057	238
14110	3837	508
14110	3837	226
14114	2843	227
14118	2520	279
14119	4191	320
14125	2675	283
14126	1166	308
14127	2420	232
14131	2980	340
14131	2980	238
14135	2444	232
14145	2998	262
14146	1907	360
14147	1309	233
14148	1735	304
14149	1858	269
14154	2395	297
14161	3053	200
14162	2539	215
14164	2219	281
14168	2323	238
14171	1928	234
14185	2657	316
14190	2585	229
14190	2585	266
14192	1321	239
14194	1921	295
14195	1586	260
14200	2245	255
14203	5276	354
14207	2740	215
14208	1635	249
14214	2748	141
14214	2748	424
14217	2832	499
14220	2773	300
14220	2773	324
14224	2062	397
14228	3451	185
14228	3451	180
14232	2603	314
14240	3131	226
14242	2472	302
14244	3437	266
14244	3437	255
14247	2022	249
14248	2706	161
14248	2706	312
14251	3385	250
14251	3385	215
14257	2805	301
14258	3517	474
14262	3103	427
14264	2193	232
14265	4323	252
14267	2606	329
14267	2606	192
14270	2797	296
14273	4379	354
14273	4379	239
14278	2588	379
14282	3131	463
14284	5251	286
14284	5251	237
14290	2457	327
14299	2764	291
14304	4143	440
14306	1765	242
14307	2840	252
14308	2060	237
14318	2212	272
14337	3025	455
14347	2522	473
14351	4046	185
14369	2543	232
14371	2538	404
14372	3072	384
14374	1977	320
14383	3148	414
14386	2008	261
14390	5313	387
14395	2715	300
14401	2781	442
14402	3255	463
14406	3029	352
14408	4326	391
14424	2729	440
14425	3907	288
14431	2750	266
14440	3848	358
14444	1805	281
14445	6084	329
14446	1838	234
14456	5049	302
14465	3076	222
14465	3076	244
14469	6641	313
14475	3732	268
14475	3732	303
14480	2021	280
14483	3980	259
14486	3409	253
14519	3129	335
14522	2098	185
14523	4059	238
14523	4059	263
14539	1370	274
14567	2179	331
14574	2506	348
14586	5759	498
14586	5759	211
14608	3369	185
14609	2824	302
14612	1560	338
14616	2189	211
14618	4016	349
14649	3145	257
14657	1239	326
14668	6184	200
14668	6184	444
14673	2712	439
14675	3733	394
14704	3176	293
14704	3176	304
14726	2800	185
14727	2725	185
14740	3090	562
14744	3405	345
14744	3405	283
14745	2824	249
14749	2931	294
14749	2931	348
14760	4720	329
14765	4003	284
14773	2271	220
14773	2271	337
14788	2841	292
14791	4234	482
14794	6459	690
14796	3266	270
14799	2889	211
14802	2884	340
14811	4943	383
14816	3569	362
14819	3966	437
14820	1393	270
14821	5155	368
14822	3187	272
14827	2742	260
14828	2392	328
14829	1981	279
14829	1981	289
14834	2202	322
14844	4626	449
14845	5347	253
14845	5347	168
14848	3686	358
14848	3686	131
14850	3271	449
14855	3518	369
14856	3378	525
14860	2490	234
