0	19884	27428
6	4931	394
8	2422	387
10	4308	227
14	3516	530
15	5147	227
16	2860	446
22	3523	185
31	3495	200
38	5294	445
46	5163	259
60	3904	369
63	2904	463
67	4447	185
70	3522	303
76	3138	270
77	2168	449
80	2142	346
84	3949	200
92	2977	314
94	4003	250
104	2772	369
107	3993	394
109	3653	200
109	3653	185
110	2510	256
117	2885	200
119	4290	200
121	2980	211
123	1810	253
129	1822	185
131	3675	215
134	3473	326
142	3873	280
142	3873	271
146	2901	565
150	2501	415
151	3491	431
151	3491	415
157	1680	395
182	2682	298
182	2682	261
185	3099	331
197	3178	387
206	3050	200
215	4140	347
216	3940	284
223	3990	485
231	2366	255
232	2630	185
233	2534	261
240	2861	233
244	2784	360
246	3579	326
248	4365	436
249	3577	400
258	2816	270
262	1755	411
263	1753	185
273	3308	505
274	4020	340
275	3022	263
276	2672	199
276	2672	186
278	3247	433
279	3582	261
280	1896	185
283	3759	250
287	4359	312
294	2277	277
299	2749	273
300	2889	382
304	4801	394
306	3767	566
311	2715	283
319	2446	239
326	4496	371
328	4172	244
328	4172	236
329	5477	211
329	5477	339
340	3350	354
351	2908	289
352	3167	227
367	3229	200
367	3229	325
372	1234	233
379	2524	318
423	1812	265
425	2624	259
425	2624	280
434	4670	715
437	3690	353
443	2414	284
444	3014	249
447	2222	200
463	2038	249
474	2509	308
475	2256	248
481	4646	304
486	2517	222
488	3788	324
498	3479	452
503	3069	342
507	3255	255
509	2255	329
522	2448	357
527	1617	200
536	2418	211
539	3960	249
543	5086	352
545	1385	271
546	2922	270
546	2922	253
548	2584	271
549	4226	407
561	3449	185
563	3777	256
564	2652	269
571	2058	268
585	3216	486
588	4907	374
588	4907	338
596	3228	215
605	3723	392
612	3947	464
618	2025	316
627	4610	206
629	3422	387
644	3780	421
649	3561	470
653	3058	284
663	4077	230
664	2433	284
668	4974	403
700	3842	363
710	4306	309
710	4306	293
756	4106	309
757	5354	487
761	2635	222
767	2579	361
773	2396	538
780	3694	185
796	3440	554
797	2506	448
806	2421	227
810	5814	398
818	2356	583
819	3139	562
827	2254	368
846	3149	558
859	5016	721
863	4374	459
866	4279	317
866	4279	323
867	5263	237
875	3399	315
875	3399	477
903	4666	287
903	4666	302
905	2780	301
909	3742	315
913	2619	351
915	3334	322
921	4114	410
928	3439	458
948	3943	250
950	4136	259
954	1561	267
958	4140	307
963	5642	492
969	6018	576
973	2583	261
983	4669	385
990	6065	496
998	1597	243
1005	2704	311
1008	2811	441
1009	2735	535
1014	2303	328
1015	3771	253
1016	2766	571
1019	5293	185
1020	4191	461
1021	2454	222
1023	2208	462
1025	2500	211
1027	3459	430
1047	2963	262
1049	5553	483
1050	3926	408
1054	4715	254
1055	2985	341
1057	3786	501
1058	2918	366
1065	2519	332
1067	4359	434
1072	3358	491
1078	4724	509
1078	4724	453
1084	3958	224
1084	3958	219
1096	2180	232
1112	3017	496
1116	2505	537
1117	3235	505
1119	2027	433
1125	5441	549
1128	3956	310
1145	5639	478
1157	3103	200
1159	2846	279
1160	4664	430
1163	4335	435
1172	5601	360
1173	4136	390
1184	4990	355
1193	3322	249
1194	3212	626
1206	3242	355
1219	3104	478
1228	3228	421
1231	2700	556
1238	5617	799
1247	5462	575
1248	2955	261
1250	3799	431
1251	5507	510
1256	5113	460
1257	3127	531
1261	3651	399
1262	4602	261
1264	2533	348
1269	2477	303
1272	2991	305
1274	3822	599
1276	2991	450
1278	2702	394
1284	2841	443
1290	5185	409
1293	5652	200
1296	3432	399
1299	4844	452
1304	2706	455
1307	3893	200
1307	3893	406
1319	3283	349
1320	3130	324
1324	3796	230
1326	2818	722
1331	2983	248
1332	4604	418
1347	4804	319
1351	2812	415
1355	2888	318
1356	3505	467
1359	4723	429
1359	4723	404
1361	2938	397
1375	5320	203
1375	5320	187
1377	5055	317
1378	3432	557
1381	4634	185
1387	3249	466
1389	2418	423
1393	2555	266
1396	1741	356
1398	1406	304
1399	3115	439
1406	2771	226
1412	3191	494
1427	3374	250
1440	3638	424
1442	3338	385
1443	2403	371
1444	3286	499
1448	2176	427
1456	2975	558
1458	2831	462
1464	4195	706
1469	2690	185
1476	2276	211
1477	1811	358
1483	5436	449
1485	4130	309
1487	2456	297
1488	4553	535
1492	3456	341
1495	4865	392
1497	3300	432
1498	3543	270
1501	4695	409
1506	3241	185
1517	3481	465
1520	4394	459
1530	4012	333
1532	5315	540
1551	3298	227
1556	3821	355
1566	3436	450
1567	3692	424
1582	5146	333
1582	5146	462
1584	2196	353
1595	4176	434
1601	2795	432
1604	5421	546
1606	4907	392
1621	5523	304
1664	3431	249
1672	3385	495
1673	4679	385
1674	2704	459
1676	2433	467
1727	4607	753
1736	5240	760
1739	4493	395
1756	3359	248
1770	2863	486
1771	3331	206
1772	6054	438
1772	6054	417
1784	5549	755
1785	4776	361
1798	2480	456
1800	3642	302
1804	2741	415
1805	3807	313
1813	2800	295
1818	4036	286
1820	3773	412
1829	2439	292
1830	4761	413
1835	4201	593
1845	2253	520
1851	4439	487
1857	3532	290
1870	2849	547
1872	4071	460
1873	3095	432
1879	3562	444
1880	4202	646
1884	3001	545
1898	3344	217
1898	3344	188
1899	5302	423
1924	3390	465
1925	4215	443
1931	2797	378
1941	3317	492
1944	3125	357
1954	4368	434
1955	3766	370
1975	3337	305
1976	5224	261
1989	2720	368
1998	5635	510
2003	1796	245
2015	3147	185
2020	2470	451
2025	3220	362
2026	3634	312
2030	3464	425
2031	3329	340
2036	5418	266
2037	3200	443
2042	2396	245
2045	3357	338
2046	5903	402
2046	5903	480
2050	2200	372
2056	4050	200
2058	3215	221
2061	4515	363
2062	3616	390
2080	2789	474
2081	2834	301
2110	4702	255
2111	1674	250
2113	3102	286
2126	5426	497
2127	3023	350
2131	2286	168
2131	2286	230
2133	2196	254
2135	2442	314
2143	2725	206
2155	2950	337
2156	1509	274
2161	2153	347
2175	4255	296
2180	1677	336
2183	1121	246
2184	3406	264
2193	4371	179
2193	4371	319
2203	4520	329
2208	5116	433
2213	3646	374
2215	5787	403
2216	6238	222
2218	4499	288
2219	3926	211
2233	3791	377
2233	3791	185
2240	2674	277
2240	2674	227
2241	7366	487
2241	7366	366
2251	2924	211
2255	3897	310
2258	3248	401
2262	2829	351
2269	2898	382
2277	3590	346
2283	6457	309
2283	6457	314
2288	2106	250
2292	4287	185
2295	5888	400
2299	2537	349
2322	5887	437
2326	5260	221
2332	1601	260
2335	3990	238
2338	2988	415
2343	2614	236
2343	2614	286
2355	1392	297
2358	4640	200
2368	3765	238
2371	4274	271
2372	5292	429
2373	3749	425
2382	5261	692
2383	3662	291
2398	3771	238
2399	5536	395
2416	4051	185
2419	4521	275
2428	4097	362
2429	4841	221
2434	3697	419
2437	6035	250
2437	6035	320
2438	3385	433
2447	8277	650
2467	2923	424
2479	2126	365
2482	3505	200
2494	2904	368
2536	9521	361
2551	3041	367
2552	3411	158
2552	3411	174
2564	2452	243
2577	3965	325
2603	3678	519
2603	3678	298
2610	1383	232
2612	3650	411
2618	3330	329
2715	7045	473
2732	4759	232
2764	4026	185
2787	2307	215
2810	1858	345
2827	6486	497
2887	4730	311
2893	3642	297
2912	4027	384
2917	2948	266
2921	1884	238
2934	3489	238
2935	4235	211
2951	2421	430
2956	4300	180
2956	4300	170
2960	2448	440
2962	6817	399
2964	3701	412
2965	2614	543
2968	3051	490
2972	6679	368
2988	3699	440
2990	4779	402
3004	2996	185
3007	3286	274
3008	5974	402
3010	3436	416
3024	3985	388
3026	1803	236
3031	2607	124
3031	2607	182
3040	2510	238
3041	7632	227
3072	2415	300
3086	2541	422
3104	2028	185
3117	3746	455
3131	3076	426
3143	3504	426
3144	2901	491
3148	6580	334
3152	2436	351
3164	4438	462
3165	6609	470
3169	3014	343
3182	4872	185
3183	4033	431
3192	2723	429
3196	2007	325
3204	2553	278
3214	2388	510
3223	5330	439
3227	5218	338
3227	5218	169
3227	5218	161
3228	2334	374
3246	2492	545
3251	4001	313
3255	3567	393
3268	2736	310
3276	4919	344
3282	5633	434
3282	5633	284
3283	1845	477
3286	3363	354
3289	4414	211
3294	4674	397
3298	2490	476
3301	2945	215
3321	3316	396
3332	4825	200
3334	2284	394
3336	2404	325
3339	7653	556
3348	3481	412
3354	3775	429
3364	4237	374
3367	3954	220
3367	3954	192
3368	3938	429
3370	5996	507
3371	6098	447
3373	5249	504
3376	3558	326
3377	4475	211
3387	2787	480
3389	4545	237
3393	4613	265
3404	3401	288
3405	5365	614
3405	5365	200
3407	2887	268
3419	3104	307
3420	4440	460
3424	3746	504
3433	2800	432
3434	3953	461
3436	3978	286
3440	2099	471
3444	3394	330
3448	3544	514
3456	2176	446
3474	2959	315
3478	3340	377
3478	3340	311
3483	2522	406
3485	3987	379
3489	2836	284
3490	4817	505
3493	5825	250
3506	5970	342
3508	4136	397
3509	4178	206
3512	2600	272
3512	2600	242
3515	5833	683
3529	2178	252
3529	2178	337
3531	3296	467
3534	3703	368
3539	1878	244
3541	4546	723
3543	1477	341
3547	2236	227
3549	2176	267
3551	1986	215
3557	5358	185
3558	2063	280
3560	3216	473
3568	5003	515
3573	2233	241
3575	4638	444
3582	1657	303
3586	3102	185
3587	1872	291
3597	3759	282
3603	3321	531
3607	1985	348
3609	4435	360
3611	3572	267
3611	3572	186
3617	3111	303
3639	2647	215
3639	2647	299
3651	3833	216
3664	3807	461
3665	3818	535
3666	5354	387
3668	3323	278
3677	3369	393
3678	5463	244
3689	2230	211
3698	3121	200
3705	1608	358
3708	4322	426
3709	3687	477
3710	5638	595
3718	3119	185
3720	2496	417
3726	2064	418
3730	5039	469
3732	1615	255
3734	1182	330
3739	6236	393
3742	1737	185
3755	5993	486
3756	2306	369
3757	3516	273
3760	3092	397
3761	3335	232
3762	930	257
3764	2314	465
3768	4684	463
3779	6048	276
3779	6048	294
3780	3839	200
3780	3839	221
3782	1120	271
3787	3351	402
3794	2580	600
3795	4291	364
3799	3267	255
3800	4847	375
3807	2851	534
3809	1971	227
3815	3656	320
3824	3713	404
3824	3713	476
3828	3899	302
3829	2626	346
3838	2529	347
3846	5111	285
3847	3293	257
3857	1189	322
3858	3281	510
3863	2480	328
3874	1835	306
3877	3003	405
3881	3861	442
3883	2161	354
3886	6114	427
3890	2323	463
3892	3344	456
3895	4986	490
3898	3401	539
3900	3905	442
3904	4664	349
3913	3684	291
3914	1973	340
3917	4024	432
3918	3594	421
3919	3106	423
3925	1153	237
3942	2998	423
3944	2150	336
3945	6321	457
3947	4281	432
3955	2253	222
3957	3806	200
3958	5885	401
3963	3410	557
3964	2258	506
3966	3477	256
3968	4551	605
3972	3736	444
3973	2505	430
3984	5370	286
3989	6009	471
3991	2724	369
3993	2714	523
3994	2175	373
3996	2331	481
4002	2453	399
4003	4579	747
4007	5760	439
4009	4804	480
4013	1854	342
4014	4349	420
4015	6422	425
4020	3465	574
4024	3433	500
4035	4443	504
4039	3342	394
4041	6097	458
4041	6097	470
4047	2201	519
4050	1444	298
4054	1985	510
4055	3208	440
4058	4163	532
4059	3119	158
4062	2288	386
4065	2025	191
4065	2025	186
4066	1943	207
4066	1943	252
4067	3743	461
4070	4313	408
4071	4353	290
4072	4628	471
4074	6135	501
4075	3676	474
4076	4404	490
4078	2048	361
4081	4288	206
4082	3764	302
4082	3764	250
4090	2805	423
4097	5041	311
4098	3640	267
4114	2448	557
4117	4851	705
4120	2945	534
4122	2370	238
4135	1449	432
4138	3237	389
4140	5099	419
4150	5652	370
4157	4000	421
4158	4356	291
4160	2679	286
4167	4413	250
4168	5288	411
4168	5288	449
4169	3313	464
4175	1841	321
4180	1959	336
4186	1121	232
4193	3290	435
4207	3246	261
4211	2015	442
4217	3242	398
4224	3325	266
4231	2506	259
4234	3275	255
4239	2936	431
4242	4357	167
4244	5068	442
4244	5068	347
4248	3423	498
4252	4183	396
4254	1879	382
4270	3576	372
4305	1230	243
4306	3092	370
4309	1663	284
4312	3350	469
4314	1653	297
4317	5585	584
4324	1468	286
4326	1693	185
4327	2254	245
4336	2220	314
4336	2220	304
4341	2708	277
4343	2186	281
4343	2186	298
4345	1794	287
4347	2202	261
4348	2785	227
4348	2785	289
4349	2561	292
4351	1844	391
4353	1545	227
4359	1752	468
4362	5425	368
4363	1890	331
4368	2311	292
4379	4252	200
4380	5289	222
4387	2474	470
4388	2050	301
4388	2050	329
4392	3240	216
4397	3876	395
4397	3876	399
4398	2056	303
4399	2168	256
4400	2207	410
4401	2410	185
4401	2410	185
4408	2119	247
4409	2003	256
4410	1680	250
4412	2046	363
4413	1675	215
4418	5542	395
4422	2343	271
4426	2345	362
4428	2786	438
4429	2344	412
4431	2362	297
4432	2861	221
4433	1935	263
4435	3332	385
4438	2287	339
4439	5941	446
4439	5941	470
4442	2345	256
4451	1228	293
4453	2079	320
4455	2292	236
4455	2292	461
4457	1982	225
4457	1982	307
4463	2746	346
4468	3275	232
4469	4283	287
4470	1615	270
4472	2646	247
4472	2646	291
4476	2950	425
4478	2387	245
4479	5193	717
4480	1984	185
4481	2023	459
4482	2826	421
4483	4439	414
4491	2634	403
4498	3161	279
4507	6087	634
4516	3208	383
4518	3197	265
4519	3451	396
4526	1635	200
4528	2661	445
4531	3680	379
4536	2049	263
4537	4585	452
4547	1843	185
4552	2441	211
4555	2348	455
4562	3848	380
4565	1452	481
4566	1750	239
4573	3053	454
4574	1657	299
4577	4528	465
4583	3068	320
4584	3217	678
4587	3885	379
4592	1314	280
4595	1329	416
4604	2211	263
4605	2172	321
4607	2163	507
4612	2911	249
4617	3406	463
4625	4502	288
4626	4421	391
4627	2241	262
4629	4904	259
4633	2463	216
4633	2463	180
4638	3071	200
4643	4761	517
4643	4761	557
4644	3155	290
4646	2425	375
4656	3860	705
4660	4248	426
4675	2843	226
4680	2360	255
4686	2797	322
4687	3649	443
4688	1060	244
4690	3698	429
4698	5140	480
4704	1578	238
4705	2781	238
4706	6231	532
4708	5831	432
4712	2316	314
4722	3045	474
4729	2572	233
4734	2453	483
4735	4518	437
4736	853	256
4742	1836	233
4754	2466	328
4756	4574	421
4757	1652	372
4763	4484	632
4768	2300	452
4770	2778	497
4786	5056	446
4792	2735	298
4802	3921	215
4804	821	200
4807	3207	464
4808	2964	227
4810	2459	251
4818	1896	211
4820	3525	413
4823	2818	404
4824	2531	232
4832	2231	227
4837	2461	303
4843	2581	334
4844	3197	468
4850	4186	424
4851	5138	405
4852	4890	431
4854	1446	185
4866	4015	362
4867	2116	206
4868	1515	216
4869	2733	430
4873	2871	301
4882	4952	227
4904	4145	333
4905	2398	200
4906	2808	336
4909	4417	410
4914	3174	238
4916	2960	468
4918	2379	226
4922	2744	322
4926	2782	353
4937	3295	185
4953	3098	242
4957	3331	305
4957	3331	329
4962	1913	226
4965	1972	388
4969	4183	211
4972	1987	227
4973	2683	274
4976	2714	442
4980	3602	250
4988	4031	397
4995	2478	366
4996	2410	408
4997	2367	310
4999	3501	281
5000	2041	275
5006	3025	394
5011	4348	177
5011	4348	287
5013	4132	381
5016	3188	215
5019	4770	424
5020	2755	244
5024	2478	270
5028	3448	403
5037	3088	280
5043	2443	235
5044	2078	278
5047	2069	246
5048	2004	256
5049	4671	280
5053	3990	232
5056	2417	289
5056	2417	272
5058	3027	324
5059	1666	222
5061	3766	292
5062	3540	251
5062	3540	312
5065	2139	237
5071	3283	261
5076	4038	242
5080	2176	247
5084	1597	378
5086	2565	221
5086	2565	260
5090	2589	294
5105	2313	249
5108	2474	307
5108	2474	289
5112	2063	266
5115	1828	236
5116	1247	200
5119	1639	272
5125	1730	281
5127	3559	525
5130	4901	265
5137	3992	393
5145	2486	260
5156	3664	591
5157	3273	221
5157	3273	273
5158	3205	357
5158	3205	339
5164	4163	237
5165	1923	261
5175	5513	295
5176	3857	243
5190	2056	211
5193	2538	249
5193	2538	304
5195	4665	556
5196	4249	550
5198	2580	244
5198	2580	206
5199	1941	297
5201	3975	371
5203	4017	430
5209	2495	279
5220	1940	245
5220	1940	282
5223	5006	415
5224	3250	200
5226	2952	333
5229	2310	185
5237	2797	312
5241	2834	185
5252	2580	303
5253	2056	315
5253	2056	176
5259	2976	236
5264	2428	446
5265	4524	452
5273	2386	318
5283	3081	431
5287	3485	445
5291	3955	267
5295	3729	390
5299	4339	220
5299	4339	152
5315	2946	256
5319	2391	277
5323	2347	258
5326	4510	371
5330	4076	331
5333	4084	397
5333	4084	501
5342	1722	424
5346	3513	271
5350	4112	416
5354	3425	416
5355	2872	403
5357	2620	295
5369	4454	389
5381	2478	427
5383	4385	414
5389	4909	392
5403	2364	443
5406	2235	251
5408	2417	277
5414	5132	502
5419	2222	314
5434	2278	433
5437	5163	397
5440	3606	686
5440	3606	214
5444	2680	281
5452	3155	487
5456	2868	398
5463	4434	453
5463	4434	254
5474	4036	375
5474	4036	332
5478	3818	326
5480	2428	337
5481	2793	180
5481	2793	151
5483	2456	508
5487	3642	379
5493	2372	487
5496	3373	459
5502	3242	453
5503	3129	476
5506	4970	434
5507	2777	456
5517	2233	391
5526	3172	550
5528	3561	153
5528	3561	218
5529	3443	427
5530	2570	445
5534	2284	185
5536	3497	646
5537	2485	509
5538	4144	387
5541	4419	323
5542	4430	487
5551	4917	309
5554	5425	391
5554	5425	450
5556	4840	387
5560	4994	422
5562	2989	540
5563	2507	449
5568	3780	482
5571	4223	439
5572	2414	377
5573	4411	468
5580	4385	279
5581	5331	220
5581	5331	208
5584	4530	395
5587	4952	424
5590	3522	263
5592	2448	333
5601	2214	322
5605	2862	367
5609	2867	324
5616	1929	200
5617	1533	409
5619	4446	497
5621	4597	319
5622	3567	329
5624	2674	375
5627	2521	506
5631	2412	426
5650	3996	453
5658	4572	494
5665	2843	407
5668	4284	400
5680	4057	310
5689	3997	428
5691	2992	451
5695	3443	479
5697	3713	293
5699	4675	518
5703	2444	280
5705	2455	496
5706	4494	405
5707	2678	290
5708	4160	348
5721	5437	429
5724	2848	422
5727	3615	561
5738	3240	326
5739	2903	206
5753	5505	428
5759	4090	444
5760	2761	682
5764	3183	306
5767	4217	467
5768	3947	449
5769	4718	364
5770	2431	371
5775	1319	249
5777	2746	422
5779	2698	338
5783	2758	403
5788	3867	284
5791	3376	254
5792	5197	477
5797	5578	266
5797	5578	304
5804	2792	371
5808	2645	440
5809	3014	392
5819	1278	391
5822	2085	200
5829	4999	415
5830	1050	244
5834	3528	438
5835	3672	289
5836	3202	215
5843	4079	370
5844	2413	200
5857	3659	326
5857	3659	396
5859	2975	353
5861	4709	376
5865	2367	283
5875	2320	351
5881	1740	248
5886	3493	491
5893	3231	261
5893	3231	206
5895	3222	337
5898	2128	300
5901	3975	423
5904	3372	325
5909	2634	185
5917	2247	241
5923	2389	268
5925	4357	453
5929	4815	216
5932	3933	454
5941	2013	222
5944	2751	251
5948	2665	219
5948	2665	266
5952	2264	359
5953	2161	497
5956	2192	326
5959	3538	366
5960	2168	274
5961	2571	370
5962	3895	291
5963	5317	487
5964	5341	185
5967	3603	409
5968	1992	298
5969	3052	282
5971	3948	480
5972	2232	286
5976	4158	397
5979	4631	465
5984	3209	222
5985	3057	244
5985	3057	286
5989	2349	284
5994	3676	532
5995	3267	619
5999	2454	263
6004	3422	315
6005	3127	413
6008	1991	409
6016	3954	259
6016	3954	269
6021	2539	497
6024	2756	185
6026	4185	384
6036	2764	192
6036	2764	396
6045	2780	249
6051	2607	437
6055	2915	241
6059	3204	367
6064	1776	292
6070	2907	173
6070	2907	279
6073	1961	279
6077	5079	337
6079	3020	444
6080	2145	233
6086	2250	325
6088	2918	417
6091	3034	421
6092	845	215
6095	2876	343
6096	2236	200
6107	2127	211
6114	2415	332
6114	2415	245
6115	1771	288
6116	4236	475
6124	2007	348
6127	1195	227
6140	2784	250
6146	1590	268
6148	3479	330
6148	3479	258
6149	2993	244
6149	2993	245
6151	2987	316
6152	2142	304
6154	2163	238
6158	1424	185
6163	2207	279
6177	2446	185
6178	2639	394
6179	1969	185
6184	3702	356
6185	3357	408
6186	3115	255
6188	2748	312
6191	1466	422
6192	3155	409
6193	5180	278
6196	2890	262
6202	2836	286
6203	1701	438
6208	4012	438
6213	1750	266
6225	1749	185
6226	2068	185
6227	2734	316
6235	4446	260
6237	2895	239
6237	2895	268
6245	2238	227
6253	3610	399
6253	3610	430
6256	2653	267
6257	2306	439
6258	5116	266
6259	2250	309
6265	2674	484
6269	3278	400
6274	2466	266
6275	3013	237
6276	5484	435
6277	2245	185
6281	3923	529
6283	2961	238
6283	2961	250
6286	2974	284
6286	2974	268
6288	3053	226
6288	3053	251
6289	1818	216
6296	1585	179
6296	1585	175
6340	6068	334
6341	2090	364
6352	3676	200
6360	3307	284
6375	4205	239
6400	4411	279
6423	3787	313
6444	2018	336
6447	3046	293
6467	3479	261
6470	4486	495
6497	4169	308
6501	6607	596
6505	3007	178
6505	3007	184
6510	3280	386
6524	4352	472
6524	4352	266
6525	6610	241
6527	3897	388
6531	4245	458
6540	5414	303
6545	1144	185
6563	5014	244
6568	4997	498
6582	5193	460
6583	5222	510
6584	3959	504
6596	2751	393
6599	4789	389
6611	1461	250
6613	3883	492
6618	5907	310
6636	3080	242
6636	3080	309
6644	1785	200
6647	2952	283
6654	4144	177
6654	4144	203
6659	3578	416
6673	4660	662
6680	4731	351
6682	2962	443
6684	3579	609
6688	6237	238
6692	3115	307
6698	4641	297
6700	2057	428
6707	5807	467
6708	5429	264
6726	3643	356
6727	2173	498
6731	3022	389
6734	4112	415
6755	3860	500
6758	4014	346
6760	4656	185
6760	4656	349
6771	2870	242
6771	2870	299
6772	2505	289
6778	5322	471
6781	2695	521
6787	4925	714
6794	2390	371
6797	3051	453
6809	3039	456
6810	4728	344
6811	3686	200
6815	3441	222
6829	2012	185
6832	6032	435
6841	4041	257
6845	3986	506
6848	3385	426
6850	5564	417
6853	2600	404
6863	6287	573
6874	5901	480
6887	6178	415
6921	2873	346
6928	6351	387
6934	3930	380
6950	3820	526
6978	5776	407
6984	3008	337
6996	4859	473
7013	2736	531
7019	4776	450
7023	6548	497
7025	5844	387
7056	3466	533
7057	4441	415
7071	3778	458
7073	5428	493
7074	4062	237
7076	1689	291
7083	3300	329
7105	2959	504
7112	4326	256
7115	3911	520
7124	3023	534
7126	6524	622
7136	3673	465
7141	3189	306
7147	6526	153
7147	6526	251
7152	3844	415
7153	6752	561
7153	6752	535
7155	3190	487
7158	2668	427
7159	3740	318
7160	3042	534
7162	3110	326
7168	2624	391
7173	3229	282
7177	4742	473
7179	3173	440
7187	5044	494
7190	2810	387
7193	2951	307
7198	1984	480
7199	2168	390
7202	2964	409
7204	3722	441
7212	4119	325
7217	1986	471
7218	2479	345
7221	4379	502
7225	2838	513
7226	2258	278
7233	3455	498
7243	3555	295
7245	3422	394
7256	3462	200
7264	6079	679
7265	4185	250
7266	4732	493
7267	2725	329
7270	3504	232
7278	3245	230
7281	3594	487
7284	5999	474
7285	4066	524
7288	2285	511
7290	3162	389
7291	3854	401
7292	3882	414
7293	2854	285
7299	4117	237
7303	2646	285
7307	3744	276
7312	2865	537
7313	4791	455
7317	2628	420
7318	2307	470
7327	1573	274
7329	3791	391
7330	2633	322
7332	2565	279
7333	3221	371
7335	2310	261
7337	2938	290
7340	4588	403
7341	1486	343
7342	3703	200
7344	6456	386
7344	6456	493
7347	1900	185
7356	4475	371
7385	3838	349
7386	3627	257
7386	3627	211
7388	1933	504
7393	2316	185
7396	2551	346
7397	2394	269
7400	1485	154
7400	1485	138
7401	3729	309
7404	4210	234
7404	4210	206
7406	2601	320
7407	3188	273
7407	3188	222
7412	2718	387
7413	6416	371
7413	6416	437
7417	3808	340
7420	3351	185
7424	3389	440
7450	2421	251
7463	3581	542
7469	4255	419
7473	4080	364
7478	1838	279
7479	4287	261
7487	1223	319
7489	2884	250
7490	4429	246
7491	3889	470
7493	3092	286
7494	3924	287
7495	3242	263
7497	3670	185
7499	3542	254
7499	3542	233
7501	3471	271
7508	3216	441
7514	2082	316
7519	1611	492
7521	3629	243
7524	4507	429
7528	3055	308
7530	4445	254
7532	4371	281
7535	4788	300
7535	4788	227
7537	3866	287
7539	3237	335
7542	1351	343
7543	1851	261
7545	4216	314
7558	4169	281
7568	4934	273
7572	2038	333
7574	2721	222
7575	1743	337
7576	1279	185
7583	4235	396
7587	2815	320
7591	3375	293
7592	2545	267
7592	2545	292
7593	5257	324
7594	5884	403
7597	3847	454
7603	2114	278
7604	3195	281
7604	3195	305
7615	2846	211
7616	3583	255
7617	3177	232
7619	2002	293
7620	1223	271
7621	860	277
7622	3097	176
7622	3097	228
7630	2952	326
7634	5603	185
7634	5603	326
7635	2400	233
7638	1504	192
7638	1504	215
7642	2511	262
7645	1890	206
7647	5839	687
7651	2791	512
7652	2237	330
7654	1944	206
7659	1643	185
7663	2145	306
7665	3267	174
7665	3267	220
7670	3862	185
7674	1629	300
7676	3015	323
7677	3999	206
7678	1361	264
7680	3030	309
7689	2849	286
7690	3052	222
7700	2564	211
7703	2573	216
7705	2830	310
7707	1641	238
7709	3956	511
7715	3291	420
7720	3533	254
7724	2697	307
7724	2697	328
7725	1863	185
7728	1880	321
7737	3132	293
7737	3132	163
7749	4807	358
7750	3047	336
7754	5173	470
7757	2926	358
7761	2760	215
7762	3294	200
7766	2791	259
7769	1889	326
7770	1868	237
7774	1797	296
7777	3459	357
7779	4170	278
7783	3896	329
7784	2398	272
7785	2103	206
7786	2486	337
7791	2424	299
7794	2351	185
7813	2239	206
7815	3695	424
7822	2550	211
7825	2252	268
7828	3123	498
7829	2118	266
7830	3857	417
7832	2490	303
7834	2231	321
7837	5100	272
7841	5217	238
7842	3901	407
7843	3922	259
7846	5352	206
7849	3182	278
7855	1740	438
7856	3852	453
7858	2954	538
7861	3115	243
7870	3225	255
7871	4802	272
7883	4915	466
7887	3862	393
7908	1794	200
7912	4439	354
7914	2188	211
7917	3407	479
7921	3204	227
7922	3385	222
7925	5101	264
7935	2955	243
7939	1884	329
7940	3243	233
7941	4952	457
7944	3799	300
7944	3799	170
7945	3034	462
7947	2608	579
7950	3349	543
7952	4932	591
7954	3605	434
7966	4191	302
7967	4851	252
7971	3528	219
7971	3528	152
7974	5566	484
7977	3712	375
7983	5037	421
7986	3364	477
7988	1927	243
7990	3462	388
7993	3389	416
7998	2593	476
8009	3588	505
8013	5853	316
8017	4311	434
8029	2468	527
8033	2200	238
8042	4638	204
8042	4638	232
8043	3283	493
8045	4298	645
8046	3476	245
8050	2421	428
8057	4333	340
8057	4333	334
8061	2993	510
8063	3171	368
8067	3376	513
8072	1750	206
8085	3338	547
8088	2681	518
8095	3714	200
8100	3041	250
8102	4757	480
8104	2998	328
8104	2998	238
8108	2836	268
8121	2202	514
8122	2643	485
8126	1269	185
8128	3744	216
8130	2686	440
8132	5467	507
8136	4045	516
8143	3184	293
8144	3930	321
8144	3930	278
8147	1440	207
8149	3182	305
8151	5997	485
8154	1301	253
8164	5412	244
8166	4916	292
8167	3497	376
8169	2694	259
8181	4297	452
8182	4625	254
8184	3896	417
8189	3497	284
8190	3533	521
8195	3260	326
8197	2882	312
8204	4806	459
8206	3295	350
8208	4272	589
8212	2272	310
8216	1823	353
8223	3415	211
8233	3751	650
8234	2683	405
8234	2683	225
8238	4138	459
8240	3095	242
8244	2498	261
8253	4116	194
8253	4116	248
8256	3223	296
8257	4882	299
8262	3556	422
8264	4360	434
8266	2246	309
8272	4990	319
8273	2361	319
8274	4268	561
8275	1216	274
8277	5827	509
8281	5961	564
8283	1678	200
8287	1886	529
8292	5167	290
8295	4486	767
8307	3763	390
8311	1839	287
8319	3435	332
8320	2953	274
8329	2586	412
8331	3530	419
8333	5316	441
8334	2534	311
8338	3257	226
8341	3168	392
8345	1877	211
8348	1250	226
8356	3521	291
8359	4064	492
8361	2328	462
8367	3288	373
8369	1561	285
8370	2836	437
8382	2509	336
8385	3936	468
8387	3667	294
8388	2093	441
8391	3152	468
8394	3422	211
8395	1790	284
8398	4178	347
8399	4363	423
8413	2121	392
8415	4609	425
8416	3885	291
8416	3885	286
8419	5721	480
8420	2519	317
8422	3462	250
8422	3462	263
8424	3313	316
8438	2656	222
8445	3206	433
8453	1667	222
8456	2867	222
8459	3453	338
8459	3453	346
8463	3553	487
8467	2743	296
8473	2603	226
8475	1658	215
8481	3925	389
8482	5289	297
8489	2389	428
8492	2642	158
8492	2642	183
8493	4071	452
8497	3172	360
8503	1970	373
8504	2902	227
8506	2192	185
8511	2452	303
8513	4306	486
8515	5513	461
8522	1596	292
8525	3175	457
8527	2164	402
8527	2164	158
8530	2375	343
8531	2586	433
8534	3546	268
8536	4141	298
8538	1877	312
8539	5162	356
8541	2163	247
8542	1837	248
8546	1850	391
8548	3939	422
8550	3886	369
8556	1953	336
8557	1367	323
8558	4035	553
8561	1559	274
8562	2575	385
8563	4671	514
8563	4671	361
8566	3540	328
8569	5339	331
8573	3583	436
8577	4267	222
8579	3131	458
8581	3422	243
8586	5490	478
8587	3394	259
8591	4668	238
8595	1756	234
8598	5372	338
8600	5298	185
8602	2916	200
8603	4226	400
8604	2545	458
8614	3537	524
8620	3900	282
8623	2951	394
8624	4006	345
8625	4245	516
8630	2930	243
8634	1291	200
8635	2667	541
8638	3015	417
8639	2375	448
8643	5667	467
8644	3285	332
8650	4056	308
8652	2036	358
8655	3126	243
8658	3649	476
8664	3983	222
8667	5499	476
8669	2151	268
8676	3818	442
8677	3581	506
8683	4224	433
8685	3083	268
8689	3696	282
8690	2438	227
8695	3865	337
8697	4870	441
8705	4053	359
8706	3867	456
8709	2825	472
8730	2657	447
8732	3259	452
8735	3885	462
8740	1538	551
8746	5782	200
8747	4733	305
8753	2142	215
8756	4696	330
8757	3551	518
8761	3516	346
8764	2114	287
8765	2605	510
8768	2820	419
8774	3217	593
8777	3351	407
8781	3483	268
8782	4069	265
8787	4621	386
8788	5655	646
8788	5655	565
8790	4285	185
8795	4108	261
8795	4108	165
8797	2382	479
8803	4517	272
8805	4704	473
8813	5200	358
8814	5254	473
8828	3075	414
8829	2892	343
8833	3785	506
8836	3001	257
8840	3591	281
8842	2264	382
8851	3831	528
8856	4541	431
8861	2925	444
8862	2598	346
8864	2802	211
8867	1579	260
8871	3335	316
8872	2779	372
8872	2779	347
8881	2513	334
8888	2409	369
8890	5494	405
8891	2258	291
8896	2895	312
8906	2576	215
8906	2576	185
8907	3210	255
8909	2086	267
8911	2210	368
8918	2764	268
8921	3753	284
8922	2265	317
8923	2954	356
8924	3439	446
8927	2604	299
8929	2533	358
8931	5380	374
8933	2099	432
8937	2075	253
8939	2686	306
8941	2207	296
8942	4268	314
8944	2739	694
8946	1596	289
8951	1702	185
8956	3550	265
8956	3550	293
8961	2946	283
8972	2974	200
8972	2974	262
8974	1632	238
8975	4806	349
8975	4806	320
8976	2117	279
8987	2744	296
9002	3458	403
9009	3466	458
9012	2797	304
9015	3564	330
9020	3716	516
9025	2697	376
9027	2254	266
9029	2589	525
9035	2439	328
9048	1930	185
9051	5364	373
9058	1907	371
9061	3232	500
9068	4372	698
9070	2823	384
9071	2612	341
9077	3177	185
9081	2794	410
9082	2483	226
9084	1818	211
9086	2637	325
9091	4527	426
9094	3753	440
9096	1763	211
9107	4695	285
9108	2088	230
9109	3248	416
9112	2452	185
9118	3368	200
9120	1476	274
9124	3820	262
9125	5438	289
9125	5438	211
9127	3825	291
9129	2489	296
9131	2175	211
9132	2857	227
9135	4367	255
9137	2358	390
9139	1929	185
9140	1944	309
9143	4412	727
9144	4193	377
9150	4729	221
9152	1825	285
9157	2458	206
9163	5441	380
9165	2882	334
9166	1678	291
9168	5036	447
9169	1494	255
9171	1690	255
9176	1329	233
9178	2883	284
9179	4145	266
9183	2424	383
9187	2922	200
9187	2922	267
9192	4282	466
9202	1638	319
9202	1638	314
9213	4546	343
9216	5710	486
9217	4744	501
9219	3083	402
9220	5476	419
9220	5476	413
9231	3456	469
9232	4177	365
9233	4132	367
9239	4105	306
9241	5449	447
9244	5754	713
9260	2848	343
9260	2848	292
9262	2492	526
9266	2756	241
9266	2756	145
9267	6097	452
9274	4521	511
9286	2592	200
9296	3556	255
9297	2881	270
9299	4248	524
9302	2614	273
9305	2714	496
9308	7910	326
9309	4361	399
9310	4748	253
9316	3197	467
9320	6456	291
9320	6456	243
9322	2006	211
9324	2500	310
9325	3411	391
9326	5547	369
9330	1838	328
9331	2195	200
9334	3903	227
9336	2871	344
9337	4667	764
9339	3393	394
9343	5901	551
9347	2798	380
9354	1251	211
9355	4826	467
9356	5473	275
9358	2674	550
9359	3202	337
9360	4241	345
9367	3025	312
9367	3025	224
9371	2066	222
9371	2066	256
9374	3022	453
9375	2077	352
9378	5675	435
9381	5070	421
9387	6201	546
9392	5762	440
9394	1457	357
9405	4554	380
9411	4825	554
9415	4150	250
9421	4912	288
9423	4206	200
9435	1632	290
9438	2221	233
9452	3299	434
9460	7599	500
9464	3491	279
9466	2854	435
9468	5735	324
9470	2785	444
9471	2820	261
9471	2820	286
9475	4687	481
9482	3303	315
9488	3601	485
9489	2029	279
9490	4189	463
9493	3212	543
9497	5407	357
9509	4203	249
9513	4401	646
9514	2153	431
9516	2157	456
9519	4009	185
9520	2536	500
9522	2341	238
9531	5659	250
9539	2368	215
9541	2930	211
9541	2930	358
9542	3262	480
9544	3292	353
9545	6333	485
9551	3218	489
9557	7424	397
9562	2889	274
9564	4237	331
9570	2425	255
9579	2774	480
9592	6085	237
9599	5480	527
9601	3446	185
9606	3535	395
9606	3535	335
9607	4875	346
9610	2973	418
9615	3441	525
9620	4642	472
9622	1683	185
9627	3324	227
9631	3819	316
9634	3594	535
9636	7109	503
9641	5570	494
9645	5383	313
9647	3126	449
9653	4170	426
9657	5560	380
9659	3516	425
9660	3486	377
9666	3419	412
9672	3655	488
9684	2227	445
9685	5140	559
9690	4911	215
9694	4087	282
9697	3850	533
9700	3630	324
9701	2730	439
9703	7610	407
9709	5975	185
9712	6437	472
9715	3447	477
9720	5332	471
9721	1933	239
9722	2414	478
9725	3473	308
9727	4160	527
9729	4733	270
9731	4682	424
9733	2477	561
9741	5266	576
9742	2979	285
9750	3525	307
9758	4168	427
9759	6783	238
9768	2537	497
9773	3603	441
9776	4598	427
9777	2392	492
9781	3992	538
9783	4641	200
9786	3279	382
9788	4761	463
9788	4761	567
9793	2729	545
9794	4040	579
9795	2628	553
9796	7124	471
9801	4231	472
9801	4231	250
9807	5891	534
9808	3762	428
9813	6388	459
9825	2534	386
9826	3612	200
9828	2778	337
9831	3615	492
9847	4554	292
9848	3233	150
9850	5142	470
9853	7603	493
9853	7603	498
9854	3759	463
9865	7247	515
9868	4405	542
9872	2950	567
9877	1598	333
9884	5182	436
9885	3765	279
9896	3942	271
9896	3942	419
9897	2437	307
9901	2426	359
9906	3719	507
9907	2618	383
9908	3136	487
9910	4160	281
9912	2491	471
9918	4826	515
9926	3591	413
9927	4670	351
9930	5360	451
9932	5080	323
9937	3956	536
9959	3705	599
9960	3817	283
9961	5770	492
9964	4546	422
9969	2794	284
9974	1101	226
9979	3964	545
9990	4774	536
9993	4302	468
9995	3573	364
9998	5923	400
10001	3818	185
10006	3111	297
10012	2080	450
10015	3567	313
10018	2875	202
10018	2875	155
10028	1311	215
10031	3193	525
10032	3949	507
10039	2876	200
10041	1866	443
10043	2935	416
10046	4951	554
10047	7858	407
10049	2329	510
10050	2899	590
10051	7595	221
10054	3425	428
10058	2669	332
10059	4020	375
10060	3632	440
10063	3469	477
10064	5516	237
10072	3808	372
10078	3977	206
10080	4154	466
10087	3050	580
10088	3694	420
10089	2937	558
10096	2581	230
10102	4670	464
10132	4091	465
10140	2809	200
10142	3292	285
10151	3994	450
10156	2598	528
10158	7666	701
10161	4090	413
10165	2141	224
10165	2141	284
10169	3737	319
10178	2954	560
10179	3564	476
10187	4989	539
10188	3993	261
10188	3993	297
10189	2714	272
10191	3137	185
10196	3259	424
10197	1744	435
10201	3203	173
10201	3203	220
10210	4970	507
10211	3235	440
10218	3717	510
10220	5535	302
10221	2877	300
10227	5082	412
10228	2989	254
10229	5116	200
10232	2908	588
10235	7856	580
10237	6374	494
10245	3521	527
10252	3763	374
10256	3875	374
10259	3137	394
10267	3122	185
10280	6093	694
10285	1135	215
10304	1542	494
10306	4116	297
10308	3912	490
10312	5073	493
10326	4610	243
10331	3332	535
10332	1909	279
10335	6016	426
10336	4787	481
10340	4229	423
10349	1907	391
10353	5844	423
10353	5844	266
10365	3149	288
10370	3414	293
10374	3674	256
10376	6911	755
10382	2678	415
10396	3002	243
10410	3575	211
10411	3718	487
10412	3536	511
10421	3735	535
10423	3154	277
10426	3004	272
10429	2106	297
10431	6035	356
10433	4321	323
10436	4525	317
10436	4525	232
10439	2536	285
10440	3766	262
10445	3057	272
10452	3122	252
10456	3565	266
10461	2748	313
10462	2426	423
10463	4429	206
10466	3158	306
10467	4618	619
10468	4704	629
10472	3743	437
10474	2661	264
10475	2501	236
10477	3533	476
10478	4383	283
10479	4251	563
10486	2730	485
10490	3131	185
10500	4120	241
10502	3221	331
10508	3638	528
10509	6911	322
10513	5896	206
10516	3011	243
10521	3706	307
10522	1938	237
10538	2214	432
10540	1352	242
10541	4252	521
10542	2203	239
10551	1421	318
10552	3537	360
10560	4593	407
10563	4721	385
10564	3161	420
10570	4159	407
10571	2862	298
10575	2075	447
10582	5484	439
10589	2312	570
10597	2122	225
10598	4532	290
10602	2266	499
10603	2692	271
10619	4510	338
10629	3329	404
10643	2191	221
10654	2391	566
10669	853	354
10682	1802	244
10698	5173	528
10703	5170	244
10719	4533	440
10722	1251	436
10745	3675	499
10760	2709	276
10763	2906	239
10791	2450	333
10806	5534	707
10806	5534	693
10847	3789	486
10888	3111	278
10903	4959	242
10903	4959	336
10904	4244	421
10925	1988	261
10928	5189	296
10939	4861	238
10942	11950	285
10942	11950	313
10949	5167	339
10961	4817	393
10963	2039	238
10970	2579	230
10980	2412	295
11000	4623	419
11006	3425	415
11007	2687	301
11009	2737	358
11020	3606	295
11041	6109	262
11063	2100	498
11084	2085	200
11085	1809	232
11099	4954	473
11114	5824	200
11115	3477	254
11133	5115	215
11146	6672	368
11146	6672	258
11147	3986	237
11160	2079	238
11180	4321	322
11181	3036	200
11192	2477	259
11193	6386	463
11201	2139	285
11239	3022	303
11266	2386	461
11277	6151	215
11297	2382	274
11310	2469	459
11333	2846	374
11342	2330	264
11360	2437	261
11386	5562	422
11399	4795	343
11400	3055	227
11403	4099	433
11405	3130	303
11409	2210	416
11424	3210	185
11440	5371	316
11443	3751	275
11455	3806	408
11468	2096	185
11471	5409	262
11488	6034	211
11493	4126	413
11500	3817	372
11504	2362	369
11521	2960	326
11526	3675	413
11529	3751	313
11538	3446	248
11544	1901	200
11550	1965	285
11554	5649	238
11554	5649	282
11557	1585	222
11566	2640	323
11571	2837	399
11581	1868	371
11585	3077	185
11588	2441	438
11591	3758	317
11599	5035	435
11610	1679	360
11624	3051	185
11628	3768	628
11630	3219	405
