0	34403	17730
4	2360	401
5	7184	423
7	1441	494
17	3675	392
17	3675	398
19	1188	276
21	1950	428
23	2598	262
26	4519	546
31	2587	243
32	3619	532
42	3486	471
50	4256	344
53	2134	434
54	1525	323
58	1574	300
59	5464	622
60	2698	516
62	2660	476
65	7199	648
65	7199	274
72	4168	522
76	3815	254
78	5430	366
78	5430	362
82	1851	480
90	4111	657
92	4113	298
92	4113	429
94	5311	506
98	2295	318
101	3144	291
113	2300	255
120	2538	301
121	3217	660
122	3453	457
124	2764	385
125	3034	641
129	4268	363
131	4192	443
132	2656	385
134	3621	487
135	4060	572
136	4731	476
144	2989	555
147	3929	478
153	1384	289
155	6309	311
155	6309	467
157	5508	302
160	3399	434
164	3725	400
168	4017	313
172	4221	370
172	4221	460
177	5081	361
177	5081	335
193	2017	391
194	1779	453
196	5550	473
196	5550	429
203	3487	403
205	3375	328
206	2511	417
207	3090	494
209	2756	242
212	2813	242
215	3218	415
216	4024	527
219	11030	200
225	4174	465
231	5595	392
234	5817	513
240	6006	433
241	4339	379
243	1955	286
247	2327	185
248	1878	309
250	3460	341
253	4428	273
257	3902	560
259	3902	273
260	4654	403
261	2858	185
264	2977	322
265	3587	416
267	3068	206
274	4452	461
275	6030	460
276	5369	300
277	3174	483
280	2752	422
281	2728	404
286	3339	338
287	2040	460
290	1908	253
291	6362	313
293	4249	421
295	5258	359
299	3036	454
302	3698	565
310	4980	417
310	4980	420
311	2279	311
314	2816	345
317	2271	222
325	3046	463
326	3481	439
326	3481	509
329	1898	432
331	2928	297
333	3321	454
337	5443	405
339	3244	406
343	2599	298
344	1112	185
346	2460	253
347	1014	254
350	4192	479
355	3446	431
357	2217	357
359	2378	286
360	3718	468
361	2536	173
361	2536	256
362	3408	427
363	5166	568
366	2052	185
368	4640	315
369	4081	310
371	1532	245
372	6391	397
374	3525	206
376	1808	243
378	3097	252
386	3034	293
386	3034	236
388	5202	406
388	5202	458
391	3283	319
391	3283	350
394	4584	430
395	2656	305
395	2656	285
397	1979	330
398	3250	410
399	3847	429
401	3543	328
402	3039	306
409	3217	285
410	6082	238
411	4114	370
412	4933	307
412	4933	340
418	1210	294
420	5613	395
420	5613	389
421	3226	552
422	2221	260
425	2297	397
429	7151	263
431	3135	417
432	2917	230
432	2917	284
433	3634	425
435	1961	465
436	2932	268
438	2485	303
438	2485	245
441	3465	438
444	3223	282
445	6282	378
446	2854	307
450	2152	222
451	2003	185
456	4509	419
461	4322	200
461	4322	254
462	4481	363
462	4481	436
464	4418	232
469	4224	286
469	4224	278
474	3668	325
474	3668	231
475	3664	498
477	5292	311
479	1461	342
481	5068	530
482	4055	451
484	4183	326
490	6413	460
493	3536	305
494	2668	276
495	3195	226
499	1528	449
500	1751	211
501	4533	243
507	4770	384
510	2729	261
512	4990	482
517	3480	387
518	3465	323
519	2858	254
521	1963	185
526	3293	249
534	3333	292
535	2902	351
539	3431	453
544	2354	286
551	3289	364
554	2703	316
555	1896	340
561	2153	238
562	2519	282
564	11042	462
564	11042	524
566	2614	267
569	2677	277
569	2677	216
572	6769	677
573	2180	310
574	3027	200
575	3919	472
578	1955	260
579	2195	185
586	2187	282
587	1991	310
589	2919	286
589	2919	266
590	2587	259
592	3653	250
593	2944	278
595	4519	394
595	4519	360
602	4032	347
602	4032	450
603	4166	499
604	2307	283
606	2620	401
607	1350	311
608	2974	420
610	1309	215
620	2025	211
621	2750	296
627	9120	434
628	3534	458
630	4499	283
635	3036	185
635	3036	252
637	3279	453
649	2326	289
652	2829	504
653	1612	406
654	1235	343
655	4135	402
656	3250	286
659	3531	435
666	4240	447
668	2752	302
668	2752	269
669	4281	449
669	4281	407
670	2385	233
672	3590	298
674	3096	415
680	3720	250
681	2764	302
682	6864	443
682	6864	447
687	1506	308
689	2441	298
691	2469	315
694	1716	260
696	1710	325
703	4220	407
704	3245	418
705	2675	454
708	2441	430
711	4504	289
713	5869	382
714	4783	271
725	2119	267
725	2119	211
727	5779	294
728	2740	467
730	3519	408
731	3189	281
732	2502	383
739	3536	269
741	3645	469
742	2017	185
743	2478	284
744	2265	238
748	3568	272
753	2523	273
754	2462	453
761	3089	336
762	4600	478
763	11481	416
764	2826	232
765	5665	275
770	1856	269
776	3375	426
777	2945	265
779	1335	249
782	4832	332
783	3769	281
784	2824	280
788	1898	280
789	4305	480
790	2162	273
791	1665	422
798	4067	245
800	5971	471
803	3879	381
805	2445	199
805	2445	328
806	5428	476
809	2086	328
810	3035	572
819	3724	337
821	1464	255
822	3532	318
823	3181	404
828	1944	206
830	3456	400
834	3172	244
846	2098	396
848	2406	340
849	3093	499
850	5229	431
851	8520	536
851	8520	370
852	4803	411
854	4866	388
855	4759	326
855	4759	348
858	2087	387
859	2256	262
861	1792	270
864	2429	303
868	4062	539
870	2382	420
871	1034	278
872	1977	414
873	5932	299
874	2405	293
877	3855	477
883	5079	492
884	6231	423
887	6932	416
889	3062	332
898	2939	316
899	2239	316
909	1521	286
912	2263	381
913	4741	465
914	6713	475
918	4404	507
922	3044	418
924	1708	464
925	1757	254
931	6219	233
936	4002	457
938	4923	393
942	1466	349
943	3303	185
946	2648	317
947	8594	416
947	8594	461
949	4363	436
952	3132	354
955	1413	261
956	3967	427
957	5547	264
957	5547	282
960	3427	481
961	3037	367
963	3660	493
964	3161	355
966	5082	454
966	5082	455
967	4710	364
969	1449	304
974	4009	453
975	2442	365
979	4338	568
980	3270	458
981	3425	232
983	4375	425
985	3020	263
986	3738	292
998	2643	184
998	2643	208
1001	6261	462
1001	6261	485
1003	2614	349
1007	4472	417
1009	2574	185
1011	2439	323
1013	3597	474
1015	3445	399
1016	3833	426
1019	4493	330
1020	3128	446
1025	2417	540
1027	2415	289
1029	2785	378
1033	2864	362
1036	2184	319
1041	3216	215
1043	4772	447
1044	3083	459
1052	3194	343
1054	3051	479
1056	5133	222
1064	4389	277
1065	2202	458
1068	2199	417
1070	2406	368
1071	2461	322
1073	2476	394
1075	4378	356
1080	5071	424
1080	5071	407
1083	5573	426
1087	2490	422
1091	5322	583
1092	6253	535
1093	4084	185
1096	2411	222
1096	2411	264
1098	2979	401
1101	2863	402
1102	1777	307
1104	7284	336
1105	3148	458
1109	2604	384
1115	4146	536
1120	4437	349
1121	3644	372
1123	2892	161
1123	2892	161
1124	4547	385
1127	2285	423
1133	3889	355
1136	6457	400
1136	6457	384
1143	2369	582
1144	1361	233
1145	2617	265
1150	3922	329
1155	4480	315
1158	2227	200
1159	3614	401
1162	1476	211
1162	1476	253
1163	2785	449
1164	2029	311
1165	4857	506
1166	4257	402
1168	3284	314
1171	3078	401
1173	4124	504
1175	1520	296
1176	3193	465
1177	2780	268
1178	6627	185
1181	3763	546
1183	2301	284
1183	2301	244
1184	2673	200
1186	2344	254
1187	5968	655
1189	2242	249
1195	2172	185
1195	2172	317
1208	3389	364
1209	1792	329
1211	2907	319
1212	3790	489
1214	1972	238
1215	2374	277
1216	2973	286
1216	2973	243
1217	3745	409
1220	4278	200
1221	2893	303
1224	1245	230
1225	4142	422
1226	9816	350
1232	3445	494
1233	8832	634
1233	8832	672
1236	2436	632
1243	2123	243
1243	2123	211
1245	2233	298
1253	2841	338
1257	2152	450
1261	4243	429
1262	2507	304
1264	1983	309
1271	5938	185
1273	1884	405
1276	3212	392
1282	5676	349
1283	4951	484
1284	1989	250
1287	4935	306
1293	3402	568
1294	2228	321
1300	8201	244
1300	8201	570
1305	2036	439
1307	1814	255
1308	3763	423
1318	3001	206
1318	3001	250
1321	4984	521
1322	3274	528
1324	2973	450
1325	2945	541
1326	2907	261
1329	6716	490
1329	6716	506
1333	2662	522
1337	2872	397
1340	3847	640
1343	2136	256
1345	3573	254
1350	2780	311
1351	1696	329
1353	2882	285
1354	2638	327
1355	2193	266
1355	2193	244
1359	4062	401
1360	2090	311
1364	5880	506
1365	3472	374
1367	3476	482
1368	4716	535
1369	2407	415
1371	1696	313
1372	2967	244
1382	3293	362
1383	5249	177
1385	4599	475
1387	3174	422
1391	2309	378
1392	3843	628
1393	4047	250
1397	2456	459
1399	5598	451
1400	4771	291
1403	1647	263
1410	3035	407
1410	3035	442
1413	2405	232
1425	3786	216
1430	2091	280
1431	2574	227
1433	5134	348
1433	5134	266
1435	2046	487
1436	1808	453
1442	3324	284
1445	2503	290
1446	3319	397
1447	2173	293
1450	2342	238
1452	4149	563
1454	2735	215
1460	2681	426
1466	4390	374
1471	2369	322
1476	2856	356
1481	3039	362
1484	8515	446
1484	8515	463
1484	8515	463
1486	2729	513
1487	2519	561
1493	1781	256
1495	1480	325
1496	3140	463
1497	2413	200
1503	2613	278
1506	2678	211
1507	6041	412
1508	3000	206
1513	1717	266
1514	3325	439
1516	5258	306
1517	2592	267
1518	3291	316
1519	4419	443
1524	2752	502
1527	3446	392
1529	2068	304
1532	1309	230
1545	2141	400
1549	1437	404
1553	3562	327
1554	2890	319
1557	2670	268
1559	3908	495
1563	1711	285
1566	3031	216
1568	3350	244
1569	6125	292
1570	2850	368
1570	2850	279
1571	6047	227
1571	6047	256
1572	2308	470
1574	5599	312
1574	5599	418
1579	5843	373
1579	5843	275
1582	8583	426
1585	10329	313
1586	7382	375
1587	4159	511
1589	3651	585
1591	1635	280
1592	3091	304
1593	4837	267
1595	3311	476
1598	6186	232
1599	9201	380
1600	5583	271
1603	12165	330
1604	4093	251
1611	8701	442
1620	10261	678
1624	4520	598
1629	4319	299
1634	3333	525
1640	3170	431
1641	4141	535
1653	2069	383
1656	5438	294
1659	4613	328
1664	4183	266
1664	4183	508
1665	2296	222
1676	1215	200
1678	1537	325
1679	3617	342
1680	2494	461
1682	5209	342
1685	3989	200
1687	6328	266
1694	3963	331
1695	4136	412
1698	4244	299
1705	4396	238
1706	2812	463
1708	1853	373
1710	3826	200
1712	3555	512
1713	1491	268
1715	3240	413
1717	3088	380
1721	2748	441
1722	2776	244
1730	3418	381
1731	7687	405
1734	3032	445
1735	3093	703
1738	3332	390
1740	5406	389
1744	2556	227
1746	2803	420
1749	6103	293
1755	6504	440
1755	6504	392
1756	6179	446
1759	1602	222
1760	5608	302
1774	4857	448
1779	5019	330
1782	3893	429
1785	3619	432
1788	4052	321
1790	4997	230
1791	2947	382
1795	3483	378
1799	6143	185
1799	6143	451
1809	4321	185
1812	2500	412
1813	5295	437
1814	2334	200
1817	3027	387
1818	4280	404
1819	3523	262
1819	3523	238
1823	3004	437
1825	3802	384
1828	3260	465
1837	3852	407
1837	3852	313
1843	3507	448
1844	3463	216
1845	2943	417
1848	2179	403
1855	3870	327
1859	6377	227
1863	3516	327
1866	2578	254
1875	1904	255
1881	1366	360
1884	3078	413
1899	3388	438
1903	3282	292
1904	6618	238
1904	6618	251
1907	2492	273
1912	2889	335
1912	2889	296
1913	1632	185
1926	2090	333
1931	3674	434
1938	3115	187
1938	3115	210
1940	3224	502
1944	1887	237
1949	4574	211
1951	2901	298
1952	3196	432
1955	4996	453
1958	1346	300
1968	2845	439
1970	2478	278
1972	3864	523
1975	3831	245
1976	6354	416
1977	2277	278
1979	4013	416
1988	951	264
1990	3314	390
1994	2960	307
1996	5636	242
2000	2189	428
2002	3753	506
2011	3028	403
2014	2897	385
2016	4540	337
2018	3295	308
2019	1545	243
2021	4753	364
2023	1843	349
2024	1913	395
2030	3845	666
2033	7852	435
2035	2476	348
2037	7764	211
2040	7141	420
2043	2161	416
2047	2561	445
2049	2083	493
2051	3158	399
2055	1892	455
2057	2972	342
2062	4514	410
2069	3423	393
2071	2870	427
2086	3097	374
2088	4297	487
2090	3466	458
2091	5938	222
2092	2686	466
2094	2035	269
2099	2332	470
2111	5409	381
2116	1969	446
2119	6807	288
2122	2732	529
2126	3004	411
2128	3157	211
2133	2064	390
2135	3912	487
2140	3444	425
2148	3047	400
2154	5184	515
2158	2102	443
2160	3111	547
2162	1782	435
2163	3530	390
2167	2780	417
2171	3252	513
2172	3931	374
2174	4796	185
2176	4278	447
2177	5362	513
2178	6598	410
2183	2296	620
2184	4046	392
2186	3186	249
2192	2265	542
2193	3076	415
2195	4817	458
2195	4817	428
2198	5070	453
2200	3848	702
2204	2501	185
2219	4226	458
2220	2042	511
2221	1606	312
2226	1908	319
2227	4027	321
2227	4027	177
2229	1377	238
2231	2438	234
2236	2521	294
2243	4676	523
2259	4032	571
2260	2336	514
2262	4439	245
2269	3158	563
2270	7714	545
2276	2906	414
2277	4468	411
2277	4468	336
2283	4107	292
2284	3067	422
2286	1823	356
2291	4100	443
2296	2418	185
2297	5676	457
2302	2959	185
2303	5121	418
2305	2467	478
2309	2903	362
2313	5546	482
2322	4087	393
2328	3183	539
2331	3073	266
2332	2046	275
2337	1980	454
2338	4080	365
2344	4842	439
2347	2596	437
2349	3561	185
2350	4738	287
2354	3407	498
2355	4684	410
2356	4489	347
2358	2022	222
2362	2132	305
2365	1802	524
2367	3751	498
2371	2599	227
2374	2792	460
2375	5404	455
2379	2609	431
2382	3600	243
2384	2829	245
2391	2466	530
2394	4219	478
2395	2929	406
2397	3039	375
2401	1513	185
2405	7052	758
2409	3284	328
2412	4332	238
2413	3696	415
2415	3725	398
2419	2360	254
2421	2973	233
2426	3572	448
2433	2151	250
2439	4632	436
2443	3684	482
2445	3304	471
2446	3004	185
2446	3004	309
2451	4100	571
2454	3743	256
2456	2295	331
2460	2919	355
2462	2250	273
2465	4987	531
2473	2365	372
2475	1662	206
2476	4398	433
2477	3455	255
2479	2519	321
2480	7166	254
2482	2706	427
2484	2949	514
2487	2971	427
2493	1554	319
2504	2970	480
2508	4109	503
2515	1474	271
2516	1538	302
2517	1137	253
2523	2230	504
2527	3128	419
2531	2898	418
2537	1541	313
2539	6234	465
2539	6234	485
2541	1924	361
2542	2942	373
2554	4900	454
2555	4110	470
2558	7709	432
2563	4420	441
2565	3655	573
2572	2775	401
2574	2661	527
2577	2140	262
2584	4984	623
2586	5493	460
2587	4683	501
2590	6015	678
2600	1900	422
2609	2861	378
2614	2833	414
2622	2806	143
2622	2806	175
2624	2666	434
2626	6037	325
2626	6037	310
2628	7087	481
2634	3075	372
2635	1834	185
2638	3542	471
2639	2919	435
2640	1848	267
2642	4482	291
2643	4779	275
2644	3340	413
2647	3288	442
2649	2464	259
2657	2259	226
2659	3225	250
2671	2901	324
2674	3841	269
2684	2576	244
2688	2119	291
2692	1557	407
2695	3439	344
2699	4600	255
2704	7027	492
2705	2168	280
2706	2586	255
2710	3234	348
2712	3360	481
2713	2727	339
2714	2491	273
2714	2491	166
2722	5422	369
2725	2524	369
2726	3441	363
2727	2471	261
2732	2947	204
2733	2913	185
2738	5963	232
2739	7297	204
2739	7297	185
2739	7297	393
2741	1907	303
2744	3745	451
2745	5109	483
2746	5945	464
2747	1473	227
2754	3322	201
2754	3322	369
2755	1866	249
2758	2858	426
2762	6072	427
2765	3115	441
2774	2656	406
2778	3773	503
2782	5443	354
2788	3286	288
2794	3621	400
2795	2059	420
2799	5920	440
2802	5815	468
2804	3443	308
2805	3374	282
2810	3850	278
2811	5286	502
2816	2722	440
2817	3649	255
2819	2594	383
2823	4023	391
2826	2548	239
2830	6378	251
2831	4847	227
2833	4844	370
2834	3438	258
2839	3627	322
2840	3456	185
2842	3780	442
2843	5417	346
2844	2546	531
2845	2616	530
2846	2786	388
2854	3980	561
2859	4632	514
2861	2025	298
2865	2535	413
2866	2985	185
2869	5085	371
2869	5085	225
2871	2665	261
2872	5650	429
2873	3399	521
2874	1455	280
2876	5670	448
2882	4019	613
2887	3241	468
2890	6274	475
2894	3416	352
2896	7206	561
2897	3049	482
2904	2809	432
2905	5073	419
2907	5579	431
2909	7085	439
2915	3079	401
2917	2283	245
2918	2634	336
2926	4251	360
2929	3290	426
2932	4339	560
2934	3772	482
2940	6779	428
2941	6409	464
2945	3390	469
2947	3624	463
2953	3980	448
2955	5300	333
2957	5823	394
2959	1958	569
2964	4225	374
2965	5877	369
2967	3253	292
2968	5391	441
2971	5693	428
2972	3406	350
2973	3616	438
2975	3812	450
2977	1948	418
2978	3846	323
2989	4623	437
2991	2004	255
2995	4069	358
2997	5615	435
2998	5189	355
3002	3453	211
3007	7038	375
3009	2033	519
3013	4075	185
3014	2577	527
3019	5428	647
3026	4913	338
3029	3488	284
3032	3121	468
3033	4475	431
3036	6925	426
3037	4746	376
3039	3464	291
3046	1553	237
3049	2830	469
3054	5895	382
3056	2141	502
3058	1904	601
3065	2769	584
3068	6942	443
3071	3519	416
3073	3067	357
3076	1674	398
3080	2268	447
3081	3048	481
3092	4723	360
3094	4362	550
3095	6951	252
3095	6951	247
3099	4309	392
3104	4319	158
3104	4319	209
3106	4338	410
3109	2639	451
3113	2592	680
3116	3920	421
3120	4286	461
3124	3644	336
3128	2966	521
3130	3222	299
3131	5346	411
3133	2429	542
3136	3724	466
3137	3110	305
3139	2927	416
3140	4881	357
3144	3925	436
3146	4379	425
3152	5474	379
3155	6339	353
3156	2889	443
3159	3968	230
3160	2061	451
3162	7340	263
3162	7340	446
3170	3357	422
3176	3710	459
3177	3545	245
3182	2094	381
3193	3000	534
3194	3410	200
3198	4013	299
3199	6128	377
3203	3526	558
3206	4585	473
3213	3401	282
3217	4893	387
3226	3562	415
3228	5364	354
3228	5364	211
3234	4676	477
3239	6609	200
3240	6417	478
3242	3056	553
3252	4894	547
3253	4170	410
3254	3678	444
3268	2713	243
3269	3468	222
3270	3105	556
3271	4650	329
3273	2291	470
3278	5930	529
3282	3441	318
3284	4640	325
3286	3956	297
3292	1779	454
3294	2687	419
3298	4989	269
3304	4879	431
3306	2797	395
3311	4227	420
3312	7140	398
3316	4832	382
3320	2549	433
3321	7256	238
3321	7256	431
3322	2001	185
3326	4748	463
3330	1717	374
3331	5581	502
3336	4317	486
3339	3362	406
3341	3131	367
3343	5173	374
3344	2468	538
3348	2293	514
3356	4524	440
3357	2844	297
3359	1117	357
3363	5993	374
3363	5993	393
3365	4796	363
3368	2185	274
3369	5948	419
3374	4135	441
3375	3718	524
3376	3527	394
3379	3467	477
3389	4740	185
3393	5495	444
3399	3505	414
3401	1519	274
3402	3051	243
3403	4638	507
3415	2007	234
3417	4564	293
3420	4343	232
3420	4343	242
3422	3190	520
3425	3202	469
3429	1645	275
3432	3726	417
3433	3064	253
3435	2547	446
3441	3444	441
3442	3966	411
3443	4050	466
3445	3440	291
3451	7168	306
3452	5439	268
3453	3070	251
3454	5072	367
3454	5072	302
3461	1984	501
3462	2694	238
3465	6095	457
3465	6095	200
3466	4189	510
3470	2128	297
3477	1811	230
3492	5548	417
3496	7388	222
3501	3443	679
3502	6871	515
3504	3626	211
3505	1461	279
3508	907	329
3511	3635	523
3512	4011	289
3514	4187	230
3514	4187	304
3519	4701	237
3521	2922	372
3522	5599	250
3527	2830	436
3531	3160	434
3534	5774	388
3535	3422	606
3537	2316	324
3539	3512	533
3540	3853	605
3544	1946	412
3546	2426	271
3547	3165	285
3550	2141	493
3553	3751	185
3558	4124	395
3560	3655	259
3561	3551	702
3563	1563	366
3565	3330	239
3565	3330	262
3566	2773	517
3568	2664	227
3570	4641	369
3571	3900	457
3576	2296	384
3584	2079	448
3589	4897	488
3590	3215	453
3591	5560	239
3598	6719	255
3605	5285	471
3608	4230	361
3609	3377	509
3610	2138	294
3613	2920	270
3616	2014	477
3630	2824	553
3631	2046	502
3633	4105	544
3641	5065	219
3641	5065	207
3644	3190	341
3645	2247	275
3647	4029	451
3649	3037	412
3663	1855	255
3667	3338	445
3672	2825	402
3674	5305	572
3678	4923	433
3683	3414	430
3685	2813	359
3693	2020	266
3696	2649	354
3703	4322	376
3704	1916	277
3715	5708	351
3718	2879	436
3724	2343	371
3738	4003	407
3740	6236	502
3747	2656	249
3747	2656	292
3749	2075	271
3750	2682	439
3753	4331	610
3755	1864	238
3758	2944	297
3764	3713	216
3772	1828	185
3773	2066	455
3778	3830	444
3781	1486	299
3786	3413	316
3786	3413	276
3787	5118	526
3790	5712	700
3796	2270	274
3800	1055	296
3802	4871	206
3810	4275	342
3820	5000	382
3820	5000	288
3822	1336	251
3823	2638	299
3825	1867	222
3830	2363	260
3833	2146	263
3834	5467	368
3835	2426	230
3837	2486	185
3838	1053	277
3842	3650	253
3845	2245	282
3848	6865	400
3849	4372	589
3854	4005	251
3857	7096	239
3857	7096	246
3858	2631	490
3860	6375	488
3861	3251	384
3862	1270	295
3863	2431	408
3869	5019	297
3870	2896	260
3871	2318	307
3878	3036	185
3879	3362	320
3882	3246	177
3882	3246	295
3887	1393	273
3893	2481	428
3894	3171	442
3895	3361	382
3896	3858	297
3905	3928	250
3913	3544	243
3921	2107	238
3930	2264	277
3934	2739	185
3941	2588	257
3944	2243	470
3946	3882	373
3948	2987	200
3952	4509	328
3957	1981	406
3958	2301	510
3959	5401	385
3959	5401	386
3962	3846	467
3964	2938	239
3965	1912	185
3967	2226	238
3968	2307	404
3969	3770	538
3970	3642	386
3972	6162	414
3972	6162	285
3975	1874	297
3976	2441	157
3976	2441	168
3979	1382	323
3980	4206	254
3980	4206	407
3983	3558	242
3984	1197	343
3992	5653	534
3993	1821	291
3995	1623	275
4001	2474	350
4003	3111	185
4005	2102	318
4006	1906	227
4009	3471	446
4011	1694	280
4017	3605	255
4018	3721	351
4024	3319	222
4024	3319	200
4030	2817	200
4032	3093	314
4035	3108	250
4036	2670	243
4047	4297	341
4053	3379	255
4066	5215	342
4068	4388	307
4069	2969	200
4091	1628	233
4093	1707	185
4095	2958	517
4098	2549	331
4100	3765	469
4105	3033	508
4111	2497	477
4112	4969	423
4118	2878	438
4126	2485	489
4130	3607	418
4131	3252	450
4134	1657	200
4147	1991	373
4148	1400	232
4151	3112	448
4155	2167	487
4160	3695	418
4161	3453	433
4165	1651	299
4166	2010	227
4167	1374	244
4170	1565	272
4173	3056	250
4176	4245	399
4181	2280	346
4183	3026	377
4186	2438	472
4192	2882	396
4193	3899	425
4196	2053	264
4196	2053	215
4201	2332	226
4203	2920	311
4206	2044	261
4213	2885	397
4214	4754	474
4216	2500	331
4216	2500	268
4217	4251	399
4220	3292	312
4224	3016	320
4230	2281	394
4245	2657	258
4251	3889	226
4254	3939	268
4260	2847	411
4270	3571	312
4272	4916	365
4273	3572	281
4273	3572	234
4295	4466	497
4298	6525	515
4300	4507	315
4302	2644	399
4304	3874	330
4305	2403	450
4310	2968	329
4312	1523	356
4313	2480	433
4314	3119	185
4316	9201	251
4317	3863	185
4321	5106	472
4330	4450	321
4331	13408	482
4333	9106	437
4335	2294	485
4344	6782	281
4346	5505	272
4348	2663	342
4358	6979	314
4364	9122	345
4371	3639	262
4371	3639	263
4377	4033	294
4382	10825	314
4382	10825	329
4383	4155	176
4383	4155	185
4385	2663	279
4386	2893	283
4390	4830	462
4395	8858	200
4397	3209	266
4402	8808	185
4404	8066	380
4405	7343	185
4410	2550	259
4412	1366	238
4414	1815	200
4416	10015	350
4420	4075	227
4422	2833	262
4427	2282	233
4428	4064	471
4429	3671	211
4430	3263	327
4431	1997	448
4432	5902	330
4437	8388	331
4439	10006	260
4439	10006	249
4439	10006	250
4439	10006	185
4440	6313	297
4440	6313	322
4442	4890	443
4447	15458	269
4447	15458	256
4448	13698	303
4451	8459	379
4453	10352	238
4462	9092	355
4468	4223	238
4469	2838	251
4470	2969	261
4472	5135	295
4473	2805	296
4485	3441	222
4491	8357	238
4491	8357	409
4492	6161	227
4493	11317	185
4497	16236	287
4499	2667	278
4505	9237	330
4505	9237	330
4506	2035	211
4511	1909	335
4512	7649	185
4519	3024	270
4520	4176	314
4522	10753	238
4522	10753	285
4523	10601	419
4523	10601	416
4523	10601	500
4525	13153	268
4525	13153	359
4526	13470	244
4526	13470	207
4526	13470	206
4529	11762	280
4529	11762	268
4530	14851	292
4531	2488	323
4534	14451	413
4534	14451	327
4534	14451	250
4534	14451	238
4543	2824	303
4547	7231	221
4548	15010	280
4550	2847	469
4551	2712	243
4553	4342	185
4555	2691	357
4559	4444	429
4560	7023	402
4561	6118	413
4562	11597	286
4564	5329	374
4565	10039	280
4566	4638	261
4566	4638	248
4571	4668	206
4571	4668	237
4572	2839	239
4575	6759	216
4580	2783	185
4581	4165	441
4584	6740	185
4587	9264	200
4592	2280	243
4602	5343	286
4602	5343	254
4603	2349	244
4605	2371	327
4607	9113	291
4608	2057	297
4613	9652	237
4619	809	265
4623	6045	263
4625	2827	348
4625	2827	314
4626	8585	251
4629	8092	398
4634	3886	280
4642	6029	278
4643	2530	330
4647	4928	416
4651	6123	271
4653	12778	296
4653	12778	474
4653	12778	421
4654	6253	441
4656	4699	222
4661	2741	304
4663	6302	185
4666	1444	272
4668	6347	342
4668	6347	354
4669	3673	211
4670	2190	399
4671	10293	243
4672	2579	280
4674	5674	401
4675	3847	399
4676	7966	237
4684	8239	409
4691	5091	295
4693	7059	444
4695	12557	200
4695	12557	374
4699	15144	260
4702	13089	250
4706	5215	442
4709	3536	342
4710	13290	397
4710	13290	249
4715	14630	216
4718	8773	422
4722	3556	504
4723	9534	383
4725	8951	412
4725	8951	358
4728	3300	185
4730	5239	324
4731	14757	270
4731	14757	302
4737	3525	454
4738	15890	453
4738	15890	441
4742	15584	445
4742	15584	398
4742	15584	375
4743	7321	341
4744	3271	331
4745	4088	485
4753	3268	230
4757	9054	375
4761	4569	254
4762	9787	185
4763	13587	222
4763	13587	449
4767	3425	400
4770	11448	314
4770	11448	447
4775	6780	541
4778	9162	331
4780	16502	376
4780	16502	402
4780	16502	491
4781	5415	358
4784	7254	256
4785	5069	430
4786	3536	185
4789	8607	279
4789	8607	226
4791	14583	366
4791	14583	417
4792	5211	496
4793	1875	215
4797	10232	344
4798	11320	349
4801	13218	336
4802	3696	285
4804	11239	379
4804	11239	287
4809	13735	504
4810	3084	455
4814	4355	363
4817	3011	255
4821	5454	410
4823	2390	443
4825	4071	296
4833	6760	299
4836	14227	371
4836	14227	470
4837	4037	215
4840	7122	514
4841	7643	391
4842	5102	452
4847	6714	574
4848	5625	363
4850	10818	222
4854	8075	211
4868	4296	238
4869	14624	453
4869	14624	227
4870	7358	380
4870	7358	417
4871	16365	491
4871	16365	409
4872	8151	339
4873	3694	406
4874	6001	206
4877	8507	502
4879	6997	445
4882	8101	211
4886	540	200
4892	4713	256
4901	7161	356
4902	10927	255
4902	10927	304
4904	5188	298
4909	2371	355
4910	3656	416
4910	3656	415
4912	7803	416
4912	7803	501
4917	14610	200
4917	14610	272
4919	2658	279
4920	8462	306
4931	2498	281
4932	9432	418
4932	9432	299
4933	7880	378
4935	1568	383
4938	9709	267
4942	3858	334
4943	3777	453
4945	11876	255
4950	4843	184
4950	4843	343
4952	5537	347
4954	5003	266
4960	2539	290
4971	4032	566
4973	3447	383
4974	9830	445
4975	5008	432
4976	10016	266
4976	10016	276
4976	10016	353
4976	10016	411
4984	9563	457
4985	3762	200
4988	4322	233
4990	14878	211
4999	11301	439
4999	11301	467
5001	1447	236
5003	5804	596
5004	7560	407
5004	7560	279
5007	3081	429
5008	3757	533
5013	4172	297
5014	5217	411
5014	5217	453
5017	8208	408
5019	4324	274
5020	3520	462
5027	2588	376
5028	8872	375
5028	8872	227
5030	14525	200
5033	9292	379
5035	6542	385
5036	7418	464
5037	7764	434
5037	7764	358
5048	9838	492
5051	2623	477
5061	2337	256
5068	13804	512
5075	3819	498
5083	9601	222
5083	9601	533
5085	11392	250
5086	2607	386
5087	7947	436
5091	7666	357
5091	7666	476
5092	9714	524
5093	10172	282
5093	10172	430
5094	4833	433
5094	4833	303
5096	6328	443
5101	4717	495
5103	2990	395
5104	5651	293
5110	2342	221
5113	5652	227
5121	3241	372
5126	3259	363
5128	2106	185
5133	3158	318
5134	2444	294
5135	4088	357
5139	4044	431
5144	2692	299
5147	3510	205
5147	3510	222
5152	3072	448
5154	3014	272
5157	1320	284
5161	4317	449
5163	3368	455
5168	1254	297
5170	1732	251
5172	1824	221
5179	2295	268
5182	895	250
5183	1408	261
5185	5203	387
5188	4561	215
5190	2684	368
5191	2372	398
5192	3793	401
5194	2850	418
5196	1901	222
5198	2468	255
5201	4408	483
5203	1358	238
5204	2295	185
5204	2295	279
5208	2184	271
5208	2184	267
5216	1317	239
5217	2454	484
5223	3620	347
5226	3658	419
5228	4678	407
5232	3292	423
5233	2267	281
5239	6027	276
5241	1893	306
5245	2266	446
5247	1489	262
5248	1252	310
5250	1939	285
5252	1642	268
5254	1993	448
5257	2785	500
5257	2785	385
5258	1905	185
5260	3150	388
5262	3347	200
5263	3013	408
5264	2111	239
5267	4292	392
5268	2750	280
5270	1648	271
5271	2308	354
5276	3302	466
5277	2802	263
5277	2802	242
5279	2359	355
5281	3083	406
5282	2098	319
5284	3163	287
5284	3163	293
5285	1601	250
5287	3431	295
5288	2932	483
5298	2033	351
5299	2841	234
5300	5637	253
5300	5637	306
5301	1268	185
5303	2855	378
5306	2549	471
5308	3226	447
5310	3417	478
5311	1648	244
5312	4102	436
5314	1647	298
5318	1483	200
5319	3977	304
5321	3588	377
5322	3495	211
5324	2381	413
5325	3173	448
5328	2374	222
5330	2443	185
5343	2040	278
5345	3152	471
5351	2921	185
5353	2989	411
5357	1940	255
5367	4223	185
5370	2571	439
5372	2909	548
5375	2261	279
5376	2664	185
5377	3622	340
5385	2706	481
5387	2019	303
5388	4434	281
5391	2905	239
5392	2439	369
5393	4505	351
5394	4431	237
5397	2484	307
5400	1586	234
5401	3669	338
5404	4588	378
5406	1835	238
5419	2573	421
5422	4666	319
5425	3109	359
5426	2482	279
5429	1027	206
5431	2501	322
5437	3036	508
5441	1442	292
5442	3116	355
5443	1487	250
5448	4302	456
5450	2435	395
5451	3030	284
5451	3030	226
5457	2076	459
5458	1228	268
5459	2866	238
5461	1985	298
5463	2804	248
5475	2015	255
5476	5192	361
5477	4850	367
5478	3981	381
5479	3087	440
5485	1976	281
5495	2855	260
5496	3505	299
5506	2216	434
5507	3334	266
5509	2588	439
5511	3839	505
5515	3388	473
5516	6025	216
5516	6025	390
5518	4477	430
5521	4293	561
5522	4634	200
5523	2016	211
5524	1947	283
5526	4880	206
5526	4880	262
5527	4054	443
5529	3215	318
5529	3215	238
5531	1801	366
5532	1917	279
5537	4701	449
5538	3211	497
5541	3919	366
5546	3001	384
5548	5823	350
5555	4073	222
5558	1489	426
5560	3086	410
5562	5501	470
5564	2712	255
5571	3234	429
5577	3657	494
5583	3559	431
5584	5778	604
5587	3131	314
5589	4959	468
5593	5948	367
5598	3073	226
5602	4021	407
5607	2569	187
5607	2569	201
5615	2099	509
5616	3133	335
5617	1958	390
5621	2917	222
5632	2818	431
5638	2739	478
5642	2604	470
5644	5460	248
5644	5460	279
5650	5945	446
5653	2333	398
5659	4009	438
5661	5294	364
5664	5214	365
5668	3533	516
5670	3508	456
5674	4366	541
5676	4528	500
5684	3576	431
5685	4601	485
5690	3367	450
5693	2876	463
5703	3988	435
5705	4081	467
5707	2693	470
5711	3244	292
5712	3344	407
5715	4573	491
5717	5252	387
5725	3480	400
5738	2846	345
5742	2097	599
5744	6065	200
5744	6065	424
5748	3234	461
5751	4463	392
5753	5874	429
5759	2950	309
5761	1969	292
5764	4219	496
5771	4161	494
5772	2592	373
5776	5233	407
5779	4243	466
5782	2970	250
5784	2548	419
5788	3034	543
5790	2794	211
5795	3366	374
5802	1948	346
5804	1907	449
5806	2240	444
5811	2456	460
5813	1807	374
5814	3515	251
5818	5532	436
5820	2727	294
5821	2221	394
5823	3105	248
5823	3105	256
5824	2905	492
5834	5022	391
5835	5100	467
5837	4789	374
5838	4031	384
5839	2369	419
5840	2665	381
5841	4369	387
5842	3465	402
5844	5361	483
5846	3437	346
5847	4364	270
5847	4364	316
5848	4748	433
5850	3457	315
5855	3265	440
5856	1963	316
5859	4963	317
5861	2518	413
5867	3131	465
5869	3467	511
5873	3506	439
5874	3244	470
5881	5012	424
5884	3731	408
5885	3075	434
5890	2250	400
5895	3782	437
5903	2404	379
5906	1519	263
5907	2680	445
5913	2168	350
5915	3876	427
5916	3065	200
5917	1866	286
5923	2602	450
5929	3172	443
5936	3903	409
5938	3902	385
5944	2448	253
5948	2665	374
5950	2689	266
5951	5479	185
5951	5479	438
5952	2770	261
5955	2430	280
5956	4577	440
5962	3527	244
5965	2668	234
5967	4066	590
5970	3790	427
5974	2341	251
5977	2305	434
5983	1681	262
5988	3590	265
5988	3590	232
5990	4061	380
5992	2313	357
5995	2449	364
5998	2850	471
6002	3705	451
6003	3127	185
6005	2299	449
6006	1606	284
6007	2176	475
6008	2011	421
6009	2854	373
6012	3505	349
6014	2234	412
6016	3018	310
6019	2268	274
6020	2989	366
6023	2194	366
6028	2808	255
6029	5773	389
6036	3149	389
6037	2697	254
6038	992	265
6040	3174	345
6042	3692	200
6042	3692	270
6045	2679	185
6046	2501	409
6047	3014	303
6048	3245	366
6051	3806	346
6051	3806	346
6055	3996	421
6055	3996	449
6058	1211	260
6065	1389	234
6069	3646	376
6070	1981	227
6071	1747	263
6074	1514	426
6077	3355	185
6081	2741	239
6083	2416	273
6090	940	221
6091	1436	301
6091	1436	206
6097	2297	242
6097	2297	243
6099	2518	232
6103	2516	227
6104	1902	376
6106	2854	318
6107	2540	425
6120	1838	234
6122	1559	216
6123	1807	227
6125	2183	252
6127	1778	338
6128	2899	206
6129	1558	272
6130	1758	279
6132	2748	417
6134	2376	216
6134	2376	229
6141	1897	222
6141	1897	250
6142	2094	220
6157	1361	254
6163	2857	438
6164	2827	471
6167	2077	211
6168	1832	374
6170	1802	318
6172	2990	235
6172	2990	172
6175	1604	202
6175	1604	310
6180	1148	206
6181	1945	338
6185	2711	374
6186	2001	245
6187	1622	238
6191	2686	551
6196	1497	373
6198	3093	463
6210	1825	185
6211	4460	281
6214	1320	302
6216	1941	237
6217	2595	450
6218	4279	560
6219	2762	572
6223	3149	366
6225	3539	417
6229	3508	311
6230	3480	274
6231	847	334
6233	4263	343
6233	4263	362
6239	1488	288
6242	3936	399
6253	2489	188
6253	2489	436
6262	2458	211
6263	1830	216
6264	2142	221
6270	3673	545
6273	2502	461
6277	1322	227
6286	3722	471
6287	1316	457
6292	4925	476
6294	2246	620
6296	3158	366
6302	4363	315
6303	4149	200
6306	1508	292
6308	3061	385
6312	2657	554
6316	5857	462
6317	2257	200
6318	3275	286
6320	3511	216
6323	3076	543
6325	1238	336
6328	5823	497
6337	4741	339
6340	2772	314
6343	3146	449
6358	3343	510
6364	4955	457
6366	4993	464
6368	2829	185
6371	2333	227
6373	1353	200
6374	3147	369
6377	3980	275
6377	3980	228
6378	4156	466
6382	2691	520
6383	3672	522
6384	3001	510
6385	3330	558
6389	2350	464
6396	2137	374
6397	2505	429
6405	3770	432
6407	5373	353
6408	2480	298
6411	1647	274
6414	862	238
6415	4781	255
6419	3388	454
6421	1142	222
6428	2374	473
6434	4157	361
6444	1669	334
6445	2989	256
6451	2523	523
6457	1955	239
6460	2506	406
6481	3026	308
6484	2840	227
6484	2840	289
6491	2396	261
6492	2899	222
6498	3816	422
6498	3816	357
6501	1519	286
6503	3885	366
6506	2530	227
6509	4205	371
6515	3808	473
6518	3032	185
6520	5506	409
6524	4205	367
6528	3049	470
6529	2229	396
6533	848	200
6543	2874	392
6544	3377	465
6546	4844	420
6546	4844	165
6547	2309	227
6548	2137	322
6549	4022	372
6555	1926	400
6557	5285	353
6559	4868	315
6564	2053	236
6565	2835	439
6566	2580	455
6571	1857	272
6573	3198	291
6579	3384	374
6586	4834	396
6588	4002	440
6591	3916	438
6595	4074	310
6596	3782	248
6598	4224	427
6605	4196	357
6606	2036	416
6608	5325	343
6615	4200	525
6615	4200	456
6617	2500	431
6620	2962	345
6621	4494	238
6622	2883	361
6625	2323	227
6626	3431	256
6627	4678	311
6627	4678	304
6630	2906	427
6631	1762	496
6637	2406	294
6639	2780	498
6648	2674	424
6651	1796	315
6654	4866	545
6657	3169	448
6658	4835	480
6661	5658	260
6674	1827	270
6676	3637	506
6677	1677	345
6687	2283	366
6713	2940	445
6714	6257	524
6717	3355	380
6720	2774	350
6725	5956	334
6729	4081	230
6730	2623	436
6731	3034	426
6734	5532	459
6739	3904	436
6750	3294	329
6752	2048	337
6758	4744	401
6761	2839	395
6763	3718	402
6764	4954	185
6765	4518	372
6769	4054	455
6771	3918	444
6785	2789	414
6786	3519	430
6792	3591	336
6798	3979	473
6807	2982	280
6810	2083	316
6811	2713	365
6812	3592	489
6814	1509	140
6814	1509	141
6819	3535	244
6822	2525	279
6825	2392	254
6826	3075	288
6833	4057	347
6833	4057	344
6841	3650	441
6845	1491	227
6858	4923	503
6860	3787	528
6861	3557	450
6863	2374	435
6864	4203	491
6864	4203	450
6866	4620	427
6871	2502	490
6875	1357	369
6879	2009	473
6882	2380	445
6883	2122	227
6886	2798	415
6889	2856	438
6894	2490	272
6898	2454	473
6903	2877	281
6904	2949	185
6908	1693	249
6909	4865	475
6914	2585	273
6917	5213	463
6920	2469	238
6926	3380	227
6936	3115	273
6936	3115	246
6937	2493	206
6938	2964	256
6939	1017	267
6940	1633	266
6946	2638	271
6951	4425	186
6951	4425	217
6952	2003	282
6959	3993	392
6962	2835	287
6963	1274	211
6967	2166	405
6970	2801	222
6974	2083	232
6975	2338	246
6980	1633	300
6982	1577	289
6987	3033	264
6992	2393	257
6994	1863	237
6997	3381	200
6997	3381	211
7001	1796	284
7003	1184	232
7004	3152	286
7013	2074	215
7017	2378	260
7017	2378	294
7018	2339	266
7019	1087	185
7020	1480	185
7021	1582	215
7022	833	268
7027	2837	170
7027	2837	262
7028	2341	206
7039	3043	211
7045	2820	294
7045	2820	238
7048	1154	272
7055	2349	226
7058	1623	206
7062	2214	259
7065	3380	250
7067	1944	293
7077	1596	306
7078	2170	185
7081	2978	472
7085	1388	185
7086	2088	440
7089	2897	254
7092	2235	443
7096	2382	300
7096	2382	267
7100	2669	405
7104	2086	438
7105	2244	290
7108	2909	382
7112	2684	404
7114	2749	423
7115	2610	337
7116	2755	279
7119	4848	481
7119	4848	185
7121	1835	185
7123	3301	381
7125	5172	473
7126	4102	454
7129	4016	452
7130	2856	431
7131	6581	407
7135	2449	185
7136	4279	263
7139	5335	356
7142	3003	359
7152	3876	379
7154	4031	289
7158	3703	211
7159	4480	463
7165	2537	514
7166	8758	310
7166	8758	529
7169	3895	437
7169	3895	194
7171	6497	432
7179	9726	382
7179	9726	258
7180	3221	337
7185	4081	277
7189	3103	307
7193	3766	322
7195	3949	520
7196	2989	507
7201	8121	447
7215	2507	415
7218	3745	389
7220	4090	335
7230	4933	424
7232	4595	476
7235	4762	341
7238	3602	245
7254	5516	482
7272	2911	254
7278	3750	227
7278	3750	490
7285	2445	458
7287	7584	279
7290	2523	431
7291	6380	494
7291	6380	251
7296	1121	282
7298	2449	283
7334	1385	238
7343	1050	241
7352	5364	395
7354	2889	524
7361	1896	275
7370	5310	302
7375	4818	351
7376	4075	339
7380	4047	227
7382	4104	384
7383	2705	288
7389	6211	388
7392	4435	444
7394	3084	480
7398	3601	227
7401	1856	298
7408	7852	461
7409	9418	442
7424	2665	512
7429	6914	455
7432	5033	260
7432	5033	357
7433	1626	464
7434	4348	244
7434	4348	223
7436	2593	483
7437	6858	391
7440	4019	415
7441	5046	290
7444	5762	440
7446	3007	510
7455	3454	443
7464	3169	353
7478	3579	408
7486	9093	259
7486	9093	275
7491	5053	285
7491	5053	227
7495	2313	422
7498	5116	322
7501	3702	407
7504	5222	487
7505	3214	455
7506	3874	426
7518	2423	415
7520	3263	457
7535	5572	448
7536	6439	344
7539	2370	435
7544	4266	338
7545	4050	243
7547	2027	352
7548	8213	264
7548	8213	292
7549	7243	292
7552	3739	528
7563	2819	500
7568	929	391
7571	9682	254
7571	9682	479
7573	4067	340
7573	4067	296
7575	3101	424
7576	7095	646
7579	3601	487
7583	3255	140
7585	3116	397
7586	10112	250
7587	4477	554
7603	2045	233
7604	3835	502
7606	2736	404
7609	2789	238
7610	4108	429
7614	5032	452
7622	2340	147
7623	3878	280
7627	3289	302
7628	4910	513
7634	6243	382
7636	2773	280
7638	4859	382
7643	2463	244
7646	1868	250
7650	5478	185
7650	5478	450
7657	2337	288
7659	2998	533
7662	2345	233
7664	5028	500
7672	4490	347
7673	5436	245
7677	4011	233
7678	2314	477
7679	7269	391
7688	3478	329
7689	2131	439
7690	4389	512
7692	2849	327
7700	4404	402
7708	2609	221
7710	3193	407
7712	3041	265
7713	3762	340
7714	7642	265
7714	7642	206
7716	5376	349
7718	6697	415
7727	3733	430
7733	3526	449
7734	5877	300
7738	3323	350
7749	5384	458
7750	3492	227
7751	2268	200
7752	5692	262
7754	2235	216
7757	7611	206
7765	3875	438
7772	4051	251
7779	6414	428
7783	2388	320
7785	4211	254
7786	5205	441
7789	5869	211
7793	1852	238
7803	6632	211
7808	2292	215
7811	1485	455
7814	2752	317
7824	2699	215
7833	2176	238
7835	3820	366
7837	4017	402
7840	4132	345
7842	4377	222
7842	4377	277
7848	2927	751
7849	1589	241
7853	2635	284
7854	2550	492
7856	8055	220
7863	5811	448
7865	2681	430
7866	5367	459
7867	7547	338
7868	5254	450
7873	2811	335
7875	4204	200
7876	3147	254
7876	3147	280
7881	3991	266
7883	4638	260
7889	6211	459
7896	2529	324
7899	3875	393
7905	5195	222
7906	2471	243
7907	3805	296
7911	5444	238
7916	1950	327
7920	4822	281
7920	4822	328
7922	2675	279
7924	4937	278
7931	9363	488
7931	9363	498
7934	2123	243
7935	4839	322
7936	2533	297
7939	2771	249
7939	2771	210
7943	1030	200
7945	4942	301
7945	4942	139
7947	2387	261
7951	4233	441
7952	7188	352
7956	7067	371
7956	7067	185
7957	2453	303
7964	6708	426
7966	2570	395
7969	3951	405
7970	8768	216
7970	8768	238
7972	2350	303
7978	5303	285
7978	5303	245
7980	2171	280
7986	7997	227
7989	3845	366
7990	3947	315
7991	2088	236
7992	2847	360
7995	6123	302
7999	8507	469
8003	6327	422
8011	2386	285
8013	8471	236
8018	4824	288
8018	4824	303
8019	4721	428
8019	4721	357
8026	2619	200
8030	3450	243
8034	1689	301
8038	2486	293
8039	10176	227
8039	10176	232
8046	5801	238
8049	3077	394
8050	4144	185
8050	4144	185
8055	5162	251
8057	3657	185
8068	6758	222
8075	2409	206
8075	2409	313
8083	4370	335
8084	9323	249
8084	9323	261
8092	1320	280
8094	8046	284
8099	2744	263
8104	3330	412
8104	3330	461
8106	2062	244
8107	5232	377
8116	2466	206
8116	2466	263
8120	6471	222
8123	4284	274
8124	865	279
8130	10044	261
8131	3219	284
8133	4502	405
8134	7253	322
8135	3170	211
8142	2522	158
8142	2522	158
8143	5415	200
8145	8992	324
8150	5570	399
8152	2043	282
8156	2577	241
8156	2577	265
8158	6641	636
8163	2048	259
8167	1545	249
8168	9523	380
8168	9523	397
8170	2527	232
8173	6639	285
8180	2528	185
8182	2268	185
8183	2643	185
8187	1757	238
8190	7181	280
8190	7181	185
8192	6035	308
8192	6035	234
8203	5240	451
8204	7901	179
8204	7901	175
8206	3018	396
8211	3230	418
8213	6960	502
8218	6175	316
8224	2723	284
8227	6109	530
8230	2654	449
8239	8029	275
8239	8029	277
8244	5271	304
8248	8501	353
8248	8501	432
8251	5189	744
8253	2379	311
8256	6497	483
8266	4857	484
8269	4046	507
8274	2627	430
8284	2316	548
8291	4111	200
8296	8402	409
8299	3368	438
8302	6143	348
8303	6112	516
8308	5507	445
8310	3885	491
8313	10197	334
8314	8361	576
8316	4183	484
8318	6036	740
8322	9908	460
8323	8276	435
8323	8276	377
8328	2495	425
8330	6180	327
8330	6180	418
8332	4346	270
8333	5267	206
8342	5719	381
8351	5282	404
8359	4291	502
8362	4485	200
8372	3653	322
8374	4123	364
8380	3110	366
8384	2472	468
8387	2127	488
8397	3271	422
8399	6680	346
8404	4307	464
8408	2981	220
8410	2851	419
8411	10227	260
8411	10227	256
8412	2496	401
8415	5965	309
8418	2526	278
8423	3076	266
8425	3457	185
8426	2647	291
8427	4784	272
8432	4580	365
8433	2808	185
8434	2917	330
8437	916	233
8444	5030	268
8451	2326	434
8455	6273	267
8455	6273	242
8457	2781	243
8462	4693	268
8465	2960	206
8467	1564	284
8471	6338	408
8472	2553	338
8477	2761	447
8478	3281	259
8481	4620	340
8484	4118	398
8487	4894	309
8488	6571	211
8488	6571	254
8488	6571	266
8491	5579	311
8509	4699	393
8512	4931	594
8516	6212	249
8517	5861	244
8520	3852	431
8531	8934	233
8531	8934	381
8534	8288	251
8535	3089	248
8541	6638	374
8545	9554	476
8552	8320	237
8557	1903	257
