0	16560	33914
3	2925	211
12	2104	434
17	4411	329
21	2304	497
28	4706	431
31	6330	211
34	6667	345
38	7403	571
41	6481	437
45	4003	332
46	3760	244
49	5391	285
53	5490	255
64	1918	260
65	3906	420
70	2306	452
71	2416	470
73	3718	459
91	2296	255
92	6924	783
96	2928	303
99	5114	379
103	5119	407
108	1888	407
115	4959	494
120	3039	185
127	1883	383
137	3752	290
145	4710	227
148	2841	394
150	6620	600
158	4118	272
162	3742	305
162	3742	311
170	4258	459
174	2910	673
178	2752	296
180	4012	318
182	6821	430
183	3337	268
188	7219	813
191	3252	446
193	5104	161
193	5104	199
204	2723	253
207	5420	505
222	4998	698
231	3884	262
237	3065	211
238	6138	243
240	3319	185
245	3920	298
255	7346	338
258	1673	368
261	2543	327
262	2500	277
268	2234	326
269	1119	206
280	1923	241
286	4852	302
287	5929	459
287	5929	322
294	3938	216
301	2834	185
305	1062	307
307	3641	295
307	3641	244
323	4939	273
324	5457	530
334	5864	306
341	6111	302
348	3040	211
353	1666	206
354	2529	500
370	2325	419
371	3618	440
376	6168	297
382	3645	303
383	4958	488
390	4303	279
391	1480	383
399	4692	379
408	3416	590
417	6738	450
421	2493	410
421	2493	344
438	4350	441
442	5687	494
444	4417	569
450	3415	475
451	3921	394
452	3262	516
468	3074	374
475	4580	535
477	2737	444
482	4969	244
484	3172	293
487	4018	227
514	4043	449
514	4043	400
523	4495	283
524	3571	497
530	4787	473
538	5716	252
543	3338	463
544	3081	211
550	3446	314
565	3405	470
567	3483	304
570	1313	206
571	4848	477
572	6428	392
575	2898	437
585	3798	442
585	3798	343
591	3460	285
601	3417	490
606	4983	497
615	1481	200
616	3394	551
623	3936	244
626	4934	481
630	6428	455
633	7349	332
647	3901	345
649	3951	545
659	3952	400
675	5560	431
676	4492	489
677	2454	412
683	5909	450
693	3451	702
699	6730	586
700	5679	422
700	5679	259
703	3051	383
717	4353	370
723	4187	395
725	3013	350
727	5435	497
728	2701	483
738	4394	288
742	2918	528
750	5130	367
754	4004	454
758	3719	242
758	3719	271
759	5505	185
765	5363	518
768	2633	390
778	4396	616
783	4403	623
785	2822	384
787	2454	191
787	2454	184
791	6930	504
798	4276	349
799	5845	269
803	4875	300
807	2911	356
813	3684	386
819	3416	459
820	5851	565
833	3490	502
835	6651	236
835	6651	169
840	2835	483
842	3317	416
844	7241	211
844	7241	428
846	2700	386
848	4604	291
860	4325	286
865	3423	488
866	3027	419
867	6120	351
868	3661	433
871	6167	275
872	6544	426
876	6883	570
876	6883	467
883	3948	211
884	4867	740
886	5291	443
891	5611	423
911	3848	473
919	6616	784
922	5113	301
923	2705	422
937	2181	244
937	2181	250
941	4975	439
945	2787	326
946	3796	185
946	3796	185
950	2998	252
957	3774	318
958	4149	380
963	4453	498
964	2762	268
968	2209	519
973	5135	394
974	2968	310
977	2363	409
978	6225	450
982	4695	206
998	4643	752
1000	6227	482
1001	2548	279
1003	4787	261
1007	3292	538
1013	4203	506
1015	6376	252
1016	4083	303
1020	2032	278
1025	1754	335
1028	1609	301
1039	4187	487
1047	5427	291
1050	4981	347
1051	4393	243
1059	2910	488
1061	4744	399
1075	3060	526
1088	4942	370
1093	1138	238
1101	6028	405
1102	5080	331
1104	4076	298
1112	4903	499
1132	2458	419
1145	7497	504
1145	7497	306
1146	7369	348
1146	7369	404
1155	8683	185
1158	4872	291
1161	7867	433
1167	1547	238
1170	3622	355
1178	8454	451
1186	3458	542
1186	3458	469
1189	5474	324
1192	5827	523
1196	3890	489
1196	3890	518
1202	3589	323
1212	2050	238
1213	4396	211
1218	5107	475
1221	3445	500
1222	3916	278
1225	1322	308
1226	4531	449
1235	2124	279
1236	2593	255
1250	3600	226
1253	2188	243
1258	5719	364
1262	1756	305
1264	3718	326
1276	1432	250
1280	2833	185
1283	3143	500
1287	6350	300
1288	4124	396
1289	4476	517
1292	4132	606
1294	5034	329
1311	4771	373
1320	2909	275
1321	9057	606
1325	4511	326
1325	4511	319
1327	1976	284
1332	6851	367
1338	5157	238
1341	5054	400
1344	4395	469
1353	3041	309
1355	3989	286
1355	3989	222
1364	3698	307
1364	3698	211
1365	9654	607
1368	5190	706
1369	5010	268
1370	4302	574
1371	7550	376
1373	4427	415
1375	5462	227
1379	1767	244
1380	8368	290
1380	8368	249
1381	6698	294
1388	9634	206
1388	9634	358
1388	9634	227
1393	5514	282
1394	2476	200
1395	6366	390
1396	5467	390
1401	3733	185
1403	5424	287
1404	4685	211
1405	4797	452
1406	3657	685
1411	7560	348
1413	5635	274
1413	5635	222
1414	8343	418
1417	2814	258
1417	2814	290
1419	2097	329
1421	8132	456
1424	2853	256
1426	5247	211
1433	8234	242
1434	4638	278
1434	4638	259
1436	8152	376
1439	2579	316
1441	4338	284
1444	3563	227
1449	4848	285
1455	5906	318
1459	2154	433
1475	4029	419
1483	1111	324
1486	3726	221
1487	1562	269
1489	2993	431
1492	3984	307
1492	3984	362
1494	2597	171
1498	5750	489
1501	3973	323
1504	3164	215
1507	1750	266
1508	8847	337
1509	807	211
1514	5784	314
1522	8067	329
1528	4501	487
1534	6357	226
1541	4686	371
1546	2816	387
1553	5006	356
1555	5237	522
1561	2740	325
1563	3532	255
1573	3022	185
1576	2427	320
1586	2766	267
1601	2910	469
1602	4837	350
1602	4837	467
1609	5139	326
1611	3280	227
1613	2006	344
1616	3745	185
1621	3813	263
1622	6390	401
1625	1286	243
1636	3225	278
1640	2932	637
1642	2557	288
1648	1333	430
1652	5881	413
1659	6087	255
1669	811	267
1682	3607	389
1684	1878	574
1687	6569	274
1688	4510	200
1696	4719	286
1698	7293	375
1700	3233	318
1708	3752	300
1709	2138	306
1713	3277	479
1729	7432	300
1741	1959	333
1746	3401	243
1754	1249	274
1755	1287	422
1763	2419	239
1778	585	274
1780	3427	211
1781	3196	238
1784	4698	449
1797	5665	401
1800	5961	493
1818	2343	478
1835	3088	200
1843	3275	391
1845	4249	441
1850	2162	452
1852	5052	252
1852	5052	392
1853	3270	318
1853	3270	286
1859	5376	344
1859	5376	357
1864	2388	258
1868	2601	211
1869	2296	309
1876	2842	511
1880	3731	200
1880	3731	216
1881	8446	292
1882	1988	378
1889	7814	342
1890	4390	524
1898	1367	244
1902	2781	605
1906	2737	299
1908	3301	283
1911	2314	483
1913	4877	363
1922	2918	232
1924	2390	313
1928	8389	670
1931	5128	270
1931	5128	252
1934	5846	333
1944	5106	475
1949	5970	221
1951	4241	185
1958	4258	325
1965	7017	442
1966	4021	443
1968	7062	370
1968	7062	368
1969	4534	382
1975	7745	850
1977	6605	387
1977	6605	521
1979	4750	200
1980	8106	466
1980	8106	248
1981	3819	273
1986	3496	185
1986	3496	238
1987	6491	227
1997	4735	331
2007	8467	479
2013	5501	468
2013	5501	243
2023	7145	351
2026	4710	411
2027	5235	352
2028	4365	391
2037	7489	311
2039	3104	404
2039	3104	460
2040	5371	274
2040	5371	304
2047	3761	411
2049	8461	243
2050	4360	226
2051	7814	474
2053	1649	185
2058	5153	450
2065	2818	444
2070	5122	296
2074	1618	222
2079	6944	612
2084	2886	302
2086	3370	512
2097	1939	465
2098	3660	382
2102	3172	505
2105	6095	352
2108	7622	220
2108	7622	437
2114	5144	311
2114	5144	445
2124	3967	221
2124	3967	162
2127	2555	239
2128	5654	611
2129	4083	200
2129	4083	297
2131	3139	392
2133	3585	266
2139	4581	338
2146	2832	412
2156	4183	185
2159	4242	629
2165	3605	273
2169	3292	473
2172	4542	475
2175	5670	623
2179	6366	336
2182	2302	435
2187	2690	582
2193	5196	297
2212	975	249
2222	7257	682
2224	3566	403
2226	6024	350
2228	2415	382
2235	5926	319
2245	5830	283
2245	5830	459
2255	3646	243
2257	3003	206
2268	3551	422
2271	7111	457
2275	7443	459
2282	3851	431
2284	3988	185
2284	3988	266
2295	7310	221
2300	3696	456
2306	7307	341
2311	4568	529
2312	4731	447
2326	2089	260
2329	4834	359
2339	6310	374
2339	6310	405
2340	4373	222
2342	3901	230
2344	5628	522
2345	5993	251
2350	3026	250
2353	4178	242
2353	4178	238
2356	4084	367
2364	3350	283
2364	3350	281
2368	5162	275
2376	7210	568
2378	3906	334
2379	3372	239
2385	1597	319
2388	3606	185
2390	7078	466
2393	1942	362
2395	6531	626
2397	3486	239
2397	3486	262
2398	2610	290
2399	1881	259
2401	4525	485
2403	6723	394
2403	6723	429
2405	4103	389
2410	4303	185
2413	2405	289
2422	4651	203
2422	4651	204
2432	4454	444
2436	2460	237
2439	2591	299
2443	2376	311
2447	4629	824
2449	3413	327
2454	3940	361
2456	4400	444
2463	2021	286
2469	5429	373
2469	5429	499
2476	6956	314
2476	6956	377
2480	3206	346
2482	2640	206
2488	1587	185
2505	2955	295
2510	4524	463
2512	4884	309
2518	1936	259
2519	5623	354
2521	3909	251
2525	4405	535
2529	4751	447
2531	4059	387
2533	4209	298
2533	4209	304
2535	4144	293
2535	4144	320
2543	7041	521
2544	3218	299
2546	3455	299
2561	4795	327
2564	6232	349
2566	648	222
2572	2606	311
2580	3951	164
2580	3951	167
2583	4509	416
2584	3391	462
2589	3584	512
2594	888	380
2598	2263	357
2604	3463	386
2610	4787	370
2611	4439	255
2614	4065	481
2615	6191	364
2635	3342	375
2636	3304	244
2638	1475	273
2643	1927	341
2644	5416	222
2653	4723	312
2655	1633	286
2668	1398	405
2675	3472	211
2678	4178	327
2684	3759	353
2684	3759	185
2691	2957	226
2701	1502	299
2713	7144	288
2717	3527	429
2725	5431	384
2726	4379	340
2728	7183	215
2732	3379	477
2762	2244	474
2763	4500	254
2766	2782	434
2775	2186	211
2778	3102	227
2782	4755	621
2785	5202	420
2787	2488	222
2792	1991	253
2796	5853	216
2798	4678	272
2801	5100	369
2816	5158	503
2823	3085	226
2824	1941	555
2825	1455	282
2825	1455	145
2830	4596	200
2830	4596	297
2831	2936	232
2834	3459	193
2834	3459	152
2841	3199	311
2842	3558	368
2845	5013	403
2846	4501	289
2848	2684	185
2849	5420	331
2850	4743	327
2850	4743	200
2851	6370	697
2868	4754	309
2870	2057	345
2872	4359	555
2883	2781	241
2885	1432	406
2900	4004	420
2902	3647	486
2907	4926	376
2910	1978	215
2912	3752	452
2914	4286	222
2920	2607	259
2923	2116	185
2924	6342	200
2927	4187	272
2931	2649	379
2938	3338	185
2938	3338	285
2939	2954	191
2939	2954	226
2940	2759	286
2941	6274	349
2941	6274	312
2943	4410	318
2944	4743	332
2952	1823	232
2953	4184	298
2957	3045	272
2972	2510	488
2975	3587	340
2977	2231	211
2977	2231	261
2981	2490	356
2992	2381	377
2996	3276	315
3001	4104	230
3007	3388	320
3013	3722	507
3017	7262	707
3030	5690	391
3031	2976	511
3035	6070	582
3042	5112	277
3043	1653	298
3046	5487	306
3061	3570	277
3063	1806	305
3068	6487	218
3068	6487	236
3081	2844	389
3083	4405	565
3085	2859	371
3088	6156	391
3089	3984	433
3101	4877	221
3106	4231	260
3108	4783	332
3116	6974	260
3116	6974	150
3119	6007	347
3123	4864	374
3124	3307	243
3130	3222	510
3133	3041	463
3136	4464	451
3137	4701	346
3140	4371	327
3144	3430	370
3167	2704	222
3169	3421	254
3169	3421	253
3173	3978	185
3177	5530	282
3181	7200	389
3184	2202	200
3184	2202	225
3186	5426	222
3186	5426	216
3189	4514	503
3192	4348	226
3195	7388	321
3198	4119	400
3203	7303	391
3206	4919	287
3211	2230	232
3220	6865	368
3220	6865	446
3233	5883	307
3234	4639	452
3246	2385	397
3255	4077	468
3255	4077	424
3274	5065	433
3289	5603	405
3296	3442	469
3297	3590	241
3297	3590	309
3300	2698	265
3302	4247	232
3304	3566	420
3306	2950	336
3309	6396	378
3314	6115	422
3316	5588	434
3317	3991	422
3319	2684	243
3321	2339	435
3326	4532	379
3329	3914	386
3330	2810	238
3335	4519	291
3335	4519	273
3340	4317	244
3346	2877	251
3355	1472	359
3359	4534	260
3364	3561	345
3369	7149	504
3373	5140	358
3379	1728	245
3380	3289	309
3382	3118	402
3391	3992	355
3392	2500	697
3394	1834	337
3403	1632	292
3412	5485	452
3413	4723	588
3417	4855	469
3420	1317	216
3440	5648	434
3443	3322	281
3445	4216	338
3448	2384	200
3453	5142	349
3461	5386	420
3462	4828	491
3465	3779	360
3468	4675	435
3470	6250	274
3470	6250	295
3471	3398	413
3474	3950	446
3476	2422	392
3479	4036	452
3500	6180	377
3501	2253	315
3505	2328	211
3505	2328	191
3506	2552	330
3508	3189	222
3512	2232	237
3513	2292	211
3519	2707	200
3521	3030	244
3527	2508	282
3528	6346	470
3529	5410	387
3531	3689	249
3531	3689	211
3533	2051	222
3541	3824	185
3550	3247	418
3553	2675	341
3556	2381	412
3558	1418	232
3562	2589	227
3563	3100	286
3578	4525	433
3590	2228	246
3593	5113	348
3594	3734	284
3600	6939	233
3604	3941	331
3606	2446	232
3611	2420	233
3612	3669	439
3619	4452	200
3646	3566	400
3649	4290	403
3659	5035	387
3674	5503	211
3678	2070	416
3679	2435	524
3680	3097	251
3687	2346	255
3691	3980	437
3695	5612	185
3703	2267	366
3705	4748	215
3705	4748	437
3707	2478	488
3712	4654	237
3714	4221	287
3715	2806	227
3718	2610	283
3727	1764	216
3728	3668	261
3729	3037	303
3729	3037	184
3731	2572	185
3739	2437	206
3744	3647	211
3745	3466	185
3748	2184	185
3749	5206	396
3751	3015	262
3758	4796	312
3760	2892	238
3769	5400	309
3773	2780	268
3779	2414	146
3779	2414	145
3786	2197	216
3787	3375	269
3790	2673	227
3793	3338	382
3794	6137	206
3794	6137	261
3799	2476	196
3801	3946	262
3801	3946	294
3805	5506	211
3806	4769	362
3807	2019	255
3809	7509	232
3809	7509	211
3816	3609	232
3817	2324	262
3818	1612	445
3820	6328	341
3820	6328	411
3825	6980	328
3827	4317	200
3836	4285	293
3839	2428	245
3841	2958	451
3843	4003	238
3847	2258	200
3850	5192	305
3850	5192	353
3857	2143	239
3859	5001	391
3859	5001	269
3861	4497	287
3862	4621	376
3871	3310	378
3875	1439	200
3879	3505	268
3883	1906	227
3884	3226	185
3885	6145	355
3887	5267	386
3888	2892	185
3890	7198	206
3896	2876	388
3903	2161	372
3907	5963	363
3907	5963	399
3908	4586	356
3911	2096	211
3921	4799	446
3923	4649	340
3927	4150	400
3930	5501	222
3936	3190	243
3940	3438	200
3943	3369	317
3946	3252	206
3946	3252	309
3948	2304	232
3952	4321	371
3953	3069	216
3954	5921	263
3957	4676	678
3960	7619	352
3962	6711	288
3963	3374	273
3965	5401	227
3981	4302	444
3985	2612	707
3986	2147	397
3987	2904	413
3996	3780	357
4001	3669	243
4005	5431	408
4006	4233	353
4015	1973	211
4017	5544	310
4023	1988	211
4026	5296	269
4045	4442	211
4057	4047	282
4068	2839	266
4070	3695	404
4075	3861	232
4079	3993	512
4094	6181	383
4095	2082	292
4099	2632	301
4104	4216	399
4109	5070	415
4112	6298	473
4120	2996	216
4128	4767	421
4130	4382	349
4131	5724	297
4152	4053	233
4153	5425	546
4158	6734	349
4166	5401	185
4179	4524	699
4182	6773	512
4188	3594	540
4191	5320	524
4192	2543	384
4197	4159	352
4205	3183	405
4214	1727	149
4214	1727	161
4219	3995	520
4228	5546	296
4234	3071	233
4236	7324	275
4237	4220	250
4247	3308	211
4248	4280	321
4252	3693	496
4273	3495	441
4282	6550	400
4286	5865	360
4293	7359	668
4301	3965	211
4307	962	370
4312	4758	347
4318	3267	393
4320	3243	366
4323	2318	370
4326	3442	238
4328	5550	600
4330	3245	298
4333	7033	185
4333	7033	215
4340	7117	423
4342	3160	387
4345	3119	336
4346	4085	413
4347	6965	185
4357	2986	377
4361	3417	243
4361	3417	234
4365	1958	243
4373	3911	200
4374	2694	383
4377	2209	185
4379	4487	384
4382	4488	222
4382	4488	185
4389	4031	345
4398	5897	273
4412	6240	312
4416	4258	222
4421	3899	406
4425	2617	244
4427	3676	403
4428	2381	286
4439	3447	382
4459	4280	420
4463	6900	512
4464	6682	407
4465	3650	486
4476	6372	405
4478	6283	256
4479	5503	261
4480	8208	336
4482	2904	333
4493	1137	283
4498	2927	211
4512	7881	404
4514	7649	427
4515	1122	274
4517	2796	329
4520	8797	424
4522	4045	238
4527	6300	382
4531	2803	416
4532	6311	340
4535	1962	267
4541	5866	390
4542	1687	222
4543	2646	248
4549	2953	275
4554	2382	185
4564	2931	386
4567	7214	452
4572	4799	331
4574	8597	604
4576	4324	305
4580	5695	352
4586	2247	435
4590	8269	345
4594	4253	211
4597	2729	461
4601	2221	185
4613	2787	429
4617	2915	463
4633	1604	304
4637	1738	222
4638	5278	794
4639	3195	211
4642	7991	663
4647	5254	239
4649	1896	309
4651	8047	262
4651	8047	255
4651	8047	249
4658	3678	470
4660	4967	619
4666	4673	250
4667	4129	245
4668	3635	327
4671	2268	472
4673	1349	185
4677	4310	393
4678	2538	361
4679	5707	291
4683	4814	445
4684	5515	473
4686	6038	346
4688	4197	443
4694	2956	222
4699	4673	557
4702	5497	471
4703	1622	398
4706	5325	375
4717	4499	395
4718	4935	329
4727	4048	416
4731	1974	284
4734	7154	596
4734	7154	271
4734	7154	214
4745	2455	448
4748	6134	789
4749	7066	738
4751	3666	222
4758	2946	272
4762	5787	215
4764	3908	375
4776	4222	216
4778	3111	447
4780	3195	255
4790	4376	283
4795	1617	250
4807	7382	474
4809	2261	272
4810	3755	263
4813	2371	222
4814	2728	337
4819	7119	443
4825	3333	238
4828	5872	390
4830	3079	431
4836	7571	259
4836	7571	185
4855	9415	446
4859	6124	625
4860	3030	331
4861	3047	211
4867	4935	279
4868	9990	639
4878	2192	456
4893	8162	352
4893	8162	153
4896	2904	665
4906	4763	249
4910	6159	317
4911	9216	625
4913	5615	277
4913	5615	230
4914	4425	447
4924	2420	185
4934	4285	318
4938	6222	472
4939	5641	655
4943	4444	430
4950	2635	486
4961	6648	258
4962	3074	379
4967	4817	325
4968	3389	599
4972	5490	413
4974	7149	414
4978	9535	457
4981	2021	218
4995	2865	259
4996	2603	391
5001	3628	488
5003	4577	385
5019	9930	259
5023	5981	343
5026	1385	343
5027	5009	432
5033	5063	434
5054	9093	795
5057	2438	234
5063	3896	267
5067	2741	433
5068	3904	304
5069	3255	445
5070	5870	448
5072	2075	394
5075	3311	282
5079	5339	248
5080	7820	185
5088	6855	588
5088	6855	505
5093	3305	373
5102	2115	497
5103	2981	300
5103	2981	227
5106	2736	317
5109	5613	330
5112	6766	450
5116	1613	215
5122	5690	216
5124	8781	178
5124	8781	176
5127	2172	329
5129	2429	351
5136	5498	334
5136	5498	291
5140	5246	271
5142	4297	454
5143	5895	420
5148	1539	261
5150	2868	185
5153	3054	282
5168	2438	290
5173	3430	258
5175	6976	501
5177	990	260
5186	2289	573
5188	3719	200
5190	3638	243
5192	2154	302
5208	3107	185
5211	3790	287
5211	3790	293
5217	3029	284
5229	5764	365
5234	1383	244
5236	5098	379
5237	4306	595
5243	2055	227
5248	3120	350
5249	5099	441
5252	2100	288
5253	2137	267
5254	4866	243
5254	4866	324
5261	3430	270
5261	3430	274
5262	2108	299
5263	2947	227
5263	2947	255
5273	2400	282
5278	2442	227
5280	1441	239
5281	3522	284
5282	4998	352
5285	1885	326
5287	1057	200
5291	2911	216
5291	2911	200
5293	2798	398
5294	3157	200
5294	3157	211
5296	2909	261
5300	3611	226
5307	1407	365
5313	6371	215
5316	3036	259
5321	4296	267
5325	2739	251
5330	5380	244
5351	4188	487
5360	1594	227
5366	4036	324
5370	891	279
5372	1290	387
5382	1456	286
5385	3133	399
5386	2572	211
5391	1724	254
5405	2213	269
5411	3319	321
5413	4517	211
5424	3935	437
5427	3443	480
5429	4078	261
5429	4078	283
5430	2362	269
5437	7244	366
5442	4433	480
5446	1503	185
5447	2320	304
5448	4636	274
5455	3104	281
5456	4236	248
5456	4236	278
5459	2289	216
5467	7543	200
5467	7543	284
5469	5661	211
5472	2627	304
5474	3575	284
5476	9147	260
5478	3646	185
5492	3998	342
5493	4872	399
5495	3022	280
5502	4697	467
5503	6615	406
5508	3809	286
5508	3809	220
5509	5567	237
5516	2483	430
5517	2044	250
5517	2044	258
5518	4542	185
5519	2875	200
5525	3816	506
5530	4114	306
5530	4114	288
5541	1270	283
5542	5616	369
5547	3652	249
5548	2866	275
5549	4539	325
5556	3298	420
5558	2088	243
5560	2461	333
5561	2698	325
5563	4195	426
5568	1052	185
5569	932	221
5578	6958	361
5580	1549	327
5584	1816	390
5585	4534	315
5586	3763	237
5586	3763	230
5587	4086	254
5594	4698	222
5597	3687	266
5597	3687	287
5601	2729	222
5601	2729	268
5603	3510	239
5606	2916	200
5612	1979	259
5622	1843	256
5635	4784	379
5636	5322	375
5637	3890	183
5637	3890	219
5644	4416	547
5646	1905	185
5678	5177	416
5684	6307	462
5688	3892	303
5690	4819	424
5710	2986	405
5711	4765	274
5712	5628	308
5727	2295	383
5732	4770	300
5739	3285	222
5740	4643	352
5745	2394	353
5750	6409	396
5764	5837	516
5765	2051	453
5766	5378	315
5769	6450	458
5773	3716	487
5776	4189	692
5782	5393	249
5783	3466	596
5789	6134	525
5792	2896	408
5794	5793	265
5804	4357	206
5806	5063	472
5810	6323	470
5815	3146	304
5819	3974	347
5826	5874	233
5828	2682	386
5836	5990	531
5841	4396	412
5851	4152	738
5858	5079	238
5858	5079	290
5858	5079	524
5860	3443	289
5865	5179	352
5872	2941	310
5880	1605	331
5881	3624	347
5885	2879	456
5889	1332	431
5896	3179	490
5909	5030	289
5926	2606	396
5930	2349	392
5934	4114	460
5936	2026	369
5947	3163	486
5956	4325	250
5961	3224	313
5966	6530	434
5973	3420	453
5981	4959	460
5982	3016	421
5985	5762	566
5986	1702	254
5991	2025	450
5997	3270	384
6004	3671	442
6023	4869	422
6031	3019	529
6032	2211	329
6035	5157	575
6050	4656	482
6057	3926	313
6062	3632	367
6069	2760	323
6073	5024	331
6076	2028	184
6078	3384	412
6079	874	211
6082	4111	401
6102	4807	351
6111	3792	453
6136	6803	466
6150	4741	686
6160	5272	736
6161	5582	454
6167	3710	422
6169	2396	175
6173	1959	277
6181	5941	616
6186	4419	435
6191	5443	685
6195	4487	418
6204	3451	419
6213	4806	478
6228	1922	324
6230	6501	474
6230	6501	482
6232	2983	373
6234	5557	707
6236	3827	313
6255	3876	309
6259	3024	485
6260	3080	406
6262	1087	270
6266	6235	192
6266	6235	168
6269	2664	438
6271	4744	600
6275	3312	474
6280	2173	302
6298	4055	329
6306	4134	185
6313	3431	288
6319	2877	316
6320	5223	579
6325	2963	449
6327	4043	337
6334	1360	244
6344	2938	276
6346	4651	245
6348	6628	423
6349	2375	200
6350	4186	530
6352	2069	200
6353	2554	322
6355	6678	211
6355	6678	414
6357	2996	211
6358	3078	502
6366	3195	343
6367	4886	516
6370	2125	326
6375	3603	406
6378	4642	399
6378	4642	476
6381	4265	185
6389	2788	342
6408	3491	185
6411	1699	278
6413	6819	216
6417	6111	276
6418	2415	307
6420	6603	762
6425	6642	441
6426	3000	286
6426	3000	271
6434	3824	441
6442	6268	425
6444	3186	439
6446	4203	442
6447	2449	322
6448	5183	263
6449	2721	243
6450	2886	408
6451	2934	216
6454	1585	243
6456	3094	200
6465	2214	185
6471	1996	211
6477	1691	221
6478	5905	185
6487	3112	300
6487	3112	238
6488	2750	243
6495	1650	294
6498	3173	200
6502	2926	185
6510	3663	271
6532	2787	332
6536	2824	445
6539	4384	393
6563	2600	250
6569	2991	403
6570	2877	211
6570	2877	200
6598	3009	211
6599	2676	238
6615	3650	185
6616	2854	408
6619	2192	278
6620	3743	215
6625	3636	222
6635	5286	442
6638	1487	249
6645	3715	275
6662	1719	222
6664	3302	243
6664	3302	226
6666	3771	296
6670	2047	311
6675	5417	200
6681	3878	222
6684	1603	390
6687	6572	211
6690	5274	281
6692	3924	253
6692	3924	302
6701	3674	321
6702	3064	254
6702	3064	226
6706	3005	238
6707	2468	185
6708	3589	234
6712	2994	211
6714	4230	370
6721	1314	421
6735	1320	185
6736	6669	405
6739	2334	256
6752	6218	414
6778	1630	242
6793	5170	351
6795	2107	320
6804	6677	485
6804	6677	558
6808	2121	279
6817	3312	275
6819	2989	248
6830	2145	413
6834	1263	230
6835	2172	237
6845	2531	222
6850	2643	257
6852	6539	366
6853	3465	431
6857	4436	250
6860	3708	185
6869	3404	383
6873	3229	428
6874	4192	410
6875	2149	211
6876	2386	359
6880	3164	200
6884	4022	330
6886	952	200
6888	5891	375
6890	2365	273
6890	2365	249
6897	2982	596
6903	3012	238
6905	5046	377
6909	1130	267
6910	1243	283
6911	2705	268
6913	1865	278
6916	4204	279
6920	1686	215
6921	3188	365
6924	1686	216
6926	3956	469
6926	3956	206
6929	5632	200
6932	2798	200
6936	5966	302
6941	1847	185
6941	1847	250
6958	7142	279
6958	7142	396
6969	5020	409
6973	2826	336
6974	8106	353
6982	2492	323
6988	4543	304
6996	6510	282
6996	6510	330
6998	5761	724
7001	6157	323
7004	11127	373
7016	4204	368
7031	3377	200
7036	6089	260
7037	2443	510
7044	6198	477
7057	3501	654
7058	3401	368
7068	4635	409
7073	5938	259
7079	3024	415
7083	7316	232
7090	8585	742
7102	3998	612
7106	2910	300
7115	5623	240
7115	5623	338
7116	2030	264
7121	2700	434
7125	4515	685
7130	3325	350
7133	2007	342
7134	3282	304
7143	8940	265
7145	3517	185
7148	4752	324
7150	1429	352
7155	4263	285
7160	5076	474
7166	4220	391
7170	2852	422
7171	4277	467
7179	3203	503
7186	2111	226
7187	5029	268
7189	3585	222
7193	2253	371
7194	3543	417
7199	2929	501
7209	1986	461
7212	3088	642
7213	2551	211
7214	2859	421
7217	1373	456
7218	2376	278
7219	7431	403
7228	7882	747
7229	5517	215
7230	5275	269
7247	2258	429
7254	3378	206
7258	5646	459
7259	5776	433
7259	5776	206
7270	3387	416
7271	2919	294
7278	5540	541
7280	3996	275
7286	3304	255
7287	4859	397
7288	2857	395
7292	4367	429
7293	2336	307
7310	3918	393
7311	3093	306
7313	3195	317
7317	3064	226
7323	3663	316
7327	2716	215
7330	7943	558
7332	2008	330
7342	3783	431
7352	1771	516
7359	6923	402
7362	2968	268
7362	2968	222
7364	5156	361
7375	1465	298
7382	4839	185
7386	2753	458
7395	5057	410
7396	9150	524
7402	4119	417
7413	2170	443
7414	1595	197
7418	8266	185
7418	8266	340
7435	10921	330
7443	5821	233
7447	4268	365
7452	6335	319
7453	4713	376
7453	4713	238
7455	4386	322
7456	4088	375
7457	7328	185
7461	4533	485
7462	2439	404
7466	3062	460
7469	2284	286
7474	2999	450
7478	3406	369
7479	6140	329
7480	3821	412
7482	4401	418
7485	7585	335
7488	2673	206
7488	2673	206
7493	1415	211
7494	2152	416
7495	4652	417
7496	11959	427
7498	3980	392
7501	1705	230
7502	14326	284
7508	4057	366
7521	3005	429
7524	6940	310
7528	10876	381
7535	8635	380
7537	2149	353
7551	4205	537
7553	1574	415
7558	5489	389
7563	13606	255
7572	3278	315
7577	3048	340
7582	4252	337
7585	2175	370
7595	4678	384
7597	2542	344
7599	9884	346
7600	7343	208
7600	7343	200
7601	2453	403
7616	7719	329
7616	7719	359
7624	3313	398
7627	13473	560
7628	5606	438
7640	6720	489
7643	2744	367
7646	3549	241
7647	1988	267
7650	16547	390
7650	16547	364
7650	16547	296
7652	5196	408
7657	1688	340
7662	3724	200
7664	4451	346
7666	4298	310
7676	2039	263
7679	4654	401
7683	9221	298
7683	9221	335
7691	4274	613
7708	3171	267
7709	1927	424
7714	4673	232
7718	4670	226
7726	4449	318
7727	3761	418
7736	5299	398
7738	2004	414
7746	4626	404
7747	6451	406
7749	10065	453
7752	3356	260
7752	3356	260
7758	2171	404
7759	4412	247
7759	4412	250
7773	4140	353
7773	4140	291
7778	7541	396
7782	1898	336
7784	4017	435
7786	2794	333
7792	14525	271
7796	7438	326
7796	7438	324
7801	2107	264
7807	1103	236
7810	6258	345
7815	13366	185
7816	794	340
7817	9091	397
7820	7171	317
7825	2217	222
7826	9360	301
7835	5653	349
7839	11462	372
7843	13545	581
7844	6763	723
7844	6763	653
7855	11406	591
7860	15367	280
7860	15367	396
7869	9038	155
7873	1598	185
7878	3890	351
7880	3429	544
7884	5212	423
7889	4272	372
7893	4458	266
7896	2559	185
7897	4690	551
7907	5486	408
7914	5148	391
7924	2775	394
7928	7756	380
7932	4425	221
7934	3524	390
7954	3870	185
7957	2939	233
7961	4905	395
7964	1144	233
7970	2725	426
7971	3699	211
7976	4092	436
7978	8128	649
7980	3201	384
7982	3678	405
7986	3422	472
7989	4388	540
7990	4728	200
7995	4144	211
7995	4144	238
7997	4050	221
8003	7280	698
8004	2581	312
8006	3650	452
8010	4003	356
8013	2856	185
8015	5670	398
8016	3904	211
8017	2716	376
8019	2590	268
8023	2048	436
8028	2166	230
8028	2166	185
8029	2992	396
8034	5374	185
8040	1580	200
8057	5288	185
8060	5761	234
8061	5849	355
8066	1999	293
8072	4316	672
8074	2815	326
8076	6381	185
8079	2031	360
8083	5600	512
8085	4243	368
8092	8185	325
8098	5386	300
8104	2422	483
8108	3648	557
8111	1898	185
8113	4925	268
8116	4763	252
8117	6075	369
8135	3178	239
8136	2763	341
8137	3184	185
8146	1996	275
8167	2561	278
8168	5137	796
8173	4896	185
8174	3327	315
8181	4292	416
8184	6696	496
8188	7847	270
8196	7256	367
8199	3208	499
8201	7851	349
8201	7851	385
8202	8210	413
8204	3814	424
8211	4624	324
8214	4122	267
8216	3114	249
8221	7763	251
8223	6645	292
8224	3151	211
8225	4053	289
8229	4003	438
8230	4127	457
8237	4147	747
8247	6332	801
8248	5583	481
8251	6877	263
8271	5554	411
8276	4381	519
8282	6698	448
8284	4004	445
8285	6090	536
8289	8242	479
8290	2890	332
8297	5477	307
8300	4790	459
8307	1817	302
8309	3524	289
8311	2511	341
8312	5607	409
8313	3706	363
8321	7988	457
8323	4571	467
8324	3254	441
8329	4349	409
8330	6769	465
8333	3735	492
8336	2417	185
8337	3026	369
8340	5161	406
8341	6212	404
8344	4337	390
8349	3205	418
8350	6728	404
8353	2750	339
8354	4159	440
8359	2583	431
8360	8123	678
8364	1060	290
8368	3035	415
8369	2026	427
8371	5021	420
8374	4091	211
8377	3885	339
8379	4345	700
8379	4345	227
8381	5218	493
8386	3328	288
8393	3973	324
8394	4641	437
8405	6521	782
8407	2826	417
8408	7001	598
8418	7060	480
8418	7060	315
8423	7503	250
8432	6427	449
8434	3190	460
8443	5136	861
8444	2237	471
8459	6162	446
8460	3557	466
8463	2871	200
8463	2871	137
8463	2871	174
8466	7133	328
8472	2962	399
8490	5193	304
8498	4944	185
8514	3586	268
8516	6456	322
8517	1749	279
8528	3850	430
8541	5502	320
8542	3246	337
8547	2511	262
8556	3883	273
8559	4558	429
8562	2656	273
8564	1364	284
8565	7230	236
8565	7230	218
8572	2357	270
8576	3995	404
8590	1907	468
8593	3003	291
8595	7839	530
8601	4275	251
8608	2587	402
8622	4340	401
8625	4292	211
8627	3562	267
8634	5064	392
8644	6942	368
8647	5420	327
8648	4154	345
8655	5239	389
8657	5492	371
8658	7814	250
8661	5192	255
8663	3757	293
8673	8044	185
8676	2685	326
8686	4493	378
8695	2670	319
8695	2670	178
8698	2775	227
8705	2812	216
8708	4099	381
8710	3520	138
8711	5341	299
8713	3355	173
8713	3355	125
8719	4315	227
8720	5029	444
8726	3122	562
8727	3412	546
8743	3590	370
8747	5601	452
8749	5030	506
8760	6731	221
8765	3599	285
8772	1416	278
8775	3551	373
8776	7092	447
8782	7206	457
8782	7206	200
8784	7570	409
8785	6927	382
8792	2446	265
8795	3021	444
8801	3705	398
8810	3316	340
8814	2822	492
8819	3767	550
8825	5012	281
8829	1294	317
8833	4211	559
8835	1626	349
8838	5473	150
8838	5473	208
8842	5367	291
8842	5367	193
8854	6825	222
8856	6503	200
8858	5669	777
8860	5862	390
8862	4182	530
8867	2206	296
8872	5430	200
8874	7082	575
8878	8015	550
8880	8045	722
8880	8045	563
8881	5152	306
8886	2887	504
8892	5758	277
8894	7265	164
8894	7265	173
8901	2331	185
8903	5565	518
8907	2831	243
8910	3856	532
8912	2674	475
8915	2504	161
8915	2504	189
8919	4980	243
8921	4660	339
8922	5946	319
8926	2308	255
8932	4407	461
8938	1250	346
8941	5101	216
8943	4596	502
8956	3874	185
8960	4583	463
8965	4091	353
8970	5530	420
8972	988	377
8973	4999	287
8982	6190	501
8993	2139	227
8996	2425	341
8998	5538	363
9001	4559	314
9024	4460	261
9027	3057	446
9028	4250	302
9033	7019	408
9033	7019	499
9045	3871	321
9045	3871	299
9046	3231	239
9047	3521	469
9048	5858	221
9056	3710	380
9057	3586	211
9058	4628	185
9060	3993	252
9070	4107	454
9070	4107	261
9076	4975	185
9077	3294	230
9082	7001	461
9082	7001	367
9087	3531	421
9089	4849	277
9097	3200	363
9105	2774	215
9109	2242	227
9112	2966	330
9113	4499	323
9113	4499	212
9116	3967	237
9116	3967	178
9120	3043	255
9131	3738	414
9135	4403	454
9136	3432	266
9137	2838	345
9138	4672	245
9143	5240	304
9148	2503	200
9172	3953	437
9173	5860	185
9175	3621	451
9178	1467	413
9184	2563	291
9185	2321	483
9189	3830	227
9192	3934	462
9198	5133	389
9201	2423	487
9203	4126	243
9211	6031	395
9227	4043	390
9232	3266	496
9249	7677	416
9250	3800	185
9250	3800	222
9259	3652	395
9263	3441	524
9267	2366	330
9272	3138	368
9282	3602	669
9286	4601	533
9312	1419	390
9322	3332	456
9324	4218	446
9326	7509	377
9326	7509	254
9326	7509	244
9334	5363	587
9334	5363	372
9336	2342	216
9343	5968	590
9344	3581	227
9354	5625	185
9356	6037	238
9358	4853	268
9363	6852	245
9365	6846	234
9370	6059	601
9377	5326	407
9385	6275	232
9391	1677	279
9391	1677	206
9393	4661	371
9395	3432	302
9396	1090	268
9405	3854	185
9407	1360	297
9415	4780	222
9419	3445	454
9420	5274	533
9421	3136	481
9424	3148	215
9426	2607	206
9432	3335	215
9432	3335	285
9435	5566	416
9435	5566	302
9436	4723	366
9437	3632	386
9452	2795	278
9454	4013	318
9459	1373	302
9460	4215	311
9461	5832	479
9466	4494	469
9469	3566	268
9476	3278	243
9483	7689	581
9484	3351	267
9487	4191	222
9490	3559	261
9495	4701	185
9497	5946	222
9499	2685	568
9500	5593	354
9505	3000	255
9506	4594	227
9509	6220	320
9517	5886	260
9518	1807	372
9519	3858	328
9520	4313	395
9523	2834	227
9525	7048	318
9532	5266	405
9536	3801	412
9549	5410	407
9549	5410	299
9551	4604	290
9552	4555	271
9558	4514	420
9560	3202	470
9562	2747	458
9563	5973	221
9565	6872	438
9566	5470	394
9570	3200	297
9575	4888	367
9579	4255	370
9581	1186	200
9582	6223	447
9584	4713	393
9589	5286	291
9591	2422	648
9594	2024	379
9597	5590	265
9600	3341	279
9607	4845	427
9614	3571	438
9616	3755	207
9616	3755	218
9618	7580	573
9619	2292	246
9621	1633	254
9631	2518	305
9641	3321	259
9645	6114	574
9650	1883	215
9654	6487	319
9655	6618	336
9658	6825	488
9661	5001	468
9666	1249	393
9674	2973	487
9677	2372	234
9692	4798	353
9698	5388	234
9704	3905	335
9706	7122	433
9706	7122	242
9707	5081	411
9708	5384	185
9710	3485	352
9713	2247	352
9715	6054	185
9722	3656	416
9725	4945	318
9730	2702	317
9732	5891	290
9740	5108	261
9750	6894	306
9758	7131	639
9762	3333	416
9766	1386	357
9772	5325	444
9783	4443	344
9787	5399	243
9801	3691	429
9802	2935	451
9809	5402	422
9812	4129	279
9817	4332	388
9819	3500	200
9820	4672	440
9822	4895	383
9831	4223	374
9834	4914	430
9836	4246	404
9842	5322	321
9842	5322	315
9848	3673	408
9849	3506	493
9853	2765	296
9863	6268	211
9869	7549	268
9890	2882	160
9892	3922	344
9899	6856	284
9901	1797	370
9928	2603	200
9931	2563	323
9934	1787	284
9939	2986	245
9946	2413	392
9965	4295	454
9967	3013	238
9977	1947	387
9979	3968	354
9980	4621	271
9981	3618	591
9983	6681	239
9993	2249	429
9994	5437	363
9997	3145	185
9998	4104	232
10008	3413	185
10008	3413	170
10011	3927	363
10014	4687	450
10014	4687	420
10021	2788	226
10029	6163	244
10030	5027	312
10037	4023	405
10043	4874	263
10043	4874	200
10045	3621	436
10048	4655	684
10049	5451	403
10056	6040	335
10066	4848	269
10076	2329	271
10081	2862	248
10083	2951	425
10086	3698	322
10093	2243	338
10099	6312	412
10101	4732	238
10103	2979	378
10120	6515	251
10129	4569	453
10134	5311	373
10135	2716	439
10136	2711	277
10138	2749	264
10151	2136	383
10152	3366	233
10153	7434	461
10153	7434	232
10156	6799	356
10159	6121	421
10160	5406	412
10160	5406	281
10168	5249	411
10171	2332	299
10183	4084	412
10187	3042	259
10188	3898	363
10189	2028	222
10191	4966	336
10192	2547	274
10198	5807	325
10200	2361	280
10206	2173	262
10223	3365	430
10228	1942	313
10229	5678	352
10232	1907	411
10240	3263	444
10241	3258	310
10242	4246	206
10243	2441	308
10250	2593	364
10252	4691	647
10256	5008	211
10262	5069	380
10263	4674	405
10269	4787	575
10270	7064	474
10272	3859	338
10276	3352	279
10278	3534	206
10280	1812	332
10283	2027	185
10286	1601	408
10288	3634	447
10291	4292	275
10292	6502	343
10297	3108	421
10298	2250	409
10299	5205	383
10299	5205	366
10301	2354	251
10302	1698	274
10305	3632	400
10307	6146	317
10311	4485	419
10314	3016	185
10315	2507	321
10317	3515	358
10320	3921	436
10321	4567	389
10323	2803	370
10335	3894	365
10335	3894	303
10340	5868	399
10348	3238	200
10349	2601	239
10351	4355	274
10353	4223	185
10360	2786	273
10361	4289	222
10362	4333	424
10372	1237	252
10382	2232	466
10383	3022	441
10391	3083	434
10393	2575	456
10397	2575	303
10405	750	275
10407	4111	428
10408	5235	371
10413	1974	483
10418	3786	245
10421	4688	389
10421	4688	348
10433	5657	396
10437	5094	372
10440	2556	256
10444	3687	227
10453	4158	238
10455	1542	230
10457	3177	333
10461	5581	405
10466	3789	479
10467	3168	449
10469	3837	305
10471	5063	378
10473	3297	200
10476	2442	233
10479	4754	185
10485	4574	461
10485	4574	445
10490	3589	185
10492	2043	200
10494	3876	385
10499	2909	292
10501	2596	317
10503	6732	418
10509	3333	383
10518	5624	454
10522	2809	267
10524	3626	314
10526	4182	366
10545	6239	509
10560	2529	520
10562	3326	334
10563	4249	450
10564	3976	492
10583	6396	629
10588	5383	409
10590	4743	432
10592	1183	211
10593	3876	349
10593	3876	274
10597	1986	393
10598	3996	443
10601	2986	320
10602	6207	410
10604	1479	519
10605	5272	279
10606	2729	424
10613	2621	232
10618	2442	621
10621	5327	414
10627	2140	250
10628	2526	261
10636	2083	206
10641	4082	232
10644	6502	595
10646	3124	273
10646	3124	209
10663	4915	320
10664	3632	272
10669	2279	185
10670	1999	215
10674	3486	301
10679	4016	313
10682	3878	549
10683	1940	302
10688	3154	232
10697	2492	369
10698	3580	236
10701	6299	402
10702	3151	215
10713	2888	215
10723	5707	343
10725	2279	334
10726	1890	669
10731	4431	277
10736	3016	257
10740	6503	406
10740	6503	423
10741	4372	286
10744	6682	410
10744	6682	438
10746	2737	200
10747	6287	304
10777	5816	339
10778	5212	510
10778	5212	329
10783	3109	461
10786	3850	402
10787	1490	350
10790	3446	313
10794	3993	502
10795	5070	412
10796	3752	340
10798	3046	427
10801	5819	263
10801	5819	352
10807	3662	408
10808	3917	523
10810	4903	465
10812	1481	316
10815	3540	410
10815	3540	281
10816	3547	255
10819	2348	381
10822	5356	300
10824	5129	352
10829	2233	227
10833	1742	386
10835	2492	281
10836	4262	518
10837	4098	185
10845	3235	185
10850	5874	258
10853	2753	293
10860	1647	185
10862	5815	472
10864	1659	280
10869	2984	294
10871	1619	311
10872	7009	321
10882	3839	238
10884	3654	320
10887	4360	362
10895	5675	317
10895	5675	374
10901	3275	445
10905	3887	294
10911	5467	329
10917	5858	257
10919	6688	391
10924	5737	396
10925	5680	501
10927	6502	435
10934	2098	281
10952	3366	236
10954	1977	256
10954	1977	197
10956	3354	365
10964	3362	310
10968	5704	379
10968	5704	309
10969	6472	496
10970	4997	347
10972	2941	244
10981	6197	403
10983	3506	472
10985	4706	803
10988	6981	568
11005	6537	455
11022	4901	454
11026	5192	652
11029	4622	381
11031	3801	356
11032	3067	467
11036	4635	452
11038	2754	376
11040	4853	479
11045	7043	386
11049	2932	474
11055	3806	463
11059	5518	667
11065	2277	367
11070	3857	310
11076	2704	286
11082	5213	463
11090	4048	377
11095	3152	211
11101	4122	261
11103	1125	327
11105	2931	385
11106	2656	293
11108	6073	442
11123	6236	538
11126	2626	313
11145	5015	524
11155	4165	442
11158	5002	335
11160	2914	442
11167	4619	488
11167	4619	305
11171	2476	510
11176	4536	414
11188	3277	403
11189	2078	288
11190	3513	443
11194	4621	524
11201	5387	826
11203	2113	284
11208	5290	412
11208	5290	266
11219	3363	200
11224	5637	264
11232	4551	519
11239	3062	232
11240	3448	388
11242	3082	395
11254	6578	560
11255	2373	255
11258	6549	211
11259	3298	279
11259	3298	243
11264	5979	341
11265	3283	467
11266	3773	503
11269	4758	383
11269	4758	428
11272	3864	461
11284	3153	324
11289	3385	498
11290	5517	211
11293	3450	484
11295	4829	338
11295	4829	260
11298	1524	347
11299	2824	405
11301	2266	481
11302	4378	451
11303	3785	307
11304	3596	320
11309	5575	230
11314	4151	284
11321	2679	315
11325	3851	486
11327	6207	265
11330	5157	178
11331	1463	398
11337	4156	384
11344	5263	349
11350	3057	332
11355	3415	297
11355	3415	232
11357	3181	185
11358	4200	510
11360	2412	268
11363	1712	475
11371	4298	322
11372	3977	244
11381	2034	434
11383	2723	239
11385	3824	480
11388	3011	311
11389	4743	242
11390	2413	797
11393	2826	292
11405	4640	211
11407	4412	403
11409	3782	267
11412	4302	398
11418	5438	437
11424	3140	238
11446	5061	480
11447	5000	508
11452	3241	299
11455	3851	490
11471	3481	321
11479	2504	278
11480	4527	395
11494	4917	185
11506	4060	426
11507	5792	291
11512	4276	412
11539	4448	211
11540	4328	477
11542	2735	232
11555	2653	301
11556	1633	265
11557	2402	401
11560	4799	247
11561	3007	362
11562	4023	322
11571	5177	256
11573	2644	261
11574	5078	419
11580	5797	351
11580	5797	185
11586	3686	185
11589	2590	317
11597	3338	220
11597	3338	248
11602	3243	397
11609	3819	294
11618	3353	306
11618	3353	466
11630	6593	288
11631	2955	264
11639	6767	187
11639	6767	162
11645	5190	283
11652	3091	251
11653	3044	389
11657	3636	402
11658	5040	371
11661	3360	330
11661	3360	200
