0	28967	45512
2	4625	542
3	3747	470
7	4334	799
8	6523	397
14	4150	428
16	5840	340
16	5840	343
24	5663	700
31	3694	303
47	2450	211
55	6446	366
57	4799	598
59	6899	515
65	7335	349
77	4520	738
78	4975	414
87	4927	591
88	4357	465
90	8119	790
92	6389	664
93	4687	553
97	2187	483
98	6080	418
101	3442	243
105	4000	405
107	4544	506
110	3519	669
115	2189	314
117	3988	506
121	8316	708
121	8316	513
126	3918	761
137	5459	580
144	5263	697
152	9105	858
152	9105	204
153	6151	415
160	2922	748
163	1862	514
172	2703	292
178	9145	430
178	9145	443
182	13658	642
187	7057	556
187	7057	266
187	7057	239
188	3884	584
194	4604	243
197	3027	439
206	10628	575
213	2166	492
217	2765	320
218	8350	622
220	9111	421
221	5127	329
229	3988	341
230	3656	312
236	9129	463
246	5613	441
247	4163	585
261	2390	396
268	1850	491
271	6221	624
274	7350	724
286	6929	538
290	3515	378
298	2775	607
299	2474	298
302	5562	589
305	3808	478
306	9565	908
307	4160	535
308	4357	596
310	8755	543
318	4820	580
337	5072	225
337	5072	176
354	5746	379
359	3339	289
360	11706	427
364	5123	633
365	4058	736
368	4124	411
369	2934	421
371	4979	657
371	4979	477
372	5960	238
372	5960	595
375	3392	425
376	3649	421
383	8649	387
389	3127	630
392	5814	538
397	4762	532
413	12807	375
414	8103	402
420	4196	731
428	2479	451
433	6570	185
436	3736	563
437	3251	579
445	2600	381
447	2646	664
448	3340	688
449	4303	449
453	3685	374
460	4426	306
461	9181	462
467	4756	572
468	4875	509
475	3300	699
476	2848	238
478	13772	435
482	5261	388
487	5067	341
494	4513	626
500	3379	547
502	3582	424
516	5014	185
521	6888	669
523	3477	315
524	6943	698
525	4268	482
528	2159	279
546	5926	688
551	7936	200
571	3337	481
584	10858	579
584	10858	411
586	3449	536
587	4024	356
592	5444	222
595	2831	211
596	4075	428
604	4463	570
608	2393	313
611	11658	521
616	4496	335
616	4496	502
626	6616	568
628	7746	558
631	10076	384
641	2734	368
647	4673	624
648	2201	312
658	6136	660
658	6136	487
663	3333	478
667	7170	647
668	3288	207
668	3288	157
670	7568	207
670	7568	625
676	8184	275
679	8555	407
685	3946	564
691	5141	289
691	5141	198
693	4428	655
696	4232	393
702	3445	520
703	5991	556
706	7532	579
714	3106	403
719	5532	239
719	5532	308
723	7794	258
725	4089	185
727	9801	509
728	3357	488
729	6260	185
730	2353	502
735	6014	264
737	4565	317
744	9150	920
746	8303	660
747	2510	243
752	9232	765
753	5249	297
757	4423	410
761	2902	545
767	4617	578
772	11565	534
772	11565	525
774	3819	220
777	13243	669
777	13243	185
780	4067	431
791	5543	580
797	6790	595
799	2339	379
805	1968	243
811	7655	185
815	6314	590
818	6801	393
821	2883	408
822	3268	431
823	1389	185
825	9331	330
825	9331	408
833	3302	381
842	5818	234
847	2130	370
850	10904	926
852	5097	608
854	6217	328
856	6237	611
858	5011	741
863	10997	200
863	10997	351
867	11319	548
869	3120	185
875	6782	311
894	5120	363
898	4444	692
900	4172	343
906	9944	383
906	9944	648
907	7010	438
923	1832	248
926	6092	287
926	6092	375
934	8160	277
939	6185	539
940	7948	307
940	7948	522
941	5432	290
947	4308	262
958	10474	544
959	3627	646
960	6713	506
970	4935	557
980	9026	222
985	8072	751
986	8816	297
990	8895	522
1021	12284	378
1021	12284	488
1025	2238	301
1026	5754	268
1032	9132	801
1035	6254	372
1036	6366	694
1048	1829	294
1054	3378	272
1056	6862	464
1057	2669	581
1058	3182	603
1072	2146	206
1077	9715	514
1084	7447	516
1090	3746	556
1101	8323	780
1105	6971	657
1107	10911	332
1109	6971	605
1113	6769	226
1117	8940	547
1118	6582	243
1120	7628	296
1121	6529	796
1124	7678	352
1133	6807	636
1136	2507	526
1139	2070	398
1141	3226	378
1144	4148	623
1147	3885	364
1151	7546	514
1155	4887	488
1156	9179	614
1162	3264	503
1163	4095	410
1171	4883	237
1173	6668	582
1175	5323	185
1181	9802	364
1193	4475	366
1195	6272	321
1195	6272	210
1202	1983	480
1209	9037	558
1211	11383	359
1214	5722	229
1214	5722	393
1218	4867	266
1226	5428	397
1233	3116	319
1235	13826	417
1241	7684	512
1247	13690	396
1253	4233	756
1260	3215	483
1261	2004	361
1263	5940	407
1263	5940	276
1268	10076	410
1270	5645	391
1274	2379	493
1284	5436	327
1289	11762	300
1294	2748	548
1297	5369	412
1297	5369	430
1298	2665	390
1304	5052	349
1309	7150	370
1310	4577	348
1313	5008	423
1317	3218	545
1323	3687	705
1328	2291	358
1335	7221	685
1336	4888	292
1338	12498	369
1345	6061	524
1349	4798	380
1349	4798	423
1351	4451	566
1354	2476	273
1357	9444	498
1362	6305	548
1365	3429	576
1366	4616	556
1369	2219	318
1370	5528	667
1375	4288	383
1377	2857	640
1378	9657	315
1378	9657	600
1379	2858	355
1382	3417	211
1384	12212	599
1410	3322	275
1410	3322	437
1411	3906	271
1411	3906	375
1415	8494	243
1419	10806	316
1422	3522	392
1423	3968	206
1426	4206	366
1429	9310	321
1445	4177	446
1446	2938	604
1448	9536	488
1449	4628	654
1457	5561	185
1468	7593	206
1468	7593	327
1475	5713	605
1481	8338	448
1484	7890	591
1487	4449	394
1492	4906	452
1509	5572	424
1513	5473	397
1513	5473	359
1519	2887	600
1531	5084	552
1531	5084	247
1533	11076	270
1533	11076	257
1533	11076	642
1536	5165	585
1538	3317	425
1540	4541	397
1546	2968	613
1552	2476	445
1554	4119	518
1555	5561	495
1562	2479	364
1563	8187	476
1566	10782	476
1567	2822	467
1568	13063	641
1575	5785	200
1575	5785	389
1577	9748	398
1579	13687	350
1580	2885	200
1581	7291	467
1589	10438	423
1589	10438	264
1596	7859	615
1597	1936	295
1600	3310	523
1603	3088	329
1604	3796	524
1605	4001	405
1606	3367	474
1615	4199	283
1622	11291	264
1626	7323	438
1626	7323	310
1630	4569	665
1632	2930	355
1633	6605	533
1633	6605	289
1634	4163	437
1635	7586	611
1639	9292	388
1643	6189	623
1646	1973	480
1655	4425	348
1658	3241	185
1660	3329	278
1674	4176	574
1684	2337	243
1689	3234	190
1691	13028	509
1691	13028	450
1693	4380	215
1698	4145	508
1700	13570	562
1701	1374	210
1714	3051	424
1715	6069	327
1720	2771	550
1721	4205	254
1721	4205	158
1734	2956	624
1738	8134	833
1744	12541	594
1746	3914	416
1746	3914	370
1752	7314	301
1757	6076	483
1758	8541	215
1760	6395	390
1761	4140	681
1766	5992	298
1766	5992	343
1767	3926	548
1768	6341	512
1772	7122	730
1778	9943	419
1790	5217	793
1792	4295	234
1793	7079	281
1798	3666	243
1799	9213	614
1802	3682	650
1805	8367	474
1806	2556	374
1807	7388	282
1813	5661	631
1821	2503	466
1826	4225	729
1828	2257	346
1837	4790	330
1839	14764	599
1848	2181	254
1849	3180	618
1855	6731	588
1862	9409	702
1866	2958	573
1867	5670	656
1879	1732	351
1888	5578	439
1899	6990	398
1907	8594	311
1907	8594	300
1908	2376	418
1914	2426	303
1922	7732	1028
1936	2771	512
1940	5531	299
1941	10623	661
1951	5961	662
1954	9355	423
1959	4294	509
1960	5021	442
1964	10741	555
1972	4071	420
1975	5849	338
1981	8277	591
1994	5556	591
1995	2870	338
1996	5343	531
2002	4472	619
2029	1781	368
2043	5628	185
2044	4496	394
2044	4496	221
2047	2250	350
2051	7397	581
2052	7125	166
2052	7125	183
2054	6046	646
2063	3701	450
2067	12492	450
2068	4685	327
2068	4685	229
2069	6446	572
2072	3619	326
2076	9862	505
2078	2445	348
2080	2361	311
2081	11124	222
2081	11124	262
2081	11124	400
2091	11187	582
2094	6321	275
2096	4230	185
2096	4230	566
2100	4510	302
2105	7154	374
2109	6288	332
2110	3320	428
2111	8717	516
2118	1779	429
2121	2383	211
2138	12094	423
2138	12094	553
2139	10312	258
2141	6228	408
2148	3591	261
2153	3615	364
2154	2131	200
2164	13264	373
2164	13264	531
2166	4511	368
2173	5386	538
2176	13390	387
2177	2766	495
2185	1534	273
2188	4162	249
2190	6384	524
2197	12068	604
2200	4191	684
2206	2733	600
2209	4524	246
2213	6486	489
2214	13056	584
2219	11769	567
2233	2978	610
2241	9571	447
2246	5117	378
2256	6032	406
2264	11657	468
2271	10949	259
2279	10864	599
2282	4401	314
2284	3811	393
2286	3038	374
2294	5378	624
2302	9334	570
2302	9334	619
2303	6895	264
2303	6895	376
2304	2203	494
2307	5625	207
2307	5625	326
2307	5625	518
2308	5525	699
2310	10605	428
2311	5873	712
2320	11389	501
2322	4989	588
2325	7866	496
2326	3899	412
2327	9223	535
2328	4875	185
2330	9122	737
2330	9122	774
2335	7322	445
2341	2562	349
2342	1366	456
2370	5355	828
2373	12598	303
2373	12598	488
2382	14744	419
2384	3573	516
2387	18678	378
2395	832	238
2399	3545	771
2402	3981	310
2407	5917	434
2411	8508	421
2416	8250	415
2419	12113	452
2420	4204	374
2422	1806	434
2425	7286	531
2428	11440	592
2429	4701	429
2434	8971	544
2435	19751	551
2441	8717	494
2441	8717	238
2446	7595	364
2448	4318	301
2450	4676	185
2454	12862	526
2457	4999	822
2458	7566	441
2461	5211	549
2469	3265	582
2473	12277	414
2493	17924	606
2493	17924	613
2495	2940	255
2501	3562	283
2503	12964	437
2517	8853	832
2518	3568	480
2520	3314	458
2521	19006	590
2524	2714	711
2525	7237	739
2526	8915	822
2527	9487	409
2529	14722	526
2531	4516	281
2535	10152	410
2539	12421	488
2539	12421	363
2539	12421	446
2544	4178	237
2545	19339	559
2546	10245	593
2547	15610	503
2547	15610	567
2547	15610	215
2548	14276	637
2556	3936	371
2563	3837	641
2564	12522	343
2564	12522	498
2569	3229	316
2572	10342	364
2576	13336	563
2580	8176	561
2580	8176	436
2584	7498	587
2585	8605	397
2589	13466	299
2599	10065	559
2605	4567	277
2606	3873	566
2607	9157	557
2610	7251	309
2611	2289	394
2618	4241	445
2622	5081	597
2629	1750	408
2636	16601	554
2643	13213	441
2652	9753	348
2653	6535	803
2654	8453	329
2656	10848	222
2656	10848	191
2656	10848	335
2657	12685	321
2663	15243	365
2668	6839	496
2671	4781	504
2673	3645	486
2678	7555	553
2678	7555	243
2679	17311	574
2679	17311	590
2681	2646	331
2682	5239	584
2683	7895	185
2685	4463	482
2686	13305	613
2686	13305	415
2690	9242	535
2691	15626	328
2693	11522	308
2695	4888	660
2701	6128	559
2707	7505	460
2712	7391	337
2720	11774	603
2720	11774	360
2723	5171	368
2732	3220	403
2733	1152	255
2743	12751	503
2745	6837	544
2750	2764	281
2753	6854	609
2760	1268	404
2764	6371	548
2773	4742	309
2783	3734	250
2789	2866	290
2793	10586	289
2794	2096	206
2796	4709	282
2796	4709	280
2802	4395	558
2803	2902	323
2806	3970	361
2807	13442	234
2807	13442	609
2810	6186	513
2811	5159	347
2812	8125	541
2814	11480	389
2816	12138	370
2817	2612	640
2821	1774	281
2827	3861	577
2833	1540	328
2836	5655	418
2841	8563	532
2842	4328	664
2845	10469	580
2849	4293	311
2850	4790	606
2852	8408	616
2854	2876	405
2854	2876	185
2857	8897	527
2859	6563	321
2875	6143	327
2876	9663	429
2879	2778	382
2882	15063	322
2888	11628	230
2890	7730	760
2892	4890	592
2892	4890	314
2899	7613	630
2906	4142	274
2909	9716	185
2913	5561	267
2917	2592	470
2924	10797	313
2925	2362	185
2929	2306	330
2935	10463	577
2943	6802	563
2945	9311	593
2950	10346	702
2952	4081	332
2958	9274	267
2962	4084	638
2968	10043	654
2980	2758	505
2990	4346	377
2994	3109	409
2995	5260	318
2999	4007	552
3001	7868	357
3004	5011	333
3005	4735	551
3008	7250	338
3016	12738	440
3020	4527	460
3029	2876	389
3032	14175	603
3033	1870	337
3034	7587	407
3039	3105	379
3046	3193	185
3047	4025	762
3052	5016	482
3058	8247	227
3061	3355	531
3063	2528	487
3067	4505	544
3071	3994	546
3076	14267	289
3077	9234	465
3081	11545	306
3081	11545	567
3081	11545	472
3094	13826	588
3098	2774	336
3106	14455	499
3108	4882	368
3108	4882	185
3109	4605	449
3110	10714	413
3117	14303	579
3117	14303	416
3118	2880	259
3119	6336	410
3125	1444	298
3126	5449	527
3130	2547	227
3133	2354	211
3135	1665	509
3138	8192	185
3146	1610	314
3147	7198	326
3153	8435	299
3153	8435	615
3155	5963	468
3161	6126	243
3168	3391	548
3169	2337	355
3171	2152	599
3174	8037	478
3177	4435	367
3186	6092	185
3195	4607	335
3203	5362	260
3203	5362	249
3210	3450	547
3211	3848	648
3214	2409	503
3216	15882	185
3217	4011	482
3223	3989	365
3224	9230	511
3225	1821	363
3227	8486	371
3238	8338	485
3245	2786	489
3246	5128	638
3249	8764	567
3254	3547	568
3256	11285	206
3259	2589	357
3260	3726	483
3269	8939	390
3270	3152	605
3277	4533	460
3280	12030	389
3280	12030	500
3282	6196	314
3287	3612	211
3289	6633	420
3291	14392	314
3306	10468	531
3306	10468	578
3309	3167	564
3310	3592	492
3313	12367	245
3317	8493	226
3322	5071	253
3322	5071	436
3326	2299	307
3328	3875	419
3331	1036	200
3342	3743	524
3343	5058	488
3345	9373	482
3347	5328	338
3348	2475	500
3355	6328	400
3364	5034	496
3367	12783	405
3373	1474	292
3375	2350	538
3381	3106	185
3393	7465	410
3393	7465	219
3398	4925	206
3402	5051	422
3408	8828	821
3413	2190	318
3414	17355	291
3414	17355	475
3418	2862	383
3420	5583	374
3424	5586	393
3424	5586	525
3425	6617	800
3428	10146	533
3428	10146	417
3431	7544	462
3433	2314	281
3434	5878	477
3439	5185	584
3447	2096	370
3450	3416	543
3451	4842	247
3451	4842	432
3453	16736	642
3453	16736	417
3457	13734	367
3462	3811	250
3463	6880	776
3471	4908	280
3476	7705	702
3476	7705	280
3477	5360	459
3478	10284	543
3479	2189	650
3480	13175	382
3480	13175	434
3480	13175	293
3481	1734	200
3482	15161	238
3482	15161	352
3489	2975	430
3492	3056	625
3494	7818	485
3497	3032	510
3499	5879	364
3499	5879	268
3503	2667	484
3506	12695	482
3506	12695	452
3506	12695	402
3511	3655	596
3512	5846	475
3518	4681	507
3525	3397	311
3526	4347	288
3527	15153	404
3527	15153	485
3533	10449	544
3536	4641	468
3537	7627	390
3540	11568	259
3540	11568	425
3545	2679	560
3546	4125	577
3550	14438	473
3550	14438	634
3550	14438	446
3551	11108	283
3553	15288	393
3553	15288	418
3555	5881	335
3556	11015	525
3556	11015	531
3559	5089	762
3562	7286	226
3564	4267	382
3567	2713	520
3570	11215	582
3576	4264	320
3580	7091	332
3580	7091	185
3581	4384	396
3584	6019	391
3584	6019	395
3585	13813	379
3591	3393	456
3594	2484	288
3595	2702	497
3601	3828	557
3602	10594	420
3602	10594	546
3602	10594	515
3604	6212	488
3610	12837	347
3610	12837	836
3612	15714	612
3614	12730	388
3615	6146	463
3617	7446	233
3623	13873	232
3626	2230	414
3630	2210	312
3634	7282	376
3642	15205	346
3642	15205	602
3643	16377	558
3643	16377	543
3644	4603	185
3646	9024	472
3646	9024	522
3647	17202	206
3647	17202	389
3647	17202	466
3647	17202	271
3650	3393	389
3653	4884	408
3661	10213	598
3662	14138	699
3666	5291	658
3668	12007	450
3670	5809	560
3675	10750	348
3679	5097	516
3682	15159	768
3688	12881	398
3688	12881	402
3694	3197	261
3697	5761	581
3698	7678	370
3699	7893	643
3703	8049	521
3704	10488	785
3704	10488	830
3705	14589	305
3710	11714	413
3714	1544	265
3716	5915	494
3718	5065	573
3722	10006	227
3725	10216	650
3725	10216	486
3726	2218	330
3730	7109	383
3733	4042	227
3742	3563	364
3743	6200	462
3746	6735	491
3747	4542	324
3748	10639	543
3751	9948	559
3758	1978	534
3763	3891	421
3768	6004	269
3769	7859	593
3770	12823	520
3775	3602	565
3778	4081	655
3779	3908	564
3787	5306	315
3791	15375	394
3793	10176	470
3794	9408	546
3796	3449	608
3801	5881	508
3810	14444	585
3813	4614	533
3815	6025	394
3821	8483	248
3824	4238	467
3824	4238	345
3833	4321	487
3839	8076	704
3842	6326	481
3845	15037	515
3851	14105	434
3854	6387	453
3854	6387	271
3856	6812	269
3862	5470	327
3863	16526	456
3864	12253	375
3867	3987	538
3874	11225	268
3875	13843	185
3878	4052	440
3886	8404	688
3887	3812	260
3887	3812	271
3896	3791	542
3903	3422	593
3906	4984	342
3914	3836	448
3919	5576	335
3919	5576	380
3922	8879	576
3922	8879	278
3924	3032	608
3927	16687	233
3928	6222	541
3943	10140	336
3945	7153	452
3946	3780	301
3949	15749	211
3949	15749	316
3964	5238	542
3965	6718	609
3967	3769	243
3968	11830	482
3981	5852	406
3982	8595	453
3985	14674	304
3987	13321	511
3988	15833	227
3993	6049	232
3996	7634	505
3998	12397	277
3998	12397	334
4000	7344	623
4000	7344	570
4003	3509	397
4006	3972	582
4008	10675	490
4009	3046	508
4015	3961	565
4017	6156	550
4018	15203	546
4018	15203	413
4023	10783	400
4027	4664	153
4031	2281	532
4032	5667	413
4033	5218	753
4037	1941	330
4038	2899	244
4040	7271	217
4040	7271	254
4042	5152	605
4045	6148	230
4047	15145	620
4047	15145	403
4048	15194	552
4048	15194	556
4060	11029	310
4060	11029	410
4060	11029	518
4063	3012	211
4070	3571	367
4075	8725	215
4084	7472	384
4091	14816	455
4091	14816	339
4092	9418	888
4095	1807	668
4099	5653	257
4099	5653	319
4101	5352	647
4113	4742	554
4117	15629	633
4117	15629	665
4118	7600	413
4121	15170	225
4121	15170	290
4121	15170	221
4125	14180	608
4129	2611	476
4135	7784	355
4139	5676	394
4141	7414	421
4146	5261	564
4154	5571	200
4156	5750	387
4159	12426	305
4159	12426	510
4162	5736	652
4165	3797	412
4167	3997	405
4182	5216	414
4185	4704	300
4187	14364	440
4193	1772	250
4197	3304	441
4198	4591	469
4205	9934	524
4209	12759	453
4212	4004	618
4219	4904	636
4223	8761	646
4225	11437	421
4235	3913	425
4238	7998	507
4239	2479	519
4240	3622	211
4245	6670	568
4253	9162	629
4255	11161	512
4257	4331	290
4266	19029	421
4273	2642	590
4274	2075	391
4275	5955	434
4278	3859	460
4282	14387	438
4286	16362	371
4287	7009	641
4287	7009	200
4290	4186	350
4296	17494	536
4296	17494	184
4296	17494	313
4298	7399	584
4300	18122	569
4303	2554	333
4307	13772	338
4309	8062	263
4311	5653	307
4312	14294	293
4312	14294	211
4312	14294	394
4312	14294	355
4313	9250	509
4313	9250	511
4317	7179	523
4320	5851	448
4336	6553	262
4338	17274	393
4338	17274	441
4338	17274	352
4340	4983	365
4343	4410	211
4348	8505	376
4348	8505	200
4354	10080	401
4360	2724	445
4361	6929	574
4364	3681	239
4365	13304	542
4367	3105	404
4371	14118	477
4372	7161	483
4373	8060	255
4382	3204	185
4386	13813	518
4386	13813	305
4387	4115	185
4391	4166	470
4392	10245	410
4395	1743	243
4403	4771	412
4405	19223	390
4405	19223	307
4405	19223	390
4405	19223	461
4405	19223	472
4407	9298	264
4411	16433	472
4411	16433	478
4413	8092	327
4413	8092	276
4415	9019	270
4416	18711	226
4418	12394	574
4420	8782	355
4423	16934	230
4423	16934	566
4423	16934	334
4425	11878	296
4426	15164	400
4428	3851	525
4436	3903	394
4437	11584	381
4441	7008	319
4443	15763	298
4446	2977	426
4447	3345	374
4452	11645	311
4452	11645	438
4456	6536	277
4463	12177	540
4473	14045	301
4473	14045	255
4474	8934	391
4478	7545	356
4485	9311	200
4491	9676	337
4510	5724	200
4516	15087	697
4518	3524	281
4519	5637	868
4520	13272	302
4523	14314	594
4535	13813	390
4538	14588	437
4538	14588	568
4542	2227	571
4554	9241	434
4556	15452	320
4556	15452	350
4556	15452	465
4560	11212	653
4570	12561	506
4571	17349	506
4571	17349	434
4572	8069	525
4577	15809	456
4577	15809	297
4580	3623	384
4583	3992	612
4584	6511	361
4585	7675	421
4585	7675	281
4586	4882	771
4587	14874	399
4587	14874	300
4589	18000	264
4591	10857	699
4596	10249	530
4601	2527	352
4610	2071	268
4614	13455	387
4614	13455	200
4614	13455	439
4619	5712	307
4619	5712	215
4626	3193	392
4628	7613	282
4649	11974	503
4650	2434	200
4652	3101	284
4659	3217	366
4668	11454	426
4676	12835	370
4677	4627	474
4679	8048	394
4681	975	413
4687	1562	643
4689	15662	397
4700	7406	522
4700	7406	419
4701	8539	211
4701	8539	454
4704	12046	350
4711	20218	490
4711	20218	243
4714	6145	151
4714	6145	147
4717	9491	264
4723	5655	417
4729	3438	299
4736	5416	440
4745	3702	475
4785	5311	521
4785	5311	317
4788	5207	263
4789	2410	419
4793	2605	470
4795	4875	452
4801	5013	344
4805	6010	575
4808	7353	620
4809	5701	244
4814	2807	371
4834	2323	342
4835	1630	268
4836	3776	377
4837	1382	200
4838	7446	512
4841	3330	342
4844	6653	238
4844	6653	191
4849	5631	347
4852	4698	485
4854	3383	405
4854	3383	380
4862	4345	626
4865	5270	569
4868	4144	651
4873	5241	583
4875	3973	608
4879	3383	519
4881	11723	261
4882	4704	480
4883	1804	289
4887	5026	346
4887	5026	206
4892	7113	315
4897	9097	342
4900	3958	283
4904	7361	366
4908	3673	458
4910	4617	274
4913	3370	293
4916	10154	230
4922	2138	366
4927	7386	251
4929	7036	687
4930	3072	517
4939	6320	538
4941	1936	294
4945	5077	328
4958	2730	602
4960	1841	408
4965	1952	339
4972	3490	270
4975	7219	678
4980	3464	367
4984	2993	772
4987	4802	355
4987	4802	383
4991	5027	575
4991	5027	369
5001	3304	462
5005	6237	185
5007	6144	350
5009	3276	460
5010	6685	619
5020	6689	585
5024	2707	200
5030	3785	488
5031	3397	559
5033	2023	484
5034	2362	481
5035	3346	458
5037	2450	379
5038	3790	522
5040	2275	348
5041	5694	823
5043	4173	392
5053	11699	185
5053	11699	372
5054	2424	245
5056	8359	782
5058	4796	353
5059	4426	166
5059	4426	332
5061	4767	548
5072	6671	641
5073	3129	323
5076	6916	256
5079	6300	259
5080	9424	518
5092	3846	265
5095	2353	466
5098	5017	352
5100	2791	185
5106	3834	484
5110	1812	255
5121	5287	491
5122	6864	452
5123	2807	227
5126	1498	312
5132	1841	342
5133	11005	586
5133	11005	406
5139	5113	185
5140	6680	211
5142	10279	367
5142	10279	211
5146	2914	456
5148	4601	356
5150	2123	264
5156	5052	358
5156	5052	351
5160	3405	248
5161	4177	425
5163	4598	317
5164	4801	353
5168	5281	321
5178	3623	355
5180	11021	261
5180	11021	362
5184	5232	374
5188	2071	270
5190	6457	409
5190	6457	516
5197	4399	335
5198	3946	215
5201	5304	298
5204	7655	337
5206	3242	315
5209	8007	549
5209	8007	361
5214	1817	330
5215	4659	227
5219	2835	234
5223	8741	477
5226	10780	357
5226	10780	570
5227	2915	222
5228	3538	250
5228	3538	268
5232	8649	292
5239	7480	380
5239	7480	377
5240	3659	243
5243	5661	612
5244	5605	506
5250	2893	345
5252	4155	544
5255	9094	360
5263	2925	206
5264	3360	200
5264	3360	302
5265	6638	482
5265	6638	579
5266	5372	336
5272	4927	351
5274	2633	354
5282	3968	332
5287	3757	460
5291	2941	333
5294	5158	350
5295	3597	515
5305	2743	317
5311	6297	367
5316	9283	326
5317	2094	447
5318	3725	368
5321	4039	383
5322	9023	542
5322	9023	414
5323	1797	278
5326	5972	230
5335	1015	308
5340	10756	304
5340	10756	227
5340	10756	200
5341	6250	392
5341	6250	354
5345	4835	317
5346	3981	311
5347	3422	366
5349	2757	402
5353	2721	415
5356	1709	322
5358	3198	367
5361	6357	303
5362	6022	185
5365	2778	396
5368	4859	368
5371	5107	433
5372	7627	200
5379	3345	367
5382	8146	650
5386	3369	369
5394	4743	481
5396	2012	185
5399	4012	206
5400	3038	290
5400	3038	321
5406	4583	394
5414	8493	382
5415	4744	185
5416	4236	275
5418	4207	610
5419	10634	638
5419	10634	321
5419	10634	630
5420	2108	361
5433	9433	358
5433	9433	579
5437	3687	493
5438	12086	260
5438	12086	304
5442	3495	644
5443	5659	596
5448	9017	345
5449	11045	439
5455	9590	660
5456	8878	549
5461	8391	545
5463	4905	462
5464	10122	459
5468	8487	452
5472	10561	380
5475	6572	635
5481	4019	456
5482	5575	634
5487	3469	238
5488	8871	674
5488	8871	558
5504	3384	487
5506	9188	328
5509	10036	591
5509	10036	336
5513	4457	471
5520	3434	127
5520	3434	204
5531	5746	654
5532	4908	509
5540	9488	484
5549	3098	471
5555	7547	545
5557	11643	641
5564	3266	315
5568	4845	516
5569	5525	531
5580	11891	803
5580	11891	490
5580	11891	233
5581	4051	315
5585	5263	632
5586	8332	722
5591	6461	481
5592	4709	250
5593	6427	440
5597	10127	492
5598	3556	402
5599	10457	483
5604	3684	503
5608	7211	467
5611	6193	484
5617	6563	518
5618	4127	581
5621	5399	437
5625	4379	450
5630	6038	620
5634	4547	336
5646	8746	606
5652	2039	227
5655	3038	321
5657	4645	383
5661	4639	341
5665	2598	625
5668	4627	185
5674	5198	583
5685	7137	553
5686	2406	363
5690	3068	531
5695	5530	824
5698	5087	357
5700	2231	605
5701	2668	351
5702	4190	200
5714	4006	161
5714	4006	142
5722	3378	654
5724	6579	216
5730	3013	488
5734	2935	556
5737	4393	525
5738	2812	348
5739	2828	319
5753	2602	563
5754	8833	289
5754	8833	299
5757	3549	299
5763	5408	387
5764	8414	523
5767	3587	215
5770	5603	507
5771	3308	362
5776	2800	544
5783	5016	333
5784	6595	411
5785	4056	414
5789	7826	454
5789	7826	340
5793	5459	500
5795	1721	453
5798	4628	429
5798	4628	289
5808	1847	557
5809	10500	332
5810	3660	631
5820	2213	440
5822	3090	521
5827	8084	578
5828	4931	525
5829	10208	227
5836	1723	523
5838	5418	461
5841	4797	537
5845	8439	290
5845	8439	377
5849	4251	364
5850	3410	499
5858	3006	338
5861	6198	631
5862	3884	406
5864	2801	233
5864	2801	159
5871	8266	344
5877	12216	200
5877	12216	344
5879	3945	324
5880	6299	372
5885	2307	321
5887	5428	611
5889	7760	637
5891	6764	445
5891	6764	612
5894	6546	503
5900	5570	243
5903	9349	839
5906	2218	185
5912	3411	295
5915	13605	290
5918	4995	286
5922	11370	347
5922	11370	185
5922	11370	349
5923	2011	173
5923	2011	201
5930	3931	371
5932	1779	393
5933	12572	374
5937	5887	185
5937	5887	441
5940	15782	299
5940	15782	592
5942	5641	491
5945	6761	366
5945	6761	378
5947	18721	513
5950	2099	337
5952	3326	369
5955	3491	369
5957	2260	238
5964	2393	352
5968	2276	206
5974	3493	453
5978	2459	285
5979	7971	390
5989	5458	428
5989	5458	294
5993	4596	279
5997	3901	508
5997	3901	591
6000	3360	493
6002	14664	587
6004	4564	355
6004	4564	386
6006	6537	811
6008	17578	461
6011	3133	387
6030	4817	281
6038	5411	215
6044	4281	260
6052	10018	392
6059	11549	211
6060	3414	499
6064	5013	310
6064	5013	408
6065	9929	642
6072	4172	287
6074	4630	611
6085	18820	315
6085	18820	434
6091	3639	200
6094	4050	674
6097	9994	473
6104	12465	250
6106	13273	566
6106	13273	316
6108	3558	590
6111	3483	348
6112	899	288
6117	7750	357
6117	7750	436
6121	12873	241
6121	12873	430
6125	7879	397
6125	7879	522
6131	2830	655
6133	18302	473
6134	2897	523
6140	8850	374
6142	10691	514
6142	10691	337
6144	2083	330
6145	3769	211
6155	3527	185
6157	16511	326
6157	16511	354
6157	16511	285
6161	8602	297
6162	5648	589
6162	5648	393
6169	8655	372
6175	5465	529
6184	8274	312
6191	9602	243
6193	5292	452
6196	1676	363
6205	6751	585
6211	10423	853
6212	2006	347
6213	13708	412
6215	998	280
6224	6024	530
6226	4991	493
6228	6011	635
6231	4071	400
6233	14013	303
6233	14013	300
6236	4578	421
6238	5352	303
6239	10811	211
6242	5531	467
6249	7742	274
6252	3176	230
6262	1751	462
6267	4071	383
6268	12280	410
6268	12280	393
6268	12280	384
6270	16160	360
6270	16160	354
6271	7537	237
6272	13419	386
6272	13419	259
6274	2861	364
6279	9519	306
6281	18167	337
6281	18167	618
6281	18167	427
6286	6274	359
6288	12934	470
6288	12934	411
6289	8542	487
6291	4478	370
6291	4478	428
6292	5521	337
6295	7960	442
6304	19627	430
6304	19627	314
6304	19627	200
6310	19746	496
6310	19746	459
6310	19746	337
6310	19746	200
6312	7972	270
6318	2393	488
6322	12846	185
6329	2952	273
6330	7041	501
6336	5205	488
6342	3314	348
6343	15354	425
6344	4305	694
6345	4537	379
6348	16997	239
6351	8257	416
6352	3393	238
6356	3630	317
6372	14008	479
6372	14008	480
6372	14008	571
6381	5841	431
6382	4799	332
6385	10017	377
6385	10017	302
6388	2309	448
6389	2539	423
6392	12667	648
6393	10756	440
6395	11431	354
6395	11431	620
6400	11370	239
6405	8987	471
6405	8987	135
6405	8987	221
6408	18799	392
6408	18799	321
6410	9316	371
6412	15353	633
6412	15353	322
6412	15353	712
6422	7081	597
6422	7081	439
6423	6328	335
6431	13545	491
6431	13545	292
6438	14800	604
6438	14800	635
6439	10290	414
6445	4620	529
6447	12939	601
6447	12939	222
6452	4600	341
6457	5980	537
6463	9821	232
6473	3174	824
6476	6409	441
6482	9265	233
6488	5617	328
6493	1236	396
6503	9106	518
6521	6643	349
6524	3660	268
6526	5346	395
6527	6803	483
6531	7779	260
6533	7115	542
6537	17020	398
6537	17020	290
6537	17020	534
6542	3365	332
6544	8609	185
6550	4489	280
6551	10835	574
6553	9231	250
6555	2213	324
6560	2304	700
6567	10772	532
6567	10772	211
6569	11426	185
6570	9244	394
6570	9244	344
6574	9318	604
6576	6558	573
6576	6558	358
6580	11725	449
6581	6075	407
6587	2319	595
6588	7926	351
6597	11913	559
6597	11913	230
6601	8629	286
6616	4801	711
6617	9483	498
6618	2528	185
6620	17307	211
6624	3843	349
6627	2890	676
6632	6357	275
6636	5403	699
6639	6763	346
6640	13869	671
6642	2504	191
6642	2504	229
6646	3929	185
6651	3810	772
6652	2138	409
6653	3948	211
6662	5383	698
6666	11995	520
6673	14448	349
6675	5791	211
6676	5101	561
6682	4981	320
6687	7557	692
6688	3378	345
6692	7387	755
6693	3156	387
6694	14166	369
6694	14166	238
6700	7126	464
6703	2944	395
6706	10525	410
6709	7362	352
6713	2966	424
6715	3264	506
6720	4281	268
6725	20247	337
6729	13796	237
6729	13796	487
6734	4961	826
6735	7717	249
6736	9623	600
6738	8855	633
6742	3814	347
6746	8040	361
6747	5926	316
6755	14750	424
6755	14750	386
6758	5696	367
6759	12058	552
6759	12058	502
6760	4961	185
6763	10817	330
6765	2718	402
6766	4144	480
6770	16882	488
6775	18119	284
6776	14524	264
6776	14524	255
6784	8864	372
6785	8325	482
6792	10001	293
6792	10001	376
6801	5229	427
6803	4837	559
6803	4837	576
6812	4993	557
6815	1981	543
6831	8606	719
6833	4825	628
6834	8361	403
6834	8361	365
6846	13154	393
6846	13154	244
6846	13154	484
6849	3464	307
6850	9208	402
6850	9208	338
6850	9208	323
6853	8860	462
6855	10098	403
6868	1389	583
6870	3749	463
6871	5803	607
6881	4607	534
6888	2404	336
6888	2404	167
6896	3240	675
6898	16047	323
6900	4615	200
6903	10294	293
6906	2272	447
6910	4167	385
6913	3325	209
6913	3325	154
6914	4177	420
6934	11379	299
6935	2523	618
6946	3825	438
6948	3269	595
6949	10581	588
6960	5018	385
6961	3535	596
6966	4339	417
6967	5198	493
6969	12695	250
6971	2055	301
6976	5256	522
6977	12104	485
6981	11144	328
6985	5794	409
6987	1806	556
6993	3550	624
6995	6217	393
6995	6217	244
7002	5174	444
7013	4062	374
7022	3682	377
7026	3117	306
7031	2686	404
7035	13700	159
7035	13700	127
7036	3326	664
7037	5544	466
7040	15046	380
7048	9263	555
7059	12555	397
7065	16085	418
7067	7782	292
7069	5869	185
7074	6313	374
7098	5769	339
7099	16178	210
7099	16178	188
7099	16178	456
7099	16178	445
7100	19716	260
7101	11729	513
7102	4363	206
7105	2893	376
7107	10120	185
7107	10120	322
7111	2132	743
7120	3561	573
7122	11792	606
7122	11792	888
7131	3199	630
7143	1695	366
7158	8388	514
7178	5887	253
7182	3529	200
7197	3840	254
7200	13126	322
7208	15030	185
7216	4877	524
7217	8850	618
7219	4324	412
7222	5572	331
7233	13245	408
7233	13245	324
7233	13245	356
7262	3845	463
7263	12068	570
7265	12521	318
7286	2958	744
7287	12322	222
7288	8474	321
7292	5849	371
7294	3210	718
7314	7231	849
7316	14022	481
7320	7616	311
7321	2825	657
7335	18828	489
7342	5816	387
7348	12391	281
7366	1138	345
7378	16717	684
7382	18712	524
7389	1352	353
7411	9578	404
7417	4908	185
7423	4391	304
7424	9349	429
7424	9349	259
7425	3517	641
7427	4479	237
7434	8703	200
7436	2479	424
7440	4454	243
7445	8100	577
7473	6339	200
7481	9116	364
7482	3268	370
7490	1410	433
7525	10270	658
7533	2497	383
7534	10391	313
7534	10391	430
7551	17602	415
7556	4284	393
7558	19364	344
7558	19364	232
7558	19364	332
7558	19364	217
7558	19364	364
7558	19364	398
7561	12106	256
7562	13573	521
7563	2762	329
7569	3440	347
7571	1370	272
7575	13166	294
7575	13166	254
7578	7126	357
7595	15288	206
7600	12680	381
7603	19331	391
7603	19331	367
7617	6357	301
7631	2976	397
7639	12936	211
7673	6520	367
7673	6520	485
7677	15552	521
7677	15552	670
7682	9077	561
7686	4074	296
7688	18864	511
7688	18864	295
7693	12604	434
7694	9543	211
7695	16551	401
7700	14184	400
7703	4109	366
7705	2258	215
7711	12296	437
7717	4205	273
7723	7308	278
7730	4491	572
7730	4491	316
7735	4680	545
7737	3948	599
7742	6102	413
7743	12116	514
7745	5541	510
7746	5906	302
7749	5897	331
7751	8139	436
7753	14344	386
7754	4139	322
7758	18705	551
7759	7015	681
7762	15959	309
7762	15959	580
7766	6053	532
7778	6255	290
7779	17674	492
7779	17674	489
7781	10693	452
7782	20168	475
7782	20168	531
7787	15063	603
7787	15063	309
7787	15063	622
7790	5886	211
7795	9993	324
7796	4342	346
7799	8445	583
7800	7046	273
7806	3043	604
7813	3026	286
7817	1458	227
7823	15372	319
7831	6375	438
7831	6375	355
7846	7290	580
7847	15496	235
7850	1786	279
7852	18809	406
7862	3592	310
7863	13976	424
7863	13976	333
7866	7299	305
7867	4174	294
7874	6714	615
7883	16657	320
7883	16657	567
7888	4499	620
7890	3584	334
7892	8247	717
7900	3409	906
7902	19258	200
7903	15608	303
7903	15608	425
7907	9137	611
7910	8615	211
7910	8615	536
7913	8320	541
7915	5421	342
7917	14214	377
7917	14214	531
7917	14214	249
7920	9219	532
7921	3173	502
7924	16415	360
7925	3519	763
7926	4742	586
7927	5566	446
7928	3076	222
7929	2358	254
7929	2358	399
7932	13378	770
7942	5302	345
7942	5302	436
7944	4960	361
7949	5506	193
7949	5506	189
7953	7945	299
7953	7945	273
7955	3120	418
7964	3794	504
7967	6462	613
7971	5093	625
7975	7043	301
7976	2426	470
7981	2998	227
7985	18645	596
7994	6126	484
8000	4149	587
8002	11923	384
8003	4376	321
8013	6781	430
8017	3423	319
8018	7342	500
8022	10505	304
8024	18614	330
8025	3739	315
8025	3739	336
8029	7169	575
8029	7169	385
8035	2155	578
8036	9431	173
8042	8598	343
8042	8598	349
8043	2980	378
8047	10499	384
8054	6314	588
8055	7309	606
8056	5745	623
8059	11397	434
8069	17101	522
8069	17101	405
8069	17101	359
8073	18542	457
8073	18542	385
8073	18542	632
8076	3006	345
8082	9825	534
8090	5263	382
8099	11753	548
8100	6301	567
8105	2106	445
8107	17566	418
8107	17566	200
8107	17566	238
8110	10030	500
8111	5094	425
8116	7634	563
8118	8248	193
8118	8248	163
8119	7803	644
8125	9352	273
8126	15951	355
8130	13991	461
8135	18723	299
8135	18723	289
8135	18723	412
8135	18723	266
8138	5831	482
8139	2983	514
8141	13673	322
8147	10077	575
8147	10077	725
8151	3763	493
8152	3342	603
8154	14418	200
8156	4477	185
8158	14866	384
8159	5983	347
8160	3638	322
8163	6833	278
8166	16733	760
8166	16733	594
8167	6142	399
8170	7783	386
8172	8967	574
8175	1203	478
8177	10855	185
8177	10855	361
8180	14355	206
8186	6693	400
8199	6306	322
8200	6542	497
8202	2001	388
8204	5643	544
8206	9240	546
8206	9240	270
8210	2949	499
8212	3200	357
8213	3561	619
8218	11005	371
8228	18428	706
8228	18428	695
8228	18428	343
8229	7668	366
8231	5782	522
8236	3363	279
8241	6090	360
8246	3923	469
8249	14906	245
8254	2337	376
8261	4073	429
8264	3811	372
8267	9976	211
8272	2769	520
8278	4870	259
8278	4870	313
8280	13219	185
8282	5623	755
8285	5935	178
8285	5935	200
8286	6543	381
8294	1432	468
8296	14622	293
8296	14622	680
8297	5163	469
8301	16334	330
8301	16334	376
8304	7276	535
8305	4391	364
8306	2984	544
8309	4421	559
8319	7865	536
8322	4314	334
8328	16074	374
8329	14563	592
8347	5070	689
8352	3527	313
8355	5649	518
8357	17242	276
8373	9933	304
8373	9933	146
8377	4167	422
8377	4167	232
8383	5489	452
8384	5150	512
8390	6417	503
8399	10190	657
8400	9180	533
8403	11542	701
8403	11542	178
8404	5863	307
8407	19278	665
8409	2285	226
8411	6300	404
8413	2760	293
8414	1841	388
8415	12774	271
8415	12774	267
8420	2945	260
8421	3226	395
8423	3456	448
8429	5849	720
8440	1721	292
8444	8002	509
8445	10577	238
8445	10577	471
8445	10577	452
8449	5546	304
8453	3364	185
8454	19133	696
8454	19133	755
8455	9900	334
8459	20064	371
8459	20064	677
8459	20064	575
8463	6471	472
8468	2043	420
8470	8183	448
8470	8183	154
8470	8183	691
8471	11154	339
8471	11154	342
8482	7646	504
8490	3599	659
8493	7912	261
8493	7912	431
8493	7912	513
8496	8526	567
8501	6747	379
8503	15663	284
8503	15663	282
8505	4668	344
8508	8291	432
8509	7108	222
8512	5147	321
8515	12878	328
8520	8938	587
8521	4002	435
8521	4002	378
8526	18055	254
8526	18055	200
8531	6289	515
8534	5217	642
8534	5217	347
8537	8106	200
8540	5231	453
8543	10179	238
8545	5266	634
8546	3378	301
8550	14314	616
8552	2844	447
8553	12004	361
8559	15207	284
8560	4742	211
8571	9829	381
8576	3032	481
8576	3032	375
8578	6711	306
8579	10440	290
8581	8530	429
8581	8530	447
8581	8530	451
8584	15181	426
8587	2786	426
8589	16199	339
8589	16199	238
8594	5118	385
8599	5473	287
8600	2924	172
8600	2924	292
8601	19197	486
8605	3331	334
8607	6715	519
8607	6715	162
8607	6715	139
8608	6171	352
8608	6171	404
8610	7732	414
8616	4331	522
8618	16899	421
8618	16899	412
8627	11796	380
8627	11796	211
8628	12150	200
8632	10949	232
8647	8733	427
8647	8733	323
8647	8733	342
8647	8733	332
8650	3005	428
8652	7986	249
8653	6599	370
8656	9666	610
8656	9666	426
8656	9666	413
8659	2262	288
8663	13158	446
8664	4127	331
8666	14279	598
8672	3069	360
8674	17299	416
8674	17299	481
8674	17299	385
8686	3692	454
8689	2827	436
8693	6069	487
8697	18046	353
8699	10287	185
8700	3048	411
8703	8281	255
8705	4426	311
8715	12212	238
8716	11367	524
8717	4539	386
8722	15411	376
8722	15411	449
8724	16821	668
8724	16821	425
8724	16821	602
8738	8792	408
8746	17901	312
8750	18788	546
8750	18788	360
8750	18788	400
8754	2554	361
8761	3613	595
8766	4508	466
8770	12356	254
8770	12356	408
8771	6427	270
8771	6427	331
8776	3978	570
8778	18530	215
8782	10280	319
8782	10280	274
8785	18784	405
8785	18784	719
8785	18784	602
8790	3944	307
8790	3944	326
8793	3317	286
8797	12021	559
8799	8689	370
8800	3402	341
8802	7130	606
8806	12034	584
8807	3150	626
8811	14809	364
8814	7121	185
8816	19607	584
8822	11956	310
8823	15768	185
8828	16739	427
8828	16739	419
8830	1768	613
8832	9248	567
8833	5771	672
8834	10144	200
8834	10144	343
8834	10144	563
8835	17369	672
8840	19981	623
8842	2434	517
8849	7064	591
8855	5650	431
8856	6333	185
8857	5558	621
8861	11352	550
8862	9044	353
8866	8078	462
8868	10520	380
8870	17997	705
8873	3840	414
8880	2736	433
8884	2980	340
8885	6028	511
8888	7338	185
8899	8781	598
8902	2629	487
8914	9889	250
8914	9889	233
8925	17256	337
8925	17256	563
8933	2762	390
8944	17889	357
8944	17889	436
8945	10018	291
8948	1968	544
8950	10469	439
8958	14166	454
8966	9026	502
8967	4718	214
8979	5294	438
8988	6626	438
8993	2540	407
9003	8503	365
9014	5547	912
9024	2164	351
9032	2455	502
9034	5532	238
9037	3306	821
9042	3714	451
9046	3251	577
9047	7405	357
9054	5089	333
9057	4744	611
9078	5004	185
9079	4492	746
9082	5193	371
9084	2800	360
9088	3720	400
9091	4623	369
9092	15367	528
9094	4273	588
9099	3197	238
9103	9166	185
9109	2868	465
9110	3338	470
9110	3338	436
9114	8089	401
9124	6686	185
9125	2789	522
9146	6362	692
9148	8771	641
9162	2999	505
9165	3763	614
9170	3619	603
9177	2355	580
9181	3167	369
9183	9477	536
9186	1747	402
9194	16432	697
9197	6523	508
9198	7202	436
9198	7202	475
9202	4834	559
9211	8514	361
9217	2533	716
9229	6998	391
9230	9609	671
9231	2069	286
9239	2699	345
9240	4203	309
9260	3444	343
9263	2914	439
9268	7664	850
9270	6797	616
9276	3406	570
9278	2136	554
9280	13671	235
9290	3204	673
9295	4282	309
9298	2693	652
9299	11403	227
9299	11403	154
9299	11403	750
9301	3564	658
9302	4386	185
9302	4386	290
9306	18859	538
9306	18859	927
9306	18859	693
9307	2439	556
9309	4805	439
9317	13007	185
9320	1668	536
9324	7345	797
9325	14008	254
9329	5950	814
9335	4127	347
9345	4788	696
9360	8497	643
9363	2145	610
9369	9533	507
9370	1604	443
9372	3455	578
9373	5605	497
9378	10128	352
9381	7573	604
9394	10029	855
9421	14397	227
9423	4810	405
9429	10734	383
9430	6736	608
9431	13567	660
9433	3299	807
9435	4006	493
9436	6308	647
9441	6030	540
9442	6713	553
9465	12368	668
9465	12368	265
9467	9141	472
9471	1801	534
9477	21020	536
9490	5477	377
9490	5477	340
9491	4395	377
9497	15161	633
9500	6289	687
9505	2526	550
9509	10750	611
9512	1951	615
9513	2269	389
9514	2453	239
9514	2453	261
9522	2362	500
9529	4149	523
9532	17049	649
9534	1680	480
9536	5718	605
9546	8359	497
9551	6931	584
9552	6998	372
9556	1952	555
9561	4169	431
9570	12497	548
9570	12497	281
9570	12497	287
9571	16517	332
9572	4404	710
9578	6623	653
9581	3341	222
9589	3123	440
9597	2644	390
9604	5664	303
9615	13335	540
9629	9262	259
9629	9262	351
9630	5664	211
9633	4181	600
9635	12114	304
9646	13232	369
9647	4907	519
9648	13539	449
9648	13539	577
9652	8047	703
9656	7453	376
9660	7627	537
9661	10075	657
9661	10075	596
9667	6755	606
9669	12435	357
9673	9190	585
9681	9575	442
9681	9575	285
9683	4399	749
9690	3310	245
9692	1574	315
9697	1845	417
9699	8063	323
9701	8665	238
9701	8665	364
9709	3598	380
9713	5119	687
9716	4475	703
9723	4825	497
9724	17009	211
9724	17009	605
9725	6234	407
9726	13354	185
9737	22217	255
9738	14408	272
9738	14408	365
9741	4858	147
9744	5527	333
9745	3350	366
9745	3350	348
9748	6667	345
9754	4942	349
9754	4942	400
9759	3139	301
9764	5912	359
9764	5912	374
9768	9757	651
9768	9757	284
9773	6534	532
9773	6534	445
9777	2429	402
9778	6382	364
9780	1724	252
9786	3759	222
9790	2805	403
9794	3455	472
9795	2990	673
9796	4161	237
9797	6742	718
9799	5328	475
9800	5973	247
9800	5973	201
9801	1675	256
9810	1453	304
9811	3016	529
9811	3016	268
9813	15499	534
9815	3482	175
9816	8681	648
9817	7887	286
9822	16772	329
9825	2870	168
9825	2870	350
9833	9574	649
9833	9574	345
9835	2342	380
9841	3262	206
9857	1392	215
9865	15246	374
9869	6518	516
9873	5586	371
9875	7767	508
9877	3116	368
9877	3116	370
9883	8592	432
9883	8592	417
9883	8592	271
9887	13071	414
9893	4656	526
9894	7957	600
9894	7957	569
9896	5719	579
9896	5719	584
9901	1749	373
9906	8553	354
9911	3505	326
9919	2606	370
9924	6908	561
9925	1410	363
9930	7744	827
9933	3863	580
9935	3616	312
9935	3616	334
9939	19596	312
9939	19596	378
9939	19596	361
9943	1272	319
9944	4562	420
9953	14982	445
9963	7202	243
9964	1700	314
9967	2773	200
9969	6282	640
9972	11372	388
9979	3229	672
9980	5800	339
9983	7103	580
9984	1274	302
9988	1899	488
9989	2768	458
9989	2768	328
9990	3126	215
9998	3364	416
10008	5561	448
10009	8912	474
10009	8912	418
10010	3309	318
10012	2846	344
10015	2026	433
10018	2337	442
10018	2337	227
10019	9454	436
10020	3450	301
10020	3450	292
10038	2473	705
10039	3782	367
10039	3782	395
10046	3943	257
10050	5862	750
10051	7997	373
10051	7997	305
10060	2612	486
10066	2039	497
10068	2452	440
10076	2550	434
10077	8229	600
10079	9135	473
10079	9135	458
10081	2752	366
10085	7745	607
10087	18074	410
10088	4109	259
10098	7859	595
10101	6860	511
10101	6860	785
10109	3914	413
10109	3914	294
10114	9020	572
10116	8973	530
10121	8342	619
10125	1473	429
10126	2891	337
10130	856	211
10140	1269	215
10141	1445	371
10144	6330	614
10145	4295	433
10145	4295	238
10149	2336	527
10156	8047	557
10156	8047	550
10157	15604	250
10157	15604	513
10160	5137	320
10160	5137	276
10161	2056	378
10166	6830	227
10168	884	200
10171	4372	466
10176	748	267
10184	10212	176
10184	10212	237
10188	2674	458
10193	9990	410
10195	7163	607
10202	6913	440
10206	4056	264
10207	1538	287
10210	7828	258
10215	14545	185
10215	14545	745
10217	7348	200
10218	2491	314
10219	2997	296
10222	4768	306
10227	6858	273
10231	8455	367
10236	6206	692
10238	10752	385
10241	2345	357
10242	2717	399
10249	2544	274
10252	9661	457
10252	9661	382
10253	10049	528
10256	1372	441
10259	13663	629
10260	3301	410
10261	1476	333
10262	10767	189
10262	10767	154
10262	10767	275
10263	3251	441
10274	1796	404
10275	18684	541
10283	10106	509
10285	13292	591
10285	13292	342
10286	4242	543
10300	5808	470
10303	1624	302
10307	3590	390
10308	5646	556
10313	3346	239
10317	1529	630
10320	4933	269
10320	4933	250
10325	16366	777
10327	3505	480
10330	8740	334
10332	11719	575
10335	5921	567
10340	3328	708
10341	5618	226
10345	2332	383
10352	10295	516
10354	4393	558
10358	3827	557
10360	2183	398
10362	2611	706
10371	7977	762
10371	7977	656
10375	10896	245
10376	3947	185
10378	2664	431
10380	14852	239
10380	14852	618
10385	7924	433
10386	3320	590
10392	2136	185
10400	10304	235
10400	10304	453
10407	9577	322
10409	7325	548
10410	8370	221
10415	4546	548
10418	4394	517
10419	9557	637
10423	4552	316
10423	4552	250
10427	4243	322
10434	2023	266
10435	8770	206
10436	5390	439
10438	4578	562
10445	3969	498
10446	5566	335
10446	5566	677
10448	5236	527
10453	5008	178
10453	5008	184
10454	9475	723
10459	6637	288
10462	3448	674
10466	10819	348
10486	1696	336
10488	6090	392
10491	5043	479
10492	1198	360
10494	3224	675
10499	3641	721
10504	1907	749
10508	2687	642
10512	10489	808
10519	15517	379
10524	786	238
10526	3647	327
10531	3768	528
10532	9046	266
10532	9046	523
10533	3035	259
10543	5022	552
10545	3679	629
10546	4801	359
10552	2187	745
10555	8869	343
10556	9041	221
10556	9041	174
10556	9041	545
10558	8848	356
10563	2785	185
10567	14507	550
10583	863	310
10586	3174	209
10592	4126	393
10597	10545	489
10599	7619	385
10605	2519	421
10609	3785	352
10610	5674	769
10613	4734	302
10614	4494	513
10616	6144	605
10621	2700	757
10623	12020	713
10623	12020	674
10623	12020	647
10633	3738	406
10634	4350	588
10638	3850	293
10640	2630	731
10644	4408	365
10646	3245	200
10647	3723	417
10647	3723	342
10654	2206	497
10658	3434	206
10660	1230	322
10669	2237	306
10682	4933	360
10685	11518	369
10688	4963	653
10692	3048	492
10695	2072	670
10717	6239	444
10719	5275	482
10722	1951	556
10725	9261	237
10725	9261	601
10726	9549	393
10728	3241	185
10729	6161	584
10731	3907	334
10733	5808	654
10735	3225	422
10736	3119	589
10746	4126	335
10746	4126	223
10748	4672	377
10749	4045	785
10750	4052	720
10752	3002	366
10762	2237	371
10765	10867	371
10765	10867	238
10767	14072	653
10767	14072	407
10767	14072	413
10769	4304	573
10772	6172	608
10778	20738	226
10782	3602	600
10786	2930	227
10793	4646	635
10797	6178	380
10800	20688	563
10812	3544	445
10813	4783	778
10815	5150	614
10816	6203	509
10817	4442	410
10819	4629	238
10823	6410	336
10824	1471	362
10825	3637	397
10826	5657	698
10829	5654	543
10833	21494	557
10836	5933	697
10842	4255	439
10842	4255	434
10847	5011	439
10853	7632	394
10857	5633	675
10858	6686	237
10858	6686	194
10859	6545	672
10863	3022	623
10866	9454	429
10866	9454	487
10877	6836	574
10878	3255	678
10882	5571	599
10885	2787	525
10890	8816	262
10890	8816	673
10891	4517	371
10891	4517	386
10892	2955	352
10893	3695	750
10894	4079	168
10894	4079	584
10895	7138	595
10896	1976	669
10898	1986	466
10899	4266	395
10900	8582	317
10906	4056	539
10912	1995	271
10918	4347	446
10919	3537	243
10921	2913	621
10924	2978	394
10946	9381	215
10953	4893	568
10956	6712	248
10957	1894	490
10972	5707	623
10979	3351	283
10979	3351	424
10980	2500	308
10994	6858	572
10997	2948	356
10998	3331	595
11001	5937	556
11004	7428	411
11005	9353	644
11006	9246	473
11008	6207	518
11010	17598	382
11010	17598	696
11014	13345	510
11016	4195	480
11018	2959	476
11025	3540	455
11029	3222	496
11031	8665	539
11032	3320	359
11034	9405	364
11035	1875	296
11036	3898	419
11039	4677	350
11039	4677	373
11041	3147	278
11041	3147	200
11044	2370	413
11054	4546	529
11055	3827	533
11061	3412	320
11064	5266	641
11071	5047	269
11076	7469	454
11079	1935	428
11080	13904	509
11080	13904	206
11083	4573	576
11083	4573	371
11085	5910	653
11093	1580	336
11107	2578	278
11118	16899	735
11122	11112	923
11130	2162	435
11136	1283	200
11139	3902	663
11147	11288	543
11157	10977	431
11174	3046	585
11182	2436	379
11190	2556	554
11195	11567	484
11198	15334	503
11200	8002	423
11200	8002	200
11211	10282	277
11216	5353	331
11217	5203	381
11227	3088	200
11229	17316	583
11229	17316	729
11232	10389	445
11233	3660	588
11235	3130	330
11248	3195	319
11249	7408	289
11253	4681	354
11265	3976	490
11267	7334	588
11270	5867	740
11271	10668	585
11272	3808	644
11274	7316	666
11275	7910	264
11287	19093	329
11287	19093	335
11290	12693	615
11290	12693	314
11293	3484	460
11295	4957	185
11300	2776	370
11303	2210	185
11304	15475	200
11304	15475	191
11308	5177	524
11317	2906	403
11321	4227	339
11323	18131	398
11323	18131	461
11326	3844	398
11331	5390	330
11331	5390	416
11332	11069	530
11334	2324	185
11341	18802	447
11346	3983	281
11349	3862	423
11354	6771	628
11356	5922	492
11360	4911	396
11363	9139	185
11363	9139	555
11367	3217	244
11370	5263	292
11370	5263	450
11392	2387	638
