0	13489	39248
10	4484	478
12	3465	339
18	4508	307
19	3773	436
24	2576	405
26	3153	776
29	3630	407
34	2045	329
35	3645	506
42	2847	400
43	2684	290
46	2063	267
51	1687	238
51	1687	238
54	3329	381
55	1354	295
58	1615	388
63	2590	449
65	1359	368
72	2540	244
72	2540	493
75	2228	249
75	2228	188
76	3155	414
77	4380	270
78	2236	518
79	1326	315
88	2357	274
98	3664	470
103	2233	267
104	3248	423
108	1990	481
109	3433	249
114	1920	257
121	3130	256
121	3130	356
127	1648	261
134	2436	387
156	3197	457
169	1906	331
172	2600	395
184	2698	314
186	2093	272
187	1122	266
212	1701	241
222	2485	226
222	2485	285
223	3524	383
225	1389	249
226	1197	222
228	4027	384
230	2452	359
249	1091	422
250	1334	281
253	2480	256
256	2359	238
256	2359	256
257	1271	284
262	1063	261
263	3183	361
263	3183	357
271	3295	426
272	2854	343
278	3477	437
287	1698	306
290	2014	522
294	3092	439
294	3092	336
297	1558	322
306	2020	504
309	2789	344
310	2607	391
314	4164	344
316	1638	419
318	2038	251
319	1264	267
329	3924	280
332	2371	418
333	1629	280
334	1640	200
344	3507	206
346	2496	262
346	2496	268
354	2486	287
355	2357	306
355	2357	318
359	3175	200
361	2340	252
362	2201	251
373	2410	391
376	4082	344
379	2016	311
380	2057	206
382	1069	308
383	2741	290
383	2741	299
386	4170	290
396	4583	406
397	3567	345
400	4441	328
409	2152	304
410	876	261
411	2623	255
416	4482	492
416	4482	382
420	2295	436
425	2640	410
427	4157	370
431	4305	404
432	1996	261
432	1996	222
436	2721	261
436	2721	234
438	3289	481
439	1315	239
446	4500	381
456	1430	211
458	3817	346
459	1099	200
465	2328	376
472	2454	373
476	2671	268
479	2485	227
486	4754	560
497	2459	440
502	2937	278
504	2274	388
510	3832	251
511	2374	227
513	5037	409
513	5037	386
514	3669	388
516	2502	432
517	2834	395
518	1273	382
520	2493	255
532	3711	454
555	1925	466
583	1962	420
585	2703	387
586	2333	243
586	2333	322
589	3567	373
589	3567	464
590	4329	421
590	4329	310
591	1584	314
594	1736	274
595	3829	857
596	2852	211
596	2852	215
599	1792	341
615	4139	665
618	1979	269
619	2698	469
623	2071	702
625	1880	248
627	2839	144
627	2839	153
627	2839	346
628	3604	291
630	3612	442
631	2099	299
631	2099	306
639	2186	431
640	2499	367
643	3936	545
645	3687	765
649	2544	303
651	2487	500
651	2487	487
655	2682	557
664	3758	549
673	2867	567
676	3215	259
676	3215	330
677	1672	409
678	2898	169
678	2898	116
680	2288	200
681	3051	660
687	3241	287
689	3018	474
691	2655	625
697	3370	427
700	2183	385
706	3862	840
707	1335	200
711	2568	540
718	1420	274
725	4618	845
731	4012	612
733	2425	362
740	1696	308
742	3077	527
746	1385	200
748	3065	322
750	2073	280
755	1147	185
756	2579	554
757	4068	262
757	4068	258
758	2278	525
774	4800	457
776	2883	377
777	2591	374
778	1359	500
780	3342	462
788	4783	614
789	3268	273
790	2339	296
792	3425	431
795	1333	200
796	1532	347
799	2573	206
801	3147	502
805	1688	200
806	1286	220
807	2467	266
810	3879	732
811	2491	383
812	1944	260
814	4589	538
815	2018	293
817	4425	381
817	4425	406
818	844	227
824	3203	347
835	2315	418
837	1900	217
837	1900	301
839	1293	200
843	2280	367
844	3292	202
844	3292	619
846	1861	206
846	1861	140
847	2247	185
849	4288	452
850	4761	437
851	2740	379
854	4317	492
861	3113	527
864	2265	312
867	2080	286
873	1928	255
879	1960	243
879	1960	286
882	2170	473
889	1957	433
890	2447	384
893	4140	551
896	2962	339
905	2278	551
909	1580	332
911	2189	206
912	3439	399
921	2245	470
924	3560	411
924	3560	475
925	3626	767
928	3413	332
930	3356	535
933	3050	588
938	2873	343
939	1409	299
942	3853	697
945	2971	448
947	2728	525
948	1491	392
949	3781	291
949	3781	487
950	1490	327
950	1490	196
951	2290	280
953	1231	244
954	3436	348
955	1959	332
957	2163	490
958	1843	327
962	3434	359
962	3434	178
962	3434	186
964	2368	518
966	2167	336
969	1982	354
974	2512	504
979	2525	216
982	2140	499
988	1558	297
989	1692	254
989	1692	222
992	2424	491
994	1661	288
999	2741	277
1001	3460	580
1002	1736	216
1004	1720	458
1007	1273	268
1008	1375	260
1010	2874	436
1012	3634	227
1012	3634	413
1013	1593	211
1021	1585	265
1022	1702	334
1026	1813	275
1027	2502	522
1029	2107	239
1033	1632	335
1034	1279	430
1038	4597	496
1044	2998	699
1052	4242	506
1054	3024	317
1056	2609	336
1057	1570	258
1057	1570	242
1059	3141	494
1060	3518	385
1060	3518	266
1068	3100	375
1070	2138	383
1071	2669	357
1075	1249	185
1078	2155	484
1084	2898	501
1086	2199	324
1087	2312	448
1091	3139	250
1097	2388	279
1097	2388	341
1101	2159	514
1105	2707	371
1109	2155	323
1110	1488	226
1115	1757	469
1117	2530	427
1125	2587	180
1125	2587	323
1126	4374	270
1128	1853	185
1129	1651	355
1130	3656	548
1131	1947	304
1135	3337	521
1143	3578	543
1143	3578	156
1143	3578	159
1145	2105	211
1145	2105	263
1148	3183	408
1152	2643	340
1155	1351	211
1159	4584	811
1161	1785	302
1162	2005	200
1165	1956	269
1166	3242	514
1179	3707	383
1183	1930	466
1192	1589	352
1198	1236	232
1199	2109	322
1202	3650	390
1208	2575	382
1209	2110	270
1211	2743	238
1212	2919	538
1214	1744	389
1215	2012	318
1232	2237	215
1232	2237	318
1233	2422	284
1235	2861	421
1241	2415	314
1242	1826	206
1243	3092	577
1253	1683	261
1256	2782	355
1259	1383	255
1260	2659	200
1260	2659	272
1261	2973	441
1265	4178	390
1265	4178	222
1267	3492	528
1268	2518	230
1270	2615	481
1273	3819	317
1273	3819	269
1275	3640	625
1281	2125	292
1281	2125	304
1283	2236	446
1285	2575	554
1286	3534	350
1287	1692	185
1292	2557	474
1295	4414	419
1297	1908	458
1298	1325	338
1299	2830	287
1299	2830	364
1301	2532	222
1305	1787	455
1314	2442	528
1319	3672	515
1319	3672	370
1321	2810	322
1322	4272	471
1322	4272	509
1328	2682	269
1329	1843	510
1330	1842	257
1331	2950	521
1337	3880	443
1338	3651	436
1344	2907	346
1344	2907	257
1357	3189	262
1357	3189	312
1359	2676	527
1362	2876	391
1363	2498	293
1364	3895	526
1366	2910	436
1368	3592	482
1373	1844	318
1378	3550	342
1378	3550	379
1380	3421	524
1382	1875	347
1384	3551	377
1391	2649	535
1393	2192	346
1395	3015	395
1398	1469	289
1400	3798	434
1402	2410	200
1404	4221	443
1405	3179	442
1406	4056	463
1409	3702	466
1410	4853	215
1410	4853	414
1412	2836	307
1413	2545	470
1416	2428	406
1417	3543	437
1418	2980	281
1424	4541	485
1424	4541	358
1425	2842	394
1425	2842	381
1431	3833	361
1432	3986	480
1433	2595	380
1434	1392	290
1438	1829	333
1439	4070	530
1441	1855	420
1446	4632	734
1450	2724	539
1451	2962	527
1452	4146	290
1455	3210	334
1456	3235	360
1457	2402	284
1458	2983	295
1459	3815	259
1461	2890	355
1462	2040	308
1467	2594	200
1475	2369	461
1478	2010	580
1481	3050	401
1482	2773	350
1482	2773	293
1485	2318	295
1489	1414	222
1492	3971	506
1494	4201	489
1499	1894	393
1500	3352	289
1509	1834	200
1518	2885	669
1520	4633	686
1521	4169	390
1523	1897	522
1526	2681	389
1527	4131	803
1528	2820	317
1529	2477	374
1530	2705	275
1535	3363	528
1537	2709	358
1538	3101	512
1543	2572	541
1546	2829	638
1550	1569	451
1553	2999	541
1555	1344	311
1556	2396	368
1556	2396	372
1557	2920	307
1565	2684	321
1566	3733	391
1569	3073	341
1569	3073	302
1573	4843	524
1573	4843	408
1576	3787	530
1577	2545	438
1578	3138	466
1582	3198	471
1588	3683	507
1589	2269	456
1591	2654	315
1598	2558	250
1600	3003	561
1602	4372	585
1603	3528	366
1607	2309	433
1608	3872	470
1610	2794	349
1620	2460	258
1625	4101	691
1627	3149	478
1630	3225	422
1637	1520	349
1638	2887	206
1642	2537	279
1649	2528	326
1654	3583	306
1655	2992	185
1656	1013	238
1661	3891	635
1662	1620	298
1665	3298	431
1666	3243	366
1671	1395	592
1675	4411	531
1677	2766	339
1678	2562	466
1681	2857	306
1681	2857	230
1682	3300	294
1682	3300	304
1683	3661	413
1686	3105	325
1686	3105	327
1688	3177	594
1689	2006	408
1692	2512	297
1695	4366	371
1696	1617	372
1699	2569	339
1699	2569	279
1701	3053	286
1702	2545	267
1705	2116	261
1708	1729	250
1709	1742	185
1716	4046	454
1716	4046	526
1724	1520	349
1726	2133	397
1727	1227	366
1728	3095	551
1728	3095	404
1732	2494	215
1736	2038	296
1741	4185	287
1741	4185	177
1743	2121	247
1743	2121	295
1744	1572	315
1745	2937	353
1747	3718	381
1748	3566	419
1748	3566	317
1749	4668	371
1753	1798	185
1758	4384	335
1758	4384	200
1760	3739	490
1763	2215	338
1764	4092	385
1768	2105	300
1769	3489	255
1769	3489	318
1770	1880	320
1771	4619	492
1772	3129	480
1778	1189	354
1779	4915	486
1779	4915	447
1780	1856	351
1782	3267	440
1786	2644	542
1789	1827	388
1793	2111	285
1794	2910	358
1794	2910	331
1795	3044	559
1796	2017	284
1796	2017	291
1797	1675	200
1798	2570	335
1799	3615	227
1804	2611	356
1806	2667	215
1809	2679	364
1810	2413	536
1811	3091	405
1812	3611	286
1812	3611	287
1814	2293	335
1815	2603	259
1817	3386	345
1817	3386	377
1819	3509	481
1820	3737	475
1824	3336	365
1826	2635	246
1830	3749	366
1831	4534	377
1843	4731	502
1843	4731	467
1845	2253	216
1847	3127	336
1849	3964	369
1850	3757	342
1851	2470	227
1859	2792	326
1862	3804	401
1864	2892	353
1865	2206	273
1866	3044	450
1871	4332	295
1877	2660	303
1877	2660	391
1879	3592	316
1879	3592	278
1881	2602	311
1882	4595	292
1882	4595	284
1886	4683	509
1887	4281	408
1890	1754	328
1898	3286	278
1901	2492	332
1902	3809	385
1902	3809	281
1903	3620	363
1903	3620	330
1907	4041	185
1909	3160	439
1910	2876	317
1916	2014	380
1918	2570	243
1919	2567	343
1920	2899	541
1921	4267	361
1922	3128	515
1924	4178	302
1928	3424	485
1931	1628	261
1933	3277	469
1936	3483	515
1936	3483	279
1939	3127	350
1941	3212	319
1943	3562	250
1945	2307	399
1948	4134	507
1949	3244	304
1950	3533	572
1951	4471	384
1951	4471	347
1956	3564	387
1958	3028	473
1961	3411	661
1962	2527	470
1967	4363	333
1968	921	331
1971	2242	395
1974	2630	311
1975	2420	349
1976	4375	509
1979	1949	382
1982	2345	341
1985	2853	427
1987	3286	528
1990	4104	763
1996	3632	215
1996	3632	298
2005	3439	394
2005	3439	403
2009	2219	185
2010	2871	227
2015	4252	376
2015	4252	183
2016	3994	389
2026	2639	434
2030	2265	393
2031	4092	288
2031	4092	251
2032	4011	330
2032	4011	377
2037	1663	319
2045	3152	388
2045	3152	319
2047	2599	321
2048	2364	262
2054	2544	222
2054	2544	200
2055	3100	285
2056	3541	553
2061	1086	262
2065	992	222
2076	4226	430
2078	2101	508
2079	2445	451
2080	2914	542
2085	4336	345
2086	1783	297
2088	3203	432
2089	1630	185
2091	3294	482
2093	4425	569
2097	4379	863
2098	2225	331
2103	2332	496
2107	3198	528
2121	2455	502
2124	2693	461
2126	1698	405
2132	3253	595
2134	2816	532
2139	2505	497
2142	2115	390
2145	3707	380
2147	2212	509
2152	2280	457
2154	2611	360
2158	3783	480
2158	3783	455
2160	2380	327
2161	1797	364
2162	5144	483
2162	5144	544
2163	2600	358
2164	2714	461
2169	4782	261
2171	3162	400
2174	2478	562
2175	1886	344
2176	2989	285
2179	2594	481
2181	2989	503
2182	4585	566
2182	4585	222
2189	3769	555
2195	3149	222
2198	1811	370
2203	2405	537
2204	3386	461
2205	2344	328
2205	2344	144
2209	3650	484
2214	3448	404
2215	2921	269
2216	1328	427
2218	2228	300
2219	3024	520
2220	2635	305
2223	2293	386
2225	3357	490
2227	3026	623
2229	4831	417
2231	5215	715
2240	1787	515
2242	3974	705
2243	2561	481
2248	4433	454
2249	4956	510
2250	4712	237
2252	1475	250
2254	2625	507
2255	2320	459
2257	2624	341
2257	2624	185
2258	2763	491
2259	3687	626
2260	2870	499
2261	2167	305
2264	4369	778
2268	3380	342
2271	1240	351
2284	2075	455
2286	3312	444
2287	3535	422
2290	2788	364
2291	4277	846
2299	3504	566
2302	4108	601
2307	2461	502
2309	3027	443
2311	3752	645
2313	4301	251
2317	2291	254
2317	2291	211
2321	4449	347
2322	2172	185
2323	3750	384
2325	1847	497
2333	4635	602
2333	4635	206
2336	3550	696
2341	3334	463
2341	3334	397
2347	4359	512
2350	3578	371
2353	2141	401
2357	1634	272
2359	2991	614
2363	2453	376
2367	4446	593
2370	2410	289
2371	3279	504
2373	3876	350
2376	4075	421
2379	2105	312
2381	4513	435
2386	1956	281
2391	4032	460
2394	2075	403
2395	2988	185
2396	3356	583
2397	3431	480
2398	4937	388
2403	4085	402
2403	4085	402
2403	4085	248
2405	4146	549
2406	2686	546
2408	1827	249
2409	2547	271
2410	2961	358
2410	2961	356
2411	3016	528
2416	3461	211
2419	970	304
2422	2836	666
2424	1464	339
2425	3727	495
2431	3493	307
2431	3493	239
2438	5081	523
2443	2017	200
2444	4903	805
2445	2458	430
2452	4212	515
2458	4808	418
2458	4808	461
2462	5044	447
2465	4447	514
2470	2709	413
2472	1952	273
2473	3635	526
2476	5200	472
2480	1850	243
2486	2733	512
2488	3385	258
2490	3292	582
2492	2414	301
2492	2414	219
2493	2990	369
2494	1715	334
2495	4749	266
2496	2530	451
2499	3244	278
2499	3244	305
2503	3770	285
2508	2327	489
2510	5209	562
2514	3304	185
2516	3591	798
2519	3592	427
2526	3407	429
2527	1847	423
2529	3773	267
2529	3773	289
2530	1828	536
2533	5070	476
2537	4008	393
2538	3907	211
2539	3425	486
2540	2034	481
2541	1362	222
2542	2942	315
2544	3221	254
2547	3026	425
2550	2807	211
2553	3425	255
2553	3425	351
2556	2195	530
2565	3835	515
2567	1868	383
2568	2364	470
2575	2196	449
2581	3255	701
2586	4354	275
2586	4354	304
2591	2589	366
2593	2622	445
2596	3531	328
2598	1640	366
2602	1590	293
2603	4023	350
2607	1182	340
2608	2519	308
2610	2493	388
2614	2234	453
2617	2651	509
2621	2871	494
2621	2871	293
2624	3387	330
2627	3351	349
2629	1717	381
2634	1401	312
2635	4119	222
2636	3336	289
2638	4128	299
2640	3316	258
2643	862	227
2646	2945	241
2648	3546	282
2650	3209	349
2650	3209	384
2651	2372	206
2654	3001	401
2657	1844	185
2660	2639	384
2662	2341	273
2664	1927	470
2667	2691	349
2667	2691	344
2675	4118	439
2676	5021	498
2681	2172	211
2691	1998	717
2694	2367	200
2694	2367	200
2695	4555	318
2696	2500	330
2698	2031	261
2699	2952	185
2700	2179	211
2703	3630	451
2713	4317	305
2713	4317	354
2714	4423	357
2714	4423	383
2717	2408	309
2718	3874	511
2720	2863	365
2721	3230	319
2724	3765	492
2724	3765	485
2726	1551	294
2726	1551	274
2734	3303	463
2735	3850	385
2736	2393	311
2742	3257	288
2746	2787	345
2749	2115	215
2750	1498	277
2754	3257	525
2758	2502	541
2760	2714	579
2762	3166	626
2768	1596	200
2770	959	270
2772	3423	364
2773	2408	309
2777	1826	311
2779	3204	502
2780	2115	268
2784	3931	489
2787	2210	211
2788	3377	406
2789	2193	329
2790	1744	340
2791	4070	642
2792	4539	528
2794	2688	317
2795	1803	276
2796	1784	246
2799	1241	292
2803	3564	195
2803	3564	389
2805	2613	474
2808	1898	256
2810	3163	341
2811	2691	311
2815	1846	434
2821	2394	391
2839	2424	404
2839	2424	283
2842	2408	467
2849	3521	470
2850	1247	257
2852	2636	227
2857	2504	327
2859	1826	328
2861	3278	544
2866	2517	211
2867	2204	185
2876	2308	328
2877	2360	284
2878	1485	244
2887	3045	497
2894	2718	405
2895	2578	346
2896	2854	360
2900	4268	270
2900	4268	227
2903	2041	290
2904	2273	290
2904	2273	331
2905	4676	689
2906	1265	277
2908	3050	421
2909	2334	311
2912	2064	238
2916	2461	401
2924	1934	344
2928	2663	385
2930	2344	439
2932	1278	200
2942	1837	266
2943	3518	342
2943	3518	367
2947	2546	267
2947	2546	325
2950	3943	244
2951	3497	267
2959	3603	329
2959	3603	273
2964	2854	311
2969	2975	580
2970	2268	268
2970	2268	200
2972	2694	288
2975	2894	222
2976	2937	241
2976	2937	341
2977	1268	290
2981	1489	315
2987	3057	376
2990	2677	185
2990	2677	259
2992	1673	273
2994	2889	248
2998	1798	382
2999	2717	232
3003	3123	245
3003	3123	216
3006	3070	513
3007	3724	607
3016	2364	339
3017	2307	299
3024	2984	287
3025	2473	286
3025	2473	320
3034	2164	446
3035	1974	366
3036	2290	490
3041	1665	381
3042	1628	243
3045	2318	250
3047	2080	298
3051	3433	429
3056	1856	239
3058	2506	485
3059	2699	407
3060	1118	202
3061	2617	492
3063	1830	404
3074	4452	582
3075	2986	274
3084	2497	279
3087	3079	487
3087	3079	292
3088	2027	585
3094	3182	482
3095	2693	357
3095	2693	452
3096	2498	513
3100	1522	271
3101	4306	443
3101	4306	473
3104	2723	370
3104	2723	392
3109	2699	324
3110	2415	211
3111	3481	531
3115	1776	351
3117	3992	459
3119	2411	426
3124	2750	269
3124	2750	260
3127	2456	449
3129	1544	285
3133	3354	200
3138	1641	185
3141	1381	185
3144	1659	277
3148	1867	261
3150	2174	222
3152	2746	471
3158	2188	348
3159	1443	298
3161	3668	246
3161	3668	324
3165	4754	455
3165	4754	378
3169	2226	305
3173	1444	523
3179	2636	346
3180	5209	385
3180	5209	379
3184	2877	581
3186	4427	296
3186	4427	498
3187	4544	487
3191	2662	292
3192	5174	527
3193	3528	521
3194	2154	211
3197	2991	340
3197	2991	339
3199	2327	227
3200	1763	249
3202	3414	216
3202	3414	294
3203	2321	507
3204	2249	227
3205	1559	262
3209	3142	266
3210	3247	413
3217	1684	401
3218	2042	487
3224	2605	484
3227	2265	307
3227	2265	275
3229	2982	599
3230	4468	434
3242	739	239
3243	3045	368
3246	3211	387
3246	3211	377
3250	3198	528
3252	3111	383
3253	2654	369
3254	3097	488
3254	3097	338
3258	2879	538
3259	2931	293
3263	1920	286
3270	2539	476
3271	3852	300
3273	2191	628
3279	2481	453
3284	1555	388
3286	3482	403
3290	4230	389
3291	3020	511
3292	1391	268
3293	2292	261
3295	2672	448
3297	3055	446
3301	4958	383
3301	4958	381
3302	1114	185
3304	1746	282
3310	2328	463
3311	2013	267
3313	2685	255
3314	3157	302
3314	3157	309
3318	1602	185
3322	3602	227
3322	3602	292
3325	3190	886
3326	1692	290
3327	3109	281
3329	4414	310
3330	1586	222
3336	4110	528
3337	2855	233
3338	2731	453
3342	1097	314
3343	2916	467
3346	2198	328
3347	2589	227
3349	2440	243
3349	2440	305
3353	3002	232
3360	1930	491
3361	3392	458
3365	5214	293
3365	5214	385
3366	2266	219
3366	2266	286
3369	2160	323
3369	2160	282
3371	1735	353
3372	864	267
3373	2489	396
3377	4265	449
3378	3014	316
3382	3442	392
3386	1168	238
3394	3490	283
3395	3122	413
3404	2334	356
3407	1832	200
3409	1735	260
3410	3923	185
3411	1841	429
3416	4112	254
3417	3106	472
3420	2875	629
3423	2470	188
3423	2470	237
3430	2111	309
3433	2382	446
3434	2555	323
3435	4359	336
3439	4787	594
3440	2688	280
3440	2688	249
3441	2109	211
3446	4040	562
3453	3420	286
3455	3222	557
3456	1404	325
3457	2615	280
3458	1734	316
3460	1248	185
3462	2998	535
3463	2653	423
3464	1975	431
3467	1940	227
3468	2354	316
3468	2354	220
3477	2752	405
3479	2541	280
3481	2961	353
3484	1749	406
3485	2584	312
3492	3972	418
3492	3972	421
3497	2596	260
3498	2324	314
3499	864	309
3500	2285	306
3504	3444	206
3510	2701	454
3513	2216	185
3514	3016	365
3522	1428	295
3523	2872	206
3529	1986	262
3532	3145	433
3534	2998	440
3545	1508	361
3551	1473	267
3556	1441	255
3561	2086	282
3575	3709	255
3576	1506	258
3578	2609	356
3591	3136	185
3598	3121	439
3603	3176	351
3604	2818	379
3606	3013	206
3607	2632	222
3608	2540	440
3612	2558	394
3616	2578	211
3619	2864	234
3622	3617	245
3627	3046	519
3629	3317	318
3629	3317	292
3637	3192	248
3640	1970	303
3641	1253	222
3642	3838	222
3642	3838	215
3643	3815	279
3643	3815	289
3647	2282	301
3656	2562	309
3657	3395	350
3661	1601	332
3664	1444	238
3675	1635	227
3677	1830	299
3678	3751	280
3678	3751	257
3679	3509	388
3680	1632	222
3686	2676	400
3687	2365	347
3687	2365	382
3689	2275	299
3692	2936	279
3696	991	301
3698	2390	285
3698	2390	222
3700	3213	326
3700	3213	350
3701	2725	211
3704	2802	304
3705	1336	305
3706	2456	362
3707	1846	222
3708	3127	290
3708	3127	200
3709	1463	354
3710	2468	250
3710	2468	314
3711	2893	185
3712	2182	289
3716	3187	283
3716	3187	189
3718	1759	391
3724	2200	273
3724	2200	277
3726	1296	343
3731	1696	227
3732	2754	375
3732	2754	366
3734	1341	211
3737	1542	252
3741	1179	222
3744	2823	174
3744	2823	253
3745	2080	318
3746	1961	297
3749	2557	293
3751	2042	266
3754	1657	256
3757	1599	244
3760	2923	321
3761	1655	227
3765	1521	266
3766	1794	227
3767	2372	243
3769	1875	221
3771	2834	316
3773	1529	278
3775	1358	238
3777	2591	211
3779	1898	290
3780	2381	353
3781	2147	320
3782	2168	185
3782	2168	258
3783	950	326
3784	2948	206
3785	2535	159
3785	2535	157
3789	2297	185
3792	2588	390
3797	1803	325
3801	2908	227
3809	3088	396
3811	1849	289
3817	3230	344
3821	2420	435
3828	1785	443
3833	1740	185
3835	2839	680
3837	3673	421
3837	3673	417
3842	1497	375
3845	4476	200
3846	1629	284
3849	2127	312
3849	2127	291
3853	1967	412
3854	1657	355
3855	1187	222
3858	1624	317
3864	2789	222
3865	2397	488
3870	2186	254
3871	2266	402
3875	2233	451
3877	1889	423
3878	1552	222
3882	2018	434
3883	1349	260
3884	1572	349
3895	849	311
3897	3345	220
3901	1506	367
3903	5362	484
3903	5362	534
3910	1422	451
3913	1480	304
3916	2134	326
3918	2425	379
3918	2425	394
3919	2312	503
3923	1139	297
3928	950	304
3930	2184	452
3931	3392	351
3935	1406	200
3936	1502	306
3936	1502	301
3947	858	254
3951	1851	474
3953	895	227
3961	1998	495
3964	771	317
3965	1857	263
3966	2321	244
3969	1451	211
3969	1451	305
3971	2153	302
3972	622	227
3977	1357	351
3982	1360	274
3982	1360	299
3984	1302	372
3986	890	311
3987	986	367
3991	895	185
3994	1931	200
3994	1931	238
3996	1451	305
3999	1929	227
4000	3110	641
4001	1351	329
4010	2462	383
4011	1860	500
4013	4807	371
4013	4807	403
4019	1784	261
4020	1402	254
4022	1664	229
4027	1276	250
4029	1034	262
4033	2296	300
4038	1865	340
4038	1865	290
4040	1753	453
4043	2250	410
4045	2725	481
4047	1868	539
4048	2368	200
4050	1705	258
4050	1705	486
4052	1570	271
4053	1633	430
4058	912	250
4060	1570	200
4061	1929	222
4062	1554	348
4064	1064	232
4069	2687	353
4073	1809	371
4078	1932	319
4080	2140	415
4085	1368	474
4087	1765	330
4094	807	320
4096	1123	338
4097	789	291
4106	3374	686
4110	2633	365
4110	2633	316
4111	1786	548
4113	1548	200
4114	2389	458
4116	2132	294
4118	1262	227
4120	2457	361
4120	2457	312
4123	1938	426
4124	1669	362
4127	1050	336
4128	1602	390
4130	1958	243
4131	1276	211
4133	1279	302
4136	4728	288
4136	4728	432
4138	934	250
4140	2796	383
4144	1195	328
4149	1859	251
4154	1465	222
4159	539	200
4161	3548	368
4161	3548	424
4162	2989	200
4165	1486	326
4166	2576	253
4167	1587	320
4174	2361	637
4182	3374	299
4182	3374	390
4185	1315	268
4186	3151	279
4187	841	273
4191	1467	489
4193	1904	499
4195	2530	337
4197	847	262
4207	1180	258
4208	2141	212
4208	2141	288
4212	1489	315
4213	2156	274
4215	3233	429
4215	3233	386
4219	1401	409
4225	1483	444
4227	3482	432
4228	1668	297
4233	2109	325
4236	4169	682
4239	1457	302
4240	3855	316
4244	2197	541
4245	1193	250
4249	2830	341
4249	2830	333
4253	2500	215
4253	2500	341
4257	2498	308
4262	1592	251
4263	1371	377
4264	2651	200
4267	1297	261
4270	1218	211
4272	1323	431
4273	1875	282
4274	1776	242
4276	1004	438
4279	2866	597
4284	1456	249
4288	1274	394
4295	3106	353
4297	1537	211
4302	1161	373
4303	2680	266
4304	1627	227
4308	1602	291
4309	1951	260
4310	2566	405
4311	3233	487
4312	1815	282
4313	2183	283
4314	2666	465
4315	1041	421
4322	1114	185
4324	2562	332
4325	1413	429
4327	2530	255
4329	1903	293
4330	2517	222
4332	2919	475
4334	2777	533
4336	1736	317
4337	1770	361
4338	2415	280
4339	3396	378
4340	1295	266
4342	2320	438
4343	2928	294
4348	966	237
4353	3505	403
4356	2706	244
4357	1394	283
4359	2407	385
4360	2520	411
4364	3171	386
4366	2678	417
4370	1287	403
4376	2644	285
4377	1100	185
4383	1171	363
4384	2027	185
4385	1934	498
4386	1873	211
4388	1726	308
4394	2688	361
4395	2249	280
4396	1737	316
4397	5853	295
4407	2069	434
4408	2247	185
4414	1299	445
4419	2468	553
4420	3978	439
4426	1368	412
4428	1804	253
4429	1479	457
4430	2166	267
4430	2166	289
4432	1661	492
4442	2549	286
4443	1556	257
4449	3655	530
4462	2955	327
4464	1012	286
4473	1505	344
4475	3095	361
4476	2128	234
4481	1406	227
4492	2396	604
4502	2735	316
4508	1339	255
4512	1202	460
4544	2733	437
4544	2733	222
4554	3045	553
4557	3305	489
4564	2156	391
4566	2716	351
4574	1972	445
4578	2137	403
4590	1837	332
4591	765	185
4599	1892	284
4604	1422	254
4611	3930	185
4628	2221	329
4629	1916	291
4637	2240	431
4640	2968	356
4652	1902	313
4682	2028	359
4693	1142	206
4700	1980	181
4700	1980	244
4705	1814	358
4709	2528	418
4711	1898	278
4715	2957	417
4715	2957	353
4716	2128	222
4718	2469	200
4724	2140	228
4724	2140	179
4728	5304	667
4742	1130	299
4746	2270	261
4750	2101	364
4754	1469	226
4760	2637	249
4764	5147	237
4764	5147	521
4766	1985	250
4766	1985	211
4768	2162	360
4770	1656	268
4771	2334	340
4772	1332	239
4773	2371	297
4776	2420	496
4778	2028	261
4781	1970	312
4782	1954	211
4782	1954	211
4784	2332	342
4787	2531	446
4788	1872	278
4793	1454	367
4794	3151	287
4794	3151	268
4795	1948	239
4796	2031	260
4799	1626	227
4803	3450	335
4803	3450	335
4804	1797	200
4805	5227	514
4807	1966	399
4813	1539	285
4814	1810	222
4814	1810	222
4815	2813	185
4818	1697	423
4822	1284	262
4826	2566	275
4829	761	222
4834	2696	396
4835	1507	277
4841	2285	256
4841	2285	206
4843	2014	266
4849	2550	274
4849	2550	273
4857	2777	274
4857	2777	200
4860	1593	342
4861	2212	240
4861	2212	240
4864	1949	215
4869	1842	211
4871	2552	233
4877	1364	263
4882	1527	238
4886	1054	248
4889	1929	272
4893	1774	200
4895	3575	521
4896	2860	290
4900	1061	319
4903	3972	234
4909	2095	270
4911	2347	185
4912	2899	245
4916	2596	412
4921	2339	318
4923	3141	325
4931	3845	348
4932	1160	227
4939	1927	400
4941	3889	523
4942	3691	305
4942	3691	206
4943	1415	185
4945	2898	277
4948	2206	383
4950	2154	479
4952	1827	284
4953	560	174
4954	3175	272
4959	1314	185
4965	1968	251
4968	1912	234
4968	1912	228
4971	2072	294
4971	2072	260
4972	3015	279
4972	3015	185
4974	1815	380
4981	2433	244
4981	2433	319
4983	2287	255
4983	2287	275
4986	2215	328
4988	2673	548
4991	1755	215
4996	1479	256
5000	1398	328
5009	2059	183
5009	2059	464
5010	1447	211
5011	1542	259
5016	782	185
5018	1518	288
5023	1827	255
5030	1064	211
5034	1385	281
5038	1665	200
5041	1760	232
5047	1345	206
5050	1854	247
5055	611	185
5057	1954	260
5058	1604	343
5068	2371	250
5078	2378	226
5081	2364	259
5085	1420	242
5087	2040	318
5090	2189	187
5090	2189	175
5100	2797	430
5102	2597	343
5105	2471	185
5116	1685	233
5117	2642	200
5127	2323	300
5133	3191	467
5135	1422	300
5141	3001	561
5143	1872	355
5144	1322	266
5145	1432	376
5146	1555	305
5152	1283	230
5153	1644	250
5154	1854	406
5155	2316	250
5158	1510	468
5159	2990	310
5162	2663	398
5165	1709	331
5167	3187	348
5169	2061	239
5182	3645	468
5184	2007	664
5186	2414	262
5186	2414	310
5187	2886	367
5193	2370	503
5194	2650	432
5200	3085	390
5210	2390	398
5211	2403	473
5217	2010	464
5218	2907	185
5218	2907	279
5220	2337	382
5223	1068	280
5224	2031	296
5225	1799	200
5228	1169	278
5230	1281	284
5231	1447	354
5234	2656	428
5237	2026	260
5249	2443	336
5253	1517	185
5257	2110	538
5265	1628	241
5270	1365	340
5274	2018	622
5279	1494	263
5280	2217	444
5293	1944	448
5295	1948	185
5296	3310	393
5297	1771	411
5298	2304	185
5299	1325	506
5306	1627	319
5313	3352	272
5313	3352	229
5319	1152	238
5322	2085	313
5336	2234	227
5337	1557	365
5339	3434	390
5341	1407	349
5342	1865	255
5349	1196	286
5350	3308	287
5354	2052	309
5355	1798	222
5356	1816	309
5358	1721	258
5361	1211	185
5366	2446	266
5367	1926	292
5370	2732	397
5372	1720	326
5379	1405	410
5382	3699	562
5384	1935	455
5385	1688	528
5401	1119	222
5402	2536	245
5402	2536	443
5412	2155	398
5414	3093	432
5416	2142	200
5418	2993	427
5418	2993	454
5421	2334	200
5422	3049	440
5425	1524	315
5426	3232	323
5426	3232	185
5430	2288	311
5432	1658	391
5434	1857	321
5439	3656	367
5441	3149	480
5441	3149	376
5445	1879	375
5448	3580	242
5457	3051	529
5461	1849	252
5465	2152	353
5467	2372	299
5478	1512	283
5482	1381	332
5488	1726	283
5488	1726	208
5492	2706	366
5505	2044	276
5506	1653	366
5513	2777	402
5514	2495	222
5514	2495	255
5517	1839	302
5525	1767	185
5526	2716	415
5528	2106	341
5529	2299	493
5532	2694	328
5534	2936	344
5534	2936	332
5536	2815	632
5538	2289	285
5538	2289	227
5540	2176	364
5542	2756	494
5543	3193	360
5544	3189	507
5553	2187	282
5556	3718	185
5557	2340	429
5558	3239	222
5558	3239	242
5559	1607	185
5561	1160	266
5564	2235	343
5568	2461	333
5570	1528	353
5570	1528	344
5576	4162	403
5586	3680	505
5587	3120	548
5589	3443	588
5594	3809	901
5595	3703	780
5597	3344	582
5602	2242	346
5605	2774	290
5610	2152	292
5614	2185	558
5615	2074	343
5618	2071	409
5619	2274	293
5623	2752	466
5623	2752	448
5626	2170	279
5628	3213	548
5635	2489	376
5636	3583	454
5642	1648	268
5643	2282	280
5644	2656	853
5651	3071	514
5652	3468	899
5653	1648	297
5654	1932	317
5658	3418	272
5658	3418	318
5659	2249	469
5661	1985	353
5662	2866	200
5662	2866	275
5665	2084	232
5666	3361	410
5668	3025	356
5668	3025	207
5670	2339	339
5675	2017	528
5676	2738	486
5677	3468	296
5677	3468	325
5681	2290	267
5683	3872	498
5684	3017	227
5686	2146	687
5688	1352	417
5689	2293	425
5691	2666	238
5692	1901	263
5696	3743	354
5696	3743	206
5704	2419	310
5705	2730	271
5708	2589	268
5710	2029	329
5711	2022	269
5712	2714	371
5713	2332	331
5713	2332	320
5716	1809	251
5716	1809	359
5724	3505	440
5726	2334	200
5727	3198	641
5731	3862	286
5733	3507	612
5734	3178	420
5736	1838	479
5739	1698	215
5740	3193	302
5743	2773	561
5753	1962	299
5754	2335	256
5754	2335	180
5758	1629	358
5762	3226	467
5763	1889	185
5764	1974	238
5765	1529	303
5767	2163	299
5771	1965	315
5772	4026	504
5772	4026	454
5773	2697	185
5773	2697	267
5778	3636	372
5779	3035	316
5779	3035	241
5784	1558	429
5790	3480	185
5791	2889	567
5797	2192	266
5798	2841	384
5799	1375	470
5800	2673	251
5801	1690	412
5806	2588	226
5806	2588	237
5807	2938	185
5809	3296	274
5810	3165	466
5814	3471	641
5818	2806	200
5818	2806	344
5820	2970	304
5823	2073	268
5824	2702	386
5825	2117	250
5826	2393	453
5828	2073	237
5829	2211	456
5831	2562	284
5831	2562	310
5835	2340	470
5836	1718	258
5837	2794	605
5841	2428	275
5841	2428	272
5845	1119	230
5853	2353	595
5855	2286	522
5856	2091	322
5857	4127	383
5860	2540	297
5861	3779	573
5862	3379	241
5864	2155	242
5870	2514	431
5872	2682	323
5872	2682	250
5876	2314	185
5877	1829	215
5878	1092	461
5880	3766	185
5881	1297	249
5894	2449	553
5905	2038	519
5906	2122	321
5908	1559	367
5909	2179	270
5910	3303	460
5910	3303	222
5911	2856	411
5914	1866	227
5916	1978	266
5918	2883	489
5921	1783	538
5927	3230	270
5928	1686	418
5930	2859	227
5931	2253	489
5939	2263	498
5941	2542	391
5945	2254	227
5946	1802	280
5950	1181	275
5955	2043	185
5956	2450	230
5957	955	206
5964	2023	277
5968	1284	325
5969	4066	357
5972	2788	524
5973	2076	322
5976	4145	261
5976	4145	274
5982	3884	243
5990	2758	349
5990	2758	185
5993	1094	346
5995	2119	474
5996	1567	222
5997	3685	419
6005	3236	489
6011	2004	351
6012	3047	389
6016	2152	227
6016	2152	256
6019	1944	185
6026	2630	455
6028	2338	500
6034	2004	134
6034	2004	147
6034	2004	162
6035	2717	455
6036	2056	386
6041	3850	307
6041	3850	304
6042	1450	300
6045	1207	200
6047	2379	480
6048	3311	508
6053	1645	506
6056	1462	452
6060	2841	537
6062	1800	185
6063	1700	292
6073	1636	462
6075	858	238
6076	1469	262
6077	2636	302
6083	2337	238
6084	1565	310
6086	4293	416
6086	4293	470
6087	1844	282
6089	2812	379
6090	2059	206
6090	2059	232
6091	3177	467
6094	3795	670
6095	2065	338
6096	2681	277
6099	1685	279
6101	4258	307
6106	2184	292
6107	1884	396
6114	2967	302
6117	2402	375
6118	2553	387
6121	1142	273
6123	3492	433
6126	2665	247
6127	1208	238
6132	2213	311
6137	2276	346
6137	2276	233
6138	3732	526
6144	2294	266
6145	1330	319
6152	3548	284
6152	3548	347
6158	1767	249
6159	3017	569
6162	2159	427
6168	1502	323
6169	3384	332
6170	1899	313
6171	2296	166
6174	2729	250
6174	2729	267
6178	3723	413
6184	3994	414
6188	2233	200
6193	1320	317
6196	2807	479
6198	2487	233
6199	2733	290
6199	2733	270
6204	3654	436
6207	3259	404
6210	2313	330
6210	2313	185
6215	1681	185
6216	2235	354
6218	3015	526
6224	1561	339
6228	3608	602
6230	2009	232
6236	4337	395
6240	2591	249
6240	2591	335
6241	2385	185
6244	2856	477
6245	3795	600
6246	1296	255
6248	3516	468
6248	3516	493
6249	3520	574
6250	2548	304
6250	2548	317
6251	4165	338
6252	3815	351
6252	3815	441
6253	1762	366
6254	3539	768
6256	1768	333
6259	3163	399
6261	2426	268
6263	2420	323
6274	1219	287
6276	2629	346
6276	2629	305
6277	3843	771
6281	3140	330
6281	3140	350
6285	3120	443
6286	2840	330
6286	2840	319
6287	2729	462
6290	3572	556
6291	2374	382
6293	4299	723
6297	3712	275
6297	3712	262
6298	3520	262
6298	3520	221
6299	1785	298
6300	2680	521
6300	2680	485
6307	2387	295
6310	3900	464
6311	2526	315
6313	3711	498
6321	2479	477
6322	4356	299
6322	4356	224
6322	4356	265
6323	3656	369
6325	2346	343
6326	1936	265
6326	1936	286
6327	3053	332
6328	2490	542
6335	2882	292
6338	3048	302
6341	1533	227
6347	2869	527
6352	3116	442
6355	1790	322
6359	1897	304
6361	2228	430
6362	4051	547
6364	2679	452
6370	2683	329
6370	2683	185
6375	3045	433
6378	2732	482
6379	2845	525
6381	3124	302
6381	3124	222
6391	2797	249
6391	2797	185
6392	2628	191
6392	2628	175
6393	1444	327
6396	3056	445
6402	1475	215
6403	3150	370
6404	2644	211
6411	1490	435
6416	2922	310
6416	2922	359
6421	1260	248
6426	995	279
6427	4225	185
6429	2225	291
6430	3849	284
6430	3849	474
6432	1840	327
6432	1840	298
6436	2896	457
6438	3782	427
6438	3782	532
6442	1855	164
6442	1855	150
6443	2304	411
6445	3675	310
6447	2408	303
6450	1245	243
6451	1518	250
6454	2121	267
6462	2068	336
6463	3422	384
6464	3337	399
6469	2876	314
6471	3663	320
6472	2745	299
6475	1385	312
6479	2979	261
6482	2500	425
6485	3512	332
6486	2204	473
6487	2707	419
6489	1850	396
6490	1705	328
6491	2416	356
6497	2435	313
6497	2435	300
6499	2181	211
6503	2757	290
6504	2652	281
6506	2502	543
6507	2369	504
6510	2593	235
6510	2593	285
6512	2189	411
6514	2130	277
6517	2824	243
6518	1419	436
6519	1882	227
6519	1882	274
6520	2126	238
6520	2126	295
6521	4089	377
6522	3822	460
6525	2409	317
6528	1874	410
6530	2762	366
6532	3080	484
6543	1805	249
6544	1661	277
6547	2794	543
6549	2646	500
6560	2445	304
6561	2444	180
6561	2444	274
6568	1806	499
6574	2845	437
6575	2523	305
6582	1950	272
6586	2345	407
6588	2533	286
6588	2533	264
6589	3032	358
6591	2643	443
6592	2754	254
6592	2754	244
6593	2129	185
6594	2888	402
6597	2248	206
6597	2248	308
6600	3719	266
6601	3507	491
6602	2053	227
6605	2785	507
6607	3605	405
6609	2116	211
6609	2116	286
6610	2641	283
6612	3313	278
6612	3313	255
6613	1931	473
6616	1257	344
6617	3105	488
6625	1937	283
6626	2678	282
6627	2063	200
6630	4203	408
6634	3030	211
6640	3518	211
6641	1650	266
6642	2609	341
6642	2609	221
6653	3824	406
6654	3059	383
6657	2640	273
6657	2640	272
6658	2338	250
6659	2388	322
6663	1658	319
6664	1886	185
6665	1290	338
6668	2083	347
6669	4267	448
6670	1422	351
6671	4149	657
6673	2781	447
6675	1682	270
6676	2448	534
6677	2228	222
6678	3725	478
6678	3725	338
6686	2862	258
6690	4047	320
6690	4047	502
6691	2619	291
6696	2514	257
6696	2514	134
6696	2514	260
6705	3899	520
6708	2597	328
6708	2597	277
6709	1639	286
6712	4225	442
6713	2651	379
6717	2388	255
6721	1884	272
6722	4033	506
6723	2910	297
6723	2910	330
6729	1344	363
6733	2359	304
6733	2359	278
6734	2710	257
6735	2705	300
6736	2701	408
6739	2775	424
6744	2267	244
6746	2643	354
6749	3531	379
6749	3531	292
6750	3052	232
6751	2198	222
6751	2198	249
6753	1470	416
6754	3296	421
6763	3685	372
6763	3685	299
6765	2844	273
6766	1969	211
6768	1773	277
6771	2534	273
6779	1949	206
6781	2795	481
6782	1620	300
6783	1729	275
6784	3094	320
6788	1907	327
6790	2239	267
6794	2666	531
6795	3137	299
6797	939	390
6798	1151	251
6800	972	185
6807	1179	248
6811	2329	185
6812	1905	201
6812	1905	210
6818	3228	411
6823	1344	187
6825	2084	215
6829	1481	284
6833	3086	256
6833	3086	502
6835	1235	185
6838	2311	273
6841	3166	387
6844	1428	227
6846	2978	206
6846	2978	245
6850	2164	314
6853	2946	339
6855	1963	222
6858	2055	396
6860	3627	426
6861	2749	238
6863	1585	227
6870	1827	273
6872	1035	200
6875	2514	299
6876	1960	250
6878	3556	427
6878	3556	405
6881	3058	433
6881	3058	497
6883	3901	419
6884	2116	185
6884	2116	243
6885	1264	399
6886	2978	319
6893	2518	249
6894	1957	263
6895	3831	863
6896	2911	266
6897	1385	345
6899	1761	185
6901	2282	267
6901	2282	308
6909	3298	302
6911	2108	408
6914	2539	302
6919	2245	273
6919	2245	308
6923	2730	185
6926	3725	431
6927	2529	418
6928	3773	557
6929	4188	368
6930	2490	261
6931	959	249
6932	3881	398
6933	2476	222
6935	2141	345
6937	2540	274
6940	1625	185
6942	2375	386
6945	2973	347
6945	2973	499
6954	2360	279
6955	2799	234
6957	3693	449
6958	2830	334
6959	3603	451
6960	3836	390
6963	2375	239
6965	2843	443
6969	2589	439
6971	1596	310
6974	3193	227
6977	2082	455
6980	2890	470
6983	2695	262
6988	2494	286
6988	2494	222
6989	1731	446
6991	2336	311
6991	2336	244
6992	2049	259
6993	2962	601
6996	3156	325
6998	2363	276
6999	1603	185
7000	2721	511
7001	2669	467
7004	2624	292
7011	3263	305
7013	1856	341
7018	2492	335
7021	3538	498
7023	3045	255
7024	1719	232
7025	4303	676
7028	1380	273
7029	2031	267
7029	2031	233
7030	2169	319
7031	2292	427
7044	2168	494
7047	2768	640
7050	1588	281
7051	2375	373
7058	1687	185
7064	2376	526
7067	3061	493
7069	2160	290
7070	3102	427
7074	2407	458
7074	2407	283
7078	1582	292
7085	1230	222
7089	1290	273
7095	1927	227
7097	2324	406
7109	2999	222
7109	2999	164
7116	3453	457
7124	1491	185
7132	1705	249
7135	1157	358
7136	3568	728
7139	2975	404
7141	4060	782
7143	1025	215
7145	1380	278
7163	3880	157
7163	3880	224
7171	1596	185
7173	2280	238
7178	2864	444
7179	984	331
7181	892	237
7182	725	243
7183	2484	236
7183	2484	205
7186	1819	227
7187	734	222
7189	2208	275
7189	2208	250
7196	1637	664
7202	747	283
7204	2112	422
7205	3950	351
7205	3950	310
7206	3271	221
7207	1720	249
7221	3166	227
7221	3166	215
7224	2643	244
7233	955	215
7241	1659	212
7241	1659	191
7244	1673	399
7249	3921	447
7253	953	185
7263	1563	243
7267	1152	296
7268	1395	600
7270	2477	428
7273	1397	351
7277	1101	230
7278	3263	440
7289	1573	340
7292	3980	629
7300	1016	311
7308	3619	358
7316	1553	185
7325	2102	531
7329	1068	341
7332	2250	409
7337	2986	341
7344	2605	413
7346	3961	646
7354	2206	537
7356	2332	230
7357	1814	383
7358	3116	158
7358	3116	157
7358	3116	363
7358	3116	127
7360	1970	375
7361	2954	303
7363	3238	216
7363	3238	222
7364	939	260
7365	2624	267
7366	4570	200
7366	4570	226
7367	2028	546
7375	1013	265
7377	2242	309
7379	2829	490
7385	1234	340
7391	4108	529
7394	3358	404
7394	3358	365
7400	2620	261
7401	2826	466
7402	2530	277
7408	1133	260
7410	3432	536
7417	1230	377
7419	2339	414
7421	1322	327
7426	973	254
7428	3448	476
7429	1529	325
7431	1768	297
7432	2554	426
7439	2063	374
7445	2403	513
7447	2141	367
7447	2141	381
7449	1268	282
7450	4478	401
7450	4478	323
7454	1659	430
7458	2336	222
7460	1710	337
7466	3512	519
7467	2401	431
7468	2965	331
7469	3601	432
7470	3833	541
7471	2846	457
7480	2980	491
7487	3840	362
7489	2325	250
7490	2482	286
7494	1566	215
7500	1619	293
7502	3385	347
7503	3469	377
7503	3469	396
7513	2622	200
7514	2418	185
7519	2769	779
7522	1740	454
7523	1525	429
7525	1210	226
7527	2236	742
7528	2082	327
7529	1187	234
7534	2366	185
7541	2038	437
7547	1649	407
7548	2801	561
7550	1642	261
7552	3139	498
7557	3111	315
7564	1625	382
7565	3357	433
7567	2962	237
7572	1205	251
7579	2741	373
7580	1399	307
7580	1399	248
7588	3602	454
7588	3602	447
7591	2388	327
7593	2915	254
7596	1593	274
7606	2724	383
7607	2609	314
7610	2935	616
7612	1599	302
7616	3154	424
7616	3154	131
7619	3439	330
7620	862	286
7626	2435	454
7630	1365	206
7631	2415	559
7635	3851	317
7635	3851	323
7638	1329	200
7639	2705	320
7641	4546	229
7641	4546	302
7653	1913	322
7656	4295	200
7664	3818	443
7668	1362	344
7669	1936	256
7671	3615	518
7675	2124	356
7681	2122	269
7686	3130	411
7686	3130	259
7689	3407	587
7694	2737	523
7695	1806	309
7696	3136	628
7697	2654	716
7702	3436	516
7703	4379	505
7703	4379	282
7706	1575	266
7707	2166	254
7708	2274	200
7708	2274	200
7716	3703	204
7716	3703	353
7718	1510	287
7720	4061	504
7720	4061	600
7724	3051	536
7726	2783	567
7727	1092	185
7731	2026	412
7735	2611	252
7736	3934	360
7736	3934	288
7742	1607	391
7746	2262	406
7747	2563	246
7747	2563	264
7748	1030	211
7750	1643	362
7757	3633	489
7758	1814	261
7759	1181	310
7763	2144	472
7764	2027	472
7766	2134	211
7767	2491	478
7773	1523	312
7774	3692	702
7776	2799	505
7781	3079	605
7783	3136	336
7784	2078	399
7785	1092	301
7786	3424	280
7786	3424	185
7789	1457	390
7791	3345	317
7800	2236	487
7803	2315	273
7811	3392	350
7811	3392	282
7824	893	211
7827	2463	790
7837	2067	439
7841	1638	370
7843	1702	330
7848	2801	480
7864	2622	357
7867	1123	316
7868	1702	346
7871	1751	296
7875	1610	306
7877	1947	281
7882	2577	276
7884	2867	414
7886	2793	563
7889	2520	332
7897	2374	215
7899	1963	491
7900	1378	265
7903	753	324
7905	2746	473
7911	3185	832
7913	795	261
7914	1638	297
7919	2327	473
7930	2718	625
7934	1701	324
7935	3698	611
7936	2882	364
7938	2115	328
7944	4032	464
7945	2115	420
7948	3737	392
7949	1166	238
7950	2600	254
7952	2449	185
7953	1984	421
7958	2457	375
7966	3386	254
7970	1630	471
7971	2990	467
7982	1180	233
7985	1744	411
7987	4508	489
7988	3266	538
7989	2127	692
7992	2003	215
7994	1134	200
7996	2334	340
7999	1130	211
8007	3045	536
8009	1113	318
8011	1938	291
8017	1248	249
8021	1139	310
8024	2611	481
8026	912	239
8029	2435	227
8031	2265	567
8039	2528	292
8045	2815	388
8048	4292	238
8050	3355	260
8052	2225	292
8053	1405	200
8057	2278	500
8061	2151	470
8062	2536	305
8062	2536	302
8064	2858	377
8076	1662	295
8081	2229	263
8082	1895	487
8089	1716	534
8090	2053	294
8093	1016	365
8102	2003	329
8107	3276	518
8110	748	273
8112	4008	725
8114	2499	502
8121	3764	675
8123	2361	261
8124	1248	230
8127	2669	251
8128	2431	439
8131	1378	233
8133	2106	360
8135	1643	574
8144	1767	440
8148	2669	280
8150	3488	737
8153	1489	185
8154	2994	668
8158	3686	252
8158	3686	271
8160	1266	325
8163	1495	637
8165	2293	329
8167	4103	742
8168	2092	245
8171	1944	285
8174	1736	397
8180	4351	281
8185	2940	317
8189	4162	415
8190	2543	397
8191	2653	259
8195	1574	297
8196	2913	189
8196	2913	350
8198	3154	185
8201	2361	551
8202	2104	803
8206	1820	257
8208	2058	320
8208	2058	155
8211	1763	185
8216	2717	239
8219	1825	236
8221	3365	342
8221	3365	264
8223	2492	536
8224	3882	517
8226	3494	555
8227	2452	528
8239	2070	284
8248	3955	329
8248	3955	211
8255	4303	646
8273	2318	405
8276	4268	353
8276	4268	428
8283	1557	429
8285	1903	356
8286	2562	200
8286	2562	238
8287	2231	233
8288	3703	370
8289	3707	549
8291	3915	591
8292	3241	248
8293	2968	476
8300	2816	388
8305	4467	424
8305	4467	259
8309	2258	185
8309	2258	185
8310	3981	355
8313	3497	414
8323	2095	250
8327	3353	780
8335	2115	393
8344	3362	544
8346	1404	238
8347	4002	483
8349	2388	397
8356	2311	271
8357	2580	481
8360	1684	185
8369	1395	380
8372	3704	412
8373	3407	456
8378	1584	313
8382	2786	314
8383	1867	422
8396	2316	249
8400	2002	388
8404	2272	243
8404	2272	243
8406	2583	481
8408	1964	373
8410	2679	482
8411	3137	368
8419	2007	267
8421	3840	200
8429	3040	350
8430	1518	317
8431	2749	417
8433	4270	570
8445	4336	222
8445	4336	267
8447	2758	127
8447	2758	388
8451	4201	415
8454	842	254
8461	1617	275
8465	2623	496
8469	3996	771
8471	1903	256
8472	2922	421
8477	1930	283
8478	2232	425
8479	1835	323
8482	2642	434
8483	2886	286
8483	2886	302
8488	2501	222
8491	3044	504
8499	1999	297
8502	1834	185
8504	1665	293
8505	2675	222
8506	3936	268
8512	1909	236
8512	1909	325
8513	3366	439
8514	2453	423
8515	2439	300
8515	2439	315
8519	4095	295
8528	1532	266
8532	2371	286
8534	1936	215
8536	1982	295
8537	2094	266
8538	1531	185
8539	1890	441
8543	2580	427
8546	2419	249
8549	1738	502
8550	2165	335
8552	2190	261
8553	1432	319
8557	2945	261
8560	2534	278
8561	914	185
8565	2194	437
8566	1679	456
8569	3214	484
8571	3373	339
8572	2105	333
8574	2462	306
8574	2462	423
8575	2340	467
8579	3258	383
8581	3506	409
8582	3962	403
8586	2418	238
8589	1416	237
8592	1615	294
8594	2431	326
8597	3807	435
8598	2751	391
8600	2248	279
8601	3173	249
8601	3173	207
8603	2858	337
8605	3439	210
8605	3439	438
8606	2840	200
8607	2177	258
8615	1711	511
8618	1449	331
8619	1978	297
8619	1978	227
8620	2616	396
8629	1811	592
8631	2860	254
8631	2860	255
8632	1910	335
8633	3816	411
8633	3816	440
8637	3793	454
8637	3793	400
8639	2050	281
8640	2796	468
8641	2335	200
8642	3028	311
8643	1858	279
8644	1711	394
8645	2262	253
8650	2675	276
8654	1312	368
8657	2515	354
8659	1425	244
8662	2252	568
8665	2070	351
8666	1193	387
8679	987	360
8681	1398	346
8682	1603	451
8683	1829	400
8684	1807	263
8688	2194	304
8691	2374	345
8696	1779	263
8697	2454	331
8698	2106	185
8698	2106	294
8699	1740	234
8701	1900	221
8706	1788	354
8710	1411	342
8714	1693	302
8715	1526	308
8719	1073	291
8723	1743	242
8725	1249	222
8726	1778	239
8726	1778	244
8729	1685	322
8729	1685	300
8733	1947	332
8733	1947	250
8734	1760	351
8735	1241	215
8737	1098	250
8738	2351	321
8740	1824	303
8744	2015	481
8745	2632	345
8747	1364	377
8748	1610	256
8748	1610	228
8752	1840	312
8752	1840	308
8756	1417	251
8757	871	327
8758	2011	282
8763	1431	358
8766	2187	211
8766	2187	255
8767	950	185
8768	2196	267
8772	1470	338
8774	1060	261
8775	2026	437
8784	1118	350
8785	1802	286
8787	1811	243
8790	2352	513
8791	2007	497
8793	1609	206
8794	1901	346
8795	1843	211
8799	2441	511
8800	2330	216
8800	2330	299
8806	1073	239
8807	1371	278
8808	1829	253
8809	630	185
8811	1397	291
8814	2123	250
8815	1561	383
8819	2066	222
8826	1933	278
8834	2302	582
8836	2232	499
8841	2216	211
8843	1806	287
8845	2471	399
8848	1536	499
8849	988	200
8856	1964	355
8859	2088	206
8863	2178	316
8874	2309	484
8874	2309	544
8876	1792	312
8878	1574	221
8882	1621	497
8883	1285	524
8884	2095	270
8886	2160	207
8886	2160	185
8887	1026	234
8890	1229	244
8891	1404	555
8893	1295	248
8895	2027	485
8896	1017	200
8897	1512	302
8905	1027	274
8908	1248	232
8911	1973	281
8912	1795	321
8923	1849	429
8938	1521	504
8941	1903	295
8942	1019	266
8944	1946	200
8947	1867	329
8951	1696	311
8955	1921	430
8957	1678	280
8959	1584	415
8961	2579	323
8964	1483	315
8974	1434	258
8980	1466	260
8981	1136	185
8988	1348	257
8990	2299	384
8993	1582	485
8994	1902	227
8996	774	185
9001	2125	309
9003	1836	342
9006	1301	245
9013	1218	298
9017	1657	249
9018	2228	291
9018	2228	200
9021	1592	276
9025	788	255
9027	2178	227
9027	2178	226
9034	1649	255
9035	1965	332
9035	1965	263
9036	1787	564
9037	1561	321
9039	1546	294
9041	1890	328
9043	1896	245
9043	1896	206
9048	1557	240
9048	1557	222
9049	2308	249
9049	2308	222
9050	1550	379
9051	1235	371
9052	1839	316
9054	1466	287
9054	1466	303
9055	1215	290
9058	2492	413
9059	1770	328
9061	1210	247
9062	1961	312
9066	1036	299
9066	1036	238
9069	2149	325
9074	1502	303
9076	616	255
9078	1984	222
9081	1192	313
9082	1528	270
9084	1036	291
9088	1620	290
9088	1620	185
9090	768	324
9091	979	262
9094	1683	466
9096	2011	367
9099	1467	313
9100	1174	255
9102	810	236
9105	1193	261
9108	754	279
9109	955	258
9111	1687	275
9112	1488	315
9113	2355	319
9120	1614	480
9135	1651	274
9136	2094	285
9138	1840	262
9138	1840	275
9140	1262	239
9141	913	331
9143	2310	316
9149	1399	281
9156	733	221
9161	1576	256
9161	1576	236
9163	1347	326
9165	1193	273
9166	1355	426
9169	1168	233
9170	1921	238
9177	1929	421
9178	2197	399
9181	1484	215
9187	1546	211
9190	1274	307
9191	2630	432
9194	1334	255
9198	1640	359
9199	1688	326
9200	758	200
9203	1547	297
9204	1678	237
9205	1925	185
9206	1008	383
9208	1768	345
9209	1732	310
9213	1553	215
9221	1680	281
9235	2530	279
9236	1650	267
9237	952	403
9239	1317	200
9244	1792	386
9247	979	276
9253	1157	221
9254	1216	329
9257	1756	418
9258	796	306
9261	2203	316
9262	1123	185
9263	3536	333
9265	2372	298
9266	1653	211
9269	1984	251
9269	1984	185
9272	2980	344
9272	2980	349
9276	2627	277
9279	2414	262
9285	3454	318
9285	3454	465
9287	3490	343
9287	3490	462
9290	3625	361
9290	3625	299
9292	1995	252
9296	1403	501
9297	1641	365
9299	1597	238
9300	3355	268
9300	3355	211
9302	861	284
9305	1253	200
9313	1581	376
9314	1952	272
9318	1712	268
9320	2660	339
9320	2660	358
9321	2838	419
9322	1555	335
9325	3587	630
9330	2412	324
9334	1848	379
9335	1903	222
9338	2261	372
9343	3843	397
9345	2348	299
9347	2250	233
9354	1723	254
9355	1650	226
9358	1682	283
9358	1682	334
9359	2483	332
9363	1295	292
9368	2207	232
9372	2371	266
9375	2817	317
9383	2789	337
9386	1497	333
9390	2416	274
9393	2078	185
9395	1720	221
9398	2587	385
9400	1938	310
9401	2044	334
9414	2288	257
9418	1384	311
9423	3096	588
9426	1594	211
9432	2748	288
9432	2748	311
9436	1231	396
9437	2564	455
9438	1975	269
9441	1603	350
9443	1881	316
9445	2859	278
9445	2859	275
9446	1212	212
9449	2000	267
9450	1888	279
9451	1345	311
9455	3442	520
9457	2831	279
9459	2981	281
9464	2781	272
9466	2311	254
9475	2370	552
9477	3447	349
9478	1862	272
9479	2701	347
9479	2701	221
9481	1244	306
9486	1402	233
9487	1418	267
9491	3776	437
9491	3776	409
9496	2754	316
9496	2754	291
9499	1627	239
9500	2177	369
9505	2096	324
9507	3162	222
9513	1152	435
9518	1495	338
9519	2825	510
9522	2010	292
9523	2925	464
9524	1295	307
9528	1959	291
9530	3137	373
9531	2741	271
9532	3262	531
9532	3262	340
9540	3523	364
9548	2939	369
9549	1757	245
9550	1694	308
9551	2421	389
9552	2173	290
9554	3261	395
9556	3212	285
9557	2667	388
9559	941	185
9562	2044	242
9564	2431	471
9570	2222	520
9574	2433	410
9576	1083	420
9578	3077	239
9580	2158	262
9581	1026	200
9585	1791	255
9586	1541	244
9589	2807	341
9594	2148	283
9597	2639	338
9597	2639	275
9601	3214	285
9604	1193	233
9608	1912	400
9610	3554	441
9611	2365	200
9613	2024	304
9618	2169	232
9618	2169	289
9619	3461	278
9621	2107	314
9623	1636	238
9626	2112	185
9627	2851	381
9628	2218	222
9628	2218	215
9629	2390	269
9630	2900	298
9634	2293	513
9635	2028	438
9636	2402	301
9636	2402	264
9642	2161	275
9643	1475	249
9644	2639	238
9644	2639	318
9647	1851	323
9648	1552	234
9650	1286	296
9653	2344	297
9655	2241	185
9657	1733	248
9659	436	316
9665	1466	284
9666	2774	422
9668	1350	263
9670	3239	433
9681	2291	387
9690	2897	290
9694	2303	200
9695	1222	243
9696	1689	227
9702	2103	332
9704	1918	282
9706	734	232
9707	1920	309
9712	1219	263
9718	2916	406
9720	2657	298
9721	1700	261
9727	1739	238
9732	3824	421
9733	2239	215
9733	2239	298
9735	2356	318
9738	1884	292
9743	2722	281
9743	2722	314
9748	2162	268
9749	2074	200
9750	1636	300
9752	2167	263
9755	1376	266
9759	2658	281
9763	2471	236
9763	2471	306
9764	1202	185
9766	2216	185
9766	2216	179
9769	2258	526
9774	2570	360
9775	2037	276
9776	3128	404
9776	3128	161
9776	3128	171
9779	2149	354
9779	2149	346
9780	1728	318
9782	1308	303
9783	3058	268
9786	2325	185
9790	2395	324
9790	2395	270
9796	1673	227
9797	3233	464
9797	3233	297
9798	2500	431
9799	3446	456
9799	3446	278
9801	1201	249
9802	1331	278
9804	1295	200
9806	1963	261
9807	2339	481
9812	1323	307
9813	3359	640
9816	2787	256
9816	2787	335
9817	1316	274
9820	2649	288
9823	1970	379
9825	1687	220
9833	1873	249
9834	1852	244
9834	1852	263
9835	3087	349
9835	3087	198
9836	2288	215
9838	3001	278
9846	1568	378
9864	1138	269
9868	2500	185
9869	1203	185
9872	2895	328
9886	1917	222
9891	2158	430
9892	2862	353
9896	1900	399
9901	2944	347
9902	1331	300
9904	3137	273
9905	2458	485
9906	2604	298
9919	2432	328
9920	1702	226
9922	1151	338
9923	2376	290
9923	2376	388
9925	2937	273
9933	2359	274
9933	2359	211
9934	2423	271
9934	2423	228
9935	2580	454
9936	2505	244
9939	2679	485
9941	2670	311
9943	2671	233
9945	2929	281
9947	2569	245
9947	2569	345
9948	1477	267
9951	2953	356
9951	2953	352
9960	1782	211
9961	1253	206
9964	1331	185
9966	2366	398
9967	3021	222
9967	3021	285
9973	2739	327
9980	2786	344
9981	2195	312
9982	2369	211
9982	2369	261
9986	2969	330
9988	1796	245
9990	3057	464
9992	1541	237
9998	2398	254
10000	2801	446
10004	2394	436
10007	2034	238
10007	2034	273
10008	1761	296
10013	1980	230
10013	1980	277
10014	2401	283
10016	2225	296
10026	2908	227
10026	2908	267
10032	2220	323
10047	2769	547
10048	2358	185
10049	1951	211
10055	2151	387
10058	1730	355
10059	1814	233
10062	1977	258
10062	1977	275
10063	2195	305
10068	1949	342
10075	2315	357
10075	2315	185
10083	2281	409
10095	2815	471
10101	2583	211
10101	2583	336
10104	2491	251
10107	1783	185
10117	2682	304
10117	2682	211
10124	2409	227
10125	2363	264
10127	2341	185
10127	2341	304
10129	3197	238
10134	2783	350
10134	2783	337
10135	1560	255
10137	1776	242
10139	2342	458
10144	2892	200
10146	2548	244
10148	1954	274
10149	1423	311
10151	3425	406
10154	1746	305
10157	3844	397
10167	2147	306
10174	3418	299
10174	3418	275
10179	1740	303
10184	3111	426
10185	2457	261
10186	2335	352
10187	1090	287
10188	3070	291
10188	3070	195
10191	2318	238
10193	1875	256
10197	2068	360
10201	2301	230
10204	2546	433
10205	1978	250
10207	2462	185
10208	2734	346
10210	1879	388
10219	2357	283
10223	2404	371
10226	2295	211
10230	1540	244
10240	951	185
10243	2548	211
10245	2809	322
10251	1390	398
10253	1518	286
10254	3140	277
10256	3001	165
10256	3001	140
10260	1522	200
10265	2285	283
10270	2063	280
10273	2210	301
10278	1224	215
10280	2617	425
10283	2409	391
10286	1672	437
10293	2385	246
10296	2490	370
10299	2120	472
10301	1742	250
10302	2905	462
10310	2769	267
10314	2471	579
10319	1035	238
10323	3832	243
10327	2070	273
10329	2823	530
10330	2631	242
10333	1071	234
10337	2396	660
10354	3000	222
10354	3000	262
10355	2362	480
10357	3349	211
10363	2818	200
10372	2166	284
10382	7018	292
10382	7018	651
10383	2134	259
10385	5162	516
10385	5162	520
10387	2049	306
10387	2049	267
10392	2716	442
10397	2930	376
10408	1215	284
10410	2039	296
10412	3813	589
10414	2851	290
10418	1715	290
10419	1882	323
10424	3041	554
10425	6907	730
10427	2546	379
10430	2449	273
10430	2449	305
10433	1968	457
10438	1691	227
10441	1493	274
10444	2195	387
10450	3802	431
10458	1221	200
10460	3170	304
10464	3129	265
10466	2147	355
10467	4339	810
10473	3974	501
10477	2342	277
10479	2601	321
10484	1849	346
10487	2162	489
10488	4542	439
10488	4542	355
10489	1508	340
10496	3499	387
10496	3499	417
10497	2491	401
10502	2458	530
10506	2607	467
10507	2839	534
10510	3340	548
10512	2636	340
10513	4186	802
10515	3148	425
10517	2659	241
10517	2659	264
10519	1801	185
10526	2134	450
10528	1937	264
10532	3804	428
10536	1739	346
10540	3903	706
10543	888	259
10544	2045	474
10552	3651	440
10555	2772	300
10555	2772	327
10557	2863	398
10562	2354	401
10563	3301	352
10563	3301	367
10569	2290	247
10569	2290	302
10572	3254	738
10575	3929	461
10575	3929	463
10576	2628	278
10578	4803	410
10578	4803	200
10583	3222	304
10587	2896	319
10588	1552	340
10589	2974	568
10591	2296	496
10594	2324	377
10597	2240	227
10599	1814	454
10603	1784	222
10607	2492	285
10620	2340	300
10621	3547	541
10622	3775	283
10624	3418	405
10635	1164	242
10638	1624	200
10639	2528	372
10640	4259	261
10643	2054	262
10645	1319	273
10647	5681	445
10647	5681	406
10652	2844	370
10661	1881	263
10671	2576	294
10671	2576	185
10672	2418	200
10673	2369	291
10676	4223	409
10678	892	227
10682	4792	681
10684	2505	341
10687	1993	245
10689	3726	457
10697	2144	458
10700	1627	279
10706	3842	307
10707	1987	250
10710	2605	304
10712	2379	505
10714	2080	230
10717	2039	333
10725	2521	261
10726	2851	473
10728	2165	356
10731	1714	245
10732	1759	303
10733	2082	300
10740	1222	256
10741	5769	806
10742	2315	401
10744	2971	321
10749	3027	293
10751	2061	609
10752	2646	233
10755	4500	480
10758	3463	200
10759	7263	748
10761	2219	289
10763	1474	332
10767	2576	436
10768	2259	206
10769	5067	338
10769	5067	349
10771	1456	293
10772	2244	234
10773	4421	378
10773	4421	536
10774	1165	343
10780	1444	297
10781	7357	445
10781	7357	408
10787	4325	328
10789	2735	515
10790	2730	222
10796	1103	185
10799	1816	215
10803	3058	436
10806	1130	278
10808	2566	345
10812	2387	399
10812	2387	308
10823	2390	508
10824	3779	469
10826	2362	222
10828	1654	295
10832	1944	307
10832	1944	206
10834	2695	410
10837	3832	687
10840	2492	347
10842	3959	443
10842	3959	337
10843	2326	310
10850	899	200
10851	2781	211
10854	2306	434
10860	1803	185
10864	3071	544
10865	2330	357
10871	3107	438
10874	2278	421
10875	1198	405
10876	3771	442
10876	3771	359
10879	2535	312
10879	2535	185
10881	2482	331
10881	2482	272
10883	1596	341
10884	1717	510
10887	3568	478
10891	4020	570
10896	4868	364
10898	3314	373
10903	1527	429
10905	2032	179
10905	2032	209
10906	1845	200
10912	2512	227
10914	3388	299
10914	3388	225
10915	1375	262
10918	2931	373
10918	2931	328
10929	3260	348
10932	2440	412
10933	2200	283
10933	2200	324
10935	1647	405
10939	3398	370
10941	3170	374
10941	3170	491
10946	2689	312
10958	1814	206
10959	7321	493
10964	2070	233
10968	4663	381
10973	2921	266
10974	4952	332
10975	3487	392
10978	2157	319
10982	1904	431
10985	3084	388
10987	1233	292
10990	1126	250
10991	2428	249
10996	2661	396
10999	2742	534
11000	2271	353
11000	2271	258
11001	3040	379
11003	3681	172
11003	3681	248
11004	1642	358
11006	2181	434
11007	1508	232
11011	2365	361
11013	1942	323
11014	2529	331
11019	4568	548
11020	1671	358
11021	2252	539
11024	1814	347
11028	2014	310
11029	3028	376
11031	1923	335
11034	1921	525
11040	910	302
11043	2748	536
11045	3296	563
11046	5983	841
11049	3636	406
11049	3636	365
11055	2140	335
11058	2985	475
11059	2798	255
11059	2798	268
11061	2377	249
11062	3827	562
11067	2735	461
11068	4786	750
11073	2499	400
11075	2368	378
11076	980	263
11078	2564	426
11079	8933	250
11081	1692	286
11082	1619	352
11083	1627	438
11084	2391	200
11087	2860	292
11087	2860	313
11089	4015	352
11090	2495	522
11092	2501	431
11093	3353	243
11094	1164	291
11099	3185	349
11100	4481	645
11100	4481	280
11101	2020	185
11103	1092	304
11104	1932	305
11104	1932	263
11105	3233	506
11106	1829	569
11108	1417	371
11111	1677	243
11112	1860	185
11114	2351	211
11114	2351	330
11117	3523	475
11119	2752	288
11121	2500	363
11124	2697	478
11126	3047	448
11136	2462	374
11138	3134	655
11145	3992	454
11145	3992	415
11146	3368	403
11147	1750	359
11155	5455	445
11155	5455	444
11157	1713	354
11158	3046	352
11158	3046	367
11159	3142	349
11160	1895	387
11162	2545	638
11163	963	185
11167	3305	272
11171	2257	465
11172	8614	441
11172	8614	464
11173	3031	506
11173	3031	408
11174	2050	535
11178	3249	485
11180	2892	620
11185	3627	339
11185	3627	268
11186	2526	292
11188	2355	211
11194	2024	428
11199	3849	206
11200	3094	282
11200	3094	314
11206	2223	353
11207	4158	694
11210	2395	274
11211	5745	424
11211	5745	528
11217	4206	211
11222	2541	453
11224	1872	479
11228	2906	409
11229	2840	316
11229	2840	314
11235	2242	300
11235	2242	219
11237	1777	295
11241	4585	273
11241	4585	200
11242	3065	324
11247	2424	277
11247	2424	316
11249	3883	471
11252	2132	280
11254	5614	589
11256	3913	567
11259	1609	281
11260	2624	319
11264	2822	669
11266	1857	243
11269	2636	471
11273	2222	460
11274	3307	466
11274	3307	345
11277	1328	391
11278	2368	470
11279	1916	420
11280	2651	465
11283	2184	267
11287	2460	261
11289	2245	281
11291	1648	416
11292	4308	484
11295	2115	276
11297	2855	362
11300	2327	185
11305	4595	359
11305	4595	440
11306	2040	304
11310	3172	667
11314	2003	238
11322	2307	450
11327	5224	486
11327	5224	391
11333	1652	340
11336	10127	630
11336	10127	559
11337	2073	323
11339	2502	276
11343	3839	462
11347	2771	383
11351	1592	329
11365	2222	200
11367	1434	200
11370	2056	351
11371	1508	221
11375	2018	441
11376	3978	422
11377	1683	250
11378	2310	316
11378	2310	238
11381	3003	547
11384	2542	370
11385	1753	298
11391	3483	489
11395	3623	401
11397	1698	382
11398	1832	200
11402	3487	520
11412	5962	507
11412	5962	518
11416	3555	571
11419	1589	280
11421	3122	406
11430	4879	580
11432	2347	330
11434	3078	447
11437	1829	248
11438	1747	254
11439	5568	687
11441	3538	572
11442	2196	656
11449	2962	455
11456	2649	440
11456	2649	464
11458	3147	246
11460	7362	272
11460	7362	693
11461	1648	216
11462	5053	441
11462	5053	448
11464	4850	685
11465	5225	250
11466	1867	271
11467	2508	283
11468	2372	556
11472	1637	206
11474	5089	266
11475	2800	185
11475	2800	310
11477	3537	491
11480	2265	200
11487	2422	268
11493	2132	524
11495	2424	521
11499	1291	211
11502	3617	483
11504	4507	609
11509	2248	349
11510	2420	300
11517	5165	395
11517	5165	360
11518	4022	215
11519	1892	234
11521	1729	313
11523	3911	493
11525	5432	450
11525	5432	458
11526	3344	506
11528	2861	504
11529	2367	447
11530	3030	763
11532	603	227
11535	1532	227
11538	2092	331
11539	2278	592
11545	2461	652
11546	6717	306
11552	3298	518
11558	3145	711
11560	6289	580
11564	2551	353
11566	3613	527
11567	2764	483
11568	948	251
11569	1795	206
11570	2027	358
11577	1942	185
11578	3298	590
11579	2545	226
11579	2545	200
11581	3220	653
11582	2038	185
11584	2056	200
11588	2167	211
11591	1874	283
11595	3263	468
11595	3263	450
11596	2666	383
11597	2933	601
11603	3360	227
11603	3360	256
11604	3587	388
11605	2121	242
11608	2942	314
11608	2942	352
11609	1368	504
11613	3120	537
11616	2026	524
11618	1818	474
11620	5938	405
11627	1593	344
11628	2025	256
11628	2025	232
11630	2615	388
11634	4016	422
11635	2329	510
11636	2660	457
11637	4544	274
11641	1582	185
11642	1324	275
11644	1162	185
11648	3099	590
11652	1820	254
11653	2434	490
11655	2790	536
11657	3878	332
11663	3259	381
11664	2138	200
11667	3057	318
11672	1802	319
11677	6703	227
11678	2223	265
11683	4319	496
11684	2108	523
11692	1522	285
11694	2427	383
11699	1534	185
11701	3022	321
11701	3022	283
11710	3787	618
11711	3878	604
11712	5170	353
11725	2975	417
11731	2163	562
11738	2263	343
11739	2559	232
11741	3015	532
11742	4820	185
11742	4820	339
11742	4820	357
11743	4274	609
11745	2483	596
11747	6975	234
11747	6975	400
11749	1777	238
11751	3123	455
11754	1959	288
11759	2929	402
11759	2929	393
11760	1439	274
11761	2159	569
11763	2957	652
11764	2059	314
11766	2409	494
11767	4996	185
11770	1410	222
11772	2526	446
11775	2710	325
11778	2746	356
11780	3454	185
11781	1039	211
11785	1867	239
11793	1545	507
11794	2685	236
11795	1975	185
11798	1997	391
11802	1165	281
11804	1650	260
11807	2253	342
11811	1770	290
11813	2007	291
11814	2558	211
11815	2289	353
11817	3079	547
11818	1629	185
11824	1949	392
11826	2264	451
11827	3180	511
11832	1376	244
11834	2280	185
11835	2652	335
11835	2652	268
11837	1370	170
11837	1370	263
11839	2812	281
11840	1878	348
11841	2698	284
11843	2148	624
11844	1275	279
11851	2662	541
11854	2824	222
11855	2034	286
11860	1918	472
11865	1862	200
11866	3913	291
11866	3913	291
11870	2400	643
11872	2013	277
11874	2531	238
11874	2531	230
11877	1827	243
11879	2132	450
11880	1927	200
11883	4857	355
11883	4857	367
11884	2230	218
11884	2230	262
11886	2400	463
11889	4258	365
11889	4258	230
11893	1197	351
11898	3361	335
11903	2343	313
11910	2259	491
11912	2355	185
11916	2028	375
11923	1241	265
11924	1870	216
11924	1870	200
11926	2083	233
11926	2083	293
11929	2114	504
11931	2306	239
11933	2232	196
11933	2232	239
11939	4750	502
11940	5863	329
11940	5863	429
11944	3512	430
11948	3367	407
11951	1498	262
11955	1330	206
11961	3784	528
11961	3784	444
11963	1690	493
11964	2124	357
11968	2422	389
11971	3840	364
11971	3840	238
11973	3374	376
11974	2450	278
11978	2232	284
11983	3004	376
11988	3374	470
11990	3336	260
11993	2479	238
11994	2749	404
11997	1203	306
11998	1125	243
12001	1667	503
12002	1374	399
12003	876	215
12010	2759	417
12011	2772	455
12012	1678	185
12020	2048	200
12026	2513	345
12032	1762	244
12034	2090	405
12040	1952	343
12049	1745	311
12059	1320	200
12062	1465	200
12063	1137	291
12073	3034	256
12081	2785	290
12090	1528	206
12092	1920	248
12096	1119	216
12099	1708	185
12103	1785	243
12105	2114	291
12111	1237	333
12112	2230	296
12113	1157	222
12114	1318	216
12120	1611	356
12125	655	237
12139	1832	412
12140	1898	280
12145	813	243
12150	1110	200
12163	1722	258
12164	2041	382
12164	2041	337
12173	2448	350
12174	1449	292
12185	956	263
12188	1050	405
12193	1912	279
12194	1337	343
12199	1472	250
12208	942	215
12211	2132	365
12215	1708	293
12216	2662	284
12221	2675	309
12224	2973	384
12230	1417	243
12249	2040	295
12253	1841	388
12260	1453	227
12263	2001	278
12267	1415	220
12273	1173	353
12278	1457	215
12280	1439	395
12281	1242	218
12281	1242	344
12285	1389	308
12286	2470	405
12290	2485	330
12297	2159	262
12298	899	211
12303	1827	279
12304	1102	185
12314	3337	472
12321	811	249
12322	1510	200
12326	3272	248
12331	2229	453
12334	2186	319
12338	1881	299
12344	1540	215
12347	2521	185
12357	1174	222
12360	1358	354
12368	985	279
12369	1003	275
12370	1567	414
12375	849	230
12383	2340	379
12384	3231	200
12386	845	265
12388	1259	243
12391	1939	381
12397	2000	352
12399	1897	290
12406	1945	269
12410	1443	237
12411	764	255
12412	610	249
12415	926	185
12418	1942	436
12420	2621	398
12421	1543	419
12429	3313	296
12430	1027	281
12435	1358	227
12437	1912	222
12437	1912	256
12438	1665	280
12441	1647	448
12442	2406	304
12447	1889	285
12448	1099	319
12450	1709	154
12450	1709	205
12456	1544	216
12457	3326	445
12471	2370	372
12472	1123	338
12477	1925	355
12478	2342	238
12479	2369	242
12490	1427	216
12491	2379	256
12491	2379	262
12492	2282	343
12493	1972	284
12498	1403	206
12502	1821	185
12506	1884	267
12508	2385	340
12510	1634	342
12518	1529	222
12519	1467	215
12521	1367	242
12523	1490	238
12524	2043	446
12525	1881	272
12526	2121	288
12530	3336	337
12530	3336	238
12532	1937	227
12533	3066	341
12535	1613	319
12538	3225	241
12538	3225	274
12539	2939	268
12540	1967	348
12542	1136	256
12549	2124	316
12554	2058	286
12559	2603	334
12560	1960	275
12565	2825	307
12566	1903	315
12569	1600	265
12570	2317	325
12576	2887	312
12582	2168	296
12583	763	274
12585	2082	395
12589	2408	243
12593	787	226
12594	2324	281
12594	2324	266
12596	3052	243
12601	1538	238
12602	1093	299
12605	1515	281
12607	924	238
12608	1537	330
12609	3274	268
12613	2076	452
12617	1521	268
12623	3141	263
12623	3141	369
12624	1474	266
12626	2325	318
12636	2439	401
12636	2439	384
12642	1074	211
12646	1114	272
12647	1456	233
12648	2722	259
12654	2732	279
12654	2732	382
12659	2554	458
12660	1918	275
12665	2581	242
12667	1311	243
12671	1129	300
12672	2519	211
12676	2028	294
12688	2347	289
12689	1182	185
12690	1596	234
12692	2113	420
12696	2761	474
12697	1998	277
12698	998	288
12699	815	268
12700	1866	302
12702	1650	308
12703	2467	414
12707	2388	325
12709	1806	491
12716	2391	341
12719	1167	316
12720	1766	254
12721	1954	419
12724	2136	274
12725	1030	284
12727	1265	383
12732	1751	310
12733	2160	226
12734	1395	282
12735	1525	415
12736	1274	280
12738	1584	185
12745	3043	323
12750	3157	393
12751	2323	401
12752	1714	215
12753	1805	229
12754	1758	255
12756	1880	356
12757	2276	380
12759	2276	243
12762	2323	311
12763	637	227
12764	2111	411
12765	732	296
12771	2421	215
12772	2234	256
12773	1275	265
12774	2463	268
12776	2556	211
12780	1622	142
12780	1622	157
12781	2548	373
12782	1461	206
12783	1570	494
12784	1556	216
