0	15368	30762
2	1853	385
8	5759	546
12	2512	286
14	4117	221
14	4117	229
15	4644	370
20	8098	237
24	4760	463
25	3438	291
42	3130	505
47	4097	465
50	6538	400
51	3723	227
52	4362	297
53	4854	273
55	3537	318
57	4375	580
63	4590	331
64	10488	309
68	8094	513
69	4941	664
70	5306	237
70	5306	315
74	3711	560
75	2994	538
79	12002	185
79	12002	185
86	2608	261
88	5736	377
89	9109	188
89	9109	188
89	9109	540
90	7650	471
93	6031	504
94	3644	550
95	4313	532
97	14050	437
101	2637	216
106	3861	544
108	3594	405
110	2618	332
113	4450	412
118	3914	355
120	3101	185
131	2110	267
136	2300	527
137	7726	461
139	1403	185
142	3913	440
145	4254	200
148	3150	200
152	5906	238
156	4348	170
156	4348	124
157	6038	308
157	6038	381
162	5532	353
165	11387	525
165	11387	379
169	2796	185
171	2019	420
180	5937	391
182	4550	227
183	8821	267
213	5275	392
214	4496	523
223	1985	541
225	6539	751
227	8849	572
241	9608	548
244	8999	477
244	8999	469
249	6096	458
250	10100	807
251	5404	430
251	5404	683
252	7110	268
258	2756	426
264	5184	312
267	5687	200
272	10550	211
273	7123	509
275	9558	381
283	10140	363
283	10140	516
289	10896	468
290	5368	297
292	3165	479
295	3795	336
298	6534	311
301	4850	553
303	9131	601
318	6633	437
320	4109	307
323	4209	428
325	3538	185
330	2692	574
339	2402	302
341	6588	594
343	3959	707
346	11353	790
348	7499	493
352	3847	539
367	4618	490
368	8318	581
375	10367	336
377	5256	497
379	5519	572
385	4802	613
386	8606	607
392	6680	417
395	5893	560
400	6253	407
404	4216	385
404	4216	453
409	6246	530
409	6246	414
413	6312	482
414	4011	516
416	6009	521
417	2111	477
421	6266	255
425	6304	620
430	1821	352
434	3410	430
436	8139	590
437	6650	266
439	5221	517
443	6259	646
443	6259	592
445	3857	434
446	5800	553
447	4674	328
452	3494	345
459	13604	330
462	7118	549
464	9237	432
467	5143	216
467	5143	509
468	6396	444
472	3925	561
473	5689	444
490	7302	693
500	8771	308
506	3190	263
508	3614	254
510	5122	518
517	7061	381
519	10008	730
521	2996	497
527	4816	243
529	4795	393
530	3821	185
531	4990	701
535	4404	466
537	4978	433
539	4860	377
540	5430	556
542	6375	526
545	3158	696
548	4368	516
556	7762	496
558	6300	467
560	3889	563
565	5870	736
573	5507	452
574	4141	250
588	4985	310
591	7808	423
596	4730	826
597	4023	423
611	5289	520
620	4001	538
622	8428	500
638	2520	277
640	11043	393
640	11043	342
641	3143	529
645	6379	508
646	3397	238
651	4509	454
654	2831	300
655	8078	545
657	3147	563
664	3503	248
671	9266	322
673	3303	344
673	3303	293
674	3376	267
676	13229	665
677	2770	417
684	4741	439
694	7799	295
694	7799	362
695	2088	320
700	1798	316
707	3487	317
708	5727	221
710	4879	520
714	2599	311
715	8653	762
718	2547	253
728	4465	393
729	7240	549
733	3062	333
734	3331	289
735	5047	449
739	4608	470
742	7442	233
746	2792	444
751	2089	321
752	2191	185
755	3552	449
763	9089	425
767	2030	563
769	4008	317
773	5915	640
774	2361	277
777	2651	323
793	3141	279
797	7171	346
798	5067	538
804	2868	291
807	1807	211
808	12027	235
808	12027	506
813	9368	280
820	4001	245
825	4167	500
828	4049	346
831	6285	222
835	6888	385
835	6888	429
837	4225	495
840	3760	185
840	3760	211
842	3948	504
846	5147	502
847	3798	294
850	3103	469
851	7245	457
856	5703	626
857	4417	464
866	1979	522
867	5324	238
868	5044	394
869	5748	438
871	3326	444
875	5436	581
879	3406	556
883	5545	385
885	4088	275
892	5461	572
896	1751	291
903	6944	425
917	2620	510
920	3552	608
923	4447	374
925	2432	494
926	3612	404
930	2403	518
933	6370	500
944	5342	474
944	5342	387
966	3343	547
968	2283	185
974	3806	328
976	3274	312
987	6958	395
988	1888	264
991	8239	367
995	3389	523
996	3162	398
1001	2435	402
1003	3000	375
1004	1671	185
1007	6350	387
1008	3826	487
1015	4519	430
1023	2033	222
1025	5092	453
1030	2293	243
1031	2565	279
1033	2186	409
1034	3841	222
1043	3239	496
1045	7626	202
1045	7626	175
1046	5440	405
1051	3026	271
1055	3908	417
1057	3684	461
1062	3551	266
1064	7213	492
1074	5962	241
1074	5962	254
1075	4204	241
1077	4162	453
1090	4310	434
1092	4591	389
1097	8407	552
1097	8407	366
1103	2807	446
1110	4509	343
1115	6534	579
1115	6534	247
1116	2577	211
1117	5406	521
1121	4293	341
1121	4293	337
1130	4871	290
1130	4871	217
1130	4871	307
1137	5752	628
1137	5752	388
1144	2017	275
1152	2787	355
1163	5227	185
1165	2908	427
1169	2570	206
1174	5564	659
1181	5838	206
1187	6420	200
1189	2589	275
1191	2524	286
1194	4191	379
1199	6766	445
1199	6766	406
1202	1245	185
1203	7029	526
1208	3799	409
1211	8491	211
1215	4281	378
1220	6043	421
1229	4929	416
1229	4929	591
1230	7016	368
1232	8309	435
1235	5763	628
1240	5168	464
1243	5893	595
1244	4309	416
1249	2199	235
1252	5247	324
1266	3567	532
1267	3985	364
1270	3219	495
1271	2134	461
1274	1935	301
1276	4247	431
1285	4810	398
1288	4161	238
1291	4314	371
1293	2554	143
1293	2554	169
1309	5465	438
1311	2100	250
1322	4337	279
1322	4337	291
1323	4180	537
1331	5456	496
1334	5540	415
1338	4182	536
1338	4182	395
1342	4038	230
1343	1714	264
1345	2157	505
1348	2503	242
1349	3426	329
1353	6008	409
1353	6008	300
1354	5306	569
1354	5306	591
1355	2115	230
1357	4068	220
1357	4068	168
1358	2079	257
1362	1878	358
1363	3680	310
1367	5543	496
1367	5543	405
1368	2143	324
1377	2134	439
1379	7179	662
1387	5607	419
1387	5607	474
1392	2675	451
1394	1788	227
1397	3029	453
1398	6342	456
1402	2123	238
1404	2338	302
1410	5336	425
1411	5117	452
1414	4055	293
1426	1811	453
1428	7089	388
1429	6141	309
1436	5654	594
1438	3438	435
1440	1297	222
1443	6948	260
1449	2347	280
1450	4322	216
1456	7399	232
1456	7399	274
1458	2548	256
1460	3639	436
1461	7376	314
1462	3718	508
1466	5070	291
1475	4858	306
1476	3142	540
1479	2197	226
1480	2323	200
1484	3869	392
1488	4196	413
1489	6519	482
1495	2078	338
1496	3388	426
1503	882	222
1509	3572	419
1511	2904	387
1512	2940	461
1516	4060	200
1521	3933	444
1525	6397	492
1529	3021	269
1530	1501	316
1531	5079	476
1534	1580	238
1540	2942	445
1541	3546	185
1541	3546	298
1546	2077	239
1547	2315	212
1547	2315	326
1553	2595	456
1554	4210	262
1554	4210	242
1556	2351	322
1558	2096	285
1560	1968	211
1563	2179	284
1564	1441	271
1568	2591	265
1569	3093	499
1570	3444	411
1572	2547	316
1581	1387	257
1584	3538	315
1586	3074	267
1592	3105	259
1600	2891	429
1602	2138	289
1604	3086	330
1604	3086	227
1605	2696	398
1612	2922	271
1612	2922	255
1613	2271	304
1613	2271	230
1615	2496	267
1618	2404	351
1622	1746	331
1624	2306	479
1625	3161	257
1625	3161	225
1626	2574	423
1628	1945	297
1629	2366	320
1633	3238	426
1635	5636	227
1636	3046	226
1638	4227	250
1639	4125	345
1647	2157	211
1649	1933	312
1650	3395	352
1654	3111	424
1660	1542	321
1666	3420	291
1667	2156	232
1670	1373	285
1672	6510	290
1679	3846	250
1679	3846	274
1684	2774	309
1685	2447	259
1685	2447	274
1686	4926	233
1686	4926	275
1687	2006	239
1696	2972	419
1697	2459	202
1697	2459	195
1699	7854	650
1703	4696	398
1704	2289	284
1705	2932	273
1715	1658	275
1716	1272	255
1723	2700	351
1730	4449	289
1733	3570	332
1735	2591	290
1737	2288	299
1745	1170	271
1749	3051	271
1749	3051	281
1754	1467	222
1760	1580	308
1772	2524	269
1779	3474	185
1781	2255	222
1785	1226	336
1786	4846	360
1795	709	185
1799	3583	215
1803	1817	299
1808	3398	409
1812	2548	272
1814	3886	393
1818	2995	353
1821	1599	255
1825	2375	301
1833	4077	442
1833	4077	333
1834	2201	305
1836	4616	440
1837	2432	211
1838	3960	281
1838	3960	327
1842	1064	222
1844	1856	283
1845	4570	470
1846	2048	334
1851	2110	299
1857	1237	224
1862	1978	185
1866	3310	273
1867	3061	279
1867	3061	278
1868	2093	232
1868	2093	302
1873	4003	284
1875	3313	315
1875	3313	195
1876	2097	304
1877	2002	304
1878	1227	166
1881	5432	462
1887	1875	283
1890	1983	270
1891	1571	330
1897	2366	298
1897	2366	289
1902	1996	190
1909	2248	322
1914	2218	282
1918	2106	284
1918	2106	185
1919	2432	282
1920	2637	244
1920	2637	246
1922	1991	280
1923	3223	267
1925	2490	265
1928	3404	296
1930	3518	260
1937	2037	325
1938	3790	279
1938	3790	266
1940	3198	304
1940	3198	305
1948	3142	277
1957	3129	311
1958	2413	211
1960	5131	445
1961	2151	274
1963	2198	278
1965	3515	382
1967	2986	296
1969	3791	185
1970	2481	255
1971	4528	560
1978	2882	238
1980	1187	233
1981	4207	523
1982	2115	247
1983	4812	302
1992	3072	349
1997	1233	302
1999	4341	431
2005	2198	257
2008	1774	267
2011	2059	308
2012	2968	274
2012	2968	291
2015	3937	286
2019	2870	266
2020	4704	534
2020	4704	431
2022	3924	641
2023	3356	185
2024	2108	316
2027	3525	266
2027	3525	272
2029	3478	406
2034	1872	286
2036	3293	334
2045	2272	185
2066	3068	337
2067	5772	382
2068	5132	215
2071	5986	810
2072	2842	358
2080	3930	533
2083	4019	343
2085	3961	348
2100	4158	462
2101	6370	467
2102	2658	350
2104	4838	360
2110	2886	356
2111	3370	640
2115	4649	335
2131	5558	450
2142	3320	222
2144	5900	581
2147	4887	604
2149	3365	354
2151	3525	211
2153	4814	517
2158	2373	433
2160	4295	398
2169	3396	447
2192	4148	283
2198	2531	339
2204	5823	452
2207	2607	278
2208	2822	369
2209	3061	496
2211	2536	585
2225	1803	305
2230	2132	349
2231	3075	265
2234	5499	469
2239	3635	305
2240	3482	384
2245	1795	255
2249	2020	200
2259	3522	292
2260	2291	312
2264	2137	469
2266	1566	215
2274	3537	255
2281	3727	295
2287	3052	441
2289	1180	248
2290	1966	312
2302	3683	433
2305	4279	244
2323	3426	200
2330	1996	324
2331	1911	284
2332	2138	375
2333	2349	291
2341	3137	548
2343	2436	333
2348	4787	249
2363	2591	357
2371	3565	491
2372	2851	404
2376	3134	300
2378	6087	289
2379	4293	519
2381	3840	452
2383	2081	277
2387	2723	468
2390	4032	274
2390	4032	285
2392	3067	386
2400	1939	305
2403	5259	499
2404	3437	222
2406	6750	287
2406	6750	334
2407	1391	262
2411	3815	396
2422	2639	286
2425	2501	503
2427	2174	372
2431	2089	254
2433	4893	284
2435	4913	554
2436	3444	268
2437	5372	420
2440	2774	431
2441	4452	376
2450	5545	449
2462	4862	264
2472	5662	349
2472	5662	268
2486	4442	315
2494	4389	208
2499	3542	488
2518	3026	470
2520	3528	529
2522	2358	211
2522	2358	253
2525	4522	331
2528	3762	242
2529	5706	665
2532	5275	468
2533	3201	239
2534	3191	730
2538	4678	344
2538	4678	355
2542	3782	340
2544	2885	331
2546	3196	488
2554	4043	520
2559	3921	297
2562	2640	273
2565	3822	486
2574	3251	424
2575	3271	244
2578	3182	502
2584	1665	230
2589	2009	185
2590	6326	400
2599	2382	323
2600	6251	453
2612	2677	490
2614	3601	423
2617	1428	288
2618	3254	342
2623	3717	297
2633	2334	348
2644	2431	280
2646	4079	250
2647	4527	376
2648	5015	222
2650	5875	547
2657	4429	422
2658	4784	211
2662	2556	237
2664	6090	283
2680	2781	368
2681	5460	250
2688	4877	410
2689	5473	381
2690	3847	440
2690	3847	500
2694	1676	314
2697	4414	555
2698	4083	375
2704	2990	355
2706	4757	185
2710	1747	256
2717	4117	265
2718	4710	434
2726	5532	323
2731	1731	539
2732	2343	185
2733	2615	425
2734	2036	293
2740	1590	310
2742	5034	347
2747	2139	238
2749	4432	502
2755	2802	273
2758	3863	227
2760	4344	263
2764	2305	283
2767	2457	532
2770	2387	251
2770	2387	183
2780	4780	396
2781	1101	226
2784	5569	529
2792	3235	299
2795	2114	271
2799	2755	390
2802	1595	302
2803	2035	257
2804	3687	274
2808	2880	364
2812	3598	414
2814	1685	233
2817	2534	232
2823	4577	290
2824	3015	227
2826	1967	250
2828	3104	396
2839	2837	243
2840	2384	200
2840	2384	323
2841	2888	335
2842	4590	293
2843	3973	268
2857	2492	305
2859	1410	312
2865	4272	289
2866	5018	299
2868	1745	290
2876	3437	305
2877	2061	268
2879	1756	290
2892	1585	439
2897	3803	330
2898	3654	267
2899	2618	254
2901	2572	238
2903	2435	227
2909	1648	308
2910	1427	294
2914	2838	415
2919	2600	233
2921	1340	236
2923	1823	304
2925	4602	269
2928	4718	280
2932	2095	211
2933	1951	309
2935	2635	280
2936	2470	248
2937	2392	206
2941	2492	279
2943	2610	222
2945	2976	432
2948	2801	280
2953	2305	185
2954	1021	302
2956	2392	255
2958	2097	284
2963	2723	282
2965	6401	463
2968	2101	284
2975	2738	285
2976	1712	232
2980	1624	311
2987	2804	473
2989	1570	227
2991	4944	255
2993	2121	241
2993	2121	200
2995	2264	291
2995	2264	246
2996	2306	283
2998	2889	185
3005	5098	254
3009	2103	250
3016	3068	345
3017	2254	298
3018	2754	250
3023	1768	200
3024	2589	266
3026	2619	375
3027	3599	398
3031	2807	243
3033	4549	200
3033	4549	145
3033	4549	150
3041	1381	206
3045	1781	324
3048	2925	297
3056	1153	200
3058	830	291
3061	1653	313
3063	1752	337
3069	5291	506
3075	2808	185
3078	1643	185
3079	1830	466
3083	4600	471
3085	6317	700
3087	2921	409
3088	1874	315
3103	1280	250
3106	1394	200
3108	3564	516
3116	1494	275
3118	2208	306
3124	4476	526
3126	3366	747
3128	3169	484
3135	4257	328
3145	4376	776
3146	1922	185
3154	1185	234
3155	2074	283
3160	6593	553
3162	1863	567
3166	3282	421
3169	2706	255
3176	4720	316
3177	4947	681
3182	5029	697
3186	6450	512
3189	2662	291
3207	3453	543
3215	5186	408
3220	3602	489
3223	3715	418
3228	1647	288
3233	3369	401
3238	3770	402
3242	3480	329
3242	3480	539
3243	6336	457
3244	1737	182
3244	1737	245
3246	1213	424
3247	2652	296
3247	2652	277
3249	2966	508
3254	3256	487
3258	2155	143
3258	2155	342
3261	3579	431
3264	1855	285
3264	1855	266
3269	4684	525
3275	2923	323
3277	1164	185
3280	3125	440
3283	3075	544
3286	1532	280
3287	2029	295
3289	1573	331
3290	3558	507
3297	1824	323
3300	2126	282
3303	2903	363
3307	2383	313
3309	1936	347
3309	1936	197
3310	2912	254
3311	6371	480
3312	5047	221
3312	5047	185
3313	2103	433
3318	3738	534
3324	3434	318
3326	1952	278
3327	3384	466
3332	1710	259
3335	2608	659
3345	1993	211
3347	3220	412
3361	1785	211
3362	2360	347
3367	3261	201
3367	3261	239
3368	3881	254
3369	4439	250
3370	1424	185
3372	4015	393
3379	2700	254
3379	2700	299
3380	4120	382
3385	4127	515
3390	2726	310
3400	2206	302
3422	1754	310
3425	2867	306
3426	2698	336
3433	6288	276
3434	4569	488
3436	2253	333
3438	2320	291
3439	5460	518
3445	4189	648
3449	4219	474
3462	3113	425
3466	1536	323
3468	1766	275
3479	1118	326
3482	2422	457
3483	855	269
3498	2302	450
3500	2897	506
3501	2330	256
3502	4282	310
3507	1270	390
3512	2693	375
3523	3669	483
3531	3819	406
3536	1995	323
3536	1995	242
3537	2565	514
3548	3898	552
3553	2767	434
3554	5146	227
3555	2786	312
3558	2319	310
3561	2639	392
3574	4344	621
3577	3347	250
3579	2984	363
3581	4242	330
3582	2117	216
3586	2591	330
3591	3835	436
3595	2279	564
3608	2297	475
3609	5204	391
3613	3502	469
3617	2488	238
3619	4970	439
3621	1361	249
3623	4646	650
3623	4646	306
3626	2109	232
3626	2109	302
3627	2434	508
3629	2450	614
3640	3205	178
3640	3205	257
3641	5688	443
3644	2756	244
3644	2756	321
3645	3734	422
3649	4313	562
3650	2289	391
3659	2658	568
3660	4494	509
3664	3328	571
3665	2733	493
3668	5098	578
3670	2241	294
3671	5031	409
3674	1801	284
3678	2035	277
3679	1546	347
3683	4250	444
3686	2339	490
3688	2528	311
3689	3922	406
3693	4014	582
3694	4867	620
3696	2407	323
3697	4049	392
3704	2963	451
3708	2067	312
3716	4254	371
3720	2271	357
3723	3926	449
3726	3835	313
3728	2673	437
3734	3389	417
3736	2733	485
3739	6075	632
3750	2965	367
3751	2758	503
3754	2075	333
3756	2762	467
3761	4409	284
3762	3165	285
3777	1925	298
3783	4024	659
3792	6214	332
3792	6214	327
3796	2050	542
3797	2422	550
3800	1977	468
3802	3591	497
3803	4886	221
3809	1284	624
3812	5577	717
3813	3356	484
3814	3055	441
3815	3477	338
3821	3431	478
3825	3574	721
3826	2306	417
3832	3152	644
3838	4389	469
3839	4072	391
3840	2052	343
3841	3631	293
3845	3391	185
3850	3315	386
3860	4271	338
3866	6549	680
3870	2270	284
3874	4951	443
3880	4778	439
3886	2673	277
3894	2568	327
3897	4251	614
3898	2594	467
3902	5090	806
3907	2748	245
3908	4151	578
3910	1596	238
3913	3226	347
3920	1221	279
3924	3907	185
3929	3838	454
3934	2361	185
3947	5324	275
3949	4493	488
3953	2170	185
3954	5941	185
3961	3925	480
3962	2957	472
3964	2259	297
3965	4684	334
3968	2537	368
3972	4172	763
3974	3573	327
3975	3746	215
3984	3350	291
3988	6540	346
3993	4376	435
3997	3047	316
4002	5280	505
4005	3489	533
4006	1887	565
4014	1676	227
4015	2916	497
4018	4399	470
4021	5475	567
4027	5760	327
4028	694	185
4029	3655	269
4031	4411	421
4041	3317	539
4045	3812	256
4066	4453	400
4067	2346	524
4072	2454	619
4079	2158	283
4080	4946	451
4084	1641	476
4094	3565	428
4095	3095	636
4096	2916	389
4099	2447	206
4103	6119	485
4107	2116	238
4128	2531	356
4131	3789	302
4134	7382	377
4137	4019	211
4148	2168	239
4149	3896	292
4154	5161	585
4162	1372	250
4164	2131	290
4165	3492	211
4166	1777	308
4168	2409	293
4173	2216	267
4174	4489	536
4177	4309	720
4188	2933	273
4191	4219	492
4196	955	286
4200	5037	345
4206	2788	250
4207	2501	443
4213	3747	468
4217	3033	466
4218	2505	557
4226	2380	360
4234	2013	570
4236	2771	305
4237	2846	278
4238	3201	282
4238	3201	200
4246	3983	421
4248	2862	352
4251	3190	256
4258	2618	267
4260	4286	255
4264	2276	266
4267	3576	444
4271	3904	551
4274	1588	329
4278	5244	324
4279	1966	222
4281	4798	420
4282	2815	349
4283	3326	286
4289	1802	222
4291	4304	253
4295	2996	249
4296	3289	286
4303	2257	267
4305	6861	472
4309	1839	345
4310	4699	300
4324	2444	328
4327	5068	253
4329	3194	267
4331	6262	391
4334	2736	292
4341	5637	448
4343	1671	301
4346	2794	270
4355	4046	301
4360	1504	291
4363	4161	268
4363	4161	280
4364	2572	268
4371	1852	200
4376	6995	249
4379	2033	304
4381	1283	306
4384	6301	201
4384	6301	334
4385	1729	238
4386	5890	555
4394	4812	395
4397	7102	291
4397	7102	553
4399	3151	266
4401	1423	227
4402	5435	283
4403	3126	461
4409	2949	326
4411	1169	298
4412	5914	338
4416	4864	261
4416	4864	260
4419	2576	428
4435	3488	362
4436	1376	284
4441	3263	317
4441	3263	226
4444	7011	361
4445	2148	280
4450	2021	276
4451	4065	484
4454	2334	466
4457	3220	276
4462	4808	273
4464	6620	433
4465	1290	281
4469	1549	241
4470	1201	206
4471	1095	271
4472	3133	255
4472	3133	265
4479	2299	286
4479	2299	251
4480	4838	303
4482	6106	248
4485	7362	230
4485	7362	341
4488	1639	287
4496	7224	282
4506	2304	305
4507	1999	245
4511	2807	509
4516	2194	290
4518	2595	325
4522	2631	298
4525	3157	333
4531	2709	215
4532	4288	344
4537	6437	276
4548	5404	332
4556	6047	457
4560	2420	290
4562	4063	256
4562	4063	318
4573	1336	271
4575	4536	233
4577	2682	287
4578	2418	473
4580	3059	261
4583	3462	295
4586	3887	246
4596	5283	238
4599	4688	284
4602	3752	272
4610	3950	404
4612	4500	429
4623	3234	513
4625	3386	326
4626	7061	200
4632	2575	386
4635	3536	320
4637	2265	310
4640	2912	258
4642	5569	268
4645	5263	291
4646	3636	536
4650	5644	505
4653	5110	457
4656	5930	442
4660	6103	467
4666	5022	587
4673	1596	273
4675	3601	266
4679	4617	388
4682	2148	550
4686	5500	514
4688	6535	275
4697	6048	351
4703	3461	243
4706	6288	478
4706	6288	514
4710	5149	463
4711	4588	480
4712	3122	539
4713	6082	309
4719	5822	419
4721	6292	746
4722	2704	243
4724	3001	206
4727	7399	644
4732	1968	409
4734	5788	200
4736	4834	503
4740	4836	512
4749	5515	646
4751	6296	623
4752	3991	490
4753	4624	571
4763	5107	555
4767	2368	315
4769	3287	399
4770	4011	658
4774	3019	341
4779	2273	532
4785	1999	533
4788	2377	288
4803	2712	368
4805	3049	355
4809	6177	472
4817	4170	633
4825	2447	289
4833	3769	335
4844	6205	497
4844	6205	428
4846	3061	327
4847	4052	435
4855	2796	230
4858	1981	360
4860	1084	282
4872	6263	640
4881	4702	442
4885	4536	351
4889	3029	394
4890	4004	268
4894	2896	342
4896	4866	380
4899	5701	223
4900	5746	488
4903	3994	407
4906	5598	260
4907	3676	341
4913	3706	412
4915	3870	483
4924	7138	376
4927	2543	425
4929	7698	255
4934	6591	544
4940	1995	417
4944	5670	575
4946	5503	327
4948	5079	476
4953	3255	538
4955	5832	365
4960	4700	426
4967	5501	556
4970	5892	548
4971	2479	556
4975	6944	704
4982	2022	334
4983	3139	310
4985	7761	282
4987	1685	410
4989	2787	352
4990	4835	243
4996	1694	329
5001	3348	268
5001	3348	368
5002	4146	486
5003	5635	560
5007	4573	484
5010	3933	378
5011	2958	272
5013	3957	383
5013	3957	444
5019	5103	401
5022	5091	408
5026	3300	487
5028	6020	455
5032	3158	248
5038	7549	485
5038	7549	339
5042	6945	448
5045	4658	276
5045	4658	341
5047	4529	541
5052	2238	454
5055	3102	381
5058	2513	346
5061	4664	405
5063	7551	539
5064	5987	185
5065	1437	331
5066	3543	360
5071	1887	343
5076	7293	667
5077	2430	530
5078	3946	392
5081	2630	338
5085	3088	330
5086	2239	336
5091	4249	399
5093	3750	377
5094	5439	397
5096	3428	302
5103	2300	534
5104	4838	496
5109	7156	605
5109	7156	568
5114	2600	455
5116	4747	387
5116	4747	462
5117	3533	435
5124	2005	276
5127	5905	487
5129	3709	200
5131	5414	309
5132	3385	278
5132	3385	240
5133	4729	467
5142	2163	336
5147	4281	528
5148	4648	466
5154	3411	480
5155	3575	462
5156	5386	336
5157	2819	561
5158	4101	494
5159	7666	586
5163	2665	677
5166	3631	473
5169	6258	446
5169	6258	435
5172	3205	442
5189	3472	368
5190	3372	529
5191	4390	553
5192	4893	250
5192	4893	322
5193	2776	200
5196	2945	311
5206	2716	227
5216	4408	611
5218	3072	393
5227	2048	302
5228	2355	580
5230	2378	238
5246	2281	303
5249	3255	277
5252	4509	572
5254	3411	439
5257	3295	298
5261	3601	624
5263	2049	255
5264	4554	387
5268	4139	686
5270	3491	541
5271	3050	390
5275	3386	454
5277	3723	422
5288	3907	690
5289	3781	398
5290	1689	260
5296	4729	453
5297	3216	557
5302	3604	297
5305	1716	455
5307	4333	429
5309	1676	462
5313	5372	628
5324	7651	496
5325	6863	230
5325	6863	314
5327	5427	530
5328	3886	238
5331	5662	430
5332	2455	344
5338	1952	355
5352	6445	503
5356	6497	238
5359	3983	537
5363	3279	517
5366	3304	357
5367	2412	473
5373	5380	322
5373	5380	341
5385	6139	239
5389	4103	501
5394	3114	315
5398	2468	278
5400	5333	554
5403	3887	462
5407	4751	435
5407	4751	417
5410	3373	383
5411	6674	482
5417	4829	687
5419	3779	280
5421	3950	491
5424	6304	439
5426	2790	407
5429	3634	297
5430	4202	219
5430	4202	217
5433	5289	277
5434	2841	353
5435	5958	322
5445	3952	222
5448	5200	200
5458	6778	478
5459	4245	307
5461	5738	242
5461	5738	296
5462	5738	206
5463	4303	463
5464	2723	316
5466	5691	454
5467	5159	501
5469	3518	567
5469	3518	466
5471	3638	385
5472	3990	379
5473	5066	472
5473	5066	341
5474	2688	340
5474	2688	297
5475	5048	633
5476	5134	321
5489	3694	561
5494	4482	249
5497	5099	284
5501	3838	517
5504	5127	496
5506	3781	412
5507	6281	401
5508	6237	373
5510	3101	215
5514	2635	239
5515	4224	331
5515	4224	319
5520	5295	537
5524	2930	510
5526	5163	441
5529	2637	261
5530	2937	509
5531	3523	409
5532	6201	237
5532	6201	207
5532	6201	244
5539	4697	185
5540	2821	330
5545	6607	371
5548	4096	261
5553	3163	332
5558	4817	185
5560	4310	470
5560	4310	500
5567	4763	507
5573	2509	419
5579	4128	531
5584	6933	545
5585	3940	256
5589	3912	323
5591	1416	259
5597	4684	537
5603	5002	512
5604	3264	381
5605	4214	582
5611	5908	506
5614	5872	247
5616	6142	225
5617	3635	499
5618	3075	291
5623	3936	297
5624	3397	621
5630	5726	292
5641	1867	332
5642	5439	348
5643	4892	341
5645	4017	303
5647	2903	362
5655	4889	470
5656	5033	509
5662	3616	343
5664	4174	450
5669	2579	280
5671	3087	428
5672	2723	552
5673	6242	536
5675	6195	234
5676	7086	451
5679	4254	406
5680	3566	254
5682	4599	503
5687	4809	203
5687	4809	224
5689	4081	347
5704	6071	639
5712	2699	237
5716	4402	473
5718	3368	320
5722	3593	481
5723	6410	442
5724	6966	593
5724	6966	584
5729	6648	536
5729	6648	315
5730	4324	383
5732	6625	420
5735	4087	311
5737	6822	282
5739	4548	619
5749	4278	347
5751	4702	523
5752	5258	421
5753	2907	292
5756	2937	255
5757	5557	234
5761	3874	427
5762	4224	296
5763	5168	445
5765	4767	509
5766	5602	298
5767	2173	512
5769	2453	335
5771	5478	200
5772	4556	501
5774	3329	299
5782	3275	273
5786	6013	412
5786	6013	520
5787	4922	426
5788	4436	496
5790	4058	545
5795	4970	314
5797	5293	185
5799	2754	306
5802	4266	462
5830	4253	433
5853	6916	185
5857	1960	185
5867	3939	469
5872	4912	275
5875	5710	326
5888	2727	287
5899	3547	200
5907	4075	491
5908	4323	525
5909	4426	417
5913	2780	262
5913	2780	287
5914	3354	344
5926	2853	234
5928	3474	231
5928	3474	440
5933	3506	514
5935	5266	394
5940	3031	292
5948	2766	249
5957	2337	238
5969	2150	185
5974	3575	184
5974	3575	162
5982	2218	200
5986	2739	303
5996	4353	185
5999	7789	238
6004	2251	423
6019	4527	286
6020	4401	475
6025	3362	539
6026	4491	262
6026	4491	280
6031	3286	475
6036	4748	350
6040	7297	431
6044	6092	512
6046	3712	231
6046	3712	261
6053	4750	445
6054	4511	267
6056	4076	451
6062	3257	308
6063	1849	344
6064	4791	321
6077	6238	574
6079	2802	279
6080	2143	555
6087	4080	233
6089	2026	349
6091	5331	322
6092	2086	327
6103	4574	451
6107	3584	543
6113	2340	297
6121	4580	578
6123	4518	211
6125	3865	233
6132	1805	311
6135	4860	200
6135	4860	335
6141	2408	577
6142	2244	290
6145	3991	532
6147	2084	274
6153	2792	296
6159	5586	211
6161	1536	324
6165	4446	493
6167	2844	215
6171	2515	185
6174	7145	385
6191	3852	297
6193	3953	185
6194	5847	500
6195	3632	528
6199	3154	527
6206	2862	211
6208	3620	300
6210	6697	290
6211	2565	261
6213	4304	253
6214	3239	545
6216	3250	279
6216	3250	144
6219	2489	230
6222	3451	415
6230	2569	489
6231	3559	243
6238	4522	291
6243	3048	537
6247	3531	274
6252	3339	607
6261	2599	281
6263	2920	451
6266	5963	347
6269	3062	322
6269	3062	276
6270	2759	226
6274	1500	339
6282	2407	274
6286	5785	289
6291	5059	410
6294	1798	283
6297	3005	412
6300	2305	429
6302	2115	297
6306	3908	426
6307	1486	269
6310	2307	340
6322	2727	408
6326	1907	329
6328	3727	260
6332	4483	388
6332	4483	335
6333	3041	479
6339	3922	251
6340	1826	222
6348	4175	373
6361	1375	185
6380	2718	311
6384	6105	280
6384	6105	339
6390	1599	304
6391	4922	408
6394	2418	407
6395	6628	215
6397	3329	313
6398	1037	215
6399	1924	258
6403	4525	567
6404	2377	200
6407	5923	408
6409	5804	363
6415	2286	558
6416	7277	700
6417	4947	321
6423	3731	272
6423	3731	286
6427	4903	323
6437	1867	337
6438	3326	409
6440	3485	279
6442	3688	301
6448	3033	308
6453	2229	200
6461	2259	275
6467	1864	323
6469	3065	256
6469	3065	211
6471	4944	246
6479	2922	306
6484	4654	521
6487	3894	369
6491	2372	285
6493	2491	290
6496	5056	260
6500	2359	300
6501	2662	372
6504	4807	304
6506	3243	320
6508	2096	222
6509	6844	345
6513	3368	383
6515	2861	558
6516	7562	468
6517	2903	459
6518	2924	310
6529	2775	386
6535	3159	479
6542	3040	200
6545	6014	450
6545	6014	449
6550	5038	582
6551	3233	506
6557	2975	285
6568	2454	305
6573	3169	185
6575	3647	605
6577	3916	329
6582	4390	279
6583	3374	243
6584	3160	311
6591	3342	274
6595	4542	562
6596	5655	751
6601	4788	577
6613	6967	590
6619	3705	215
6620	7109	405
6620	7109	251
6621	2004	250
6622	2986	286
6640	3120	253
6644	4399	283
6648	3329	591
6654	2167	540
6657	1995	489
6659	5654	291
6659	5654	338
6660	2821	222
6661	5109	503
6662	6445	436
6665	7263	181
6665	7263	340
6667	5836	238
6671	6840	465
6679	5578	283
6679	5578	436
6681	5916	232
6681	5916	315
6685	6023	538
6694	1700	426
6700	2344	292
6702	4184	448
6710	3746	373
6714	2147	253
6715	3073	508
6721	1539	353
6727	5743	510
6736	2957	439
6738	2154	552
6743	3466	339
6744	2747	524
6746	4625	401
6747	7436	288
6747	7436	213
6747	7436	492
6761	1992	267
6763	2003	297
6765	2209	483
6768	2874	243
6769	968	227
6775	3711	329
6781	1798	334
6781	1798	241
6790	3281	618
6792	1485	215
6793	2396	200
6796	2107	255
6804	1286	296
