0	25350	35005
24	7748	489
27	4558	245
29	2303	356
30	9712	222
37	5457	430
49	3968	227
51	10407	441
58	3935	540
75	4689	388
75	4689	259
90	3924	305
94	4367	334
111	4899	356
119	4720	232
120	5353	397
122	10570	385
130	10814	302
132	2830	634
151	2252	498
154	8246	644
156	11892	350
164	9687	215
167	8373	281
168	11796	185
169	4637	291
187	9647	259
202	7468	347
202	7468	295
203	5982	241
204	4528	444
207	5550	318
214	5832	423
215	3221	358
221	6119	270
228	10788	341
228	10788	310
228	10788	329
233	5553	306
233	5553	261
240	3301	298
243	5204	185
253	3787	307
254	10382	291
256	4854	280
259	7592	357
263	7516	185
271	5049	284
274	8629	316
279	5206	211
284	6839	343
285	4200	256
296	2374	272
300	3232	249
306	6061	238
339	7239	423
339	7239	607
341	7552	222
342	5017	260
344	3323	331
353	1519	233
354	4437	508
357	5094	453
361	6317	436
362	6233	457
366	3305	272
367	4452	473
372	9469	510
374	11127	271
374	11127	472
376	12173	405
386	3265	356
391	10853	568
399	5360	596
406	5329	416
407	2992	475
408	5160	315
417	4553	526
417	4553	185
418	12909	333
424	5920	497
428	8095	206
429	12190	200
435	5033	322
437	6134	458
438	4693	479
453	11478	361
457	5400	449
460	10340	300
465	8232	489
468	2222	260
479	12532	238
486	3839	292
491	4496	266
498	9366	506
504	2822	506
515	4997	529
521	9487	350
522	4563	492
531	8123	305
533	12578	330
538	3330	504
548	4718	499
555	6297	544
563	4529	299
567	4086	200
571	8948	517
574	4252	452
575	5424	298
578	5514	341
590	7240	322
592	5879	473
597	7690	266
597	7690	354
607	2165	313
611	8171	488
622	2372	335
624	5181	215
630	6151	288
637	10435	302
661	1232	462
665	6695	521
667	2310	316
670	6130	441
671	4775	248
672	1815	523
684	9151	593
687	3923	380
700	7649	486
701	9747	424
703	3012	230
711	4229	412
713	5209	396
716	5004	402
722	7319	581
742	9305	326
746	7742	500
748	3155	303
777	5063	392
788	4534	450
792	5285	372
804	5445	491
810	4407	621
814	5337	581
817	6610	297
820	5773	206
830	8451	451
834	7221	341
844	5135	590
856	6296	466
857	2270	468
861	10522	348
870	5166	192
871	8250	572
875	6110	540
879	10386	471
885	4066	583
887	4696	267
893	4644	377
899	11622	293
903	2697	468
909	6920	381
912	6356	245
914	7843	435
915	2582	598
924	10588	332
925	6286	411
941	8591	300
945	2214	485
950	6760	318
950	6760	254
955	5179	407
957	10034	508
958	3627	244
958	3627	176
960	7341	358
963	3851	283
966	4160	555
967	3842	375
970	5249	318
971	7017	615
973	6545	261
974	4337	416
975	4933	417
979	3482	298
983	4194	550
984	9384	392
985	2755	319
991	1556	185
992	5225	249
992	5225	269
994	3481	346
1005	8157	410
1010	5176	526
1010	5176	531
1012	3957	503
1016	7201	423
1021	2966	185
1023	5806	611
1024	4593	330
1028	12823	461
1029	6215	279
1033	2941	342
1034	4159	238
1034	4159	296
1039	1927	243
1052	6314	275
1052	6314	467
1055	5432	406
1062	7876	285
1064	3681	323
1066	2333	185
1067	4332	284
1085	3360	276
1087	3542	185
1088	4488	388
1094	3655	278
1099	3776	278
1100	4022	320
1102	8520	516
1106	4416	400
1113	2297	291
1120	4054	266
1122	3776	359
1129	4153	215
1129	4153	274
1130	5651	460
1132	6570	321
1132	6570	244
1138	7319	744
1139	5867	227
1147	4831	325
1150	4254	272
1152	2668	249
1154	3136	301
1155	4820	353
1170	6165	465
1172	5016	654
1177	3524	318
1182	3926	512
1188	1623	310
1189	9349	302
1199	6041	205
1199	6041	229
1201	8031	439
1201	8031	304
1210	3405	301
1216	3861	440
1223	5083	589
1235	4176	544
1237	4619	185
1241	6234	366
1247	6882	418
1255	1916	626
1258	5095	452
1270	5711	440
1272	4515	386
1278	6315	544
1280	3953	492
1282	6193	542
1291	3445	531
1295	2312	202
1305	3532	265
1309	3340	541
1311	4981	386
1315	2738	593
1316	4139	492
1318	4918	404
1326	4096	665
1328	3216	323
1333	2540	332
1338	6148	477
1343	2729	238
1345	4753	323
1348	6640	456
1350	4701	492
1354	3827	261
1358	2350	327
1360	3982	483
1368	4658	454
1373	3137	245
1378	5926	470
1385	3122	215
1394	4781	431
1402	3643	498
1406	5664	265
1414	4238	310
1417	6827	352
1433	5493	466
1439	3235	368
1446	8142	337
1449	6770	334
1455	2761	490
1456	2193	282
1460	3259	334
1461	5330	350
1482	3296	227
1485	6635	676
1485	6635	322
1492	5685	538
1493	4059	276
1497	3259	329
1498	3221	296
1506	5463	404
1508	4066	372
1510	3676	323
1515	7589	291
1518	3143	330
1519	4417	294
1520	6209	360
1531	3518	236
1533	4024	438
1539	3335	310
1541	3380	503
1545	2713	340
1550	5107	616
1563	4462	369
1576	2214	268
1579	3137	520
1586	4049	274
1590	5835	250
1597	3809	604
1598	3189	329
1600	2642	490
1605	1925	485
1613	1989	423
1623	3087	315
1628	4495	514
1639	3860	506
1639	3860	340
1644	4257	425
1653	3955	292
1671	3798	627
1674	3858	406
1675	4891	350
1675	4891	317
1676	3653	271
1698	2981	348
1708	4227	300
1718	7437	493
1722	5435	309
1724	4611	411
1729	4956	508
1740	5992	451
1742	5368	350
1744	2103	241
1750	4576	270
1755	3579	541
1756	3791	298
1757	6283	317
1761	4154	470
1764	3836	610
1768	5798	253
1768	5798	341
1773	7176	294
1773	7176	281
1774	3253	243
1775	6097	436
1776	7492	267
1785	3141	239
1789	3054	523
1794	3588	231
1794	3588	246
1799	5561	558
1804	5571	185
1810	5992	227
1813	4062	502
1818	5118	285
1830	2567	564
1831	5989	317
1839	2614	337
1847	7321	355
1850	5166	351
1858	4055	239
1860	3623	344
1861	3855	694
1869	2493	255
1870	4219	317
1870	4219	179
1873	1901	346
1875	3903	514
1876	4270	206
1877	3045	340
1878	7285	363
1879	5278	274
1882	6832	471
1883	4692	472
1894	6571	430
1900	2654	250
1902	4594	308
1909	3393	211
1913	7119	332
1913	7119	269
1915	3012	430
1921	3746	580
1929	4383	300
1931	8049	325
1946	2234	395
1948	4490	232
1949	7836	411
1953	2993	323
1954	6402	477
1961	1772	292
1963	1573	334
1965	1984	387
1966	3119	335
1967	4659	450
1969	1563	286
1972	5111	423
1977	3918	362
1982	3070	367
1983	3061	289
1988	3833	332
1988	3833	318
1993	5351	388
1995	1357	334
1997	2535	242
2010	6074	238
2011	6380	415
2015	2579	185
2021	1368	237
2027	4641	471
2028	1929	227
2038	4482	317
2038	4482	341
2041	5389	328
2059	5481	304
2061	3176	478
2062	2060	320
2063	4157	244
2070	2412	364
2073	3917	397
2081	4807	281
2089	2184	339
2090	2316	518
2095	5085	360
2096	6466	356
2097	4074	289
2118	8126	486
2122	8113	215
2123	4722	541
2126	5724	536
2128	3754	335
2129	1591	262
2130	2062	318
2134	4275	200
2137	4581	429
2139	3603	422
2147	4163	295
2153	5267	275
2155	5839	393
2157	2914	234
2158	7311	350
2163	2167	270
2163	2167	372
2170	2688	516
2183	4461	521
2188	4264	488
2189	3040	475
2194	4952	185
2198	4384	262
2201	2267	362
2206	3771	297
2206	3771	266
2211	3248	330
2213	2168	274
2225	6939	565
2228	5432	399
2230	1944	332
2233	2166	446
2237	4920	379
2253	4679	329
2260	3088	211
2266	7338	453
2274	2854	627
2276	3081	275
2279	5230	565
2289	4271	343
2292	2017	323
2297	2420	278
2300	4702	215
2300	4702	198
2307	6993	405
2313	2730	368
2323	4635	448
2325	3616	350
2328	6062	478
2332	8368	539
2334	1754	388
2339	4459	287
2343	7680	324
2343	7680	430
2349	7586	241
2352	4440	290
2353	3773	455
2354	5672	487
2360	3807	499
2361	5402	227
2364	6294	529
2373	3710	317
2376	5407	497
2378	3574	526
2381	6534	440
2399	7987	492
2410	4845	682
2427	2011	502
2428	2133	460
2430	4474	498
2440	5934	476
2441	5441	651
2443	5919	536
2448	2990	537
2454	1924	294
2459	3746	367
2460	6721	523
2463	3206	284
2465	6788	418
2477	2835	541
2486	7370	215
2494	6549	560
2504	4128	373
2506	5844	570
2507	4678	246
2509	2061	494
2510	3675	416
2521	3333	389
2540	4617	470
2547	2580	635
2551	3599	634
2555	2279	510
2569	1799	200
2570	3487	230
2576	3228	269
2579	2291	369
2580	5819	355
2585	3531	382
2594	3294	295
2597	3975	517
2603	8274	185
2611	3367	556
2616	4252	530
2620	2009	343
2627	4072	498
2630	3472	441
2632	4081	553
2641	6636	266
2660	5094	497
2675	6416	280
2676	5857	373
2680	5912	509
2684	3480	374
2685	7769	372
2685	7769	501
2690	7754	748
2698	1948	273
2703	1859	185
2707	3815	388
2709	7423	597
2715	5248	618
2727	7620	466
2730	1683	515
2748	5858	261
2753	7638	569
2754	4145	329
2764	3927	215
2767	3427	479
2769	5978	272
2771	8015	445
2774	2919	595
2781	6118	587
2795	3069	594
2804	5529	200
2806	3869	283
2808	7052	400
2808	7052	215
2812	6944	504
2813	8308	358
2813	8308	437
2823	3512	266
2828	5058	291
2831	7876	546
2831	7876	522
2832	1840	364
2833	2812	405
2846	6100	446
2851	7200	364
2853	5048	569
2861	3317	456
2865	5302	310
2867	2026	358
2869	4991	438
2870	5195	412
2871	2506	601
2877	4641	433
2882	2321	527
2887	5095	550
2890	2851	435
2891	2146	433
2895	4794	348
2896	8249	746
2900	4673	488
2911	3728	490
2919	5272	254
2935	6204	454
2938	1893	289
2939	3522	621
2943	6935	804
2944	6647	629
2945	3395	399
2949	3499	404
2950	8015	695
2955	5235	440
2957	2351	314
2965	4888	227
2966	3085	655
2967	2840	339
2978	4535	200
2980	3830	525
2983	5020	378
2983	5020	282
2986	3358	608
2987	2181	266
2988	4913	185
2989	4410	403
2993	3491	472
2995	3193	636
2999	5246	473
3016	4946	263
3024	4309	704
3028	5340	508
3034	3457	474
3034	3457	393
3041	3401	377
3054	3775	480
3065	4119	312
3070	3183	328
3077	8002	385
3084	1284	206
3089	6922	182
3092	2465	270
3094	2451	553
3102	10256	227
3106	6909	430
3106	6909	556
3119	6373	489
3120	4580	490
3122	7179	436
3124	5179	687
3130	2663	529
3135	4770	230
3144	6301	530
3146	6035	705
3150	4624	284
3158	4148	736
3163	6874	398
3171	7395	539
3172	5973	448
3181	4436	417
3182	5815	459
3188	7118	248
3199	8420	704
3205	6086	346
3220	3859	676
3223	8108	405
3224	4535	381
3230	3951	483
3233	2245	398
3244	4072	386
3256	7317	215
3256	7317	333
3260	7815	421
3274	3723	372
3285	2706	294
3297	8681	488
3305	4151	309
3311	9871	485
3348	4801	272
3349	5138	459
3354	4291	494
3356	4356	344
3357	4267	591
3365	9594	370
3377	4619	371
3378	6040	508
3381	8502	413
3417	2102	314
3420	8319	560
3425	1973	453
3431	3494	545
3435	4328	496
3444	2083	392
3459	2904	678
3481	3790	243
3488	4319	185
3496	2920	196
3496	2920	192
3506	5238	245
3511	1164	227
3516	3134	200
3522	6507	447
3522	6507	320
3529	3109	354
3530	3543	297
3536	2528	546
3537	2637	304
3550	3838	381
3559	2729	454
3570	2679	200
3582	2688	384
3604	5243	571
3607	6796	636
3614	5130	426
3618	4363	315
3624	4448	598
3630	4387	492
3638	3228	403
3648	5111	483
3649	7544	535
3658	10172	200
3659	8646	549
3670	8749	271
3677	4345	384
3680	4588	369
3686	4890	301
3687	2676	380
3692	2525	495
3695	7962	344
3727	3688	282
3732	3268	222
3735	6130	200
3740	2110	230
3743	5789	377
3754	2793	433
3765	5738	541
3781	6007	342
3785	5324	327
3788	1440	200
3790	2176	227
3795	7423	414
3801	5280	688
3804	5745	211
3806	5045	472
3809	3088	185
3811	4130	365
3815	2747	368
3818	4944	303
3826	6379	665
3830	5176	185
3831	2659	302
3832	2321	318
3837	4200	457
3838	3317	351
3838	3317	346
3839	4408	200
3846	3366	227
3847	4554	520
3853	2380	344
3862	5316	322
3862	5316	305
3863	2832	358
3868	3080	340
3869	6196	266
3886	5938	385
3887	4197	347
3894	4138	397
3894	4138	406
3898	3450	255
3903	995	200
3906	6080	532
3916	4296	358
3916	4296	283
3922	6155	378
3939	6661	253
3940	3784	297
3944	6030	522
3952	3176	343
3953	2968	303
3956	4682	200
3957	2629	233
3957	2629	150
3962	1951	243
3968	2793	248
3974	3348	256
3978	1705	341
3985	2701	185
3988	2067	423
3995	5119	368
3996	7359	248
3999	4865	270
4003	7298	406
4010	1629	230
4013	4280	261
4013	4280	419
4017	3628	394
4018	4432	429
4020	4439	185
4022	3346	222
4024	4459	316
4034	3196	358
4038	6000	362
4040	3637	387
4041	4850	366
4041	4850	376
4043	5680	367
4047	3624	462
4050	2816	425
4057	2785	316
4061	6511	326
4064	3572	377
4076	3582	401
4076	3582	388
4080	9407	534
4083	4813	245
4089	6020	648
4093	8295	455
4094	2177	414
4096	3280	318
4101	10165	479
4102	3656	223
4102	3656	164
4109	2991	200
4110	5719	261
4111	3228	315
4111	3228	331
4114	3153	352
4118	3377	215
4125	2450	350
4126	7500	470
4134	1417	266
4135	7585	379
4135	7585	485
4148	4129	297
4152	2562	269
4155	3588	375
4159	3338	481
4183	3201	323
4186	7241	286
4186	7241	255
4189	2245	316
4191	6151	464
4196	4590	644
4199	3745	397
4204	3748	546
4206	5641	328
4206	5641	216
4211	5559	360
4215	3499	256
4217	4282	185
4226	2882	336
4227	6143	410
4228	2496	170
4228	2496	181
4229	2487	317
4234	3585	490
4239	5497	298
4242	6809	354
4244	3557	383
4252	6363	508
4253	5374	379
4255	6941	472
4256	6283	305
4257	3075	374
4262	3339	288
4263	4630	200
4268	1494	211
4278	3597	310
4282	4372	251
4282	4372	321
4285	6686	250
4287	3316	188
4287	3316	139
4287	3316	425
4289	3177	401
4289	3177	371
4293	2410	400
4293	2410	293
4298	4511	338
4298	4511	378
4300	3173	286
4301	5225	410
4302	10275	229
4307	7046	403
4308	3854	354
4311	6356	441
4316	6919	185
4320	2641	364
4331	4385	340
4331	4385	352
4337	9374	459
4339	3377	273
4340	2354	477
4345	7755	311
4345	7755	353
4352	3211	353
4357	2530	307
4358	5401	371
4363	3308	423
4368	1943	211
4373	3717	414
4380	4627	334
4382	4475	261
4383	6114	261
4385	8072	378
4386	1471	487
4388	3552	250
4391	3420	376
4391	3420	377
4392	2465	373
4394	3385	341
4396	2773	346
4397	4271	554
4401	3764	291
4401	3764	241
4410	5469	392
4410	5469	392
4413	6058	248
4421	6390	442
4421	6390	441
4430	3832	372
4430	3832	304
4435	8266	390
4435	8266	304
4435	8266	380
4454	4378	407
4455	3692	327
4466	2664	355
4467	7957	198
4467	7957	388
4471	4129	243
4473	4268	347
4476	4584	468
4479	2706	269
4483	3329	429
4489	3437	334
4490	4069	227
4492	3763	441
4494	1884	344
4496	5756	460
4500	6990	374
4500	6990	286
4500	6990	366
4512	5868	538
4513	4616	274
4513	4616	309
4515	4220	222
4517	4820	227
4518	3985	329
4528	4082	376
4532	2959	200
4536	2988	331
4546	1239	327
4553	2488	305
4557	2124	286
4559	3091	315
4565	2037	279
4567	3618	232
4575	3773	206
4579	8038	266
4580	5411	283
4582	1877	334
4592	2644	215
4594	3397	534
4600	2608	211
4610	5121	215
4610	5121	263
4618	5916	340
4623	10119	312
4627	1405	307
4641	4280	510
4642	1489	257
4648	1993	185
4654	1817	385
4660	3860	415
4664	3481	345
4675	5482	227
4676	4041	271
4711	7907	402
4712	1170	226
4716	4729	528
4718	8567	302
4718	8567	321
4720	7040	388
4723	3362	300
4724	6669	458
4740	8151	658
4749	8426	202
4749	8426	185
4749	8426	508
4756	5929	318
4760	2333	348
4764	10321	450
4767	4916	757
4782	4749	185
4784	3069	527
4785	7663	357
4795	2122	343
4804	1947	402
4806	2386	200
4812	6167	636
4813	4301	468
4815	4810	435
4815	4810	255
4821	3297	292
4830	9056	471
4838	4383	411
4856	2045	185
4860	2952	622
4870	5046	413
4870	5046	299
4874	5628	557
4876	3814	538
4883	3648	528
4896	9677	283
4897	2528	350
4902	2258	478
4915	8655	495
4920	3749	475
4929	4297	185
4939	4688	315
4942	3137	472
4948	4986	452
4958	4889	610
4965	6112	305
4965	6112	174
4966	4350	488
4978	6617	704
4982	4924	369
4983	3007	512
4987	3110	295
4992	5112	275
4993	2456	351
4995	3485	399
5003	5822	284
5004	7142	272
5006	2542	317
5012	5363	355
5015	2533	260
5015	2533	301
5019	4741	780
5022	5681	339
5024	2772	426
5026	5737	463
5044	2646	803
5047	4874	325
5048	1875	497
5053	1692	431
5054	4228	335
5057	3472	516
5059	2023	185
5064	5611	591
5065	5592	464
5068	6377	498
5070	3815	780
5081	2538	211
5085	4057	543
5086	3411	451
5102	6483	532
5103	3771	430
5104	3357	309
5105	2330	200
5107	2699	327
5110	2312	408
5115	5661	417
5115	5661	377
5126	2606	256
5127	4767	351
5131	4193	308
5136	4061	403
5143	3165	459
5145	8140	591
5146	7831	332
5150	4129	382
5152	3864	565
5154	3927	248
5156	3327	474
5158	2154	362
5160	5045	373
5166	2774	287
5170	4053	476
5170	4053	495
5177	3656	501
5178	5278	232
5178	5278	378
5183	6112	256
5183	6112	383
5183	6112	348
5190	2695	267
5199	1625	306
5204	8859	263
5214	3809	392
5216	4762	298
5217	3265	238
5217	3265	238
5225	4642	461
5230	2644	340
5231	4588	232
5242	8191	441
5246	4410	348
5247	5909	286
5247	5909	305
5257	8085	457
5258	4290	471
5273	3370	281
5274	2949	489
5281	4978	587
5290	4443	226
5290	4443	377
5294	5686	355
5303	3335	352
5313	7248	185
5317	1866	303
5320	4814	408
5330	4344	248
5333	4229	185
5345	9040	436
5358	4330	392
5362	1244	291
5371	1445	285
5372	8120	544
5374	3178	329
5385	4522	302
5389	8849	277
5390	4775	783
5400	4967	500
5401	3831	480
5404	2358	331
5411	5259	427
5413	2096	354
5422	4989	222
5425	3365	281
5430	4048	572
5433	4006	366
5436	2646	501
5443	3913	339
5443	3913	481
5444	3709	376
5449	5512	465
5454	9643	281
5456	1388	362
5457	1697	393
5468	4682	469
5471	4680	278
5476	4517	397
5476	4517	377
5477	8597	391
5491	3215	261
5493	2968	354
5510	2919	376
5512	5568	299
5515	6989	406
5518	3724	352
5520	6402	339
5522	3745	519
5526	2008	363
5539	5633	307
5546	3414	279
5547	3047	297
5550	5773	367
5551	2579	340
5556	2617	609
5559	4023	360
5559	4023	198
5573	5427	528
5578	3842	320
5581	5598	215
5583	8237	222
5589	7219	315
5599	3511	258
5599	3511	328
5605	1977	260
5613	4518	616
5618	5222	441
5619	4133	443
5623	6063	272
5629	3314	750
5633	2340	391
5634	3373	378
5634	3373	309
5636	3747	639
5638	7376	381
5638	7376	354
5639	6427	455
5640	7431	260
5642	2811	388
5644	2758	342
5649	3675	530
5650	8191	184
5650	8191	241
5652	5258	215
5655	2481	484
5659	3329	215
5661	6554	385
5662	4802	611
5666	8494	230
5676	3550	447
5683	4667	444
5685	4118	462
5691	5261	302
5694	3059	239
5694	3059	343
5696	3143	336
5697	8009	330
5700	2751	399
5703	5294	255
5708	2240	243
5713	2048	222
5717	1270	200
5719	8803	539
5721	3415	242
5724	3516	244
5724	3516	326
5725	4940	553
5732	6302	528
5732	6302	233
5733	2221	568
5736	4213	392
5742	4597	515
5743	7523	314
5747	6101	463
5749	3870	301
5749	3870	443
5752	6785	282
5762	7710	363
5771	1974	494
5774	6504	185
5776	3318	211
5781	1541	288
5784	6226	337
5785	3295	518
5786	9307	429
5791	5392	347
5801	6501	371
5806	5242	619
5813	1941	591
5823	8302	396
5825	2839	396
5835	3632	415
5844	4916	290
5849	6826	387
5868	8776	489
5869	3195	477
5870	5645	545
5879	3793	428
5882	3068	512
5890	9336	452
5894	5190	411
5898	2509	196
5898	2509	241
5902	3475	200
5904	2567	456
5906	3274	309
5912	7025	323
5921	6199	306
5926	2342	514
5929	4829	493
5930	3776	340
5937	2906	375
5940	5635	279
5941	2544	575
5942	4720	408
5947	1649	398
5948	8344	472
5953	3793	290
5958	3601	336
5959	8190	518
5964	4962	351
5967	3235	731
5968	5261	474
5969	2918	292
5975	4086	200
5978	5602	400
5981	8594	278
5981	8594	238
5983	2959	200
5986	5993	604
5993	6585	349
5997	2956	506
6002	2919	429
6014	4618	381
6020	3120	509
6028	2084	260
6038	9308	371
6039	3568	260
6043	2438	211
6044	2251	548
6045	2361	398
6059	7983	420
6067	3138	344
6070	5458	405
6074	2535	512
6084	4340	361
6085	3926	464
6085	3926	543
6088	3055	525
6090	4295	356
6092	3226	294
6094	2978	551
6103	6598	560
6104	7172	253
6105	3349	358
6105	3349	184
6117	7857	375
6119	2531	438
6120	4832	590
6124	4071	420
6127	5390	449
6130	4836	482
6140	6447	489
6143	3073	632
6144	3334	357
6147	4955	369
6147	4955	337
6163	2951	185
6164	5126	388
6164	5126	369
6167	5042	395
6176	4052	244
6176	4052	268
6180	9482	506
6181	2560	379
6185	7890	507
6188	3579	444
6200	1894	185
6206	5472	425
6211	8298	491
6212	7763	369
6213	2055	337
6219	3424	465
6227	2333	332
6229	9750	446
6234	3232	524
6238	4352	485
6241	3846	714
6245	6810	555
6260	5340	382
6263	2460	455
6264	2623	298
6272	3656	338
6276	5448	801
6277	6241	429
6288	7484	206
6289	4171	306
6297	7157	581
6298	5485	562
6304	4822	222
6309	9720	377
6310	4258	222
6311	3825	298
6316	4891	215
6323	6056	381
6325	5499	578
6327	6185	465
6329	7214	395
6337	2648	410
6344	9866	615
6346	4486	325
6351	3029	511
6358	3843	377
6360	3673	317
6363	3076	226
6364	2715	185
6373	2168	185
6375	4814	455
6377	7340	185
6380	5481	394
6391	6425	810
6393	4845	222
6395	4334	250
6407	1663	503
6411	6163	287
6428	7880	425
6432	6598	591
6434	2951	551
6440	5265	625
6445	5531	395
6453	3282	318
6454	5163	394
6457	7440	333
6462	3323	405
6474	8644	612
6477	3161	417
6481	5434	185
6491	3446	489
6495	9668	211
6496	3764	481
6502	4232	497
6505	5764	397
6516	2603	247
6521	3415	462
6522	3905	626
6526	3699	401
6528	7150	474
6535	6404	238
6543	4238	478
6544	7640	272
6549	4256	648
6550	4637	431
6553	6968	504
6553	6968	354
6569	4847	573
6576	5164	333
6583	9588	293
6583	9588	430
6585	4467	185
6586	8601	512
6593	3506	534
6595	3079	412
6606	3614	659
6611	9780	533
6611	9780	367
6615	6847	366
6620	2899	439
6621	7821	498
6628	2231	315
6634	5482	491
6635	5020	470
6640	5965	414
6646	6851	185
6648	4629	326
6650	8548	616
6654	1328	354
6655	5652	695
6655	5652	473
6662	3277	283
6669	2330	355
6670	2517	496
6676	3950	415
6678	4978	536
6684	1264	244
6685	10084	469
6693	3858	254
6697	10376	453
6704	4087	460
6708	3864	386
6711	2375	235
6724	4756	398
6725	4047	530
6729	3849	331
6733	5148	185
6736	4627	472
6738	3827	211
6753	4806	374
6754	3534	318
6755	5425	483
6760	3992	389
6762	9583	263
6770	7114	472
6771	9055	147
6771	9055	155
6787	7070	409
6792	6805	430
6796	6686	302
6800	7007	255
6802	3409	325
6803	4178	299
6805	5019	185
6807	4833	324
6808	4065	335
6813	6598	390
6818	2434	238
6830	3259	500
6834	7002	413
6836	4701	441
6837	4217	318
6838	7846	471
6840	2330	384
6853	6552	714
6862	6471	266
6862	6471	296
6870	6435	606
6875	8397	304
6876	12064	469
6878	3306	431
6879	7795	405
6882	3828	293
6883	8115	478
6894	5545	430
6895	6458	445
6898	10526	526
6903	6942	464
6907	4731	200
6911	9581	671
6915	4270	389
6919	7243	545
6926	5882	285
6940	4659	185
6940	4659	365
6949	6684	693
6952	2217	227
6964	6333	494
6967	3129	185
6976	8420	227
6980	8675	425
6986	4471	319
6997	9310	259
7007	4153	346
7012	5210	459
7014	7233	384
7014	7233	303
7014	7233	249
7018	3331	554
7019	2777	418
7020	5970	383
7024	7102	493
7025	4583	200
7044	7138	366
7045	4185	389
7052	5127	258
7055	10135	385
7062	7095	319
7066	1951	387
7070	10074	434
7073	5702	264
7082	2387	185
7085	9929	334
7085	9929	325
7086	3075	248
7090	9570	353
7096	3063	370
7097	6469	437
7101	9719	622
7109	5378	442
7116	5288	265
7123	8491	262
7127	7253	496
7127	7253	307
7130	2309	449
7134	3769	299
7136	3501	226
7147	2873	510
7149	6381	200
7167	3795	250
7168	2600	284
7181	2619	317
7183	2751	320
7186	5413	250
7193	4607	202
7193	4607	195
7212	5264	382
7213	4813	299
7215	3636	424
7219	1749	244
7228	4284	227
7237	3986	605
7241	7765	623
7246	1677	500
7247	10201	291
7249	6916	200
7254	4187	250
7263	1832	337
7264	5416	510
7277	1674	225
7277	1674	198
7286	2094	407
7287	7465	505
7289	2387	200
7290	4484	325
7296	2198	131
7298	3625	567
7299	2419	622
7300	6641	185
7304	5364	288
7309	3102	211
7314	5756	566
7317	2230	475
7318	4295	509
7320	4789	222
7324	4489	292
7325	4041	558
7328	4840	503
7333	4067	353
7338	4170	523
7341	5024	296
7349	11427	333
7349	11427	227
7349	11427	311
7351	10484	308
7362	2725	486
7363	5342	366
7364	6537	457
7365	4987	206
7366	6262	299
7367	1063	275
7370	12068	370
7370	12068	379
7370	12068	283
7372	1590	328
7373	9512	260
7374	5945	185
7376	3402	632
7381	11109	360
7381	11109	349
7389	5710	410
7391	7278	437
7395	2753	261
7401	8983	301
7401	8983	226
7413	7231	285
7416	10273	303
7416	10273	393
7418	2496	238
7425	10495	541
7425	10495	325
7428	2966	330
7431	7140	596
7432	4874	469
7441	7298	185
7442	4051	311
7443	11612	364
7450	2349	438
7452	4972	518
7455	11232	371
7459	3626	292
7460	5218	558
7461	11261	243
7462	7975	185
7463	3658	364
7466	4022	579
7467	3954	291
7468	1783	374
7475	1673	456
7487	5066	365
7488	3938	557
7490	5857	342
7493	7136	455
7494	2941	416
7502	2778	345
7504	3800	310
7514	10059	543
7516	7988	200
7519	9275	303
7519	9275	376
7532	5188	468
7534	11424	219
7534	11424	242
7543	5445	274
7547	3602	466
7554	3174	494
7562	9665	336
7569	8293	285
7573	6470	237
7580	10398	537
7582	3755	293
7586	3855	479
7591	2800	393
7601	3072	254
7603	4955	328
7619	3576	324
7622	3498	556
7623	3044	241
7623	3044	206
7634	2282	185
7638	2898	248
7641	6563	396
7646	2954	261
7653	5363	266
7658	3941	251
7662	2313	303
7664	5183	345
7667	1631	200
7669	4471	412
7671	5394	304
7680	3859	259
7702	3123	265
7702	3123	320
7706	3093	211
7707	4228	295
7708	9109	188
7708	9109	141
7711	3256	309
7713	5709	237
7714	6578	344
7718	4290	301
7720	5470	321
7725	10542	185
7726	8829	185
7739	2312	286
7740	3565	243
7746	6631	325
7752	4330	266
7752	4330	371
7753	8610	287
7756	3255	281
7756	3255	284
7758	4624	206
7759	4114	353
7763	7827	400
7764	2584	346
7772	3796	295
7774	3237	361
7780	4873	291
7787	1029	294
7795	3470	331
7801	8387	271
7803	5672	378
7803	5672	211
7804	7478	413
7806	6432	449
7807	6159	295
7813	4739	268
7816	3052	419
7821	4597	278
7823	3913	482
7827	4675	245
7828	10201	353
7829	4194	461
7832	5339	419
7834	8779	518
7839	6957	570
7843	7102	465
7845	5029	255
7859	3690	544
7862	12040	272
7864	2271	419
7875	7387	425
7877	2749	436
7878	5117	484
7881	4852	526
7883	6729	544
7888	3084	482
7897	4545	211
7904	2814	330
7908	7540	424
7916	3697	306
7917	3198	488
7921	5166	510
7925	3400	420
7931	12318	391
7933	5830	464
7942	7052	533
7944	3596	332
7945	10797	490
7949	8101	265
7950	4592	590
7953	3084	255
7956	1734	542
7961	10407	299
7963	7090	170
7963	7090	626
7965	4451	294
7970	5127	296
7983	8548	676
7983	8548	409
7984	2683	525
7987	11271	522
7987	11271	509
8009	3382	348
8011	4061	399
8024	3846	495
8029	9145	200
8034	8794	330
8038	6979	416
8057	3606	417
8058	5857	450
8062	7388	453
8063	6245	283
8065	9369	239
8066	3421	580
8068	11062	315
8079	6975	215
8080	6511	329
8084	4374	287
8085	4024	215
8088	2485	513
8090	2965	498
8102	4070	418
8107	4816	394
8113	9409	348
8116	11416	440
8121	10571	462
8121	10571	481
8124	4666	588
8127	10247	290
8130	9221	534
8133	2575	460
8136	6278	426
8137	4709	523
8138	8708	744
8140	5451	579
8142	11776	492
8146	5656	673
8148	6661	524
8149	4516	351
8160	12287	216
8174	5674	416
8175	3620	338
8178	5478	297
8179	4283	346
8180	8994	533
8188	2714	439
8195	10223	543
8199	11608	200
8203	6933	430
8205	6157	439
8210	5969	536
8228	5015	316
8229	4118	287
8244	3358	281
8245	5169	480
8246	3023	536
8247	4612	200
8257	3542	185
8258	3587	261
8259	4573	427
8260	2742	215
8262	3593	576
8265	4546	474
8272	4209	310
8277	4994	281
8287	2042	185
8290	4380	200
8291	1553	262
8301	5377	511
8303	2110	293
8306	4736	220
8307	1208	309
8314	7400	426
8332	3510	373
8339	3289	276
8343	4375	433
8347	1659	256
8357	2332	312
8361	2897	206
8368	3121	185
8368	3121	222
8375	3373	200
8377	4213	232
8384	4136	185
8385	1315	249
8388	1542	266
8392	919	260
8394	2424	206
8398	2064	272
8400	3652	310
8401	4168	276
8402	2450	285
8405	3184	185
8407	1654	227
8408	3560	505
8410	3077	200
8422	6260	309
8423	7606	444
8431	4473	403
8437	8563	456
8441	4498	505
8456	5044	483
8465	7748	534
8469	7399	478
8474	3603	595
8476	6755	490
8481	3818	273
8482	8250	552
8489	7094	439
8491	4146	546
8495	5405	487
8498	4593	316
8501	2031	564
8502	3370	276
8505	3390	422
8507	5634	395
8508	6086	385
8512	2526	252
8513	4097	343
8514	6762	523
8518	3567	349
8529	4553	433
8535	1894	308
8540	2436	579
8546	3054	301
8550	9632	508
8582	5792	360
8584	2741	605
8595	5110	405
8604	3575	585
8607	5109	397
8614	1523	430
8620	5587	222
8634	3630	495
8641	5424	313
8642	5695	485
8648	4321	529
8650	5596	489
8655	8552	270
8656	4740	281
8666	4804	494
8675	3096	533
8678	6511	311
8680	7281	362
8683	2777	357
8685	6054	530
8693	7557	206
8698	3664	370
8699	3248	544
8703	4975	230
8704	5358	439
8708	1890	468
8710	5529	211
8717	4033	585
8728	2840	523
8745	4343	367
8747	9148	436
8748	5537	504
8752	7395	723
8754	5518	516
8765	5708	447
8767	7350	260
8771	4084	300
8774	5461	535
8787	3798	632
8792	4421	206
8797	4587	291
8801	1519	710
8806	6167	201
8806	6167	191
8816	5128	588
8821	4799	572
8833	3653	410
8834	2577	445
8840	3705	470
8841	7253	670
8848	6595	516
8848	6595	490
8853	4444	433
8857	5647	270
8857	5647	288
8864	8538	336
8872	5623	462
8879	7459	329
8879	7459	396
8882	3357	241
8884	5898	473
8895	8832	487
8900	2970	226
8902	5583	487
8904	3423	206
8909	8896	436
8912	4439	387
8916	3200	336
8919	1670	515
8924	6112	408
8934	2313	373
8948	4009	300
8952	5899	511
8956	5448	200
8961	5335	267
8968	5812	379
8971	3865	434
8975	2689	206
8983	3088	250
8991	7591	457
8992	5109	344
9005	4344	355
9007	4480	305
9011	4580	442
9013	2956	437
9015	4475	445
9018	5020	220
9018	5020	529
9023	2717	526
9031	5910	216
9037	6380	426
9039	3960	329
9045	2822	375
9048	2291	200
9050	4993	331
9060	1619	396
9065	3181	190
9065	3181	282
9071	4025	546
9083	3238	331
9084	4954	467
9093	7023	729
9095	3916	269
9095	3916	379
9096	4046	261
9102	2014	376
9105	4432	442
9107	3344	337
9107	3344	222
9111	5032	354
9113	5266	536
9116	6869	495
9116	6869	358
9118	2605	200
9123	7607	332
9125	3229	357
9134	6358	211
9140	3190	297
9146	5247	562
9150	3036	471
9151	3240	338
9159	5889	582
9162	4017	367
9163	3564	466
9180	7440	585
9183	3277	497
9196	4788	465
9203	3698	576
9213	4938	516
9214	1986	490
9218	7661	363
9225	6762	318
9228	4505	295
9234	7580	329
9239	2460	313
9240	5006	467
9263	4875	522
9264	2415	321
9267	4696	290
9267	4696	273
9276	3536	581
9277	1686	249
9279	2087	588
9283	3132	348
9288	5019	221
9297	4023	326
9300	5704	427
9315	4453	650
9317	2640	244
9318	3823	263
9321	2931	273
9321	2931	351
9326	3599	390
9333	4792	266
9335	4818	393
9342	2350	287
9351	4493	295
9352	3724	406
9352	3724	329
9353	8103	266
9354	3436	243
9358	5694	446
9366	7168	206
9370	2658	250
9376	5810	484
9377	4468	298
9381	3315	301
9383	1142	504
9385	2832	230
9386	4254	313
9390	1962	635
9421	5751	464
9422	3097	252
9423	4750	465
9425	3102	206
9431	3568	401
9431	3568	317
9434	3040	349
9434	3040	410
9438	3953	389
9440	2175	350
9444	4205	420
9449	6855	237
9452	3090	221
9462	3683	241
9463	2469	328
9464	1743	356
9467	4020	413
9469	5121	269
9477	4738	607
9481	4641	468
9483	4981	390
9486	4490	268
9486	4490	334
9487	3378	200
9492	4275	316
9513	4899	508
9517	3337	266
9517	3337	310
9524	2507	206
9527	869	276
9529	5197	250
9530	5876	298
9545	1835	328
9546	4452	278
9547	1907	365
9548	6169	460
9548	6169	458
9549	6161	288
9551	4081	334
9554	8946	292
9561	2108	337
9569	2994	365
9584	5402	408
9587	3321	270
9592	6250	591
9593	4703	301
9597	7316	211
9602	5982	466
9606	3228	215
9607	4971	649
9613	5409	458
9618	2726	306
9619	2610	267
9626	2927	572
9628	1800	385
9633	5675	705
9634	3606	219
9634	3606	334
9638	3782	278
9645	2015	268
9647	7203	513
9648	3007	470
9651	4069	349
9656	4921	349
9656	4921	315
9657	4939	338
9661	3160	312
9667	2190	260
9672	2855	215
9689	6391	311
9689	6391	364
9692	5856	200
9700	3029	396
9708	6612	586
9711	4072	341
9716	2331	330
9717	8247	519
9728	4170	711
9732	3192	383
9738	8731	336
9738	8731	336
9749	3516	669
9759	3416	602
9760	3590	459
9763	2629	206
9764	4279	297
9770	3870	375
9771	5565	376
9775	5561	410
9778	3557	733
9780	3782	329
9786	3291	314
9787	3445	359
9794	4318	313
9798	5736	227
9820	3540	238
9820	3540	296
9828	3407	227
9830	5656	330
9830	5656	279
9833	2426	296
9836	4575	238
9842	2360	429
9845	3786	395
9846	6161	455
9847	3341	369
9851	4518	480
9859	4129	339
9869	5196	506
9875	3486	395
9881	4283	423
9886	2280	359
9889	2371	275
9892	2900	233
9897	4175	416
9906	4248	495
9915	4048	513
9915	4048	508
9916	4765	551
9919	5230	238
9919	5230	335
9920	6810	523
9924	5328	447
9929	4620	280
9930	3593	300
9935	2361	355
9938	4107	461
9941	7328	326
9948	4061	524
9949	5020	342
9956	3484	419
9963	4656	205
9967	6269	378
9967	6269	319
9968	4664	226
9971	6538	215
9976	5335	350
9993	2416	508
9994	3436	380
9995	3338	306
9998	1620	472
10007	5203	294
10007	5203	421
10008	4049	310
10018	2329	239
10020	4382	592
10023	4090	261
10024	5111	303
10033	3573	356
10034	2857	300
10038	3022	362
10040	2184	351
10049	4152	354
10053	3110	397
10056	7771	255
10060	3432	390
10064	4453	416
10067	3076	243
10067	3076	344
10070	5220	380
10073	6043	316
10077	3380	273
10080	3668	291
10086	2288	516
10087	5718	330
10096	4621	261
10098	9704	405
10098	9704	238
10100	1881	328
10113	2790	200
10120	2433	350
10124	3957	454
10134	3660	316
10140	2225	455
10142	3562	304
10143	3614	395
10148	3447	401
10152	6314	331
10152	6314	328
10153	803	285
10158	1530	383
10160	1783	310
10164	8814	362
10166	1694	290
10169	4707	382
10180	2036	268
10190	2755	237
10196	3014	302
10203	3178	322
10208	9115	301
10213	1692	307
10216	4559	238
10218	2372	280
10224	2254	402
10228	4029	393
10230	2366	368
10243	5395	264
10244	5438	211
10249	3043	325
10252	8598	470
10257	3604	314
10258	3234	237
10272	4454	402
10282	10114	377
10295	3044	502
10309	4974	261
10318	11120	305
10318	11120	398
10324	10362	372
10324	10362	417
10331	4351	328
10375	3479	358
10392	9369	343
10397	3549	413
10412	5855	376
10430	4616	278
10458	3754	591
10463	2526	215
10465	11545	282
10470	3916	211
10486	6016	382
10505	8980	319
10506	711	326
10513	3959	238
10520	10948	185
10532	2813	277
10533	2860	255
10541	2570	243
10560	3255	185
10561	6803	332
10576	2079	185
10598	9967	267
10620	7265	301
10623	4897	434
10632	3537	316
10639	4399	470
10643	8312	326
10650	3074	458
10665	2709	304
10667	8165	546
10667	8165	547
10674	10456	383
10683	2257	367
10690	2048	448
10694	5271	374
10697	2687	501
10709	9722	427
10716	3695	495
10718	2600	467
10720	4046	275
10735	4995	511
10736	5461	542
10739	2731	215
10762	3142	255
10766	10464	295
10768	3891	206
10771	4011	233
10793	4249	512
10794	10581	298
10795	6798	327
10800	3679	291
10807	4616	211
10811	3998	327
10812	6317	375
10820	4601	362
10824	5284	606
10826	4426	430
10827	4466	254
10830	2823	501
10837	8671	414
10844	3973	473
10857	5241	489
10858	3725	185
10859	4332	270
10870	4996	471
10875	1749	222
10876	8382	430
10879	4616	488
10881	4947	260
10884	2826	493
10901	6755	287
10901	6755	272
10919	3505	304
10921	6124	309
10921	6124	480
10923	5303	268
10923	5303	185
10933	4340	319
10934	11154	308
10934	11154	306
10936	4415	452
10937	4295	382
10938	5238	484
10940	3510	326
10941	5899	502
10946	3678	311
10949	3709	309
10961	2329	349
10963	3028	627
10974	3569	297
10975	7792	444
10980	4195	185
10985	12458	405
10993	5083	301
11002	11957	372
11002	11957	389
11012	8972	341
11025	4820	506
11039	2558	324
11042	3168	334
11043	2248	303
11045	1677	314
11055	2854	289
11065	2190	467
11066	3361	314
11066	3361	200
11069	6852	359
11073	4595	322
11078	3826	277
11080	5213	236
11080	5213	235
11081	2752	453
11085	3400	234
11086	2789	322
11092	3723	293
11092	3723	309
11093	5074	490
11096	3048	308
11097	3860	456
11098	3266	507
11099	5858	156
11104	3176	185
11105	5765	497
11107	3113	290
11121	4659	296
11127	4615	286
11130	2396	284
11130	2396	248
11140	10711	415
11143	2931	417
11146	4915	397
11147	3437	292
11150	2096	510
11152	3607	314
11154	2026	439
11156	4657	400
11162	6728	272
11164	4225	281
11169	3851	384
11179	5435	334
11189	4818	490
11194	2988	275
11197	4242	211
11202	3545	421
11208	5686	468
11212	1952	384
11213	4208	263
11217	3915	429
11230	1688	211
11231	5960	285
11231	5960	272
11234	3255	503
11236	5396	459
11237	4380	448
11246	1443	243
11249	4530	359
11254	2490	353
11260	3856	414
11261	2946	457
11262	8264	355
11264	3315	226
11269	2539	485
11270	5044	180
11277	2130	508
11284	2833	347
11286	4075	416
11288	6019	469
11288	6019	266
11289	3672	261
11294	5731	461
11299	9032	410
11299	9032	403
11305	2435	351
11322	4874	266
11329	3472	185
11333	2777	455
11337	5386	343
11341	5323	343
11341	5323	185
11345	8231	489
11345	8231	546
11346	6979	237
11359	6124	533
11365	9684	286
11365	9684	641
11374	1885	321
11375	5930	461
11376	5233	439
11381	5726	387
11383	4562	200
11390	4346	404
11391	3420	358
11392	3136	206
11394	4047	144
11394	4047	177
11395	6437	552
11404	4278	369
11407	4171	242
11408	8819	416
11408	8819	222
11409	1692	330
11410	2853	502
11418	7195	539
11425	9139	286
11430	5314	458
11431	4382	396
11439	3533	342
11440	3789	260
11441	2586	453
11445	4266	350
11448	3826	467
11449	6721	474
11452	3702	456
11454	3853	414
11458	3432	475
11459	2973	318
11465	8968	677
11467	3059	222
11469	4771	461
11473	4966	474
11474	3762	320
11479	3396	309
11481	4499	323
11497	3528	478
11499	6424	378
11503	3477	419
11504	5559	206
11510	3735	507
11514	2771	386
11522	1486	331
11523	3263	373
11530	2545	504
11546	7161	466
11549	3319	243
11550	2873	314
11558	2057	244
11572	4167	467
11573	5988	360
11589	3056	292
11605	4385	346
11608	6855	185
11611	4216	431
11614	4908	293
11614	4908	300
11616	4362	185
11633	6808	385
11633	6808	335
11635	6621	681
11640	6775	441
11641	3127	470
11642	4729	255
11645	2607	291
11649	6731	444
11653	4947	401
11658	4278	433
11663	6108	434
11666	3400	272
11671	4038	369
11676	5557	265
11679	2960	389
11680	4223	421
11681	5169	211
11685	7172	363
11691	4005	200
11695	2455	401
11701	3991	560
11704	3890	241
11708	6158	492
11709	3263	504
11718	1706	388
11721	6712	216
11723	6398	608
11724	2074	299
11727	5790	307
11731	2251	314
11738	5484	185
11740	2638	273
11744	4508	397
11748	1895	275
11749	5078	457
11750	5253	804
11767	3519	472
11769	4292	394
11771	1288	280
11778	2532	449
11781	1881	227
11783	4011	363
11784	1352	249
11785	2900	435
11808	3786	455
11810	3414	248
11813	5151	477
11817	6031	505
11818	4236	567
11830	3361	268
11831	2941	357
11843	3814	215
11852	1616	365
11858	5617	534
11858	5617	446
11864	4364	361
11866	2339	419
11869	3379	478
11875	3407	391
11877	4474	401
11879	2740	318
11885	5562	620
11885	5562	465
11889	4953	200
11892	3375	277
11900	3010	261
11903	2747	456
11904	6591	801
11906	4420	398
11907	3892	267
11916	3203	375
11931	3237	331
11932	4149	343
11932	4149	293
11944	4356	791
11945	5321	416
11949	3047	414
11950	1973	239
11953	4225	561
11957	4247	681
11966	2141	282
11969	1535	324
11970	3388	439
11975	3135	273
11980	1174	250
11982	2321	330
11983	3377	222
11983	3377	282
11985	4403	266
11989	3342	350
11990	4309	272
11998	5631	519
12003	5989	284
12006	5394	185
12014	3744	314
12034	3208	305
12035	3419	295
12039	5572	387
12051	2533	268
12056	3043	422
12057	2796	382
12059	3470	185
12066	4300	238
12066	4300	248
12067	5747	326
12070	3209	296
12076	4701	222
12077	3211	286
12086	2337	465
12093	2335	493
12102	2412	341
12109	4116	426
12114	3244	417
12124	2362	761
12128	1768	215
12133	2795	232
12137	3563	185
12141	2948	274
12143	3995	272
12147	6753	629
12151	5593	405
12152	7080	528
12154	2353	323
12161	7112	200
12161	7112	313
12164	2431	386
12165	7218	320
12169	5439	384
12170	2367	232
12172	5872	340
12177	4099	674
12183	2684	280
12186	3891	537
12188	5909	332
12194	3610	222
12207	6402	408
12209	3278	437
12210	5213	520
12212	2524	267
12221	6073	388
12222	4648	239
12222	4648	262
12223	6670	504
12228	5921	418
12228	5921	200
12229	2265	397
12234	2151	616
12237	5001	456
12239	6260	539
12244	2761	500
12245	1940	409
12271	5037	453
12272	3814	226
12273	7377	185
12275	7465	487
12276	1455	237
12281	3252	540
12293	2535	269
12302	6195	480
12302	6195	459
12303	7025	375
12306	3578	303
12315	2201	418
12318	2713	426
12331	4979	368
12332	2741	514
12352	2748	289
12355	2514	384
12357	3423	403
12366	5291	387
12367	4506	302
12368	5128	408
12370	1799	348
12373	6671	185
12376	3254	407
12391	3832	411
12392	5677	473
12404	4567	798
12405	4892	484
12407	4905	499
12412	4075	367
12414	1996	299
12422	2030	470
12423	5280	351
12437	6998	285
12440	4023	364
12450	3111	356
12458	4899	446
12467	4228	309
12478	5405	437
12482	3593	185
12501	4256	510
12504	2185	453
12508	3196	486
12510	2969	477
12514	5403	211
12515	4313	515
12516	2220	227
12517	4462	222
12521	3546	424
12537	5704	368
12540	5991	266
12540	5991	421
12546	3293	385
12549	2761	333
12554	5130	293
12555	2842	446
12556	2264	755
12557	2524	420
12559	4709	422
12564	5520	294
12564	5520	282
12568	3489	292
12569	5700	325
12573	6474	211
12576	4723	185
12578	4483	384
12579	5476	200
12582	2472	591
12585	3865	412
12594	2786	200
12598	4377	289
12608	2631	655
12609	3111	387
12610	5083	266
12615	4518	233
12617	5367	296
12627	3615	349
12628	4920	412
12636	3879	200
12641	3671	343
12646	5280	305
12650	2230	285
12663	3498	362
12667	4573	419
12669	4116	436
12676	3816	252
12679	3793	299
12680	3782	761
12690	4375	411
12690	4375	436
12700	3018	301
12701	2204	420
12709	1671	461
12710	4509	211
12716	3140	412
12717	5467	515
12718	5536	303
12721	5470	333
12723	5290	298
12728	6261	432
12729	4041	284
12736	1251	448
12737	6859	381
12750	3219	509
12754	2515	283
12756	2802	485
12763	5770	456
12769	4091	387
12770	4783	425
12773	7586	370
12781	3115	387
12790	2823	411
12791	5300	620
12793	3059	269
12794	1088	418
12804	3121	452
12806	3868	435
12818	3359	458
12819	3311	732
12823	6715	200
12825	4181	487
12833	5551	406
12848	4120	200
12852	2419	248
12859	2640	367
12862	3247	560
12869	5172	372
12873	3616	479
12875	5563	465
12876	4628	468
12881	5648	567
12883	6784	248
12883	6784	526
12885	6186	352
12886	4611	367
12888	4231	261
12889	4526	494
12894	4021	411
12894	4021	337
12903	2374	343
12917	3711	432
12922	3861	342
12923	4248	387
12929	2638	421
12932	6426	425
12933	3369	507
12936	4452	388
12943	3611	395
12945	2196	448
12951	4338	200
12953	6538	415
12955	2626	383
12964	2671	239
12968	5497	423
12972	3909	449
12981	6030	467
12988	4958	344
12989	4337	655
12991	6760	510
12994	3762	356
12995	2274	227
13001	5199	427
13012	6856	185
13012	6856	373
13013	2659	281
13023	7532	595
13025	4257	430
13027	2930	185
13048	3646	464
13050	3682	511
13051	3058	200
13053	2491	200
13058	4119	461
13059	881	253
13060	3042	426
13062	5849	185
13066	3258	350
13068	3939	500
13069	2510	420
13071	4372	319
13077	3269	369
13078	3368	413
13079	3238	548
13086	5692	367
13088	3917	287
13092	3738	313
13094	6001	471
13095	3522	313
13096	7362	390
13110	5928	400
13117	3935	447
13126	3204	307
13131	2814	358
13132	4695	206
13133	3719	421
13141	5188	353
13145	3024	292
13156	4567	254
13159	3529	297
13165	1798	249
13166	6805	331
13168	2718	320
13173	7051	335
13185	3422	352
13186	4199	152
13186	4199	232
13197	1875	353
13198	6111	342
13200	3027	351
13206	5603	708
13209	4557	444
13209	4557	284
13211	1315	216
13214	2256	399
13216	7361	322
13219	3766	338
13221	6520	501
13222	5793	355
13224	4423	511
13225	2793	382
13227	4242	423
13228	2718	325
13230	983	250
13241	3345	417
13246	4387	185
13255	4315	520
13262	2114	243
13264	2915	185
13267	5731	282
13274	3501	276
13286	6120	185
13293	4228	292
13298	5147	244
13311	5008	433
13323	3721	359
13324	2002	267
13325	5914	415
13347	4367	275
13347	4367	315
13350	3989	230
13355	1869	233
13359	3603	320
13361	5103	279
13367	6177	370
13369	4283	313
13377	6881	388
13392	1877	185
13398	1377	266
13403	3875	185
13404	2637	185
13408	3731	321
13408	3731	291
13409	5599	441
13419	2796	243
13421	3991	250
13424	4530	277
13426	2842	318
13444	5401	345
13453	6767	329
13453	6767	323
13459	3695	459
13462	5133	227
13465	2864	268
13470	1163	381
13471	3733	478
13471	3733	315
13477	3795	674
13493	2800	299
13506	2857	185
13518	5386	434
13520	6225	433
13529	4736	311
13540	3584	305
13541	2193	226
13548	6812	651
13551	7405	461
13552	2261	509
13560	6462	451
13578	1637	306
13579	6334	761
13586	8076	397
13586	8076	449
13587	3411	313
13590	3329	472
13591	5040	488
13591	5040	335
13592	3267	216
13594	5150	400
13603	3295	291
13611	1740	309
13618	3853	285
13618	3853	315
13623	6152	279
13624	4325	322
13630	4883	185
13634	7894	480
13636	1654	238
13637	7339	448
13639	2345	263
13642	1946	297
13643	3994	589
13651	5274	442
13654	4049	286
13668	7245	444
13669	5710	233
13669	5710	254
13672	8089	505
13673	2813	261
13673	2813	327
13674	4815	259
13679	3519	261
13686	3668	322
13691	3382	267
13693	5733	368
13696	4023	200
13697	4619	211
13698	3242	393
13701	6022	397
13706	2108	365
13709	5206	279
13710	4300	333
13710	4300	234
13712	2601	243
13721	2252	397
13728	5491	239
13728	5491	340
13734	3772	344
13734	3772	257
13736	3726	227
13740	2698	221
13741	2457	275
13741	2457	308
13742	2739	281
13746	1487	354
13748	4178	185
13754	3286	459
13759	1633	256
13767	3780	428
13768	3298	233
13776	2607	255
13782	2524	273
13788	5104	252
13790	1302	273
13791	3570	271
13797	4060	320
13803	4873	392
13811	2457	324
13815	3478	336
13824	4649	517
13827	3038	327
13831	2440	222
13838	3229	376
13842	5743	307
13842	5743	267
13845	4339	174
13845	4339	166
13847	3749	261
13851	5800	450
13853	7969	422
13853	7969	295
13854	3146	444
13858	3010	515
13862	3040	389
13863	3878	245
13865	3476	341
13867	3187	227
13874	4282	267
13879	6658	261
13879	6658	291
13885	4602	447
13889	4307	351
13891	2354	300
13897	3164	445
13902	2187	416
13903	3994	211
13904	4350	429
13908	3466	200
13916	5930	297
13929	2664	332
13933	6389	455
13940	2254	200
13941	2674	263
13945	3302	359
13950	4946	251
13961	6394	377
13982	5803	351
13982	5803	273
13984	5986	454
13984	5986	413
13992	3207	200
13992	3207	227
13995	3254	243
13996	4170	278
13997	5811	326
14000	2650	328
14005	5690	261
14009	5592	290
14009	5592	302
14011	4637	185
14011	4637	278
14013	3822	314
14014	4021	268
14017	4712	211
14022	7135	292
14023	3776	254
14027	4177	273
14029	5335	261
14030	2989	312
14031	4454	256
14033	2869	293
14033	2869	305
14037	4301	284
14037	4301	267
14040	4202	341
14043	2562	251
14047	4920	460
14048	2157	285
14056	3049	263
14057	3605	297
14059	4603	373
14061	5367	368
14062	4293	268
14065	3876	294
14068	2948	271
14069	4172	293
14069	4172	243
14071	3213	265
14074	3836	348
14076	3404	292
14076	3404	328
14080	4887	329
14081	4674	316
14087	3821	282
14088	4349	297
14093	1886	245
14098	2672	394
14101	3252	333
14104	4666	314
14107	4675	261
14121	2560	384
14122	2359	334
14137	6582	488
14137	6582	192
14148	4465	292
14151	2911	321
14153	5469	261
14161	3852	249
14164	3138	281
14167	4901	327
14169	3000	338
14170	4382	511
14173	2446	246
14178	8387	297
14189	5873	357
14192	2066	298
14200	4267	373
14203	2485	321
14204	4384	301
14206	5416	262
14212	5035	471
14212	5035	465
14215	3179	237
14217	7106	447
14224	4275	206
14226	3979	215
14231	6647	288
14233	4041	356
14234	4635	358
14237	7697	291
14237	7697	299
14240	2887	296
14245	2260	238
14248	3438	432
14249	3135	330
14251	3439	216
14259	4875	346
14269	3825	267
14274	6592	378
14276	2869	298
14288	4892	489
14295	6142	418
14298	3418	268
14305	7682	520
14312	6325	471
14318	2879	418
14320	7953	411
14332	8544	464
14341	2545	277
14343	1984	459
14345	4343	348
14348	7370	470
14350	3350	366
14351	7811	365
14352	5411	279
14357	4613	510
14363	3376	358
14368	2895	623
14373	4356	416
14380	7841	411
14388	6621	266
14391	8306	274
14393	2848	335
14395	4591	299
14402	6757	579
14406	4090	539
14407	4646	521
14411	6285	505
14411	6285	565
14412	4836	487
14418	4275	570
14426	4600	521
14427	6990	350
14434	2689	289
14436	8103	254
14446	4054	406
14447	4082	307
14450	8661	318
14461	6178	453
14462	4299	534
14462	4299	495
14469	2983	352
14483	3561	416
14489	4889	566
14495	2486	503
14501	4764	503
14502	5508	185
14507	5351	461
14527	5093	461
14528	6573	448
14531	4751	340
14537	3578	291
14538	2427	185
14539	4469	336
14542	4275	417
14551	3778	244
14560	4234	416
14562	4720	432
14574	5846	538
14575	4014	296
14588	2801	447
14603	4305	185
14611	2233	406
14620	3642	315
14681	2051	403
14706	7759	288
14709	8117	417
14726	4150	297
14729	1922	306
14730	2591	409
14747	3550	328
14753	7358	605
14759	3737	233
14777	5493	383
14778	7752	289
14798	7501	488
14814	5034	492
14819	5195	185
14823	4072	468
14824	1845	343
14828	7158	395
14836	3005	476
14842	6203	315
14845	3509	358
14847	2636	389
14854	8027	364
14855	5048	417
14858	6792	665
14869	4895	551
14882	2270	356
14900	4309	400
14915	8245	324
14924	9008	206
14925	3687	215
14933	6127	598
14936	4738	359
14938	4964	248
14940	2998	258
14941	4605	593
14944	5809	298
14946	3704	313
14948	4994	447
14950	3739	334
14950	3739	222
14951	1870	317
14952	6277	475
14955	1691	316
14968	2431	305
14972	6741	185
14973	4577	392
14974	9844	456
14975	6155	387
14977	2618	317
14980	3226	337
14991	3063	380
14996	2949	351
14999	4495	335
15000	2959	548
15005	5265	471
15014	3561	356
15017	5531	426
15019	7556	419
15019	7556	277
15023	9343	185
15025	2479	343
15031	6515	330
15033	3621	530
15034	5418	185
15035	6403	244
15036	2293	553
15038	3144	355
15057	7497	308
15067	7441	302
15070	3820	481
15073	4287	414
15077	5434	309
15081	3494	356
15085	2068	338
15090	9959	384
15094	4925	250
15098	3647	336
15100	2467	314
15103	3648	297
15106	4875	333
15116	3184	185
15124	2991	360
15125	2766	303
15131	2727	247
15133	6424	420
15135	3671	255
15136	3605	369
15145	2725	238
15147	3815	302
15148	3578	409
15149	3088	243
15151	3154	322
15152	1831	232
15159	4325	259
15160	3103	345
15171	3310	273
15173	3031	283
15176	7111	255
15176	7111	185
15177	3142	312
15178	2146	382
15183	1917	227
15187	2366	211
15191	2784	273
15192	4167	504
15194	4962	671
15198	4060	342
15202	3009	327
15203	9233	359
15203	9233	297
15203	9233	351
15216	3366	301
15221	5002	222
15223	3494	330
15231	3353	308
15231	3353	345
15233	8908	356
15241	2690	444
15242	4187	489
15244	3498	325
15244	3498	266
15245	7326	277
15245	7326	285
15249	4643	237
15253	3545	185
15259	4951	273
15266	5092	351
15270	5978	279
15271	3001	285
15276	4335	358
15277	4080	305
15278	3876	347
15281	2663	315
15282	2555	284
15286	3985	221
15287	2861	573
15288	4690	204
15288	4690	242
15296	6412	260
15298	8990	492
15299	4395	319
15304	6245	318
15308	1734	185
15319	5454	546
15322	4877	463
15323	4123	451
15330	7304	330
15332	2184	270
15333	5026	414
15336	3854	238
15339	5166	227
15343	2777	206
15349	5174	493
15352	3880	279
15356	3998	222
15358	4419	460
15359	3621	481
15363	5578	465
15371	3399	281
15377	5313	358
15386	3168	461
15387	4718	277
15392	8546	386
15404	6918	379
15404	6918	416
15407	2850	227
15411	3357	425
15412	4668	489
15426	5226	502
15429	4855	291
15436	9949	311
15441	4164	352
15447	4804	434
15447	4804	375
15453	3529	309
15454	8302	402
15456	4418	482
15459	3676	440
15464	2329	234
15467	5547	401
15478	6859	308
15482	3927	335
15484	7432	303
15491	5143	387
15502	3040	284
15505	3541	636
15517	1812	287
15520	5236	608
15523	8630	453
15523	8630	447
15527	7593	387
15528	5920	254
15534	7625	452
15534	7625	316
15538	2570	325
15551	6281	206
15552	3844	185
15554	3118	460
15560	4569	314
15566	2036	381
15569	6172	365
15572	4825	434
15581	2052	560
15587	2821	464
15590	3796	242
15593	10298	306
15597	3667	463
15599	7548	392
15600	7671	238
15604	1953	185
15605	4644	479
15612	6905	548
15616	5442	305
15619	5398	360
15628	2683	569
15638	4307	541
15644	3159	236
15644	3159	280
15650	9110	582
15652	5981	440
15654	4122	385
15657	5253	260
15660	5277	525
15672	6779	227
15675	7544	496
15677	5638	581
15679	4143	501
15681	3183	510
15683	6316	257
15685	7188	207
15686	7653	534
15689	5076	390
15690	5508	676
15692	4687	457
15693	4603	526
15695	4213	415
15717	3139	507
15720	2236	364
15722	6005	490
15734	7574	303
15739	9081	369
15755	5454	449
15757	5910	254
15768	2593	443
15778	3006	429
15787	2099	471
15792	5066	499
15799	6870	629
15803	5369	308
15803	5369	359
15808	6364	544
15813	6214	504
15814	2853	422
15825	8755	416
15828	9094	422
15829	5428	587
15831	9463	307
15843	8568	557
15843	8568	563
15853	3346	273
15858	7312	394
15867	4365	474
15870	2223	226
15872	3181	370
15888	5512	340
15895	6475	285
15901	6311	412
15909	9079	438
15915	2669	362
15918	6643	575
15921	7952	285
15921	7952	232
15926	8544	347
15936	9321	431
15948	3435	323
15949	2475	269
15962	5926	498
15973	7235	464
15974	2107	221
15975	4344	493
15979	3795	222
15981	4909	483
15982	3895	310
15986	2560	454
15992	4855	480
15997	7708	308
15999	1971	590
16000	5745	266
16001	5129	407
16006	8096	586
16021	3888	273
16027	5667	381
16033	4233	474
16039	2672	681
16046	3570	243
16058	3048	638
16059	2873	237
16062	4993	504
16071	4913	411
16076	2098	405
16080	5428	498
16086	7313	477
16091	4370	512
16096	6057	272
16104	3330	210
16105	4594	309
16106	7989	514
16110	8083	536
16112	2937	357
16115	5941	414
16115	5941	340
16126	5551	480
16129	8295	477
16132	5519	554
16144	3892	414
16146	4612	381
16154	4153	493
16162	1353	270
16163	2437	503
16177	5764	376
16182	4827	430
16183	1191	469
16192	10021	476
16195	4102	469
16219	4502	427
16223	6902	575
16224	7569	278
16224	7569	262
16228	4625	422
16234	3854	508
16235	3822	292
16240	5855	462
16259	6418	237
16260	3472	527
16262	6721	477
16275	2935	172
16278	5965	469
16295	2420	325
16297	3129	407
16305	2465	301
16308	5763	408
16311	2145	185
16314	2953	298
16320	3227	211
16321	6014	488
16322	2236	437
16323	4019	411
16328	5330	306
16338	9204	319
16340	5951	287
16345	5542	200
16347	4124	298
16348	5026	343
16351	2406	359
16360	3976	185
16362	2711	482
16368	4665	256
16376	4406	323
16378	8514	461
16380	8238	408
16380	8238	486
16381	2596	440
16386	5160	450
16387	2724	259
16388	5721	438
16389	4386	348
16391	1660	200
16392	6494	368
16393	5280	258
16407	4438	547
16410	4566	227
16420	4483	399
16425	3133	308
16427	3469	506
16429	3417	476
16440	4665	403
16443	1817	496
16447	1782	495
16450	3055	211
16451	4241	607
16452	8431	358
16460	6258	185
16461	3580	547
16471	4917	211
16473	2868	422
16475	4094	522
16488	5119	273
16496	3849	439
16497	3217	492
16500	1865	200
16501	2908	510
16502	3084	540
16503	8082	441
16509	4987	420
16510	6083	553
16511	3110	449
16515	3717	515
16525	5156	185
16529	4355	442
16548	3803	606
16550	7064	476
16555	4454	352
16555	4454	311
16558	4600	321
16562	10456	432
16563	3552	572
16564	5558	470
16566	3673	466
16570	3874	238
16576	4463	377
16579	7172	418
16580	3986	616
16589	4569	324
16592	4150	243
16597	3689	238
16599	3768	277
16600	5262	295
16602	2310	409
16612	4528	437
16619	3556	600
16621	4969	250
16621	4969	279
16624	4303	312
16629	2933	304
16630	4402	480
16639	6216	391
16640	3227	348
16641	5348	336
16641	5348	384
16653	1991	318
16663	3699	260
16666	2192	273
16674	6604	488
16676	5912	520
16676	5912	307
16677	3579	404
16678	3491	421
16679	6312	351
16681	5732	424
16686	5003	222
16691	2255	547
16693	4116	293
16694	2605	313
16704	5753	456
16705	1707	593
16717	5498	230
16719	5773	492
16720	1903	315
16731	2567	441
16736	2362	382
16737	6347	574
16738	3881	448
16741	2969	211
16744	2781	255
16746	3831	227
16748	3502	451
16753	8093	266
16753	8093	185
16760	2718	414
16767	2604	250
16795	3011	366
16809	8214	277
16809	8214	243
16812	9746	227
16813	3408	418
16821	6049	457
16823	4988	513
16824	3823	253
16834	1930	483
16835	3227	524
16844	3624	321
16847	2181	272
16850	1941	279
16856	2908	459
16857	10190	330
16857	10190	407
16865	3759	275
16868	6099	472
16898	4239	299
16901	3428	220
16901	3428	174
16902	6798	185
16904	4783	302
16914	3160	296
16920	2324	295
16921	8440	227
16923	2761	285
16925	4239	321
16931	2999	476
16933	5990	185
16933	5990	338
16934	6871	478
16939	4511	280
16944	6364	317
16952	5434	244
16955	6410	200
16983	2076	319
16984	5661	332
16995	3221	244
16999	5044	211
17001	5615	206
17007	5318	359
17020	5324	474
17020	5324	509
17031	7405	375
17034	2552	250
17040	8509	338
17051	2229	336
17052	4047	252
17052	4047	300
17057	4439	408
17060	4197	428
17060	4197	177
17061	4468	451
17076	4042	185
17079	2434	222
17083	4406	426
17084	3223	227
17086	1707	460
17089	6595	200
17111	2893	291
17119	3069	571
17124	6957	185
17126	8391	481
17126	8391	597
17127	5131	286
17135	3536	332
17154	3140	368
17155	3331	253
17156	5154	206
17162	4550	277
17171	2542	382
17176	4604	308
17185	5985	404
17186	3069	490
17202	2925	421
17219	5351	442
17223	1402	226
17224	4996	493
17229	6838	322
17229	6838	205
17230	5740	284
17232	8826	490
17232	8826	480
17234	2979	471
17251	2314	481
17259	8535	294
17268	2046	568
17270	4939	388
17274	5226	238
17278	8043	472
17281	2437	206
17282	4267	469
17284	8629	455
17289	6054	200
17291	1940	345
17299	6265	300
17310	6005	401
17313	3616	211
17319	4636	343
17320	3422	408
17329	5571	442
17338	5705	392
17341	5487	487
17345	3401	296
17350	6722	545
17369	4522	275
17380	2821	312
17390	3716	222
17396	5841	512
17401	4955	521
17402	7764	443
17403	4195	525
17405	4459	329
17405	4459	421
17409	4754	521
17414	6201	211
17430	1090	414
17431	2385	161
17431	2385	167
17435	2511	486
