0	20854	28540
4	3767	451
8	4168	494
8	4168	289
14	2021	489
15	4535	739
18	3604	343
18	3604	238
21	1469	311
23	2649	211
23	2649	359
33	1709	321
34	2473	200
36	1347	326
37	1745	453
43	3373	544
44	4125	460
45	1781	452
49	3673	426
49	3673	393
52	2006	343
54	3456	377
60	1637	323
60	1637	374
62	2266	382
63	3168	549
66	4430	420
71	2398	426
72	3712	468
74	2227	302
75	2524	495
76	4108	477
78	2004	241
78	2004	200
82	844	248
85	3006	272
88	1118	266
92	2928	356
95	4384	507
97	1916	349
101	1272	222
111	2792	584
113	2288	540
114	4063	318
117	2545	376
119	3940	507
123	2829	511
124	2463	279
125	2053	456
126	2569	443
128	1625	517
132	2448	361
137	1956	474
140	3460	433
146	3596	523
148	2099	497
151	2386	376
152	3494	735
158	2051	354
161	2268	252
164	2683	288
165	3410	322
167	3768	273
171	2285	185
174	3811	375
177	2978	216
181	3239	695
185	2225	503
186	2013	349
191	3444	479
192	3081	374
193	4037	499
199	3983	280
201	3142	345
204	2751	634
206	2549	446
210	2760	340
211	3903	466
212	3072	487
213	4065	275
218	3043	291
218	3043	257
219	2520	401
223	1850	242
225	3809	259
225	3809	312
230	2708	404
234	2919	365
235	3037	521
237	4055	340
239	3276	438
254	4532	484
254	4532	258
259	2884	444
260	3885	494
262	2188	403
271	2894	185
275	1238	238
282	4141	420
282	4141	240
283	4141	424
288	3890	416
292	4132	441
295	2384	515
296	2918	572
308	3698	509
312	3167	482
315	3561	270
315	3561	181
320	3786	486
322	2790	409
323	3006	416
326	2037	521
327	3153	428
340	3594	348
342	1888	262
343	2878	457
345	3374	514
352	3823	434
354	2965	468
359	1319	329
363	3876	266
365	2339	383
366	4485	266
366	4485	427
374	3860	358
377	1851	402
378	2764	318
379	4172	539
380	3025	289
381	3354	339
383	2755	479
389	2459	319
389	2459	286
392	1968	291
394	2242	510
401	1977	392
403	3349	303
406	3501	277
408	3871	394
412	2177	354
413	1548	293
414	2593	242
417	2785	284
421	1318	255
427	3582	390
431	3086	291
431	3086	285
432	3289	369
433	2694	379
434	4704	439
436	2692	200
439	3988	471
440	4495	495
445	3329	389
452	2214	560
453	1317	312
454	4062	491
461	2129	471
463	1911	275
463	1911	162
465	3802	533
468	1869	242
470	3146	443
471	2410	398
483	3088	396
486	1938	206
489	2219	404
496	4205	316
503	2972	270
504	1528	291
506	977	278
509	2173	366
510	2616	506
519	2483	502
520	2930	421
521	3024	449
523	3430	461
531	2266	243
532	3299	539
533	1530	221
535	2225	386
537	1295	295
544	843	215
545	3311	514
548	1816	297
551	2145	317
552	3229	540
554	1552	328
560	1013	274
561	2229	279
562	2614	415
567	1515	200
575	2059	299
581	1929	227
584	1277	324
589	3013	431
590	2799	465
593	1185	390
594	1316	384
596	3220	311
601	2314	336
608	3852	577
609	2292	320
612	1635	343
614	3116	354
617	3141	476
618	3599	231
618	3599	299
623	1196	355
625	3325	400
626	2865	413
628	3157	497
630	2084	338
632	1770	340
633	3164	481
637	2215	506
639	2028	451
640	2009	195
640	2009	374
641	1264	246
643	1495	265
646	1596	280
647	2173	299
649	3135	389
653	1758	332
655	4532	506
658	2324	370
660	2332	222
662	1464	211
665	2736	484
672	1548	388
673	2086	481
676	1853	471
678	2633	452
682	2486	380
685	2353	290
687	2494	251
690	3142	323
692	3463	296
696	3704	440
699	3932	424
703	4123	215
707	2922	354
708	1548	309
709	2517	453
711	1848	259
713	1992	261
715	1498	294
716	3666	499
721	1628	314
722	3324	339
725	3409	447
726	3750	388
728	4208	277
728	4208	300
739	3530	391
739	3530	185
745	4464	491
748	3172	309
748	3172	215
751	3132	286
754	1800	452
760	1803	230
762	1595	305
763	2702	475
776	4839	446
776	4839	409
788	3106	473
789	4360	375
790	2010	311
794	3152	441
796	2696	255
804	4901	370
804	4901	318
805	2757	477
806	3386	282
809	3857	710
811	947	200
812	2895	457
815	2526	510
822	4471	425
823	3771	651
824	3070	421
826	2603	421
831	2030	255
834	1636	393
839	2922	602
843	1759	317
846	2083	316
856	4006	347
858	3272	267
861	2500	618
862	1873	418
867	4051	553
873	3602	288
874	3606	533
882	4492	426
889	3233	249
890	2071	384
891	3995	486
892	3546	435
892	3546	415
904	3865	549
911	3779	531
915	1970	354
923	700	211
927	2189	450
931	3274	327
934	2595	408
935	4818	429
937	2752	413
948	2030	492
965	3276	508
969	2307	447
978	4306	261
980	4014	554
985	1617	432
986	2260	310
991	2510	252
993	1861	245
998	4131	462
1004	1139	262
1005	3975	431
1007	3889	584
1012	4650	320
1015	1964	509
1016	2522	337
1021	3405	578
1023	1782	243
1024	2210	473
1035	3505	481
1037	2186	469
1042	1876	243
1042	1876	185
1049	4479	455
1050	2818	506
1051	3512	493
1052	4770	527
1054	3874	243
1058	2740	323
1061	1777	211
1064	3916	422
1066	2103	410
1071	1221	277
1075	2124	417
1076	3506	409
1077	2163	508
1083	1390	477
1084	3102	465
1086	3847	517
1087	3114	403
1094	1715	272
1095	2696	445
1097	1152	297
1107	2944	562
1110	4446	362
1111	3572	403
1118	2291	396
1120	2912	554
1121	4391	492
1131	2945	367
1135	1871	491
1136	2698	327
1138	1943	491
1140	4460	313
1140	4460	200
1141	3136	340
1143	1974	401
1158	3446	589
1160	2945	632
1162	3974	238
1164	1383	319
1167	2182	306
1168	2891	560
1171	3176	476
1174	2444	267
1174	2444	301
1178	1122	276
1181	2959	242
1182	2492	317
1184	2423	596
1185	2234	259
1191	2676	515
1195	1630	306
1203	3336	488
1205	2753	299
1205	2753	401
1206	3364	389
1212	1809	651
1216	3293	494
1218	3415	454
1222	3950	759
1223	3479	238
1224	4083	409
1232	3705	530
1234	2854	372
1235	3190	411
1240	3614	603
1241	4764	454
1246	3099	519
1247	1531	360
1255	3032	483
1258	920	315
1263	1242	185
1264	3408	448
1265	4128	350
1268	3071	444
1273	2767	556
1274	3827	420
1275	2843	482
1279	3052	478
1280	3105	337
1280	3105	492
1281	2802	466
1282	2228	232
1288	1486	182
1303	4548	443
1306	3534	185
1310	1244	321
1311	3734	454
1314	2780	453
1320	4072	392
1321	4617	221
1321	4617	424
1322	3540	490
1323	1736	538
1324	3813	417
1331	2207	315
1334	4483	438
1337	3041	200
1346	1957	185
1351	4134	483
1351	4134	404
1356	1594	310
1366	2642	281
1369	1464	463
1377	1806	371
1377	1806	182
1378	2666	453
1379	3818	386
1384	3716	364
1386	3511	613
1392	3375	565
1401	4310	543
1402	1643	535
1404	3707	499
1408	2365	431
1409	1451	427
1414	3190	468
1415	4870	278
1417	2914	369
1418	3455	413
1420	3651	542
1425	3200	320
1427	3374	363
1429	1400	297
1431	2597	264
1433	2480	527
1434	2137	491
1435	1543	340
1438	1595	426
1439	2061	451
1441	3063	438
1443	2748	522
1444	4521	270
1444	4521	158
1444	4521	406
1445	1871	434
1447	2880	587
1449	2393	514
1452	2771	484
1457	4397	388
1470	1184	215
1476	3863	427
1487	1093	206
1488	3739	411
1493	3598	460
1498	3985	265
1499	2640	432
1505	1878	319
1506	2181	405
1519	1596	275
1526	3059	453
1527	1745	406
1532	2833	573
1536	1942	273
1536	1942	192
1541	2428	340
1545	1861	185
1548	1419	399
1550	3191	336
1551	1180	266
1564	3537	411
1572	2437	243
1583	1800	287
1584	2097	272
1589	3001	273
1590	2891	458
1592	3872	432
1600	2138	422
1602	2308	185
1613	2611	297
1616	2665	513
1617	1559	185
1620	2320	507
1625	3368	418
1642	2488	513
1646	4291	397
1649	2325	237
1651	2807	557
1652	1843	380
1654	2231	284
1659	2762	200
1662	2046	271
1669	3892	370
1670	2679	245
1670	2679	275
1672	1988	293
1673	1625	244
1680	3060	211
1681	2309	227
1682	1321	318
1684	2113	355
1686	2908	415
1690	3767	261
1692	1738	271
1696	4551	381
1705	1980	222
1706	3025	272
1708	3096	422
1709	3027	276
1710	2081	469
1712	3661	368
1715	2966	443
1718	1944	304
1720	1337	185
1721	2017	185
1722	3949	295
1730	3051	200
1748	3506	242
1748	3506	290
1749	2468	185
1754	1667	255
1757	2369	308
1767	1990	311
1768	2548	419
1769	3717	309
1770	2367	185
1775	2330	293
1775	2330	285
1777	3961	281
1778	3703	215
1780	1767	185
1786	2713	296
1786	2713	308
1793	1742	267
1798	2444	334
1799	2172	277
1799	2172	247
1802	3078	278
1806	1534	316
1807	2116	185
1810	3082	317
1810	3082	293
1812	3628	230
1812	3628	331
1816	1056	256
1822	1935	278
1828	3179	338
1831	870	185
1832	3323	297
1835	2464	326
1839	2434	251
1849	1826	332
1851	1642	306
1853	1487	270
1854	2569	280
1856	2920	323
1857	1367	268
1864	1380	310
1866	762	269
1869	2214	268
1873	2383	289
1879	3898	282
1879	3898	279
1880	2390	288
1882	2706	298
1882	2706	274
1883	1155	312
1884	1577	256
1889	2688	356
1898	3165	310
1899	2177	253
1900	2123	345
1900	2123	241
1906	2211	185
1912	3282	238
1913	2577	313
1913	2577	302
1915	2880	256
1916	1626	292
1918	1881	414
1919	3201	420
1920	2045	185
1926	2291	316
1928	2265	321
1931	1887	255
1934	1750	383
1937	2412	316
1940	3282	281
1941	3041	312
1941	3041	326
1942	2834	467
1943	2588	153
1952	3331	211
1952	3331	317
1964	2046	365
1966	1139	200
1968	2386	185
1969	1157	282
1973	3588	237
1978	4032	230
1986	2017	316
1988	2502	329
1990	3182	382
1994	2658	470
1997	1828	366
1998	3601	278
2002	2888	276
2004	2129	324
2005	3226	323
2006	1813	319
2007	2555	226
2007	2555	207
2008	1545	331
2009	2136	267
2013	2315	279
2018	3908	312
2018	3908	319
2029	3449	413
2031	1454	273
2039	2713	200
2039	2713	211
2040	1475	266
2044	3110	291
2044	3110	250
2047	2529	283
2048	2447	294
2048	2447	232
2052	1923	318
2055	3315	300
2057	2680	237
2058	2541	279
2060	4516	373
2061	1561	288
2071	1473	369
2074	2505	398
2076	2241	274
2076	2241	250
2077	2071	215
2078	1952	296
2080	3348	347
2082	3042	282
2082	3042	185
2084	3268	446
2087	2040	421
2091	4606	349
2094	2519	215
2107	2247	275
2108	3283	336
2108	3283	273
2109	3729	569
2110	949	304
2113	2256	329
2113	2256	251
2122	3577	403
2124	2789	274
2124	2789	310
2131	3460	518
2132	3004	185
2134	2418	267
2135	2379	392
2136	1948	323
2141	1376	362
2145	3082	270
2152	1291	299
2153	1811	323
2157	1706	350
2159	2968	336
2159	2968	291
2160	2350	258
2160	2350	361
2162	3040	384
2167	3926	200
2170	3687	441
2189	1737	275
2192	2062	238
2193	2906	484
2194	2718	292
2194	2718	293
2199	3013	506
2200	4262	185
2201	3120	277
2203	2946	449
2206	2586	363
2208	2743	324
2209	1045	329
2211	2935	322
2211	2935	267
2215	3773	422
2224	3821	449
2226	1604	234
2228	3588	297
2231	1844	282
2232	4503	397
2236	3025	356
2244	3603	227
2248	1824	322
2250	2703	323
2253	3511	441
2253	3511	296
2254	2502	310
2255	3884	461
2255	3884	211
2262	1567	292
2265	2161	470
2266	2825	222
2267	2138	351
2270	2373	247
2270	2373	257
2273	4285	211
2273	4285	373
2275	1919	222
2283	3013	431
2285	2864	310
2286	2524	305
2287	2489	342
2288	1614	215
2291	2356	285
2293	3349	359
2293	3349	429
2295	2275	200
2298	2232	441
2309	3043	402
2312	2394	393
2313	2969	418
2316	3554	451
2324	2933	235
2330	3078	180
2330	3078	180
2337	3336	400
2339	1666	298
2340	2191	405
2345	3573	291
2346	3633	279
2348	2802	303
2348	2802	248
2349	3236	507
2352	4089	315
2352	4089	185
2353	1689	227
2355	1648	239
2368	3060	381
2369	1677	243
2370	2938	392
2372	2947	366
2374	4213	469
2377	2257	258
2378	3116	432
2380	4392	185
2388	3376	311
2389	2560	554
2390	2932	498
2391	3749	504
2392	1973	185
2396	2367	426
2400	2351	281
2401	2063	255
2402	2972	261
2408	3759	280
2410	3148	146
2413	3226	461
2414	4358	393
2430	2105	464
2438	3636	369
2441	3908	541
2448	3642	227
2449	3329	455
2451	2737	467
2455	2433	215
2462	3296	324
2463	2717	267
2466	2801	443
2468	3591	296
2469	2657	264
2481	3213	467
2493	2985	460
2501	3493	239
2506	4296	460
2509	2622	220
2509	2622	209
2510	3329	448
2514	4264	457
2525	3641	352
2532	2727	243
2536	3477	450
2538	2893	475
2544	2559	185
2548	3347	511
2548	3347	314
2554	2371	254
2560	2998	174
2560	2998	241
2562	2766	355
2563	2873	185
2564	4130	446
2568	3431	476
2571	2602	344
2575	3305	571
2589	3493	494
2590	3455	468
2591	3358	238
2593	3702	458
2596	2988	518
2597	3593	455
2598	3839	448
2599	3272	306
2600	1240	470
2608	3724	441
2613	2997	352
2614	3206	507
2617	2079	355
2626	4503	471
2627	4121	423
2632	3329	427
2633	2384	364
2643	2261	511
2645	2716	456
2655	2923	424
2658	2571	542
2664	3274	565
2671	2578	265
2672	4152	485
2676	3147	466
2689	3397	426
2693	2291	289
2696	4153	462
2699	2005	149
2699	2005	181
2701	2871	501
2704	3560	403
2705	1759	574
2708	3995	290
2708	3995	485
2713	2746	260
2715	1988	406
2718	3805	336
2718	3805	420
2720	1490	185
2721	1710	329
2722	2711	211
2731	1575	438
2732	3512	290
2733	3192	222
2734	1937	200
2735	1948	470
2737	1754	341
2738	3297	476
2741	3060	391
2742	4053	543
2745	2508	490
2751	2046	221
2772	2683	304
2772	2683	203
2776	1313	431
2778	2663	491
2780	2650	458
2782	2664	185
2789	2995	405
2793	2312	460
2794	3499	446
2795	1520	374
2797	1943	211
2804	2483	556
2805	3157	232
2805	3157	292
2806	2832	309
2811	2126	468
2818	3598	582
2822	3388	469
2823	3484	448
2832	1341	185
2833	1352	339
2834	3906	350
2835	3095	404
2851	3111	628
2852	2209	511
2853	3291	574
2854	3034	238
2854	3034	304
2855	3842	458
2857	3038	277
2864	4416	200
2866	2378	324
2867	3096	273
2867	3096	266
2868	3717	470
2872	1856	275
2874	2206	227
2878	2649	298
2879	2881	317
2879	2881	286
2883	2740	291
2885	2494	315
2887	2974	324
2888	2936	266
2889	2573	357
2892	2361	327
2896	3280	471
2897	2637	254
2902	3165	413
2913	3185	444
2913	3185	398
2916	1565	185
2918	2286	278
2921	1881	288
2924	2608	502
2926	1993	466
2927	2873	268
2927	2873	296
2929	1904	297
2930	2972	545
2933	2576	329
2938	3742	332
2945	3603	261
2946	2299	369
2949	1771	211
2950	2572	355
2953	2191	414
2954	2033	351
2956	2254	345
2958	2369	502
2965	2172	434
2968	2867	388
2970	2370	299
2973	2192	272
2973	2192	231
2975	2200	241
2976	3439	480
2977	1471	268
2981	3058	373
2986	2801	525
2987	2137	354
2990	3515	307
2990	3515	433
2991	1629	268
2994	2301	185
2997	3168	463
2999	2295	327
3000	2574	200
3001	1428	251
3012	3105	262
3014	2572	439
3021	1642	311
3030	3816	302
3041	4157	304
3041	4157	407
3042	2049	331
3052	3323	399
3059	1965	227
3066	3252	200
3073	2866	492
3075	3572	323
3077	898	206
3078	1560	489
3081	2836	243
3088	4401	323
3088	4401	484
3091	3266	300
3098	1816	291
3101	2083	489
3104	2243	437
3111	2661	326
3113	2506	393
3114	2588	459
3117	1626	319
3119	3080	520
3123	2340	415
3124	3645	445
3125	2515	249
3126	4085	416
3126	4085	316
3127	2097	286
3130	1956	371
3132	3286	310
3132	3286	291
3134	3263	310
3135	2998	460
3138	1691	200
3145	2088	277
3149	1254	255
3150	3665	420
3151	3312	466
3153	2551	220
3154	2573	232
3154	2573	286
3157	2348	468
3163	3814	309
3172	2666	211
3173	3091	306
3173	3091	272
3176	3995	490
3176	3995	502
3178	3147	225
3185	2229	279
3185	2229	317
3187	3082	406
3188	2531	354
3190	4028	364
3191	2458	254
3192	1319	315
3193	2205	403
3197	3340	332
3198	2968	460
3199	2099	474
3200	3046	222
3200	3046	336
3205	3003	226
3210	2705	386
3211	2018	502
3217	1731	280
3218	1547	284
3220	4514	391
3225	1973	566
3226	2397	511
3236	1722	185
3241	2083	200
3242	3466	518
3244	2200	352
3258	3168	522
3259	2976	215
3265	4367	413
3270	3050	555
3277	2339	507
3278	3231	404
3281	1911	490
3289	3601	528
3291	3349	499
3294	1927	380
3297	3169	291
3299	2488	459
3302	2975	353
3304	1969	238
3306	4244	449
3306	4244	441
3309	3330	427
3310	2483	304
3325	1950	440
3328	2976	506
3329	4444	492
3330	3769	459
3330	3769	361
3338	2258	285
3342	3083	426
3345	3412	312
3347	2155	391
3360	2224	479
3363	2169	200
3367	2828	353
3369	3531	414
3375	3641	311
3379	3379	431
3380	3246	272
3387	1243	268
3393	2153	526
3395	1771	333
3399	3420	458
3404	2288	284
3409	2972	453
3412	4539	480
3412	4539	756
3413	4494	467
3414	1271	279
3417	4261	511
3422	3218	453
3423	2048	320
3426	3955	530
3427	1916	316
3429	2967	185
3430	2661	333
3431	1907	242
3432	3591	252
3432	3591	189
3437	2373	279
3441	3896	544
3442	2383	449
3443	1518	215
3446	2732	479
3447	2281	388
3451	1545	276
3457	2866	296
3458	2489	454
3459	3558	597
3460	2330	314
3460	2330	239
3463	3781	142
3463	3781	141
3465	2856	185
3468	1578	323
3470	3710	288
3474	4014	598
3474	4014	455
3475	4828	413
3475	4828	417
3477	3204	587
3482	1595	315
3483	2023	469
3486	2814	364
3487	2593	319
3488	2748	234
3490	2017	256
3492	3234	395
3494	2846	252
3495	2889	440
3497	1497	299
3498	2426	459
3499	1959	345
3501	2194	289
3501	2194	255
3502	3145	415
3504	4310	404
3506	2750	445
3508	1328	347
3512	2877	515
3513	1826	296
3514	2270	305
3515	1733	268
3518	1272	297
3521	3951	598
3522	2488	292
3523	2487	216
3524	1172	255
3525	1621	337
3537	2739	310
3537	2739	326
3539	2090	286
3540	3918	399
3546	2642	250
3546	2642	182
3549	3833	341
3550	2407	283
3551	2501	305
3555	1923	243
3555	1923	300
3556	2458	200
3558	3543	310
3559	2690	488
3561	2861	298
3561	2861	289
3562	2747	435
3563	2174	271
3564	1675	249
3569	2530	299
3569	2530	207
3573	2038	292
3574	4699	705
3575	3534	680
3578	1711	185
3581	4613	292
3583	1522	281
3585	2691	428
3588	2552	269
3589	1488	285
3590	1320	185
3592	2969	272
3592	2969	185
3598	2274	304
3600	1591	286
3603	2742	506
3604	1313	266
3605	1378	493
3609	1853	348
3610	1323	305
3611	1717	342
3612	1466	278
3613	2288	502
3615	1468	200
3616	2225	285
3617	3011	336
3622	4696	493
3622	4696	311
3624	1171	185
3629	2099	509
3631	2419	313
3640	2336	341
3640	2336	297
3642	1968	500
3643	4392	410
3646	3155	387
3648	1947	271
3649	1798	251
3650	1590	268
3655	2107	384
3657	3043	438
3659	2602	408
3660	1610	329
3661	2044	268
3662	1644	348
3665	3603	488
3667	4502	443
3667	4502	467
3670	2045	185
3676	2411	296
3677	1618	227
3685	2259	254
3687	1915	390
3688	2933	513
3688	2933	458
3696	1552	452
3698	1818	250
3700	2508	277
3703	3009	273
3704	2254	365
3706	2475	273
3707	1542	255
3709	1764	185
3718	3365	386
3721	1941	227
3722	3016	483
3725	1896	291
3732	1769	289
3736	1998	506
3739	2041	292
3739	2041	200
3740	2019	407
3741	1752	265
3742	2983	185
3743	2054	327
3745	4158	414
3746	1905	378
3748	1397	271
3752	1463	313
3753	4549	533
3755	2958	484
3757	2308	312
3759	2815	266
3762	1071	261
3766	1934	263
3768	2642	445
3771	2925	517
3772	1635	268
3775	2675	475
3782	3254	495
3782	3254	222
3785	4250	440
3787	4828	185
3789	1315	554
3793	1257	322
3795	1619	216
3797	1294	368
3798	1816	284
3801	3521	378
3802	2407	419
3806	2685	302
3807	1469	256
3808	3005	443
3809	4527	422
3810	4109	425
3813	3265	350
3814	3950	303
3814	3950	211
3817	1834	280
3819	2003	242
3822	3208	407
3824	4586	454
3826	3464	507
3827	1816	466
3829	3277	527
3833	4687	216
3834	1634	254
3839	3125	467
3839	3125	392
3840	2116	511
3846	1659	408
3848	2761	403
3849	4193	466
3850	2934	435
3853	2747	460
3856	4088	270
3857	1111	200
3864	2879	422
3864	2879	271
3869	2860	458
3870	1695	302
3872	3585	358
3873	3475	211
3878	2641	527
3882	3557	491
3884	3809	357
3884	3809	286
3886	4116	436
3892	2428	425
3893	2922	364
3895	3019	480
3900	3489	457
3901	4228	493
3903	4367	419
3907	2882	267
3908	2184	274
3910	2668	501
3911	2216	290
3914	4774	516
3914	4774	185
3917	2896	385
3918	2365	292
3924	2993	455
3926	1445	298
3928	4802	393
3929	3025	440
3931	2603	234
3932	3676	373
3935	3139	435
3936	3432	440
3938	2618	238
3938	2618	268
3942	4502	389
3944	2366	267
3955	2367	260
3956	3155	316
3957	1589	379
3961	1491	440
3963	3389	487
3964	2320	497
3969	3363	508
3970	3499	274
3972	2638	283
3976	2130	319
3979	2121	407
3980	3414	625
3980	3414	230
3983	3032	272
3984	1749	299
3986	3004	255
3989	4399	388
3990	2306	409
3993	2867	300
3993	2867	369
3998	2552	368
4001	2547	361
4005	1628	277
4008	2096	450
4010	2470	382
4013	1555	283
4014	2028	290
4015	1789	200
4017	2345	249
4020	3826	237
4021	2939	245
4026	3676	373
4028	2337	292
4029	3097	341
4032	2037	211
4033	2218	509
4037	3087	498
4038	3513	243
4041	3124	493
4044	2652	478
4046	3639	316
4048	2938	185
4050	3166	185
4051	2391	442
4052	3109	447
4053	1502	300
4059	1819	283
4068	4366	441
4071	3031	534
4073	2999	384
4074	3328	381
4074	3328	347
4075	2041	509
4081	4688	222
4081	4688	401
4082	4578	424
4084	3793	284
4084	3793	346
4085	2227	330
4087	3795	446
4089	3403	524
4096	2364	316
4097	2207	293
4103	3203	378
4105	3739	454
4109	2528	734
4110	2610	496
4113	3640	511
4115	2132	239
4116	4052	407
4117	1738	300
4118	4079	410
4118	4079	463
4122	2249	245
4123	1683	216
4124	4429	445
4126	4628	633
4126	4628	375
4129	3110	453
4134	4740	463
4134	4740	439
4135	2079	200
4136	1995	277
4137	2112	256
4138	4650	200
4141	1663	336
4142	3054	261
4144	1488	215
4145	2532	313
4145	2532	187
4146	2630	281
4147	1844	297
4148	3482	250
4149	4432	254
4151	2866	314
4152	2207	290
4155	3122	496
4159	2138	310
4160	4582	449
4160	4582	393
4162	2876	371
4163	2201	288
4163	2201	255
4164	3774	244
4165	3740	363
4167	1563	200
4168	2019	266
4170	1557	288
4174	3268	329
4182	1051	200
4184	1790	222
4189	2328	271
4193	3328	439
4195	2255	529
4198	1134	321
4201	2602	282
4202	2495	466
4203	3825	448
4206	2889	200
4210	3606	367
4210	3606	504
4211	3760	243
4211	3760	291
4212	3331	462
4213	3045	185
4213	3045	263
4220	2307	297
4222	1812	280
4222	1812	226
4223	1234	257
4224	3650	300
4224	3650	295
4225	1607	257
4227	1742	266
4232	1982	261
4233	2850	401
4234	970	256
4242	1845	360
4264	2099	303
4267	3239	227
4267	3239	200
4268	1984	289
4269	2147	221
4278	2972	340
4279	4000	360
4281	3258	509
4284	3458	343
4285	2131	248
4288	1897	249
4292	1807	211
4292	1807	229
4294	3147	575
4298	1517	297
4302	1345	298
4319	1036	305
4328	3442	335
4329	3006	304
4330	1171	289
4331	3637	458
4332	1116	237
4335	1441	357
4337	3108	418
4343	1029	334
4344	3946	735
4346	2557	200
4346	2557	237
4358	3666	433
4359	1842	276
4366	3544	206
4367	2813	362
4368	3907	211
4368	3907	287
4370	1463	200
4371	1598	301
4374	2052	315
4376	2771	433
4380	1222	254
4383	1453	275
4390	2279	275
4391	2217	277
4398	3051	435
4401	2753	438
4408	2786	299
4413	3237	267
4413	3237	318
4417	2041	451
4421	2186	283
4423	959	261
4424	3473	424
4425	3267	642
4427	3695	185
4430	2154	272
4433	3651	450
4437	2953	320
4444	2564	184
4444	2564	287
4447	1361	404
4448	2176	315
4451	4118	553
4452	2773	280
4452	2773	356
4458	2050	306
4458	2050	325
4461	2437	255
4466	1748	185
4469	4746	266
4471	1105	239
4482	3079	468
4483	2210	244
4485	2007	292
4486	3911	419
4486	3911	393
4488	3777	618
4490	744	222
4491	2304	255
4492	1527	326
4497	1503	266
4506	1113	323
4507	989	283
4509	1911	250
4512	1958	227
4514	3279	289
4520	3684	278
4522	3993	514
4524	2733	287
4524	2733	291
4527	3331	445
4528	1543	310
4533	2430	270
4535	2749	200
4536	4689	434
4538	1189	337
4539	1933	519
4542	4404	563
4545	3209	222
4546	1715	289
4550	1423	261
4559	2221	297
4559	2221	256
4560	3903	455
4561	4095	486
4561	4095	410
4562	3136	425
4565	4144	443
4569	3411	462
4574	2350	425
4575	3616	496
4577	2143	254
4578	2346	346
4582	4546	385
4582	4546	421
4583	3381	456
4584	2594	461
4592	1629	273
4595	3216	255
4598	2954	277
4602	2523	439
4605	1111	302
4606	797	285
4608	1399	522
4609	2680	384
4611	3945	381
4614	2505	429
4615	2852	239
4617	3234	250
4617	3234	323
4620	3680	316
4625	1646	346
4628	2926	268
4628	2926	287
4630	4372	679
4642	1878	280
4643	3156	528
4645	2271	238
4646	3297	503
4647	1106	185
4651	3514	402
4653	3776	339
4661	1729	462
4670	1815	409
4674	3794	475
4678	2911	264
4680	3414	428
4682	3262	333
4689	2268	311
4689	2268	173
4690	4101	425
4692	2516	707
4694	2945	273
4695	3098	305
4699	1852	349
4703	2718	483
4706	2976	559
4713	3216	522
4714	3126	483
4715	2653	221
4725	2340	439
4727	2503	274
4728	4041	436
4729	2890	300
4733	4409	185
4735	2158	376
4736	2914	502
4737	2874	438
4739	3033	434
4743	2839	440
4746	3467	526
4748	2207	337
4750	1950	533
4751	2529	230
4752	3363	451
4753	1920	382
4756	2109	263
4756	2109	213
4757	3101	255
4763	1416	294
4764	3329	265
4764	3329	292
4765	4804	265
4765	4804	333
4770	3130	185
4771	3856	472
4773	3946	417
4774	2840	324
4778	3783	439
4779	2860	278
4781	4127	485
4782	1220	254
4786	2870	434
4789	2458	575
4790	2824	471
4792	3902	419
4793	2879	267
4795	2063	215
4797	2582	382
4802	2688	309
4803	3188	339
4804	2541	323
4806	930	227
4807	3960	232
4808	2422	578
4809	2941	432
4810	3047	477
4814	1466	291
4816	2830	277
4820	1530	272
4823	1953	337
4827	3309	366
4829	2812	483
4835	3963	211
4840	3373	439
4842	2703	324
4843	4142	459
4847	2023	371
4852	3947	364
4864	2581	410
4869	2984	309
4871	3954	434
4874	2919	488
4877	2194	291
4880	3073	200
4883	2490	227
4886	2979	263
4889	2572	185
4891	2505	238
4894	3106	490
4894	3106	371
4896	1963	185
4897	3735	222
4897	3735	293
4899	3216	466
4910	3031	361
4910	3031	215
4913	3528	418
4918	2727	200
4923	3172	442
4925	3219	437
4933	2357	541
4934	1595	237
4935	2905	453
4942	2555	238
4943	1247	206
4950	1549	276
4952	2578	411
4954	4225	385
4955	2208	468
4961	2002	404
4963	2597	311
4965	2578	304
4968	2464	423
4969	2093	206
4971	1937	185
4973	3587	519
4977	1686	238
4985	3276	354
4987	2098	233
4989	1734	338
5001	1682	469
5004	4208	408
5005	1744	250
5007	2291	206
5012	4182	237
5012	4182	257
5015	1714	295
5016	1898	412
5017	2917	314
5017	2917	242
5018	1970	255
5019	1387	226
5023	2135	224
5023	2135	254
5024	1685	280
5028	2127	465
5029	1860	335
5038	2141	321
5045	3440	530
5047	2725	283
5048	2711	309
5049	2900	372
5053	3461	387
5055	3743	455
5057	2412	291
5061	2084	463
5066	2291	292
5068	3965	342
5070	3843	563
5074	2987	255
5075	1366	227
5076	1271	185
5077	2117	465
5080	2043	293
5081	4008	437
5086	3366	354
5088	2797	211
5089	1973	349
5090	3589	233
5095	1732	185
5095	1732	297
5105	2298	337
5109	2571	200
5112	2076	277
5116	1991	255
5120	2499	239
5123	1763	268
5124	1901	270
5133	3753	418
5136	943	185
5142	1955	301
5143	3355	323
5146	2444	278
5147	2744	309
5151	2848	281
5153	2437	436
5155	4304	410
5158	3315	360
5161	2682	185
5162	1684	352
5164	1877	279
5167	2795	382
5173	2328	412
5174	846	211
5178	2858	495
5179	2965	254
5180	2614	485
5182	2262	291
5184	2624	305
5187	2671	507
5188	2196	238
5192	1982	373
5194	3558	309
5195	2796	403
5203	2606	261
5203	2606	319
5207	3990	313
5210	2296	286
5218	2207	386
5219	2237	407
5223	3539	392
5227	3508	411
5229	1708	393
5240	1669	280
5241	2348	467
5242	3463	263
5242	3463	440
5245	3209	288
5246	2366	392
5247	2263	422
5248	3506	256
5249	1424	411
5250	1727	352
5251	2465	255
5258	2263	420
5261	1883	239
5263	2479	263
5264	1881	185
5266	3485	442
5268	2393	344
5270	2711	200
5272	2563	185
5273	3118	505
5273	3118	233
5275	2452	499
5281	1454	185
5284	2302	364
5286	3362	505
5289	2392	619
5290	1931	293
5294	3385	360
5296	1428	155
5300	1741	234
5304	3819	420
5306	1800	298
5309	4041	449
5311	2702	200
5323	2087	273
5324	2485	278
5325	2331	483
5331	3406	437
5333	2516	211
5334	1628	456
5342	3338	479
5343	1687	426
5344	2412	290
5345	2894	489
5350	1303	264
5352	3233	404
5353	2986	318
5355	956	261
5362	2994	335
5362	2994	381
5368	2076	238
5380	2405	434
5381	3188	364
5382	2227	374
5387	2068	294
5388	2340	200
5394	2796	434
5395	3604	282
5398	2912	550
5401	3031	355
5402	2288	271
5409	1556	300
5410	3080	429
5411	1951	245
5414	2825	428
5417	3437	284
5418	3313	412
5424	3942	436
5427	2799	302
5427	2799	256
5429	2642	493
5435	3489	438
5435	3489	435
5440	3705	430
5442	3525	471
5443	2400	221
5454	2748	538
5459	2770	394
5461	3703	527
5462	3685	355
5463	2887	510
5467	887	226
5472	1721	534
5473	3025	574
5476	2303	280
5477	2533	185
5478	2173	293
5482	2003	455
5489	2788	200
5490	3441	551
5491	2617	400
5493	3522	304
5496	2645	251
5496	2645	169
5497	1027	259
5498	1636	326
5513	3219	409
5514	3109	392
5516	3345	496
5518	2315	216
5520	1656	185
5527	2673	435
5531	2426	500
5532	4150	372
5540	1739	304
5550	1635	278
5552	1987	278
5552	1987	184
5565	3042	473
5568	1484	272
5570	1384	268
5577	1526	470
5578	2788	282
5580	2509	475
5586	3341	244
5586	3341	262
5587	2015	343
5597	1929	400
5599	1556	250
5601	1068	273
5603	1493	418
5605	3143	421
5607	1387	261
5609	3129	482
5613	2688	331
5615	3610	211
5616	811	268
5618	2634	238
5621	1383	243
5623	2665	278
5626	3619	467
5628	1538	230
5629	4246	324
5632	3125	376
5633	3514	483
5634	2559	397
5635	2274	284
5638	2336	429
5642	2675	206
5645	2932	474
5646	2652	410
5648	1961	324
5649	2313	296
5654	1395	210
5658	1759	308
5659	2003	232
5666	3108	293
5667	1744	263
5672	1289	301
5676	2563	576
5679	3638	481
5681	2670	315
5684	1137	280
5686	1519	338
5688	1684	474
5691	1895	280
5692	2724	181
5692	2724	168
5693	3834	512
5696	2294	489
5699	1220	279
5701	1981	238
5702	1645	267
5705	4294	296
5713	2392	284
5716	1567	330
5718	3015	232
5719	2420	339
5723	2973	177
5723	2973	197
5725	4114	465
5726	2003	504
5729	3050	390
5730	1112	348
5732	2343	492
5733	1406	271
5737	3108	524
5738	1553	351
5739	2839	227
5740	1886	270
5741	2914	382
5742	1435	238
5743	2313	297
5744	2760	352
5745	2427	311
5750	1758	313
5752	1563	211
5758	3004	519
5759	2181	254
5762	1247	320
5771	1481	232
5774	2326	262
5778	3038	289
5778	3038	185
5784	1883	443
5785	3285	232
5785	3285	274
5788	1795	248
5790	2937	416
5794	1110	226
5796	3852	539
5797	2626	549
5803	3766	289
5826	2595	226
5827	2053	243
5827	2053	243
5830	869	185
5832	2907	446
5833	2412	356
5834	2423	335
5834	2423	295
5837	2657	342
5840	3052	211
5843	2539	272
5849	1798	250
5852	2355	392
5852	2355	315
5854	2927	367
5855	2399	464
5857	1733	503
5858	2569	304
5864	2013	266
5866	3123	316
5866	3123	244
5870	1783	350
5871	2116	169
5871	2116	313
5873	2408	297
5874	1184	245
5876	2638	238
5878	2173	278
5879	2793	270
5881	1809	528
5884	2296	291
5885	2586	572
5886	1669	266
5888	3515	410
5888	3515	395
5890	2553	244
5891	4185	442
5892	2594	319
5900	2664	265
5910	3200	440
5919	2426	316
5927	1286	211
5929	2447	297
5929	2447	333
5930	3716	200
5932	3171	273
5935	1037	215
5937	2727	292
5942	2049	345
5943	3025	546
5947	3098	477
5955	2663	262
5955	2663	268
5956	3863	542
5956	3863	468
5957	4047	344
5957	4047	429
5962	1851	275
5966	2365	462
5972	2841	238
5974	1590	394
5978	1862	341
5981	1850	216
5988	2607	364
5990	4034	359
6002	2811	576
6004	3599	227
6008	2619	226
6012	3637	423
6013	2708	227
6025	2438	223
6025	2438	210
6030	3650	512
6038	3297	509
6039	3742	374
6043	1775	462
6044	3025	260
6044	3025	328
6045	3453	497
6050	4205	485
6050	4205	278
6053	3471	460
6070	3119	256
6071	2802	278
6075	4202	356
6078	2436	303
6080	2548	334
6081	3070	297
6082	2314	500
6083	4205	413
6095	2944	331
6098	1231	286
6105	2912	486
6110	3232	535
6113	2070	185
6114	3732	379
6114	3732	238
6116	3017	288
6119	2770	379
6121	2525	291
6122	2540	364
6123	3204	443
6129	3538	185
6130	2484	331
6142	3047	237
6145	3764	459
6147	1219	301
6148	2822	279
6149	1845	387
6153	1930	297
6162	2928	444
6167	2315	461
6169	3810	423
6176	3562	287
6177	3701	516
6179	1685	377
6181	2740	222
6183	4116	316
6185	1789	481
6186	1666	369
6191	2684	375
6193	2587	386
6195	3804	368
6195	3804	407
6198	3678	526
6200	2042	464
6202	3413	222
6203	3073	222
6205	2339	200
6208	2398	440
6211	2265	412
6214	2966	508
6221	1832	376
6222	3904	458
6236	2291	255
6243	2949	363
6249	2283	272
6256	2869	211
6258	2429	252
6260	2160	324
6266	1767	272
6272	2259	316
6279	2281	261
6280	1468	200
6281	2759	472
6284	1373	325
6291	1811	256
6292	2557	185
6296	1171	262
6299	2544	243
6302	3688	290
6302	3688	263
6306	3442	270
6308	2157	273
6309	2406	390
6316	1879	243
6318	1471	266
6320	1388	291
6324	2183	259
6330	2738	272
6331	1659	274
6332	2672	211
6337	2067	399
6339	3256	226
6340	1999	290
6344	1976	221
6346	2239	277
6351	3057	266
6352	2023	444
6358	1843	326
6358	1843	236
6359	1478	185
6363	3913	524
6364	3910	215
6365	1831	326
6367	3441	397
6368	2135	263
6380	1641	321
6381	2875	238
6387	2318	195
6387	2318	250
6389	2363	301
6395	2834	256
6404	1639	261
6409	3099	200
6413	1312	211
6418	941	206
6422	1195	236
6424	2088	229
6429	2884	320
6429	2884	267
6433	2824	211
6439	1538	200
6442	3500	299
6442	3500	158
6446	1703	314
6447	814	185
6471	3198	241
6472	3318	456
6473	3541	252
6474	1973	185
6476	1756	420
6481	2813	211
6482	3057	267
6489	1567	318
6490	1938	221
6490	1938	205
6495	1108	350
6497	2356	263
6498	2031	255
6500	914	200
6507	3691	479
6507	3691	402
6513	3863	521
6517	2816	244
6521	1392	423
6524	2798	438
6536	847	273
6541	3725	383
6542	1822	227
6543	4603	432
6547	3089	416
6552	2934	227
6553	3967	496
6557	4073	206
6572	3893	420
6573	3563	490
6576	2879	425
6580	713	206
6581	1968	294
6583	2248	238
6591	3112	252
6592	3625	270
6600	3240	473
6601	4041	280
6606	3509	227
6607	3832	402
6615	3231	462
6628	1135	215
6644	1000	434
6657	3616	651
6659	4451	466
6661	1256	185
6662	3248	430
6664	2249	386
6665	1840	362
6671	4026	380
6674	2352	353
6678	1733	200
6680	4035	436
6681	2581	397
6692	2644	454
6694	2129	369
6699	2360	475
6704	2245	486
6708	2985	412
6714	2265	306
6720	3025	409
6721	3346	373
6722	3820	540
6734	3133	543
6736	1943	304
6737	838	238
6739	3041	475
6753	2815	469
6757	1787	232
6758	4537	612
6760	3099	521
6764	2384	329
6767	1997	185
6769	1865	273
6772	1946	227
6775	3616	587
6779	1932	422
6781	3731	400
6785	3582	216
6788	2225	284
6789	2865	434
6794	1276	266
6796	3177	200
6796	3177	267
6798	3250	438
6808	2430	290
6810	2248	422
6812	3320	457
6815	2558	230
6816	3562	431
6819	2870	356
6820	2063	185
6828	2890	333
6829	4112	479
6830	2734	266
6833	4751	401
6837	2063	428
6838	3274	386
6839	2479	280
6839	2479	200
6859	2436	330
6860	4538	331
6862	3190	185
6863	2922	417
6867	4611	260
6872	4468	399
6872	4468	278
6873	1681	393
6875	1913	329
6878	4006	241
6884	3158	289
6885	2639	388
6891	3998	394
6891	3998	473
6894	2950	383
6901	1870	395
6905	2402	392
6906	1854	397
6910	3003	353
6920	3039	215
6924	3060	320
6937	3647	345
6947	1578	259
6963	1511	418
6969	2730	200
6976	2491	408
6983	1962	306
6989	2246	237
6994	2362	387
6995	4092	483
7006	4382	185
7006	4382	315
7007	4076	505
7007	4076	280
7015	1353	409
7022	2104	222
7025	2994	553
7026	2543	255
7027	4483	458
7027	4483	163
7028	4113	644
7030	3541	200
7040	1512	296
7041	1842	293
7047	4156	350
7048	1874	266
7051	3039	404
7051	3039	349
7058	2695	516
7061	2701	307
7063	3462	384
7067	2528	331
7068	2460	468
7069	2861	346
7073	3339	315
7084	3146	269
7086	2182	312
7089	2323	185
7101	2082	399
7106	1614	227
7112	2161	456
7118	2415	424
7123	2977	436
7129	1194	306
7136	781	250
7140	2644	290
7140	2644	385
7141	3316	487
7150	2084	227
7156	3305	512
7158	3409	311
7159	3402	423
7162	1710	266
7165	3325	356
7170	2509	450
7171	3536	243
7173	2288	263
7175	3102	232
7175	3102	289
7176	3319	211
7181	2485	397
7182	2142	251
7184	2920	348
7186	1893	414
7188	1299	356
7190	1051	243
7198	1680	317
7199	1248	239
7200	971	242
7201	2451	256
7201	2451	279
7215	2638	261
7217	1612	293
7218	2571	289
7218	2571	184
7232	2168	364
7233	2008	286
7240	2548	206
7240	2548	435
7247	3614	461
7255	1568	200
7258	1249	248
7261	2562	446
7269	1226	292
7272	1948	211
7273	2565	487
7275	2003	185
7277	3124	279
7278	1998	185
7278	1998	261
7280	3333	376
7281	990	260
7282	1240	185
7283	1919	427
7289	1297	335
7291	1345	185
7296	1273	267
7302	3980	503
7305	2206	476
7308	1482	238
7312	2076	268
7316	1612	275
7318	3012	420
7323	2763	424
7327	2536	255
7329	2858	299
7332	4478	397
7336	2301	437
7337	1890	409
7338	2779	361
7343	4002	305
7350	3484	535
7352	2781	453
7355	2494	437
7365	1345	303
7371	2918	457
7385	2073	536
7387	4425	451
7390	2888	453
7396	2295	216
7398	2689	200
7402	2574	298
7404	2098	334
7407	2548	449
7409	2845	491
7414	2747	378
7422	2998	441
7423	4802	206
7434	3017	494
7439	2092	379
7440	1686	227
7442	1801	314
7443	1909	278
7445	1028	364
7459	2197	236
7463	1505	245
7465	1805	281
7473	1078	430
7478	1704	272
7479	2638	314
7484	2301	325
7487	2928	368
7491	1750	301
7493	1220	278
7507	2599	211
7510	3700	238
7511	1756	227
7513	4838	657
7514	1637	247
7518	2035	215
7520	2215	185
7521	2753	200
7525	2131	451
7530	2387	463
7532	3975	487
7539	1969	273
7545	3422	363
7552	3340	618
7553	2107	482
7555	3559	583
7557	2179	376
7563	2714	262
7572	3170	515
7574	2405	272
7575	2994	333
7577	2311	243
7579	1537	320
7593	2994	304
7593	2994	336
7595	2431	291
7598	1623	238
7599	2282	327
7602	1060	255
7604	2318	333
7605	4582	527
7607	2299	294
7609	4043	577
7612	2284	317
7614	2691	255
7618	2781	222
7619	2981	336
7621	3321	574
7623	2983	372
7624	2143	315
7629	2838	275
7629	2838	285
7631	1884	307
7640	1489	333
7648	3378	493
7650	2765	585
7652	2614	490
7653	1867	259
7654	2608	253
7659	3015	550
7662	2369	309
7664	3313	365
7666	3137	329
7668	1714	266
7672	1310	296
7676	1606	286
7677	2623	371
7682	2433	454
7683	1215	466
7687	1622	262
7688	2436	334
7690	2517	547
7691	1967	297
7692	1439	259
7696	2653	324
7696	2653	386
7697	1994	216
7698	1892	237
7701	2425	310
7702	3476	516
7704	2044	318
7705	2658	504
7707	1956	349
7708	1998	267
7709	4702	580
7711	1229	200
7714	3144	339
7715	3746	491
7722	2790	291
7725	928	278
7726	2495	269
7726	2495	411
7727	2840	584
7730	2535	441
7733	4753	215
7734	2174	363
7734	2174	185
7735	1267	321
7737	2163	344
7739	3748	483
7740	3142	455
7744	2495	477
7746	1935	222
7752	3284	600
7753	818	206
7754	1724	530
7758	2027	368
7759	1986	450
7760	1974	267
7762	1591	308
7767	1234	267
7770	3550	529
7771	1944	251
7780	1424	227
7784	1956	281
7786	4096	291
7788	3172	296
7789	1338	308
7790	2956	369
7791	2949	302
7793	2559	592
7794	2944	622
7795	2579	267
7807	4443	535
7811	4041	372
7818	2093	302
7820	3021	564
7823	2847	280
7825	1655	248
7827	2929	294
7831	3381	436
7834	3686	502
7839	2825	418
7841	1909	353
7841	1909	269
7842	1800	284
7843	3410	462
7846	1522	233
7851	1584	261
7852	1833	313
7869	2680	498
7870	3488	301
7871	3006	387
7872	1793	319
7873	2524	387
7875	2333	291
7877	3266	280
7880	3565	479
7881	1441	289
7882	4053	491
7885	4349	233
7886	2875	550
7893	1877	317
7902	3545	409
7909	1925	304
7914	2920	280
7918	3210	399
7921	3116	454
7922	2467	509
7923	4464	457
7925	4580	436
7934	1794	309
7936	2089	279
7937	704	279
7940	2966	342
7941	2939	567
7944	3064	305
7946	2949	445
7951	3240	424
7953	3832	298
7956	2091	526
7957	2360	285
7966	3585	303
7969	2973	455
7972	3456	607
7973	3717	444
7974	3674	200
7975	2199	271
7978	2478	250
7983	2107	468
7984	4464	418
7986	1563	302
7988	3452	296
7989	2732	278
7990	1598	363
7991	2718	267
7993	4389	354
7994	2001	558
7999	2900	211
8003	1614	271
8015	2296	227
8020	2014	275
8020	2014	251
8028	2075	602
8030	1238	287
8034	3362	404
8036	735	227
8037	2169	296
8038	2281	245
8042	2450	249
8052	1083	185
8054	2419	253
8054	2419	247
8055	1177	319
8058	3520	306
8059	960	238
8060	2058	185
8065	1395	222
8066	1748	226
8070	3930	417
8073	2549	512
8081	2401	309
8083	3618	509
8088	4360	317
8093	1431	285
8094	2251	262
8095	770	221
8096	1003	328
8099	2276	508
8104	2069	329
8109	1722	325
8110	896	286
8111	1764	291
8113	1546	288
8114	1364	239
8115	3367	342
8121	1849	380
8129	3356	448
8132	3193	604
8135	1064	318
8139	2641	309
8140	1838	357
8143	2917	472
8144	1913	298
8145	2572	200
8145	2572	233
8149	2663	285
8149	2663	280
8150	1779	200
8153	2540	305
8153	2540	285
8157	1492	245
8159	2958	200
8162	1749	289
8167	4622	398
8174	3627	523
8174	3627	520
8177	2081	305
8177	2081	262
8178	2095	316
8182	1272	275
8183	1981	244
8185	3084	442
8194	4330	445
8196	2845	299
8200	4575	185
8201	1492	266
8203	2503	625
8208	1727	254
8213	2816	498
8217	1910	238
8218	1939	392
8220	3973	271
8221	2152	278
8225	3006	441
8226	2675	324
8228	2675	303
8233	2372	274
8237	2266	316
8237	2266	206
8239	2900	293
8239	2900	267
8245	1694	305
8248	4017	380
8248	4017	263
8252	2863	227
8252	2863	255
8255	2396	287
8255	2396	325
8258	2336	531
8261	3670	478
8264	1964	252
8267	3335	462
8276	2126	243
8276	2126	219
8280	800	260
8282	3157	546
8285	2589	535
8286	3538	233
8286	3538	268
8293	1301	305
8297	2067	493
8302	2615	283
8304	2613	498
8308	3583	426
8309	2812	211
8312	4524	391
8321	2575	446
8322	3659	306
8325	2276	423
8330	2340	252
8330	2340	238
8335	3207	236
8339	3922	417
8343	3380	232
8353	2812	310
8353	2812	313
8354	3788	185
8358	1882	250
8364	3197	324
8372	2838	444
8376	3759	473
8387	3806	418
8390	2506	185
8393	2378	477
8407	3088	284
8408	4579	185
8411	4071	349
8414	2954	454
8418	3132	256
8421	2782	393
8432	2128	200
8433	3303	296
8444	4842	359
8452	2253	230
8457	3746	499
8460	3278	401
8467	2152	349
8471	3541	253
8471	3541	260
8472	2794	455
8476	3486	356
8479	2372	500
8485	2026	313
8487	1542	293
8488	1538	277
8496	2668	222
8497	2293	418
8498	4801	476
8498	4801	449
8499	2471	229
8509	3115	424
8509	3115	408
8517	2856	215
8524	1431	306
8530	4618	323
8539	3090	464
8543	2240	285
8545	4724	279
8548	4169	482
8551	4392	185
8554	3380	366
8559	4700	397
8576	6494	232
8588	4533	257
8610	2403	358
8611	3113	488
8621	3049	222
8627	4904	470
8628	974	268
8638	6441	564
8639	2017	429
8651	2603	251
8653	2486	211
8658	1552	289
8667	5019	533
8668	4226	432
8668	4226	286
8671	3220	466
8672	1984	291
8674	2208	399
8676	2796	283
8676	2796	306
8678	2316	239
8680	762	200
8683	1646	399
8685	3058	460
8687	3250	227
8691	2037	346
8696	2044	200
8698	2823	250
8707	775	273
8721	2637	316
8722	2220	285
8731	4209	302
8732	2809	267
8732	2809	244
8733	2101	230
8737	2995	451
8738	1329	329
8740	2711	493
8741	1886	185
8743	2429	298
8744	1699	280
8746	2113	398
8756	2677	447
8761	2637	331
8764	2099	268
8768	2770	286
8769	2025	598
8772	1609	297
8773	1563	280
8774	3500	266
8776	2124	405
8777	2660	496
8780	2538	545
8781	3179	254
8781	3179	238
8783	1666	185
8786	2047	505
8789	3945	333
8791	2308	266
8793	2495	517
8796	1847	340
8797	1593	309
8798	2166	553
8799	2305	227
8800	3053	449
8804	2038	274
8810	2696	272
8820	3781	227
8820	3781	396
8822	3940	437
8823	3293	442
8825	3005	333
8825	3005	185
8826	2819	263
8828	3122	386
8829	1906	275
8830	3860	425
8830	3860	332
8831	3472	323
8834	3247	407
8838	2366	241
8841	2843	515
8845	1366	526
8848	2615	255
8849	3649	328
8850	2956	272
8852	2599	238
8853	1754	245
8855	3944	322
8856	3347	455
8857	2670	308
8866	4069	426
8866	4069	349
8868	3907	460
8869	4669	255
8869	4669	200
8878	3750	336
8881	2535	451
8882	2836	503
8884	2341	251
8885	2152	360
8885	2152	211
8888	2406	379
8897	1042	222
8899	2840	477
8900	3163	288
8902	4134	215
8903	4529	334
8907	2544	390
8908	2601	445
8910	2244	243
8910	2244	200
8911	2072	479
8912	2243	200
8915	4434	432
8918	2834	211
8919	3949	353
8920	2349	445
8921	3956	431
8923	4332	392
8924	4660	509
8924	4660	578
8926	3792	617
8929	3874	459
8932	2413	382
8933	4286	343
8938	3809	461
8941	3026	200
8950	2488	185
8952	1713	502
8962	3092	427
8963	4325	407
8968	2579	460
8971	2149	473
8975	3502	458
8983	4397	311
8984	4561	355
8986	2123	414
8988	3452	399
8991	2034	274
8991	2034	245
8993	4082	460
8994	2248	249
8995	2465	432
8999	3115	437
9000	1328	211
9005	2796	215
9007	2930	250
9008	1784	441
9015	3273	380
9018	3256	298
9020	2849	423
9022	2369	338
9023	3579	470
9027	1394	211
9031	1996	392
9032	1512	308
9034	1650	467
9039	2407	494
9043	3719	433
9044	2961	423
9063	2378	406
9065	2188	369
9066	2639	467
9067	1249	403
9072	1240	354
9073	3182	413
9077	1443	292
9079	2165	344
9081	1906	438
9082	2037	444
9085	2974	378
9094	2689	250
9095	3228	392
9098	1776	528
9104	2629	444
9105	3048	200
9109	2932	529
9110	1416	429
9121	4583	402
9124	3808	422
9125	2376	211
9125	2376	236
9128	3941	357
9128	3941	216
9135	3534	380
9135	3534	211
9142	2223	278
9146	3636	414
9150	4289	298
9154	4373	409
9156	2699	402
9157	3981	443
9161	4282	358
9161	4282	293
9166	2142	540
9174	2813	661
9176	2894	499
9183	2966	419
9184	1860	271
9191	2193	403
9201	1642	185
9202	4107	445
9209	1589	200
9221	3579	328
9222	2573	505
9226	2900	227
9227	2757	267
9228	1711	406
9232	3431	370
9233	2481	456
9240	2574	262
9243	4061	472
9247	2306	267
9257	3108	201
9257	3108	264
9261	3744	221
9269	2271	297
9269	2271	222
9270	2433	455
9273	1989	268
9274	3184	451
9276	2681	185
9278	2885	409
9280	4428	464
9282	3419	269
9282	3419	178
9290	2647	290
9292	2313	515
9293	2780	546
9296	1967	427
9300	2586	383
9303	2286	407
9304	1237	227
9309	1925	254
9319	1793	341
9320	3377	266
9322	2854	377
9323	3636	443
9324	2661	334
9325	3130	428
9334	2621	464
9337	1132	150
9337	1132	161
9340	4435	337
9340	4435	494
9340	4435	187
9343	3481	392
9347	2148	462
9352	2798	262
9360	2501	520
9363	2142	506
9366	3222	341
9372	1318	267
9373	2286	278
9375	1307	286
9376	2244	255
9379	3217	402
9380	1277	236
9384	2079	215
9389	3677	447
9391	4465	444
9394	2604	285
9396	1731	455
9398	2364	433
9403	1654	287
9406	1515	425
9409	3561	397
9413	2841	352
9414	1020	289
9417	3949	479
9418	3121	388
9424	1438	215
9426	2012	227
9428	3436	623
9429	1998	222
9434	2138	291
9436	2355	346
9436	2355	289
9437	4000	549
9437	4000	512
9439	1952	250
9440	4255	419
9450	3252	361
9451	3587	520
9456	2608	244
9464	4260	494
9464	4260	514
9467	3547	454
9468	3945	425
9471	2998	414
9473	2640	401
9478	2560	407
9480	1951	307
9481	2845	502
9483	1549	239
9484	4531	338
9488	3313	211
9490	2405	423
9491	4134	369
9498	2030	277
9500	1791	400
9505	4404	518
9505	4404	454
9510	1264	348
9512	2963	251
9512	2963	200
9518	2516	401
9518	2516	170
9520	3211	316
9526	3584	542
9535	2453	347
9537	3445	319
9541	3700	402
9546	2981	445
9554	3132	295
9556	2688	452
9559	2367	480
9563	2578	185
9563	2578	258
9570	3407	290
9575	3482	410
9579	1376	233
9580	1658	211
9581	2816	414
9584	2373	487
9587	3287	217
9587	3287	220
9587	3287	153
9588	3921	422
9597	1432	353
9600	4199	421
9600	4199	147
9600	4199	231
9602	2844	389
9603	3053	233
9610	4081	458
9610	4081	217
9611	4344	321
9612	1966	185
9613	2044	200
9615	1501	513
9616	2225	402
9624	1394	316
9625	1901	243
9631	2735	543
9632	1239	421
9638	1839	280
9640	4600	355
9644	4413	431
9646	4459	348
9647	2472	423
9650	1443	429
9652	2125	306
9653	2346	336
9654	3345	431
9658	3653	689
9660	1596	211
9661	2177	220
9661	2177	405
9662	2145	276
9663	2055	353
9664	3051	459
9665	2823	375
9667	3486	395
9671	2684	270
9677	2483	227
9681	3274	239
9682	2481	211
9684	1994	439
9685	2720	515
9686	2053	251
9691	2219	262
9695	2164	295
9696	1441	311
9697	2895	263
9698	4299	528
9699	3108	334
9700	2932	234
9701	2167	491
9708	2321	253
9711	2160	495
9712	3331	570
9713	2461	375
9714	3585	319
9715	2737	457
9722	2876	532
9723	2369	361
9729	3380	250
9732	1237	430
9735	3550	597
9736	3761	185
9737	2238	185
9739	3656	309
9745	2603	390
9746	1278	222
9747	1949	372
9748	1364	147
9748	1364	191
9749	589	221
9751	2300	200
9759	3480	623
9764	2283	473
9765	3969	185
9766	2680	462
9769	3086	437
9770	2288	384
9775	1560	215
9777	2619	395
9778	2127	400
9783	3084	468
9795	3904	463
9799	4258	465
9801	1926	292
9813	2542	241
9815	4699	362
9817	1442	227
9821	3959	490
9824	3418	565
9828	1241	257
9835	2985	452
9842	2087	251
9843	3365	548
9846	915	185
9848	2304	395
9852	2274	264
9854	3143	254
9860	4503	247
9865	3171	667
9866	3679	512
9869	3075	496
9872	4187	496
9875	3575	459
9878	1402	297
9879	3440	576
9880	3089	492
9887	2242	216
9892	3060	394
9892	3060	445
9895	2030	185
9898	2394	396
9899	4701	211
9910	1751	249
9915	2868	321
9918	1814	278
9919	2865	243
9925	2422	304
9927	4216	631
9930	2013	527
9931	2735	492
9934	2084	311
9935	2568	390
9939	1796	185
9941	2201	264
9943	2227	498
9949	2344	420
9950	3644	376
9953	2339	315
9955	1445	300
9962	1858	329
9963	1643	463
9967	861	263
9969	1926	314
9970	1143	260
9972	2487	442
9976	3224	278
9976	3224	207
9977	1490	292
9980	4549	337
9980	4549	344
9982	1715	286
9985	2430	262
9988	4278	478
9989	1155	345
10000	2682	409
10004	2614	262
10007	2059	400
10008	2080	323
10013	2303	379
10015	1957	285
10027	3548	522
10035	2282	331
10041	1958	253
10047	2258	516
10056	3096	387
10060	1194	360
10060	1194	363
10061	2615	216
10065	2278	333
10068	2875	384
10069	2181	481
10071	2697	406
10075	1992	410
10076	3174	506
10077	2634	300
10078	2708	478
10079	2333	200
10082	2736	305
10088	2163	419
10089	1574	268
10103	2281	471
10107	3230	471
10108	3881	347
10117	1709	185
10122	1088	266
10129	2475	390
10131	1459	185
10137	3206	503
10140	1730	227
10141	1182	237
10143	4574	491
10147	2534	200
10159	4029	476
10159	4029	436
10160	3540	476
10167	3019	417
10171	3966	369
10171	3966	398
10173	1662	297
10176	2797	250
10181	1447	281
10182	3069	370
10184	3504	425
10184	3504	319
10188	4291	292
10192	3964	481
10193	2310	286
10194	3031	490
10195	2348	445
10201	3902	364
10202	1628	489
10203	2193	446
10206	1357	223
10206	1357	224
10208	2967	597
10209	2635	237
10209	2635	198
10210	3903	551
10213	2515	470
10215	2958	435
10218	3367	488
10224	1059	383
10226	2489	400
10235	4476	222
10235	4476	534
10237	2328	454
10239	2178	385
10240	2154	429
10242	2437	358
10258	2584	528
10259	3557	423
10260	2589	255
10262	2916	393
10264	1651	425
10267	2769	472
10271	3738	250
10271	3738	285
10276	1439	386
10282	2259	376
10284	3416	440
10288	3324	360
10295	1246	334
10299	1280	256
10302	2922	453
10304	4417	429
10313	1889	456
10320	1740	296
10325	1668	257
10332	1747	258
10348	732	238
10352	2204	559
10357	3762	543
10360	2760	430
10365	4519	310
10365	4519	358
10367	3762	427
10368	2079	272
10373	3864	418
10375	1001	278
10378	2925	351
10382	1939	342
10387	1055	211
10392	2444	300
10394	4031	243
10394	4031	185
10399	1132	238
10401	2280	262
10405	2092	316
10406	3026	317
10407	2509	391
10410	1304	286
10415	2104	284
10415	2104	220
10416	3001	270
10421	2565	374
10439	3006	227
10444	1529	463
10445	2741	266
10450	2943	460
10454	2254	266
10458	3156	407
10459	4235	200
10460	1211	211
10461	3171	192
10461	3171	304
10465	2188	481
10467	2099	267
10468	2909	211
10469	4147	228
10469	4147	164
10469	4147	438
10470	2955	211
10474	1511	232
10475	3402	378
10477	5082	457
10479	2965	355
10481	2767	400
10482	2241	185
10485	2865	216
10487	2193	342
10495	2393	485
10498	2353	268
10501	2477	255
10501	2477	223
10509	1700	243
10510	3651	156
10510	3651	426
10511	1977	369
10520	2376	313
10522	1852	226
10523	1615	227
10524	2924	271
10526	2400	267
10527	3019	261
10527	3019	341
10531	1677	465
10534	2583	397
10535	1563	232
10536	3308	360
10537	3805	305
10538	3439	267
10539	2974	312
10544	5030	459
10544	5030	480
10549	2737	334
10549	2737	241
10550	3126	313
10552	2878	264
10554	2907	285
10554	2907	322
10556	1042	185
10557	4027	428
10571	3414	341
10572	3959	338
10575	3656	505
10577	3199	306
10580	3630	256
10581	3117	263
10581	3117	296
10587	2762	433
10590	2063	185
10591	1602	211
10592	1141	215
10593	3590	383
10594	2707	411
10601	2221	227
10602	2010	290
10603	3695	200
10605	1792	458
10610	3111	239
10612	2081	333
10613	3601	407
10615	1406	200
10616	2103	363
10618	2431	243
10624	3333	337
10629	4839	433
10630	4448	386
10631	1344	298
10633	3200	239
10633	3200	268
10637	2132	304
10645	1862	200
10646	1285	261
10652	2120	222
10653	2241	299
10657	2122	215
10660	2451	297
10661	2623	438
10662	2299	279
10666	2915	417
10667	1148	262
10671	1196	206
10672	2254	256
10673	2266	396
10678	1934	232
10679	2625	232
10679	2625	288
10681	2678	311
10682	4714	428
10692	1439	325
10693	1895	301
10694	3930	324
10694	3930	431
10696	2652	236
10697	2028	243
10700	1674	317
10702	3025	264
10705	1402	266
10707	1156	270
10710	2429	432
10711	3177	419
10713	1537	206
10721	4213	378
10722	4298	263
10726	2173	262
10728	1813	249
10729	3259	362
10733	1668	273
10735	2235	282
10735	2235	277
10743	2057	399
10746	2321	256
10755	1718	211
10756	2608	266
10765	2258	211
10769	2420	280
10774	2615	448
10778	2974	226
10778	2974	277
10779	2629	204
10779	2629	297
10781	3804	370
10785	1513	250
10787	4052	518
10790	3901	367
10791	2149	386
10797	3871	465
10799	3734	307
10814	4141	351
10820	2801	244
10826	2730	462
10827	2229	457
10836	2454	416
10837	1224	200
10839	3522	200
10848	3456	390
10849	2461	190
10849	2461	216
10859	1690	227
10862	2326	332
10866	1490	253
10867	2272	200
10882	2278	185
10885	4251	358
10885	4251	322
10889	1934	278
10890	3340	418
10894	2690	433
10895	1278	185
10897	2600	373
10899	1713	414
10900	2469	480
10904	4934	472
10904	4934	396
10910	2928	238
10911	2102	452
10914	1033	274
10916	2771	393
10917	2220	298
10917	2220	286
10927	1825	288
10928	3211	280
10933	1023	251
10936	3998	296
10938	3036	472
10945	1548	161
10951	2483	316
10952	2174	266
10959	2118	270
10959	2118	232
10960	3282	408
10963	3361	411
10970	3379	185
10972	5132	557
10973	4632	386
10975	2889	323
10979	4710	300
10983	1390	232
10989	2448	509
11003	2016	349
11003	2016	245
11004	2153	214
11004	2153	256
11007	1716	279
11008	3102	283
11009	2649	459
11010	2177	445
11014	1839	504
11023	3761	469
11027	3844	185
11029	2479	353
11044	3966	431
11045	1926	233
11051	3527	467
11052	1326	200
11054	3878	382
11058	2697	277
11063	2459	355
11067	2629	279
11075	4057	356
11084	4273	351
11085	3569	434
11088	2189	450
11090	2908	259
11094	2371	185
11097	3206	402
11106	1601	222
11110	4109	289
11112	2853	412
11113	903	211
11116	4264	468
11117	2942	434
11119	1576	320
11120	2336	163
11123	1360	200
11124	1651	250
11132	1767	237
11139	2313	185
11142	3674	415
11144	1980	236
11145	1575	244
11146	1323	235
11147	2821	255
11149	4034	447
11154	2864	497
11155	5081	487
11155	5081	510
11157	4599	404
11157	4599	287
11158	1836	401
11162	4430	318
11163	1222	227
11181	3369	273
11185	2102	254
11189	3061	432
11192	2193	346
11194	1582	222
11195	3515	469
11202	1398	243
11206	3162	412
11213	2334	230
11216	3600	222
11217	4750	439
11219	4369	258
11219	4369	249
11219	4369	444
11233	2100	233
11234	928	268
11235	1425	238
11242	1912	378
11244	3594	389
11248	4034	476
11251	2758	291
11251	2758	254
11256	2588	284
11260	1412	327
11261	3850	432
11268	1845	308
11269	2412	287
11269	2412	298
11275	2219	521
11280	4373	447
11282	2112	222
11286	2718	441
11287	2636	239
11289	3949	509
11290	1269	284
11295	3146	502
11298	2992	211
11299	2535	284
11300	2493	271
11307	3790	262
11312	2467	375
11316	2505	281
11317	2017	238
11320	3540	531
11324	4419	275
11325	2378	261
11328	2020	270
11334	4106	456
11336	2579	383
11340	1884	257
11341	2447	185
11345	2098	238
11348	1899	319
11348	1899	216
11354	1851	200
11354	1851	310
11355	2646	422
11358	2224	341
11361	2255	250
11367	4132	476
11367	4132	492
11369	4453	437
11370	2084	421
11372	2671	350
11372	2671	364
11377	2371	256
11380	2663	263
11380	2663	294
11382	2644	227
11382	2644	280
11386	4344	484
11387	1611	293
11388	2505	436
11389	2700	296
11390	2243	326
11392	3075	255
11392	3075	274
11397	2299	284
11398	2492	239
11398	2492	157
11399	1305	211
11403	3228	308
11414	3896	355
11415	3661	227
11415	3661	282
11417	2086	185
11422	2382	288
11422	2382	203
11428	3290	450
11428	3290	174
11429	3595	211
11433	1619	281
11436	2465	185
11436	2465	244
11443	2036	321
11444	2940	185
11454	1804	222
11460	2325	280
11461	3025	395
11464	4882	342
11465	4496	284
11467	2820	279
11468	2250	200
11470	3210	277
11470	3210	230
11471	2040	328
11485	3903	254
11486	2731	282
11488	2973	255
11488	2973	227
11490	2699	320
11500	2013	227
11502	4035	366
11505	2366	254
11509	3406	410
11509	3406	397
11510	2232	244
11511	4191	315
11516	2731	320
11520	2036	433
11521	889	185
11524	2284	449
11525	2663	418
11527	2902	276
11529	3526	245
11529	3526	269
11530	2829	216
11531	1765	346
11536	3363	368
11539	2049	263
11540	3868	238
11544	2456	298
11546	2464	454
11550	4478	362
11551	2682	285
11553	4531	395
11554	2670	330
11557	2225	239
11558	2421	288
11560	2790	271
11563	2639	242
11564	3713	389
11568	3641	402
11570	2521	389
11575	2008	273
11579	3429	432
11580	2761	234
11582	3539	384
11589	2729	328
11589	2729	299
11592	4501	379
11593	2606	290
11593	2606	273
11594	4929	397
11596	1335	352
11602	2060	252
11603	2828	284
11604	1329	379
11607	1829	227
11610	3266	403
11611	2520	410
11618	2308	238
11619	4659	396
11620	1552	294
11624	2507	185
11624	2507	185
11626	2543	328
11633	1688	309
11644	1673	309
11648	3769	354
11648	3769	469
11654	3360	200
11661	3594	286
11666	2106	389
11667	1979	294
11671	2500	312
11675	3132	254
11678	4082	307
11679	2076	273
11681	2111	408
11686	1031	189
11686	1031	202
11688	3386	323
11689	2458	260
11689	2458	307
11694	2138	185
11694	2138	185
11695	2308	322
11696	3763	360
11697	1919	200
11700	1294	185
11704	4146	429
11706	3525	308
11708	2484	347
11710	2287	405
11711	1933	268
11713	5148	419
11714	3139	238
11716	3659	435
11717	2239	261
11718	923	247
11721	2679	227
11723	2012	373
11730	1846	270
11731	2293	185
11732	1664	185
11733	3546	416
11737	2910	207
11737	2910	167
11737	2910	252
11743	979	250
11744	2148	278
11757	1704	310
11760	1323	278
11761	2288	392
11763	2868	434
11771	2208	273
11778	1519	216
11779	2466	222
11779	2466	206
11781	1363	286
11782	3276	211
11782	3276	248
11783	2853	319
11787	3069	478
11789	1762	297
11791	1462	227
11793	3617	266
11797	939	200
11798	2682	419
11799	2007	380
11806	3539	283
11806	3539	221
11811	2174	307
11812	1001	211
11815	4010	333
11818	1946	273
11819	2804	278
11819	2804	278
11820	3103	237
11822	2374	279
11822	2374	253
11824	2777	234
11824	2777	299
11826	4080	415
11838	1489	291
11840	2469	278
11844	1204	319
11845	2415	185
11845	2415	206
11846	2287	399
11849	1498	256
11852	1939	328
11853	1944	286
11862	2305	280
11862	2305	263
11865	4159	185
11866	2845	309
11869	1854	269
11870	1463	234
11871	2946	286
11872	1468	285
11875	3263	324
11876	1861	335
11879	2179	375
11880	3176	392
11884	1068	286
11887	4069	482
11889	2467	272
11892	3004	415
11893	1119	185
11894	3908	390
11894	3908	398
11898	2781	425
11898	2781	415
11901	1777	291
11904	1959	335
11905	2926	298
11905	2926	292
11907	1066	249
11911	4642	342
11912	1611	279
11920	2338	219
11920	2338	304
11922	2498	211
11922	2498	270
11925	3666	334
11925	3666	477
11927	4889	353
11930	2042	280
11931	2993	188
11931	2993	209
11932	2288	405
11937	2240	289
11937	2240	278
11948	2225	342
11949	1479	255
11950	2121	300
11953	1341	286
11958	3853	256
11962	2595	272
11963	2719	418
11965	1556	286
11966	1317	278
11970	1243	215
11972	1746	344
11975	2815	291
11975	2815	272
11977	1316	251
11978	2496	267
11979	2777	442
11982	2759	481
11982	2759	227
11983	2810	400
11989	1127	294
11998	2715	424
12000	2159	230
12000	2159	317
12001	1432	222
12003	2437	238
12005	4334	482
12010	2721	464
12021	2911	275
12024	2199	358
12031	3858	270
12033	2084	294
12036	2932	185
12036	2932	281
12039	2972	406
12040	2525	302
12040	2525	281
12041	1277	255
12043	1712	269
12044	2797	227
12044	2797	269
12046	2717	216
12047	1370	308
12048	1756	262
12051	3484	430
12061	2961	335
12070	2925	307
12072	2631	437
12073	4152	221
12073	4152	449
12074	1653	262
12076	2165	281
12081	3245	185
12082	1687	515
12086	2161	267
12088	3018	243
12088	3018	285
12089	2418	400
12092	2430	185
12093	3725	200
12101	3395	417
12104	2644	302
12106	2145	415
12110	1802	273
12113	1563	278
12116	4358	279
12124	1156	265
12126	2608	455
12126	2608	200
12128	2727	357
12130	3315	200
12136	1886	243
12142	2244	262
12143	3213	438
12145	2691	342
12148	2560	298
12152	1839	285
12153	2846	315
12154	2324	200
12154	2324	253
12155	1936	290
12159	3111	306
12160	3035	509
12161	3406	303
12164	3013	285
12164	3013	258
12166	3709	388
12166	3709	383
12171	2038	206
12177	2037	228
12177	2037	321
12180	2646	277
12183	2576	349
12188	2756	454
12190	2074	523
12191	3142	278
12195	2431	302
12195	2431	186
12201	3688	278
12205	4229	439
12211	2510	268
12212	2773	306
12212	2773	184
12214	2523	273
12221	1592	419
12222	1445	304
12223	1689	493
12224	1949	303
12225	2528	332
12233	2477	245
12234	4279	393
12234	4279	493
12240	2261	309
12241	5828	277
12241	5828	222
12247	3750	257
12247	3750	315
12248	2820	238
12252	2746	352
12261	4920	395
12265	2058	317
12268	2340	255
12269	3614	403
12270	1947	265
12271	2363	292
12273	4335	185
12279	2428	360
12280	1837	272
12283	4867	391
12291	2756	334
12291	2756	255
12297	1606	260
12298	7090	481
12306	2587	155
12306	2587	275
12309	2535	284
12310	2640	299
12311	4009	255
12312	4845	496
12312	4845	457
12318	1160	211
12321	4170	488
12326	3958	380
12327	2317	523
12328	2428	372
12338	2809	235
12338	2809	189
12346	4105	244
12346	4105	278
12356	2051	227
12358	1643	337
12359	2635	283
12363	2868	317
12366	2134	280
12379	2947	256
12383	2719	412
12385	4166	525
12387	2960	377
12388	2094	185
12392	2429	188
12392	2429	174
12393	2666	529
12395	3269	200
12396	4514	489
12396	4514	333
12403	2723	449
12411	3029	502
12412	5496	240
12412	5496	191
12412	5496	306
12416	2360	248
12416	2360	262
12417	3876	244
12418	2180	200
12420	3171	272
12424	2414	322
12438	2508	468
12444	2670	246
12444	2670	230
12447	2679	200
12451	2523	256
12453	2528	402
12454	2597	296
12455	2883	459
12460	2642	230
12460	2642	262
12464	3174	316
12465	4615	475
12466	2402	185
12467	3144	263
12468	2507	193
12468	2507	196
12471	2659	211
12471	2659	222
12474	2660	249
12475	5306	428
12476	2263	292
12476	2263	280
12481	2351	211
12490	1951	377
12491	3150	440
12495	3461	423
12496	3536	278
12505	2670	290
12506	2018	298
12509	2194	297
12511	2484	336
12513	4125	441
12517	1440	284
12521	3438	298
12521	3438	297
12526	1624	200
12530	2233	449
12535	4319	232
12536	6476	379
12538	3284	465
12542	2825	211
12546	4524	321
12546	4524	222
12547	5618	450
12548	3799	335
12556	2431	290
12558	2149	266
12561	1245	312
12566	2283	265
12567	3479	276
12567	3479	222
12569	4105	517
12569	4105	266
12572	3013	294
12573	1858	285
12578	5955	302
12581	3855	320
12588	1851	348
12591	3201	478
12593	1333	286
12595	5143	381
12596	2235	312
12601	4076	429
12603	2298	297
12603	2298	324
12604	2220	491
12605	1919	513
12606	2099	316
12607	2319	233
12608	2028	364
12611	4597	306
12611	4597	191
12616	3059	514
12618	7157	253
12618	7157	359
12619	2839	480
12627	2155	305
12627	2155	277
12632	2862	276
12635	868	329
12638	2999	267
12641	1621	466
12647	2920	263
12651	2801	505
12653	2625	325
12656	3431	460
12657	6530	366
12658	3288	453
12668	3608	565
12670	3515	380
12673	2566	468
12679	1190	364
12680	2744	300
12681	2091	262
12684	2814	410
12687	2687	534
12691	6336	696
12691	6336	659
12694	4216	594
12695	4223	282
12695	4223	277
12702	3367	660
12703	3077	464
12705	4288	443
12705	4288	371
12706	1787	277
12708	2515	499
12710	1904	292
12711	2607	310
12714	3182	444
12719	2169	475
12720	3723	472
12733	1547	215
12743	2484	215
12750	2527	307
12752	3155	527
12753	4026	520
12754	4155	493
12756	3254	172
12756	3254	299
12764	3915	353
12764	3915	451
12767	6250	364
12779	2369	485
12780	1795	281
12787	3759	424
12793	2453	238
12794	4033	468
12799	2022	241
12800	1676	327
12804	1906	407
12807	3883	490
12809	3912	441
12810	4219	245
12812	1973	206
12816	2329	387
12817	2794	303
12823	1302	445
12824	4005	581
12826	3487	533
12827	2991	206
12834	4247	482
12838	2744	377
12840	3012	278
12846	3390	471
12848	4109	278
12855	3356	532
12859	3173	275
12860	4390	444
12863	5751	490
12866	3470	230
12869	3240	283
12869	3240	359
12870	4059	266
12873	3025	227
12877	2471	318
12879	4742	445
12880	3286	255
12882	6251	414
12883	3534	318
12885	2255	557
12886	2942	293
12886	2942	371
12887	4719	390
12891	2478	211
12892	3368	315
12893	5768	685
12894	4311	540
12906	2916	597
12909	1828	287
12912	3378	392
12912	3378	298
12913	2381	299
12914	2714	571
12915	2773	205
12915	2773	150
12927	1048	259
12928	3928	521
12929	2507	511
12930	5116	590
12931	1367	329
12934	5750	500
12937	3234	509
12939	2869	328
12942	2631	508
12946	2693	254
12948	2650	483
12950	2179	386
12951	6283	384
12951	6283	276
12951	6283	369
12960	4188	528
12966	3889	450
12969	2733	361
12975	1591	345
12981	3328	475
12986	2443	200
12989	3835	498
12991	1193	291
12997	2498	477
13003	1651	321
13004	2100	200
13007	2796	243
13008	4832	494
13009	1848	411
13010	1627	200
13014	1920	517
13016	2353	682
13019	4784	487
13020	1398	303
13026	1289	239
13027	2941	447
13028	3462	326
13029	3202	469
13031	4157	520
13033	2793	216
13038	1374	480
13041	3882	481
13043	3139	458
13050	1926	337
13050	1926	250
13055	2137	413
13056	2769	417
13058	5660	541
13058	5660	526
13059	3162	185
13060	3993	601
13061	6788	534
13064	1510	341
13069	6669	689
13070	2291	405
13071	4016	506
13073	3742	542
13074	1540	306
13089	2614	391
13090	3842	455
13096	2321	505
13097	2011	397
13100	4473	261
13104	3423	555
13106	4740	400
13109	4029	476
13110	4132	582
13111	3475	411
13112	974	215
13115	1995	509
13126	2561	369
13129	1845	232
13136	2809	430
13137	1784	277
13141	6239	330
13143	2443	475
13145	2550	546
13147	4523	584
13147	4523	236
13153	5353	270
13154	3362	439
13155	3155	215
13167	1196	314
13168	6322	675
13174	3400	408
13176	4631	429
13177	4898	356
13178	2772	501
13185	2726	647
13186	4847	243
13187	3090	428
13189	3278	496
13189	3278	227
13196	2619	602
13204	1968	253
13204	1968	263
13205	5746	359
13206	3428	471
13209	3966	384
13209	3966	263
13212	3170	219
13212	3170	165
13219	3164	599
13223	2526	474
13225	5062	408
13229	2980	464
13231	3767	255
13237	3584	373
13238	2998	494
13238	2998	442
13239	1523	316
13242	2641	351
13243	1848	517
13246	3046	280
13249	2086	443
13255	2772	416
13258	1610	407
13261	2241	250
13261	2241	234
13262	1662	431
13264	2614	266
13265	4412	215
13266	1963	633
13270	2545	561
13272	2091	211
13281	3764	389
13282	3193	260
13284	3995	302
13287	3243	429
13293	4701	528
13293	4701	273
13300	1505	289
13303	3023	398
13304	2098	386
13305	2494	477
13310	1996	341
13310	1996	326
13311	1332	263
13315	3889	266
13319	3372	534
13322	1618	266
13325	2084	293
13329	2977	255
13331	3278	273
13331	3278	304
13334	4232	185
13341	1489	251
13346	3035	489
13347	1382	227
13352	1669	185
13353	1946	211
13354	2865	256
13355	1880	521
13356	1857	347
13357	3977	282
13358	1769	274
13360	2189	491
13366	2606	234
13366	2606	331
13368	3638	185
13370	1663	282
13372	4221	643
13375	5414	238
13376	2640	348
13376	2640	289
13379	3185	249
13380	2216	200
13390	3821	478
13390	3821	472
13391	1702	261
13392	1398	272
13393	3748	350
13394	1582	275
13396	4772	481
13398	2108	263
13400	1882	251
13402	1202	299
13404	1340	215
13405	2408	325
13410	1997	280
13412	758	221
13415	396	227
13417	1684	334
13423	2429	200
13425	1122	297
13427	2301	399
13428	2526	369
13430	1641	297
13433	2403	288
13437	1889	166
13437	1889	247
13439	4402	425
13442	2723	283
13442	2723	260
13444	2132	322
13446	2951	546
13449	4907	359
13452	3115	273
13455	963	222
13462	2255	215
13475	4834	498
13475	4834	439
13478	2190	471
13479	3253	370
13480	6417	426
13481	2831	422
13492	1482	278
13493	2326	491
13494	3537	466
13494	3537	451
13496	1290	239
13500	2838	551
13501	1282	323
13506	2544	562
13510	3278	412
13511	1339	178
13511	1339	302
13513	2053	481
13516	3460	374
13518	4784	363
13520	2844	326
13524	2890	653
13528	3885	465
13531	4183	280
13533	1913	541
13534	2072	320
13537	2463	296
13537	2463	243
13538	2351	399
13539	1169	292
13544	3385	419
13551	3274	478
13552	4430	515
13553	1283	243
13556	4502	527
13559	3434	476
13562	3536	429
13564	2473	283
13567	5984	390
13569	928	276
13571	1001	272
13572	3589	442
13573	2910	524
13575	3127	373
13577	1853	274
13580	2878	447
13588	6160	443
13594	1988	421
13596	2539	407
13598	4478	497
13599	2607	479
13609	2046	333
13613	2310	411
13616	2461	324
13619	2058	344
13621	3006	414
13622	3562	498
13623	4079	416
13624	2611	425
13625	3319	255
13626	3473	478
13629	1568	261
13636	2860	304
13642	2097	320
13644	1393	342
13645	2974	306
13646	3467	583
13648	3147	416
13651	3035	368
13652	3270	436
13655	2546	206
13656	2374	475
13659	2153	398
13661	2803	415
13663	3120	335
13664	2022	274
13679	3159	510
13680	1961	255
13680	1961	228
13683	1562	254
13685	2052	300
13695	1848	267
13697	2429	293
13698	2278	263
13699	2734	168
13699	2734	142
13701	2186	286
13704	2244	322
13706	2489	307
13707	1691	260
13714	2633	407
13715	623	185
13720	4065	311
13722	2441	518
13723	889	233
13724	2063	298
13727	2076	185
13728	2379	265
13730	3603	222
13731	1651	289
13734	2319	317
13738	2234	255
13739	3548	414
13741	1509	273
13744	3656	384
13747	2099	332
13751	1963	464
13752	3889	411
13758	2863	152
13758	2863	265
13764	2998	353
13766	1710	238
13768	3379	275
13769	3443	373
13769	3443	236
13771	1650	233
13772	3123	393
13773	2331	431
13775	4011	384
13775	4011	281
13776	2515	363
13780	1639	278
13781	2003	259
13787	2305	417
13790	3868	461
13791	2820	238
13792	1138	206
13799	1661	344
13820	1400	235
13827	3520	443
13835	2697	474
13837	2075	263
13839	1714	278
13844	2119	382
13849	3464	378
13859	3111	273
13859	3111	359
13867	1505	227
13868	1989	316
13870	1896	304
13872	1444	238
13873	1536	298
13876	2951	250
13883	1791	284
13891	4034	417
13892	3138	351
13896	3157	420
13906	1054	185
13907	4127	451
13912	2168	289
13921	1753	373
13926	1656	232
13929	3015	440
13933	2375	250
13935	1290	325
13936	966	270
13938	3355	438
13940	2729	263
13941	3312	222
13943	2799	185
13944	3202	445
13954	2082	455
13959	3812	445
13963	2908	437
13970	1713	382
13977	2145	267
13978	3526	200
13978	3526	293
13984	3646	342
13985	1554	301
13991	2569	277
13997	2181	286
13999	3064	271
14006	1747	260
14006	1747	251
14010	2133	262
14019	2003	267
14021	2604	509
14024	3175	270
14024	3175	271
14031	2640	213
14031	2640	148
14033	1053	271
14039	1954	211
14045	2262	272
14048	2662	371
14049	3011	323
14051	3137	179
14051	3137	226
14053	1618	185
14056	1317	327
14062	2257	266
14063	1104	303
14071	2160	222
14079	1939	241
14080	2712	347
14084	2483	285
14100	2453	407
14102	3054	227
14105	2547	301
14107	2898	320
14107	2898	245
14109	1324	200
14110	2394	481
14114	3775	215
14114	3775	257
14115	1319	232
14120	1528	244
14123	2523	238
14123	2523	261
14124	2748	371
14127	3914	463
14127	3914	423
14134	1690	266
14136	2986	421
14139	1316	236
14140	2397	360
14147	2331	358
14149	1787	350
14159	1724	346
14162	1358	316
14165	1908	291
14170	2375	450
14176	1288	211
14177	3115	653
14178	2581	387
14180	3934	169
14180	3934	178
14182	1223	256
14186	2484	313
14193	2764	313
14193	2764	279
14197	1785	475
14198	1292	274
14200	1278	354
14202	2506	238
14203	2232	291
14205	1802	375
14212	1785	343
14214	2097	261
14215	1488	200
14216	1640	266
14217	1570	276
14223	2703	388
14225	1858	374
14228	1849	370
14232	3248	291
14233	1093	200
14242	2467	280
14244	2954	318
14247	3416	323
14247	3416	339
14248	2055	287
14249	2788	453
14253	1935	215
14254	2343	452
14256	2303	247
14256	2303	213
14261	1825	245
14267	2030	358
14269	1601	185
14271	1281	200
14274	3963	317
14274	3963	428
14283	2310	259
14288	3540	332
14288	3540	358
14289	2469	331
14293	3384	312
14294	1341	185
14297	1426	399
14311	2601	516
14314	2321	260
14321	1945	390
14322	1392	216
14325	2546	425
14328	2734	478
14330	2629	409
14332	1848	265
14343	1940	272
14349	1835	211
14351	2166	444
14354	3387	325
14370	2046	243
14372	1943	251
14373	2204	376
14374	1555	222
14375	1938	408
14379	2250	316
14380	1900	185
14383	1614	227
14385	2569	409
14390	2397	298
14392	1570	244
14394	2275	409
14396	1962	245
14403	3153	348
14406	2403	493
14409	3242	392
14412	3073	417
14416	2768	452
14419	2684	211
14421	3070	437
14422	1677	409
14424	2254	227
14426	3515	354
14428	3624	215
14442	2338	435
14448	2320	274
14451	2076	399
14457	3797	437
14463	1708	449
14467	2832	485
14477	3550	412
14479	1897	185
14485	1348	200
14487	1715	277
14489	3419	349
14492	2054	485
14497	1394	292
14498	2665	533
14499	2505	470
14504	2718	282
14508	2600	442
14510	2837	519
14511	3438	495
14513	2675	512
14515	2906	362
14516	1040	220
14530	2213	276
14533	2337	469
14538	2544	528
14542	2980	298
14542	2980	355
14544	2564	366
14546	4075	482
14548	2519	385
14549	1327	206
14551	2651	342
14552	2313	488
14558	2127	299
14561	2915	435
14564	1684	185
14568	2333	396
14573	3557	439
14575	2111	410
14577	3525	299
14581	2674	316
14582	3350	185
14584	3166	422
14585	3415	185
14586	3083	287
14587	2288	511
14591	2809	215
14592	3833	481
14594	3225	381
14603	2133	483
14609	2729	457
14612	2151	328
14613	2870	434
14615	3630	435
14617	3763	345
14622	3619	311
14622	3619	394
14623	2800	257
14626	3362	277
14627	3504	479
14629	2239	144
14629	2239	148
14632	2571	369
14633	2707	340
14637	3083	440
14643	2809	337
14643	2809	330
14644	1756	293
14644	1756	200
14650	2038	232
14652	1066	226
14653	1644	250
14655	3494	500
14657	2272	295
14658	1316	280
14666	1278	303
14667	2357	406
14669	3150	390
14670	2624	135
14670	2624	283
14671	1214	263
14675	2519	410
14676	3065	227
14677	1917	285
14679	945	222
14681	2634	506
14681	2634	360
14685	2423	447
14690	2219	523
14705	3551	465
14705	3551	468
14707	2149	227
14715	1682	290
14719	1560	200
14720	3704	679
14723	3194	320
14727	2996	582
14729	3264	243
14730	2448	299
14731	3225	471
14733	2414	560
14736	3056	389
14738	1755	375
14739	2405	427
14740	2660	255
14744	623	200
14746	1376	286
14752	2119	404
14754	1838	302
14756	2758	185
14761	2973	235
14761	2973	216
14762	2539	373
14763	3636	470
14764	1442	232
14767	1819	302
14768	1788	288
14771	1671	442
14772	2553	486
14781	3017	351
14781	3017	397
14784	2051	476
14785	1539	309
14788	3830	353
14788	3830	392
14789	2080	254
14789	2080	261
14790	2418	498
14792	2926	370
14794	1797	243
14797	2171	451
14800	1986	383
14801	1912	267
14805	3180	415
14810	2768	497
14812	2821	346
14812	2821	238
14821	2109	278
14822	2665	481
14823	2128	227
14825	2289	427
14827	2035	281
14830	1968	185
14831	3405	291
14831	3405	290
14838	3097	314
14839	2813	280
14842	2727	363
14848	3181	368
14850	2530	214
14850	2530	185
14854	2910	338
14854	2910	311
14857	3301	182
14857	3301	428
14861	2072	439
14869	2157	221
14873	3395	453
14897	1495	238
14898	1679	185
14899	2163	234
14901	1867	427
14904	1166	237
14905	1410	211
14906	1739	319
14907	3091	392
14912	1400	256
14914	727	268
14920	1979	429
14924	2363	298
14929	1172	189
14936	2403	333
14937	1959	310
14942	1533	302
14946	3329	452
14948	2776	409
14949	1362	290
14950	1442	281
14951	1803	227
14955	2554	424
14959	1882	222
14960	1974	295
14961	3227	440
14976	2311	329
14978	3051	389
14981	1873	290
14987	2048	262
14987	2048	242
14999	2203	435
15004	2516	293
15009	955	185
15010	1074	185
15018	2149	283
15021	2353	254
15023	3260	415
15023	3260	346
15030	2964	291
15031	2072	300
15034	3403	500
15036	3823	450
15041	1313	275
15042	1508	281
15045	1845	251
15046	1814	239
15051	1845	237
15051	1845	143
15059	3097	330
15060	1303	208
15062	1150	256
15063	2540	260
15067	1287	274
15070	1899	462
15072	1704	311
15077	1910	241
15083	2333	262
15088	2111	431
15092	3967	350
15096	2428	269
15102	1422	206
15104	1976	348
15118	1805	433
15123	2779	397
15128	2209	141
15128	2209	111
15130	2662	275
15133	3276	473
15133	3276	256
15134	2046	279
15138	1933	475
15141	1535	227
15143	754	256
15144	4035	418
15152	1947	436
15153	2183	361
15154	2096	473
15155	3240	313
15161	1256	215
15163	1609	230
15167	2703	306
15169	884	258
15174	1949	274
15175	1845	289
15180	1357	410
15181	3854	432
15188	1917	330
15189	3414	402
15196	2290	457
15200	3069	417
15203	2077	442
15205	1336	374
15206	3975	662
15212	2769	462
15213	2404	477
15214	2472	255
15215	2177	185
15215	2177	335
15218	3019	200
15224	1876	292
15229	3894	332
15230	1499	403
15231	4103	499
15235	3432	397
15241	1893	545
15246	2643	486
15247	2247	211
15248	2031	305
15250	2811	485
15258	4053	442
15268	659	185
15275	3861	448
15282	3141	530
15284	2147	300
15286	2620	229
15286	2620	231
15290	767	194
15294	2138	344
15301	2783	382
15303	2989	200
15307	2140	337
15312	2540	363
15314	3163	473
15318	1869	444
15319	1764	324
15320	4105	512
15327	2984	510
15338	2484	437
15343	3351	473
15344	3067	471
15348	1876	222
15353	2253	397
15356	2998	434
15359	2717	486
15360	2506	506
15364	2517	500
15371	3097	517
15373	3058	514
15379	3319	496
15381	1878	255
15389	3342	414
15390	2395	540
15391	3199	317
15393	2000	544
15396	2500	375
15407	3177	485
15409	2439	368
15412	2607	250
15413	1520	333
15414	2538	427
15418	3932	553
15425	2310	374
15430	3078	507
15434	1174	185
15436	1955	522
15437	2371	254
15446	1992	325
15458	2146	305
15463	3235	485
15469	3151	238
15470	3637	111
15470	3637	111
15475	1863	238
15475	1863	176
15476	2392	417
15483	3467	390
15486	2015	445
15491	2763	576
15493	2783	418
15494	2857	477
15498	1433	373
15512	2121	364
15515	1923	404
15518	2366	344
15533	3995	249
15535	1634	395
15537	2004	256
15538	2452	521
15542	3352	381
15543	3358	279
15544	1586	458
15546	1880	406
15549	2678	243
15551	3838	450
15554	3237	422
15555	3386	518
15558	2582	454
15562	2462	400
15564	2946	444
15566	2998	512
15570	2735	243
15571	3066	273
15581	3020	190
15593	2475	420
15595	2840	452
15595	2840	331
15600	3487	431
15608	3681	423
15615	2528	260
15621	3201	308
15623	2285	374
15624	3175	190
15624	3175	141
15627	3897	222
15631	3518	386
15633	3933	536
15634	2424	584
15638	4102	250
15639	3792	454
15652	3090	431
15657	3411	387
15658	2766	233
15660	3080	345
15662	3360	319
15668	2359	425
15673	3508	200
15676	1943	465
15684	1895	413
15687	3097	396
15689	3361	443
15693	4143	489
15694	1296	200
15699	2597	299
15703	1771	372
15708	2564	556
15709	2907	200
15714	2571	339
15719	3876	518
15723	1481	286
15728	2887	428
15733	2020	244
15736	2528	211
15737	3191	278
15741	2760	230
15741	2760	232
15743	4197	407
15745	2202	492
15749	2124	259
15753	3062	477
15755	3400	261
15755	3400	289
15759	3032	351
15760	3795	290
15761	2956	365
15770	2775	304
15775	1238	357
15779	1810	313
15786	2519	470
15788	2154	489
15789	2016	327
15791	3424	425
15795	4354	579
15797	2896	256
15801	1855	292
15803	2608	305
15804	3430	486
15805	2469	390
15806	2336	289
15809	2015	465
15810	2998	227
15812	2017	357
15813	1419	441
15821	3373	437
15821	3373	429
15822	2919	372
15824	2327	262
15824	2327	249
15825	2361	316
15828	3502	411
15829	4024	281
15829	4024	292
15831	2807	259
15833	2350	234
15836	1488	250
15837	3590	271
15837	3590	211
15838	3278	321
15838	3278	199
15841	2015	339
15842	1644	292
15844	2604	337
15850	3106	227
15851	2730	189
15851	2730	202
15853	2125	297
15855	3268	273
15855	3268	227
15856	3412	321
15857	2119	281
15858	2921	325
15858	2921	185
15860	2072	301
15861	2130	267
15863	1653	263
15868	3077	185
15870	1683	255
15872	1635	337
15873	3536	308
15876	910	185
15879	1672	303
15881	1671	267
15886	2767	330
15890	1740	256
15891	2068	329
15892	2805	293
15892	2805	274
15898	1757	185
15900	1497	343
15915	3529	342
15916	2226	293
15916	2226	323
15917	2317	206
15919	1866	261
15920	2649	177
15920	2649	198
15925	1126	192
15930	1682	275
15939	2425	250
15941	1204	243
15943	1611	296
15944	2192	337
15944	2192	219
15947	1716	295
15948	2768	227
15949	1269	243
15952	2960	200
15953	1111	206
15955	2754	285
15969	1994	311
15971	2283	270
15971	2283	323
15974	1033	285
15975	1629	185
15981	1583	243
15990	2796	257
15990	2796	200
15995	1716	185
16001	1243	310
16002	1722	277
16004	877	200
16007	545	255
16009	3595	304
16016	1556	243
16017	2225	144
16017	2225	294
16018	1252	267
16019	2014	306
16024	2384	307
16025	1883	335
16029	2368	267
16029	2368	299
16030	1648	235
16030	1648	300
16033	1968	316
16045	1153	329
16046	3741	357
16046	3741	270
16047	2592	249
16053	2251	371
16053	2251	343
16061	1230	277
16065	2354	316
16066	2613	274
16072	1195	260
16074	2913	322
16074	2913	248
16077	2333	263
16078	1956	305
16080	2185	406
16081	1789	233
16089	1109	286
16090	1683	281
16091	1505	279
16094	2791	352
16097	1295	321
16098	1748	329
16100	1230	280
16102	2539	357
16105	1609	232
16109	2383	306
16109	2383	326
16115	1141	264
16117	1131	266
16118	2136	338
16122	1959	251
16123	1658	211
16124	1764	321
16127	2337	318
16127	2337	258
16139	2971	275
16145	1693	253
16150	2400	314
16150	2400	140
16153	2669	221
16155	1614	316
16162	2652	261
16162	2652	336
16163	1803	321
16165	1654	268
16170	1440	329
16172	2947	322
16172	2947	316
16173	1787	286
16174	2265	266
16178	2435	313
16178	2435	320
16182	1964	262
16182	1964	246
16184	2409	332
16184	2409	279
16187	3635	279
16187	3635	312
16191	3164	403
16202	2097	315
16204	2253	405
16208	2844	253
16209	2149	508
16210	2724	536
16211	4031	403
16212	2432	455
16214	1227	211
16217	2499	284
16217	2499	278
16222	1562	348
16226	1723	200
16227	2711	284
16228	2368	249
16231	2774	340
16232	2772	382
16237	3248	528
16238	2795	273
16239	2034	337
16240	948	299
16241	1258	305
16245	2385	259
16245	2385	181
16246	3298	285
16246	3298	310
16251	2827	253
16251	2827	266
16253	3463	433
16254	2419	266
16255	2233	310
16255	2233	211
16256	1679	211
16257	3671	298
16257	3671	217
16263	4397	411
16264	2907	185
16267	2828	290
16272	2250	272
16274	2970	277
16276	1968	471
16279	2703	266
16279	2703	319
16280	2100	249
16281	2593	253
16289	2392	266
16295	3123	344
16296	2076	197
16296	2076	212
16298	2312	280
16299	1639	305
16300	2008	293
16305	1909	255
16309	2638	287
16309	2638	248
16310	2535	456
16315	1473	200
16316	1939	297
16320	2194	185
16321	2808	247
16321	2808	293
16323	2588	492
16326	2552	254
16328	2647	298
16330	2952	291
16330	2952	287
16331	3658	444
16336	3375	466
16339	2022	200
16341	2431	351
16345	2851	243
16346	3908	351
16348	2972	275
16349	2715	427
16351	2439	341
16352	3534	201
16353	1890	271
16354	2075	227
16358	3236	206
16359	4186	384
16359	4186	362
16363	4368	460
16363	4368	427
16364	2996	300
16364	2996	296
16368	710	264
16370	3620	233
16373	2470	415
16376	1898	268
16379	803	185
16380	3318	249
16382	1324	200
16391	2869	475
16395	2612	491
16396	1734	267
16398	2596	250
16402	2262	293
16403	1689	246
16408	1860	173
16408	1860	261
16412	1681	255
16416	1498	441
16417	2775	266
16419	3583	350
16420	1664	216
16422	1383	227
16425	1813	313
16426	3257	379
16429	2348	310
16435	2479	283
16436	2840	291
16439	2172	216
16441	4219	456
16443	1711	463
16444	2819	298
16444	2819	266
16445	3560	351
16446	2100	332
16447	2546	185
16447	2546	237
16459	2235	211
16466	3796	495
16467	2582	295
16468	3204	418
16469	2236	304
16472	2871	447
16475	2282	185
16481	3423	382
16486	1949	488
16491	1829	319
16495	2841	243
16496	3023	280
16498	3244	287
16498	3244	309
16504	2210	421
16505	2555	238
16512	3235	499
16513	1325	298
16515	2802	496
16516	2303	402
16519	1831	414
16523	2840	268
16524	2387	230
16526	2118	312
16530	3000	462
16531	3084	285
16531	3084	309
16532	3142	255
16532	3142	287
16533	2042	272
16537	3773	185
16542	2124	468
16543	3301	415
16544	3648	553
16545	4276	227
16554	2214	262
16554	2214	289
16558	2772	222
16559	2472	542
16562	2000	419
16564	2486	461
16568	2173	408
16569	1894	289
16571	3052	415
16580	1972	422
16586	2978	539
16588	2286	310
16597	2569	331
16598	3652	430
16599	3331	458
16601	2270	470
16612	2534	200
16613	1846	200
16619	2288	448
16620	3928	390
16622	2143	260
16639	3319	211
16645	3669	261
16645	3669	292
16646	1613	256
16648	3531	349
16651	2799	416
16654	1442	294
16657	3544	232
16667	2427	325
16674	1680	292
16676	1255	430
16678	3189	236
16685	2833	481
16696	2584	185
16698	1493	266
16703	1993	436
16706	1107	227
16708	1996	415
16710	2337	302
16712	2419	497
16713	3400	284
16714	1984	446
16716	3233	468
16719	2402	432
16723	1679	306
16725	3733	490
16725	3733	507
16729	2758	317
16730	1793	306
16732	2540	200
16733	3397	478
16735	4124	249
16735	4124	436
16740	2968	445
16743	2809	412
16744	3471	460
16747	2454	298
16751	2672	437
16753	3183	441
16756	3581	410
16757	2888	404
16758	2284	298
16758	2284	189
16762	3638	411
16765	3375	249
16768	1821	345
16773	3622	413
16774	1441	284
16780	2858	222
16786	2994	363
16790	2840	317
16792	2294	279
16794	874	185
16799	1565	303
16800	1895	467
16803	1346	239
16804	2604	342
16805	2733	301
16817	1591	303
16820	2125	508
16826	3016	266
16829	2232	357
16842	1507	286
16843	1632	272
16849	4121	430
16852	2326	336
16852	2326	263
16862	3267	449
16864	1349	254
16870	1943	222
16870	1943	221
16875	1908	337
16877	2523	453
16880	2338	423
16885	3512	585
16886	1897	298
16887	1430	211
16889	2802	185
16891	2567	256
16893	3070	238
16899	3148	266
16901	3093	272
16905	3765	448
16906	4099	378
16907	2745	245
16908	2325	261
16910	1855	243
16914	2137	507
16915	907	222
16925	2987	491
16926	3373	204
16926	3373	169
16930	1651	431
16935	1836	345
16938	1857	406
16939	2989	309
16944	878	265
16945	2894	267
16949	1323	185
16951	1389	325
16954	3633	300
16955	3571	215
16956	2638	392
16957	2692	432
16958	3826	340
16967	4415	448
16968	1790	200
16973	3043	263
16975	2015	419
16979	2655	285
16979	2655	230
16984	2457	403
16991	1142	285
16996	2702	300
16998	2405	429
17000	2919	547
17002	3017	332
17003	3907	532
17008	3533	491
17012	1412	185
17020	3303	486
17022	3721	501
17025	3629	328
17025	3629	278
17027	2538	458
17028	2041	173
17030	2535	283
17031	2015	443
17038	3900	390
17042	2611	352
17043	2256	307
17046	1369	309
17049	2870	469
17053	2834	222
17056	2950	470
17059	2050	303
17063	3309	414
17064	3115	500
17066	4234	259
17067	1887	222
17070	1967	265
17078	2368	446
17082	2024	245
17083	2082	342
17084	3376	362
17090	2059	496
17091	2918	211
17094	3125	478
17102	2858	473
17105	1999	266
17118	3590	489
17119	1935	287
17119	1935	283
17123	2344	388
17128	2253	447
17129	1471	403
17133	3465	629
17136	2206	405
17141	2774	248
17141	2774	300
17142	2977	310
17144	2396	185
17150	2299	431
17151	2741	243
17161	1572	275
17164	3285	237
17174	3052	298
17176	1370	185
17178	2352	417
17179	2505	362
17180	2290	305
17182	2202	245
17194	2823	227
17201	1851	216
17204	3545	480
17213	3798	462
17216	1624	299
17225	3502	185
17232	2266	363
17235	3895	318
17241	2321	222
17247	2148	301
17250	3342	215
17251	2939	399
17254	4270	351
17257	3590	318
17259	1541	311
17260	3708	489
17261	4655	222
17270	2959	280
17274	2428	372
17275	3562	467
17278	2648	313
17292	1616	411
17293	3649	504
17297	6020	549
17299	2814	302
17305	3286	521
17307	2601	290
17307	2601	284
17308	5763	305
17313	2711	255
17315	2422	200
17323	5189	548
17325	2020	574
17328	1862	234
17337	4854	362
17338	1860	233
17343	5571	369
17343	5571	253
17345	2770	325
17353	2812	294
17355	3340	249
17355	3340	300
17357	2286	298
17362	3200	255
17366	1819	519
17372	2371	250
17377	2241	323
17383	3251	262
17393	3092	453
17397	2969	226
17398	3214	462
17398	3214	302
17399	4674	386
17401	2097	498
17402	2035	185
17403	3418	353
17408	2483	313
17409	3757	422
17412	4867	260
17412	4867	222
17417	3240	560
17420	2131	222
17424	2107	295
17426	3428	355
17427	2194	232
17431	3278	222
17431	3278	268
17432	2730	407
17434	3634	277
17435	4811	409
17438	5521	517
17438	5521	414
17439	2065	272
17443	3794	439
17443	3794	442
17445	2777	481
17450	2734	248
17450	2734	283
17457	1979	316
17462	1867	272
17463	3330	239
17468	3446	534
17469	2943	495
17471	2465	291
17473	805	272
17474	1389	330
17479	1867	295
17495	2145	418
17496	2738	298
17497	3008	405
17502	2046	185
17503	5439	443
17508	4911	206
17509	3249	267
17511	2983	475
17513	2174	288
17518	1772	301
17522	2758	220
17522	2758	213
17524	4109	185
17528	3660	478
17532	5026	394
17537	2139	251
17538	2660	185
17544	3669	261
17547	4733	418
17550	1533	261
17555	1866	278
17557	4182	227
17558	2080	237
17562	3722	365
17563	1500	317
17564	2612	292
17566	2056	300
17567	2786	255
17571	6126	609
17572	2651	281
17573	1321	206
17574	2409	227
17585	4492	388
17586	1181	304
17588	6089	254
17590	5365	214
17590	5365	211
17592	1972	322
17593	2666	361
17598	2954	292
17600	1567	238
17601	1322	206
17603	3250	305
17607	1907	313
17608	1566	298
17610	1575	361
17615	2479	200
17616	2540	243
17617	1219	233
17619	2402	453
17620	1393	227
17621	3344	272
17621	3344	291
17626	1878	285
17627	3880	292
17629	2468	441
17630	3702	322
17631	3196	418
17634	3456	450
17638	2949	339
17641	1288	290
17642	2453	227
17644	2312	232
17647	2807	233
17650	1751	259
17651	4548	261
17653	1688	253
17658	6621	276
17658	6621	548
17664	1688	232
17664	1688	271
17667	1188	239
17668	3830	436
17669	3115	243
17670	3541	454
17671	2029	424
17673	2628	242
17673	2628	200
17674	2465	436
17678	3475	451
17679	1665	250
17680	3531	364
17682	2038	291
17684	4540	423
17685	2791	312
17686	2353	278
17687	3561	506
17694	4268	261
17695	3947	305
17698	2048	529
17700	4914	501
17702	4417	479
17704	2626	232
17704	2626	249
17706	2591	284
17707	4913	262
17709	2037	488
17713	2433	260
17717	2661	278
17725	2278	206
17744	7376	332
17744	7376	263
17745	3352	339
17749	5085	465
17759	1261	316
17764	3553	494
17767	2405	451
17769	3214	446
17776	4002	511
17779	2944	569
17783	3089	523
17789	4036	260
17797	2600	480
17801	3269	431
17803	3581	444
17807	4127	430
17816	3931	345
17821	6865	575
17823	2459	437
17830	3134	287
17835	4278	242
17835	4278	209
17848	2404	539
17849	2395	268
17850	3469	535
17855	2359	325
17858	5846	308
17861	4502	376
17862	2299	408
17871	4486	494
17871	4486	451
17877	2276	387
17878	2795	304
17879	1957	461
17881	3040	307
17885	2802	288
17885	2802	222
17892	3312	403
17894	2675	430
17897	3342	515
17899	3111	549
17908	6164	293
17917	3087	289
17917	3087	202
17920	2720	417
17921	2169	484
17932	2797	542
17933	1797	211
17935	2654	267
17936	3072	294
17953	3264	505
17954	3340	423
17967	3880	433
17970	2092	298
17971	3226	234
17972	6177	457
17976	3292	444
17978	2384	536
17984	2550	465
17986	1664	185
17993	1805	301
17994	2682	238
17994	2682	279
17995	3419	230
17996	2167	293
17998	3957	365
17999	2842	527
18001	3585	421
18006	3631	501
18008	7271	472
18028	3996	485
18031	1194	256
18034	3391	463
18053	2370	378
18055	6153	311
18059	2720	303
18062	4852	501
18064	3520	193
18064	3520	193
18068	4133	444
18072	4831	357
18077	1441	238
18083	2465	320
18084	1823	295
18087	3280	261
18098	3050	422
18101	2138	429
18106	2935	365
18109	1000	243
18117	2689	402
18120	3446	460
18127	1990	250
18131	2859	473
18138	3635	503
18140	3789	500
18148	4179	266
18149	2517	476
18152	1911	285
18152	1911	242
18154	2522	227
18155	2148	275
18157	3031	502
18158	3876	435
18160	1561	279
18163	1974	262
18166	2042	391
18172	3907	322
18174	2081	185
18185	5621	518
18186	2467	442
18187	6970	559
18190	1718	501
18193	2264	501
18196	1617	300
18200	2208	301
18201	1688	497
18206	2668	483
18215	2074	261
18219	3838	232
18222	2219	465
18225	4691	459
18226	3864	474
18226	3864	446
18229	5229	466
18236	2244	267
18237	4173	457
18243	3012	272
18248	2575	405
18252	1295	279
18253	1985	300
18254	3389	422
18263	4073	309
18265	3471	206
18267	978	227
18270	4650	532
18274	6787	305
18286	1051	372
18292	1929	291
18308	2963	259
18308	2963	249
18310	2596	449
18314	3309	317
18317	1837	454
18318	3863	304
18322	1175	255
18326	3478	514
18334	2531	563
18338	1588	298
18344	5156	185
18344	5156	373
18349	3624	360
18350	1795	305
18355	4276	374
18360	2464	471
18371	3514	422
18371	3514	435
18373	999	222
18377	829	280
18378	4299	429
18378	4299	310
18379	2800	388
18380	2560	298
18383	3865	463
18384	2389	523
18388	4218	463
18389	4683	555
18391	1102	260
18392	2238	287
18399	2376	489
18403	2151	277
18408	2944	464
18409	3334	200
18414	1850	185
18417	3254	185
18421	1919	322
18426	3847	336
18428	4563	374
18436	2941	249
18437	2914	224
18437	2914	286
18438	1726	316
18439	4506	185
18439	4506	291
18442	2067	255
18442	2067	185
18447	2849	429
18450	2821	410
18452	1913	196
18453	2191	295
18457	2919	388
18462	1268	227
18464	2233	200
18472	1215	263
18475	1214	265
18482	4092	340
18484	1860	222
18490	2849	211
18490	2849	254
18494	3875	513
18495	2504	291
18503	2508	261
18508	3181	185
18508	3181	267
18509	4071	283
18520	6286	435
18520	6286	442
18523	3816	421
18525	1916	313
18525	1916	271
18527	1413	256
18530	3050	449
18536	2797	350
18538	2991	185
18539	3513	374
18541	2156	478
18542	5374	413
18549	3786	374
18555	4752	411
18558	3475	442
18559	1910	226
18566	2920	493
18568	1676	429
18573	3393	233
18577	2162	289
18579	1334	393
18584	3796	185
18588	3041	497
18591	2114	304
18595	2237	313
18596	2987	211
18600	1541	239
18602	6429	407
18608	3326	296
18608	3326	250
18610	1825	415
18613	7411	453
18621	3536	232
18624	2505	469
18628	4010	401
18628	4010	398
18641	2673	298
18649	3038	266
18650	1721	268
18653	3179	370
18659	3270	307
18660	2783	284
18666	5206	471
18669	3988	294
18671	815	262
18676	914	215
18677	2125	262
18679	4767	344
18681	3506	442
18682	2361	200
18682	2361	238
18692	1947	248
18694	2349	227
18696	3143	324
18715	1276	222
18716	1304	185
18717	3402	461
18718	2685	259
18719	2058	259
18720	6316	255
18721	1960	201
18721	1960	309
18722	3041	238
18724	2471	276
18725	4120	480
18730	3691	220
18731	1636	318
18736	2244	250
18737	2567	268
18738	5386	215
18740	1208	275
18742	5267	325
18742	5267	332
18743	4748	276
18744	3700	356
18745	2178	236
18750	1930	318
18753	2957	505
18757	3189	376
18759	2173	279
18760	1930	185
18761	3416	499
18764	3068	506
18767	5077	215
18769	3076	416
18770	2317	314
18771	2515	293
18774	2908	470
18776	3349	251
18777	3302	344
18778	5645	474
18780	3366	367
18797	2854	519
18800	3150	462
18800	3150	373
18809	3459	409
18822	2835	267
18823	3135	517
18826	3175	371
18834	2840	330
18837	4062	515
18841	2228	394
18842	3464	549
18846	2407	268
18849	1712	252
18849	1712	268
18862	3094	401
18867	2396	498
18872	2486	559
18874	2477	354
18876	6033	501
18881	3172	243
18886	3825	408
18887	4267	475
18889	3252	227
18891	4409	514
18893	3545	200
18894	3624	244
18894	3624	238
18895	5703	427
18896	1910	330
18899	931	244
18901	2713	211
18901	2713	222
18902	2160	215
18904	2043	200
18912	2934	293
18919	2044	289
18919	2044	199
18921	4181	406
18923	5312	416
18923	5312	329
18927	4564	499
18929	2869	535
18931	2581	185
18931	2581	282
18940	4560	421
18943	2777	472
18946	2198	267
18947	2329	326
18950	6544	533
18954	4226	396
18956	1736	255
18958	3818	363
18959	3205	279
18967	3368	460
18970	5471	365
18972	2046	278
18972	2046	185
18981	5796	448
18984	2996	433
18990	3526	309
18990	3526	304
18993	4562	421
18994	3061	285
18996	1217	211
18997	2682	307
18997	2682	246
19002	3722	421
19013	2188	271
19015	2001	324
19016	3971	324
19023	3097	430
19026	1844	245
19027	4730	395
19027	4730	355
19029	3798	442
19030	3116	292
19034	2955	462
19038	6281	677
19038	6281	342
19039	3609	609
19041	5766	464
19042	2517	348
19043	2949	510
19044	3760	387
19045	3372	227
19056	1356	289
19062	3108	505
19067	3583	504
19073	3099	455
19079	3361	334
19080	5818	517
19081	3773	365
19081	3773	292
19082	2830	497
19086	3947	281
19090	3826	472
19092	4780	391
19093	5907	450
19099	6068	397
19100	3753	515
19101	2792	434
19103	3309	490
19112	3770	755
19114	1753	185
19117	3984	601
19119	2880	420
19122	5912	557
19124	3122	359
19127	4349	638
19128	7160	380
19132	3315	517
19134	4457	227
19135	3614	302
19135	3614	324
19137	4544	278
19140	2712	540
19151	4534	468
19159	3056	416
19164	3496	341
19168	3494	476
19169	5208	211
19175	2817	331
19179	3149	381
19181	4018	561
19182	2195	519
19202	3392	479
19203	4136	373
19207	2797	523
19212	2044	523
19214	6841	453
19218	5402	458
19218	5402	523
19221	2911	250
19236	2318	421
19242	2845	371
19244	2532	573
19247	3021	250
19247	3021	270
19248	3392	407
19252	2173	286
19252	2173	261
19253	3061	497
19257	4716	281
19257	4716	198
19258	3186	712
19264	3408	489
19265	2410	351
19271	3989	539
19272	2392	514
19279	3590	442
19293	3275	323
19295	5717	496
19300	1636	490
19303	2281	292
19304	2846	254
19310	3442	503
19311	1258	291
19311	1258	285
19316	3001	425
19317	3310	436
19319	2424	519
19320	1370	200
19322	2542	534
19327	6012	568
19328	4068	394
19331	4399	279
19335	2283	313
19336	2336	216
19338	4543	211
19338	4543	267
19340	5326	533
19340	5326	200
19342	3616	423
19345	4336	613
19347	4171	439
19348	3588	454
19358	4068	565
19363	3871	498
19364	4474	425
19366	3776	508
19372	6187	275
19374	4358	356
19375	3241	285
19377	3278	508
19387	2034	227
19393	5638	457
19394	2937	216
19397	3618	426
19397	3618	265
19399	2471	211
19401	2934	316
19403	1428	211
19404	1495	467
19406	2578	633
19407	2624	457
19410	2561	447
19415	3618	577
19419	2068	256
19425	2136	538
19426	1289	272
19427	2249	371
19429	2464	410
19435	2625	405
19451	2569	521
19453	3029	471
19454	3387	301
19455	3223	483
19456	4451	374
19461	5069	283
19467	3376	423
19473	3031	401
19477	2673	461
19479	2323	379
19480	6293	497
19483	1010	238
19489	4292	589
19490	3173	607
19493	1768	433
19496	3887	468
19507	2664	417
19508	2242	302
19509	5451	666
19509	5451	565
19514	2480	551
19515	5262	574
19516	4473	428
19518	3044	475
19527	2285	483
19534	3266	616
19537	1101	268
19542	1983	250
19545	2688	432
19546	2516	358
19551	1453	276
19553	2198	518
19555	3867	419
19556	1601	255
19559	6307	507
19560	964	273
19562	2502	295
19563	1043	272
19564	6219	775
19568	3306	257
19570	953	256
19576	2104	289
19579	1914	409
19582	2329	274
19585	2025	250
19587	2675	292
19587	2675	291
19592	3568	543
19597	3573	284
19597	3573	330
19599	3663	587
19609	670	256
19610	3047	456
19614	3036	519
19616	1328	294
19621	3498	638
19622	1356	185
19624	3632	450
19625	3045	498
19630	3187	541
19635	2726	456
19636	4153	316
19644	2111	200
19647	1931	467
19654	2694	538
19658	4012	523
19661	3296	463
19669	4270	255
19672	3420	427
19673	2793	194
19673	2793	189
19680	1205	289
19683	3243	611
19684	2193	362
19689	3445	541
19693	1744	321
19694	1740	262
19698	1734	301
19699	3784	522
19701	2927	289
19703	1241	331
19705	1348	281
19707	4689	618
19711	1221	251
19713	3100	478
19714	2450	332
19715	5876	584
19724	2395	492
19729	921	226
19736	2476	546
19742	1004	215
19748	2122	309
19749	1766	427
19752	7278	417
19754	1623	166
19754	1623	182
19756	2474	354
19756	2474	386
19757	3472	524
19761	2090	397
19769	1161	249
19778	2851	332
19787	1923	363
19793	4078	185
19798	4053	527
19800	1783	271
19800	1783	258
19802	673	237
19805	2689	275
19810	3391	387
19811	2121	476
19813	2852	419
19814	3360	405
19816	4182	185
19828	4557	480
19829	4369	366
19829	4369	336
19836	908	344
19841	1962	262
19841	1962	238
19844	3123	474
19849	540	259
19857	3966	448
19864	2146	446
19870	1776	513
19873	4352	333
19875	1800	505
19876	1466	361
19880	1449	226
19883	2016	382
