0	40607	29550
9	4380	277
16	2043	366
17	9296	477
31	3859	276
31	3859	233
32	4889	510
33	3362	283
37	2374	315
43	3351	423
45	4527	318
48	3273	329
51	2170	451
52	5834	342
54	6487	304
54	6487	545
58	3952	507
59	5527	432
59	5527	557
67	5735	236
76	4676	322
84	3561	428
97	2355	427
104	2570	278
105	9995	524
115	3611	319
116	2937	447
121	4299	256
123	3024	354
124	4799	337
128	2953	472
129	2831	200
141	6378	547
144	2135	304
153	3965	489
166	1249	390
171	3513	295
182	1751	238
188	1396	181
211	6892	603
217	1681	261
225	2968	425
229	10149	498
235	4149	303
241	9559	433
241	9559	434
241	9559	483
247	3366	432
251	2342	298
255	2642	374
257	6182	667
268	3355	319
275	4953	625
296	1525	249
302	2395	278
308	1950	460
311	7235	411
315	5706	266
318	1265	285
324	3456	492
325	4670	338
336	2371	492
338	3404	531
339	714	233
342	6144	496
343	4426	341
343	4426	140
350	5795	651
352	1081	271
358	3578	255
369	9261	211
372	5145	541
374	6384	572
376	9372	547
378	7320	326
379	2398	611
384	3803	276
386	6153	448
386	6153	405
389	6075	337
390	4813	315
398	6902	249
402	1995	290
409	4354	561
410	5097	319
414	6654	227
420	3701	393
430	2919	591
433	7094	570
442	3731	399
444	3975	346
448	4208	266
448	4208	200
449	3469	289
450	7526	513
456	9245	482
457	1612	341
460	8730	286
460	8730	259
467	2616	433
477	4181	473
481	3767	338
484	6111	206
491	3173	528
492	2928	371
503	2509	296
507	2084	238
511	1527	314
553	9046	550
559	4391	298
563	3321	215
563	3321	287
567	1755	307
568	872	234
570	1418	538
574	1458	317
576	6358	453
577	2241	185
584	1711	472
586	2506	215
589	10076	509
589	10076	146
597	6797	419
606	3015	505
607	6318	336
612	4312	372
612	4312	335
613	2277	350
617	1726	251
621	2910	238
622	3425	506
623	6193	554
632	3361	185
632	3361	344
634	6048	581
635	5499	242
638	2008	321
643	2510	360
646	3714	558
647	7244	222
647	7244	284
651	5018	347
655	3377	315
656	2545	440
658	3015	357
661	5948	200
665	6185	211
666	781	236
667	2617	260
676	4781	253
684	3513	369
686	3439	501
687	4341	243
688	5074	222
695	2348	402
698	2061	287
701	4792	323
702	2484	446
708	2131	347
709	5681	348
713	4684	304
718	2334	321
719	4398	343
720	4066	265
721	2256	447
723	4417	291
727	5845	570
729	4655	255
732	4180	352
733	3764	301
738	5322	268
738	5322	185
741	2903	612
742	4081	524
744	4838	318
744	4838	249
745	7412	370
748	3266	354
751	6046	200
752	3625	397
756	2000	289
760	4314	351
763	1768	311
764	7763	352
766	3629	337
770	2108	277
776	8319	346
788	4203	326
788	4203	367
791	6025	606
792	6505	279
792	6505	324
794	5481	357
798	3841	290
799	5477	243
799	5477	206
802	3959	185
817	3196	519
819	2443	487
823	5913	232
824	3149	290
829	2527	371
839	3962	321
840	4630	345
840	4630	300
841	7031	558
842	4435	345
849	6845	211
854	3661	185
857	4869	564
859	5698	567
860	6095	557
865	4463	556
871	4349	211
873	2264	329
875	4219	328
882	6931	544
884	1878	746
885	5826	185
888	3345	352
893	4102	663
896	8799	510
898	5214	684
902	4889	315
911	6026	409
929	4007	436
941	9107	477
949	2044	376
950	7729	458
956	2994	270
967	4378	352
979	2645	467
983	4550	446
988	6375	185
995	4608	496
1001	5896	580
1007	6040	238
1009	5369	716
1017	5908	361
1018	2645	424
1020	4512	461
1028	3046	291
1031	4097	371
1032	2856	424
1033	3910	218
1034	6283	514
1039	7088	450
1041	9112	261
1045	3542	501
1052	2200	328
1057	4614	448
1062	2285	446
1069	4379	397
1071	4282	584
1073	6144	524
1079	9197	353
1086	3351	241
1087	5910	450
1091	4496	337
1094	3564	254
1097	3453	446
1099	10144	364
1121	1894	555
1127	4326	289
1127	4326	227
1133	5880	428
1134	5879	357
1147	3965	400
1149	6721	581
1152	8990	492
1157	7352	604
1161	5361	451
1164	2705	530
1169	3340	286
1179	7836	498
1180	3116	281
1183	2571	482
1188	5611	864
1190	2675	430
1201	4657	433
1201	4657	430
1203	4260	346
1205	10402	492
1206	6512	342
1211	1581	298
1224	1925	317
1228	2136	368
1236	10536	468
1243	6741	245
1248	4751	456
1252	4363	544
1254	3957	514
1258	5417	325
1259	2878	285
1260	8495	838
1262	3955	200
1263	3431	437
1264	4838	589
1266	4004	260
1272	2061	327
1276	2456	538
1278	2606	283
1282	3574	530
1285	4922	436
1288	2094	303
1295	3607	406
1300	6398	588
1306	3466	245
1307	8108	251
1308	2733	330
1310	3348	336
1313	2267	211
1315	7987	227
1316	6761	829
1321	3774	610
1326	3651	441
1326	3651	404
1327	4380	351
1330	3509	400
1331	4199	467
1334	5193	227
1335	3186	303
1337	8255	354
1337	8255	501
1338	7390	476
1341	8366	195
1343	9549	442
1347	6504	611
1351	5004	563
1354	7891	572
1361	12002	374
1364	5471	444
1367	8246	508
1373	3202	303
1375	5333	514
1376	6966	282
1376	6966	560
1389	4888	249
1395	5108	530
1405	8201	454
1414	3857	497
1415	10608	615
1418	4533	245
1420	5176	380
1423	5232	680
1424	5286	441
1432	4165	584
1433	4733	533
1436	4143	537
1437	1726	345
1443	9246	655
1446	1701	569
1448	5840	573
1452	3610	529
1454	2821	304
1457	5054	370
1464	6513	523
1465	2913	272
1466	5079	446
1467	3622	448
1468	9274	422
1472	5388	601
1475	12571	610
1476	3293	267
1476	3293	463
1482	2891	484
1486	10305	670
1488	4173	838
1491	4882	473
1491	4882	280
1494	3924	553
1497	7042	773
1499	8026	591
1503	4675	654
1507	10724	527
1517	12645	383
1519	9523	249
1524	6815	433
1525	7429	403
1527	5646	854
1531	4772	532
1534	2743	601
1537	7783	566
1539	7894	391
1540	3915	313
1542	9169	601
1546	3661	355
1554	7882	549
1557	4083	468
1560	4624	343
1566	12400	499
1568	1963	500
1578	6233	579
1593	11250	619
1597	5389	352
1599	2520	291
1604	8570	482
1605	4695	360
1608	6618	607
1609	4049	524
1615	2224	425
1621	7849	391
1621	7849	489
1621	7849	343
1626	7644	653
1627	2657	391
1629	5139	485
1630	3403	271
1631	7493	429
1634	6432	238
1638	4728	623
1640	6920	451
1650	2760	434
1664	3287	753
1667	6088	211
1667	6088	633
1668	6012	752
1670	5483	848
1674	6423	553
1678	6922	417
1678	6922	589
1684	7391	586
1685	5994	271
1686	3225	479
1699	2609	264
1700	5678	206
1720	3986	425
1723	3379	567
1724	5662	844
1726	4708	520
1730	3965	478
1734	5693	200
1734	5693	256
1737	5497	353
1741	6884	540
1749	3544	496
1758	6260	561
1763	3070	457
1767	9863	506
1773	1847	275
1774	12498	373
1778	3594	528
1784	3501	650
1786	6471	508
1786	6471	415
1794	3493	366
1796	3571	221
1806	3164	578
1807	4538	605
1812	6632	253
1815	9341	625
1816	2777	422
1820	3706	454
1826	4453	573
1828	4061	331
1833	7226	556
1842	5289	331
1843	12220	303
1847	2037	313
1848	10102	279
1850	6859	478
1853	3880	387
1859	5313	331
1862	9139	462
1862	9139	351
1862	9139	552
1864	5634	554
1867	7414	535
1867	7414	222
1869	3244	275
1873	9873	200
1877	3140	281
1883	7150	628
1886	1769	298
1893	4672	298
1911	4681	484
1921	3937	534
1927	2916	412
1929	3066	653
1930	2281	200
1931	7837	249
1945	7618	415
1949	4992	200
1953	7261	567
1954	4288	668
1964	2516	323
1965	5259	600
1966	4459	237
1970	2827	527
1971	5026	457
1971	5026	439
1975	1763	367
1978	4096	607
1985	3256	529
1996	2670	473
1998	10274	593
2005	5638	336
2005	5638	342
2006	6311	320
2010	11827	494
2012	7482	567
2015	9827	362
2016	2389	513
2025	2876	351
2027	4077	310
2031	2791	275
2033	2924	281
2035	2402	326
2036	5153	514
2037	3098	386
2039	2976	409
2042	2055	265
2045	4996	507
2050	5643	353
2051	2048	390
2056	4805	227
2060	1441	358
2062	4296	335
2064	3904	402
2069	3678	418
2072	5532	316
2072	5532	260
2076	8235	548
2077	1916	377
2081	5422	444
2083	5454	275
2086	5898	538
2088	2269	336
2089	1597	618
2090	5019	325
2094	6203	374
2096	7241	227
2104	1713	318
2106	6729	405
2107	4877	572
2112	4014	333
2112	4014	390
2114	3080	347
2122	3240	285
2124	8344	244
2133	3314	263
2138	4822	435
2139	3367	538
2142	2934	211
2144	2691	262
2146	3552	345
2146	3552	370
2147	4367	241
2147	4367	325
2152	1605	238
2156	2236	222
2160	2055	328
2163	8683	239
2163	8683	323
2182	2766	338
2183	2973	306
2184	3622	256
2186	3413	306
2187	2855	227
2190	4547	314
2190	4547	277
2194	5216	354
2194	5216	306
2196	3475	250
2199	4362	457
2202	4110	579
2203	1725	316
2209	3387	200
2213	5303	473
2216	1897	268
2225	3086	405
2228	3815	328
2230	2743	238
2231	3223	525
2250	4203	360
2250	4203	338
2252	6374	303
2254	2380	323
2258	2674	301
2258	2674	291
2259	2417	285
2264	3096	244
2275	1568	381
2280	7762	589
2281	5289	537
2282	2095	263
2285	5646	464
2294	3148	306
2298	4770	291
2301	4012	299
2303	3765	366
2305	3903	625
2306	3394	325
2309	1682	390
2316	2153	297
2317	5322	505
2318	3087	608
2322	4195	318
2324	1707	227
2325	2939	353
2327	2452	334
2329	4649	331
2329	4649	229
2336	3309	314
2339	6913	206
2348	4213	221
2349	5786	304
2349	5786	394
2355	1544	227
2357	5899	211
2357	5899	227
2360	3037	425
2361	1902	317
2364	4718	414
2369	4514	297
2373	8105	298
2375	4349	267
2375	4349	222
2380	2908	308
2383	3331	314
2386	2422	390
2389	9555	502
2395	3003	285
2397	2414	494
2403	1279	278
2409	11535	211
2409	11535	329
2423	4250	238
2423	4250	222
2425	6809	353
2428	3368	466
2431	2168	350
2443	3074	457
2450	2653	545
2462	9183	568
2467	12123	353
2467	12123	344
2469	2462	355
2473	2203	226
2474	2528	321
2477	4455	316
2480	4257	462
2482	7887	232
2484	8353	297
2484	8353	285
2484	8353	253
2488	2796	316
2495	1817	399
2496	8396	268
2499	3211	277
2506	2892	369
2507	4365	352
2511	11958	306
2526	1560	331
2528	3123	355
2531	3403	313
2533	1528	280
2535	3412	306
2537	5072	566
2539	7065	255
2540	6630	250
2541	4320	306
2546	3733	304
2551	3223	285
2552	3841	323
2552	3841	337
2558	9166	305
2558	9166	353
2558	9166	397
2558	9166	393
2562	4845	297
2563	6027	424
2563	6027	375
2565	7876	544
2567	5582	414
2569	4221	342
2575	3343	434
2576	10934	273
2576	10934	186
2578	3604	337
2586	11118	567
2590	2440	319
2591	9072	557
2592	3416	397
2595	3352	339
2596	2765	317
2598	3696	238
2600	2767	392
2603	12430	452
2603	12430	551
2607	4297	358
2611	3263	215
2612	9197	292
2612	9197	582
2613	2012	260
2615	3837	357
2617	4637	338
2621	9862	301
2626	5136	520
2626	5136	504
2628	6742	575
2632	10249	281
2632	10249	301
2633	4348	244
2639	2316	226
2640	3473	306
2643	6997	377
2643	6997	313
2647	2047	353
2653	5820	329
2656	8018	575
2657	5489	250
2658	9463	206
2660	2405	336
2664	2217	447
2666	4936	496
2672	3663	307
2676	9423	383
2676	9423	397
2678	2028	332
2681	6873	384
2682	6694	626
2683	8445	612
2689	6490	306
2691	7229	306
2693	5873	344
2699	10004	523
2700	3186	338
2702	8487	463
2706	1243	255
2710	1873	264
2712	4267	581
2713	10136	230
2721	7957	297
2721	7957	333
2722	11667	843
2724	2824	291
2726	3284	277
2731	4061	617
2732	4126	548
2737	2959	278
2742	5581	411
2743	8418	239
2743	8418	393
2747	7027	333
2750	9109	286
2751	3205	236
2754	6519	292
2755	4294	537
2755	4294	534
2756	3742	241
2760	8804	323
2761	4330	357
2762	3992	398
2763	12069	534
2764	3099	303
2765	5096	314
2771	9117	255
2773	3993	226
2774	5002	286
2774	5002	320
2777	3043	446
2778	5690	283
2780	5845	561
2782	8567	557
2789	3069	466
2790	3158	783
2791	3858	603
2799	6915	302
2799	6915	685
2806	5096	534
2807	2282	657
2809	9671	328
2812	7429	351
2813	6965	573
2823	1637	314
2824	8109	358
2832	4846	525
2838	12680	222
2838	12680	637
2845	12012	622
2845	12012	824
2850	4675	510
2856	1833	335
2857	6056	546
2861	11131	334
2863	7691	410
2863	7691	529
2868	2770	641
2869	8140	282
2872	3719	623
2874	6049	757
2874	6049	455
2879	7287	532
2881	6364	568
2884	3673	656
2885	3972	398
2889	5878	308
2894	10050	536
2905	3935	478
2906	12377	444
2908	4132	384
2912	7504	895
2916	2020	404
2918	5970	464
2927	6046	496
2928	4473	405
2936	11660	546
2936	11660	387
2941	3332	523
2942	2160	455
2948	2511	418
2949	3283	248
2950	6268	256
2961	10808	427
2965	5081	361
2975	5224	606
2980	6625	583
2984	3075	651
2986	7089	572
2987	3834	234
2990	9695	382
2990	9695	543
2992	3109	418
2994	5002	633
2995	4027	594
2996	4112	558
3000	3234	731
3002	2729	551
3015	5286	640
3016	5533	705
3019	5513	630
3021	8999	747
3028	4008	515
3029	2193	339
3032	4502	513
3037	7657	784
3048	5414	553
3054	2572	435
3061	6124	619
3070	3675	552
3074	5382	592
3081	7110	601
3082	12608	570
3083	7861	584
3087	4709	546
3092	4927	450
3093	5116	522
3099	7687	211
3102	3343	328
3104	8272	299
3110	11823	362
3114	2012	483
3115	4143	551
3116	7209	312
3116	7209	329
3132	4887	625
3133	12670	572
3133	12670	546
3135	6912	340
3140	5905	200
3141	2538	542
3144	4297	444
3145	6732	200
3153	3224	577
3154	8077	549
3156	4663	374
3161	3940	513
3165	10662	306
3165	10662	592
3166	5092	397
3174	3193	278
3176	8603	501
3178	4154	274
3178	4154	376
3180	3935	286
3180	3935	325
3181	5943	396
3186	7783	311
3187	3682	294
3188	3261	312
3191	2127	263
3197	2863	346
3198	8926	550
3198	8926	519
3206	1728	318
3207	4592	281
3208	1307	389
3210	4171	527
3211	8857	227
3216	2739	200
3218	5997	565
3224	5949	271
3233	11337	585
3233	11337	575
3236	8455	317
3236	8455	270
3237	11890	490
3237	11890	354
3240	3498	230
3240	3498	299
3243	4518	321
3246	7212	215
3251	5155	432
3251	5155	301
3255	1644	273
3264	8082	327
3265	2857	330
3266	10112	371
3267	4618	236
3268	5475	227
3268	5475	329
3269	4213	368
3271	2235	270
3275	4499	310
3275	4499	258
3278	1872	255
3281	2038	267
3286	4324	276
3286	4324	288
3291	5686	376
3295	5118	575
3303	1839	275
3304	4759	380
3310	9909	371
3316	4040	245
3328	6212	381
3329	6405	185
3331	8683	775
3331	8683	730
3334	6307	185
3338	6539	253
3344	9953	260
3345	4750	579
3350	3450	234
3351	5105	582
3352	5519	230
3356	5525	635
3360	5801	601
3360	5801	523
3363	1129	267
3365	6675	318
3369	3519	584
3371	5192	534
3373	4851	496
3378	9183	372
3384	10778	351
3385	8789	651
3387	6926	200
3388	4028	576
3389	5926	579
3390	4154	185
3391	4751	232
3396	10907	633
3400	9315	464
3422	8766	335
3432	5236	684
3434	3510	715
3440	5773	557
3441	9676	211
3446	4179	551
3453	11871	200
3453	11871	425
3459	7072	635
3461	2169	406
3465	3635	677
3469	4395	510
3471	3819	211
3477	6518	455
3477	6518	333
3480	2615	645
3481	11406	602
3484	3149	639
3487	3832	369
3487	3832	244
3489	7320	230
3494	6188	493
3500	4106	283
3500	4106	222
3502	2262	256
3504	10696	456
3504	10696	491
3504	10696	296
3506	5208	476
3511	3550	257
3513	6601	383
3515	10455	364
3517	7455	599
3517	7455	471
3521	10369	662
3533	6185	479
3537	5805	352
3538	11554	363
3538	11554	463
3540	3598	285
3541	11722	383
3544	4044	565
3547	7330	628
3554	9663	474
3556	3865	211
3556	3865	253
3558	3879	227
3558	3879	234
3569	4051	200
3570	2084	318
3572	6034	427
3578	9364	185
3581	2421	407
3585	2581	326
3587	8691	245
3591	3670	185
3600	5870	245
3601	6442	337
3602	2698	349
3605	9396	457
3607	3632	523
3620	4675	488
3625	2388	270
3626	9805	413
3626	9805	323
3626	9805	294
3630	4237	587
3633	5200	376
3637	9713	358
3638	5242	567
3647	7267	640
3653	9493	856
3653	9493	167
3659	6530	506
3663	4601	471
3667	10011	402
3669	5484	185
3671	4500	617
3681	3777	539
3682	8540	267
3684	2325	255
3688	8039	437
3699	6204	595
3712	3895	520
3713	6138	533
3717	4023	576
3719	3719	249
3721	3646	250
3723	7890	823
3726	3422	421
3733	2844	470
3735	1743	360
3738	10607	305
3738	10607	170
3739	3963	344
3741	5095	559
3744	4889	221
3746	1778	414
3748	8707	279
3748	8707	267
3749	4226	616
3750	4406	455
3756	10683	893
3758	4438	469
3759	5467	358
3760	7248	283
3762	4432	646
3767	7847	541
3769	4263	270
3771	5919	263
3775	5931	248
3778	6348	254
3794	4907	359
3794	4907	353
3795	5725	434
3802	3357	345
3802	3357	394
3804	4277	356
3808	3913	565
3809	5112	599
3812	7969	667
3812	7969	753
3813	3266	346
3815	3836	446
3820	3808	470
3821	6205	531
3822	8656	408
3833	10842	556
3844	7677	449
3847	3920	727
3858	6820	563
3859	4123	577
3862	2463	216
3865	8686	474
3867	2018	349
3869	1690	369
3879	6494	211
3883	9200	299
3889	9920	400
3894	1909	613
3896	7418	537
3896	7418	569
3898	4424	692
3905	2810	570
3919	8448	286
3925	6128	237
3926	4150	350
3926	4150	227
3937	4883	487
3941	2830	244
3944	2975	302
3949	2109	185
3950	3648	196
3950	3648	214
3957	6092	316
3959	8856	682
3960	3466	593
3969	9483	799
3971	5568	564
3973	1839	343
3975	4096	324
3983	3253	572
3984	2066	365
3987	4731	285
3991	1985	318
3992	1732	200
3993	5070	427
4004	8832	359
4006	2601	393
4008	3815	325
4012	5833	514
4017	2688	327
4019	4583	780
4020	4528	200
4023	2720	722
4028	4027	297
4028	4027	305
4041	2020	376
4049	9900	268
4049	9900	299
4053	4550	339
4055	3125	754
4056	5914	376
4063	5306	324
4063	5306	301
4065	5494	507
4069	4874	799
4076	3949	292
4080	8896	523
4088	3147	185
4089	2758	534
4090	4224	334
4092	3906	341
4097	4945	392
4103	2896	309
4108	11421	295
4109	5084	233
4110	3412	249
4112	8022	405
4113	4437	275
4116	2819	302
4119	3447	478
4120	8242	291
4120	8242	519
4121	4518	385
4122	5704	439
4122	5704	483
4125	6552	506
4126	10175	539
4126	10175	584
4130	3149	586
4133	3092	254
4137	2301	297
4140	4338	408
4142	5509	443
4146	5781	366
4148	3232	947
4150	7567	481
4154	4540	536
4158	5138	596
4158	5138	352
4159	4934	854
4160	2488	461
4162	1466	332
4166	5033	460
4168	5864	390
4169	2310	215
4185	6815	810
4190	3086	285
4196	1873	174
4197	2600	373
4202	4192	509
4203	5096	507
4211	6141	588
4215	4940	534
4218	7826	278
4223	3504	554
4226	2012	215
4230	3619	427
4241	2952	185
4268	10053	425
4269	3912	429
4279	11442	348
4296	5256	502
4299	4561	185
4300	6223	608
4304	2771	555
4306	3683	636
4307	6762	690
4315	4075	451
4316	6936	293
4318	1377	393
4319	2491	200
4324	4251	538
4325	5716	381
4328	1885	324
4335	2274	332
4336	9413	282
4340	4142	486
4352	6887	751
4355	3412	331
4359	4953	185
4364	6360	563
4369	5128	576
4370	7397	554
4372	3273	396
4382	4778	547
4382	4778	432
4388	9491	681
4389	4519	227
4391	6126	305
4394	6600	266
4399	3932	603
4400	3934	425
4401	2246	316
4403	9324	834
4407	11148	333
4408	6623	290
4412	2651	448
4413	3847	484
4432	7759	547
4440	6635	378
4445	2329	404
4450	6063	496
4451	2617	484
4452	3432	522
4457	4074	650
4460	6425	379
4461	5174	185
4463	4067	626
4465	3673	609
4467	1410	238
4470	5991	507
4471	3359	248
4472	6107	551
4475	4037	367
4485	4995	310
4496	7383	431
4502	2571	560
4503	4102	452
4505	4084	227
4506	2270	386
4508	2522	555
4510	4575	528
4520	7188	489
4522	6640	315
4526	2971	433
4528	2425	346
4530	4047	333
4532	6234	553
4538	7332	707
4545	2250	502
4546	6385	502
4546	6385	455
4553	4206	239
4556	3146	462
4560	3815	300
4562	6391	508
4563	3343	546
4564	3969	474
4567	8839	822
4568	7054	583
4569	2798	638
4570	7168	591
4576	3574	655
4579	5742	270
4580	3154	308
4587	4416	331
4588	5268	256
4600	2516	399
4601	3556	296
4607	3650	160
4607	3650	186
4615	7397	560
4619	9160	342
4623	2611	565
4631	9153	808
4639	2231	349
4641	3204	583
4652	5072	238
4652	5072	345
4654	10272	638
4656	2552	261
4658	1817	350
4662	3199	554
4669	11375	517
4670	1747	335
4674	2589	493
4680	4018	185
4689	3528	407
4691	2848	316
4704	4260	343
4706	4280	360
4706	4280	345
4707	8510	238
4707	8510	426
4712	11710	889
4713	5857	244
4713	5857	279
4721	11688	267
4721	11688	233
4729	3404	288
4730	3368	586
4733	2599	334
4744	10872	377
4757	4397	597
4761	4198	639
4763	6072	558
4768	2873	552
4778	6179	496
4779	6131	355
4780	7574	611
4782	7869	687
4786	3395	351
4790	5820	226
4803	3410	646
4809	2037	495
4810	1936	200
4811	7352	227
4817	2739	290
4829	1601	233
4830	3646	321
4832	2125	323
4836	7903	578
4837	3499	261
4842	6926	532
4843	3374	366
4850	2283	344
4852	4878	645
4853	3182	206
4859	11776	364
4860	2952	346
4861	2957	233
4867	3757	291
4867	3757	331
4871	3762	542
4873	4947	441
4874	8170	390
4883	6284	343
4883	6284	344
4886	3660	242
4887	1454	211
4888	3214	340
4895	5846	304
4895	5846	367
4898	2031	255
4902	4622	449
4910	5459	293
4910	5459	363
4913	7978	445
4923	4737	238
4923	4737	379
4924	9557	256
4930	9225	496
4941	6923	506
4949	3859	324
4949	3859	260
4950	2946	359
4957	3998	294
4962	3602	313
4963	10646	544
4970	3680	254
4970	3680	273
4974	3881	386
4980	4368	645
4987	2975	256
4988	5724	670
4990	5256	623
4991	1951	416
4994	3171	303
4997	2488	324
5000	5061	497
5002	4904	337
5004	2699	281
5005	2807	247
5007	4289	325
5012	5948	435
5013	2790	217
5013	2790	364
5019	5435	305
5019	5435	233
5019	5435	245
5036	4299	215
5036	4299	506
5037	3265	580
5038	9376	341
5038	9376	332
5041	6328	333
5043	3884	366
5048	3976	346
5050	6196	937
5052	5887	255
5055	3262	710
5061	1882	382
5063	3101	232
5067	3347	667
5069	2072	578
5074	4292	296
5075	3324	363
5075	3324	243
5079	4972	437
5084	3218	374
5086	2806	638
5092	2635	626
5093	3708	361
5094	11561	361
5094	11561	380
5094	11561	321
5097	2205	299
5099	3583	371
5099	3583	296
5113	3769	310
5114	8365	308
5114	8365	220
5116	4448	282
5118	2607	250
5124	3499	185
5128	4712	441
5133	3323	255
5134	2403	332
5137	4548	252
5141	5827	485
5143	4957	488
5144	5656	359
5145	3026	588
5146	1200	267
5147	2959	322
5150	2448	369
5152	1988	315
5155	1698	222
5161	2518	298
5170	2908	574
5171	1571	245
5180	3127	310
5182	4489	466
5188	3075	433
5190	10156	330
5190	10156	313
5191	6533	353
5192	10021	352
5194	2221	345
5197	4661	362
5198	3731	432
5204	4432	601
5209	4064	567
5243	5724	311
5247	2731	273
5249	4996	327
5252	4547	495
5253	2826	559
5258	3775	544
5263	3046	376
5273	5828	528
5276	5982	536
5282	1412	352
5290	3364	257
5292	2608	357
5294	5368	433
5298	5109	289
5300	3241	250
5309	4747	200
5311	10815	375
5311	10815	326
5313	8752	505
5318	3179	335
5322	5721	558
5323	6856	378
5323	6856	385
5325	4527	413
5328	4153	540
5329	4392	378
5329	4392	330
5331	2355	575
5334	7923	727
5335	5070	311
5342	7048	384
5344	4952	185
5348	10989	200
5354	4999	348
5354	4999	296
5356	4311	238
5356	4311	360
5357	3531	284
5357	3531	344
5363	10562	561
5364	5821	548
5369	5040	339
5370	4609	227
5370	4609	348
5374	4840	227
5380	2179	227
5386	5535	450
5391	1743	211
5394	1650	284
5397	4516	305
5405	8079	533
5410	9796	476
5413	3173	369
5414	6535	364
5421	3286	185
5425	9264	615
5426	4944	200
5427	4923	549
5429	5442	503
5438	3613	280
5441	2906	262
5445	4440	457
5446	8296	329
5452	7722	341
5452	7722	200
5457	3077	350
5457	3077	360
5459	4660	297
5461	8029	742
5462	5137	546
5464	5964	584
5466	6407	354
5466	6407	465
5470	3786	316
5471	3624	588
5472	8037	293
5472	8037	233
5476	7672	319
5478	2731	336
5479	2878	631
5483	8761	491
5486	5430	558
5488	5505	534
5495	2752	335
5501	2528	290
5502	2639	644
5511	5469	595
5515	8891	368
5515	8891	349
5515	8891	185
5518	2189	326
5519	3034	200
5519	3034	185
5521	3426	342
5523	3064	371
5529	2963	272
5535	4185	323
5536	6290	735
5553	4290	290
5553	4290	377
5562	4787	369
5564	3373	329
5579	5307	513
5581	2327	393
5582	3544	341
5582	3544	158
5588	4919	343
5589	8786	558
5592	3136	475
5593	4361	454
5595	3548	300
5595	3548	391
5596	5350	606
5601	5235	616
5603	3644	300
5605	5305	595
5606	4054	232
5610	5213	605
5614	8280	556
5615	4662	331
5615	4662	538
5617	5492	494
5619	6995	509
5619	6995	410
5620	4692	629
5623	4109	315
5634	1963	326
5640	3001	262
5644	1240	524
5652	2517	238
5653	3980	423
5653	3980	323
5656	8481	523
5658	7254	557
5659	6652	324
5663	2019	328
5664	5353	163
5669	6509	260
5669	6509	299
5674	2377	221
5681	3032	295
5688	3209	166
5688	3209	283
5689	2672	557
5691	4171	336
5693	2162	570
5695	3536	295
5697	2511	304
5702	6378	327
5702	6378	604
5704	4706	298
5708	3251	570
5723	2911	337
5737	1640	206
5745	6075	222
5745	6075	565
5747	5460	264
5748	3822	568
5749	2693	310
5752	6568	426
5753	2778	211
5754	4953	742
5757	1865	656
5767	3541	230
5773	6919	357
5780	7124	576
5794	2579	474
5798	4489	548
5799	1904	306
5812	4065	504
5813	6632	488
5821	4871	595
5823	6018	397
5824	2438	559
5826	3548	487
5827	4221	287
5831	5127	448
5846	2554	488
5853	8280	539
5862	8870	432
5865	5612	274
5870	4366	539
5871	7055	492
5876	4256	554
5881	2005	507
5886	9175	211
5900	5701	378
5901	4859	505
5906	3123	475
5907	1849	315
5914	3055	392
5916	6732	363
5919	4991	448
5921	5429	500
5923	4854	288
5925	1547	490
5926	4067	295
5927	4792	519
5932	4161	511
5945	2231	523
5953	2065	378
5957	5430	562
5962	3108	607
5964	2912	506
5967	3870	453
5977	5253	602
5978	4640	206
5983	4302	390
5987	6372	306
5989	5281	470
6001	7956	230
6006	2682	243
6012	7393	647
6012	7393	373
6015	5494	480
6016	7653	521
6016	7653	185
6019	5470	508
6020	2984	265
6026	4860	337
6026	4860	325
6040	6138	250
6046	5839	300
6049	5655	722
6053	5166	643
6073	3240	245
6074	3934	630
6077	3177	250
6081	3961	341
6082	4411	268
6082	4411	315
6084	6032	232
6084	6032	252
6088	3799	318
6093	3263	272
6094	3577	449
6095	2398	695
6097	5239	281
6099	5267	439
6106	3565	394
6108	7036	443
6116	3411	373
6126	4188	562
6129	7184	457
6131	5882	511
6143	8109	507
6158	5927	658
6160	5049	296
6160	5049	607
6162	5323	501
6164	4881	568
6168	9194	284
6170	5708	633
6176	3059	372
6178	3031	369
6192	6561	528
6193	5395	519
6195	3354	336
6201	5444	338
6202	3067	368
6206	7025	622
6207	6365	491
6208	3731	251
6217	5655	349
6219	4128	713
6222	3890	605
6230	5179	215
6233	2263	395
6234	5400	396
6237	8744	438
6244	4586	584
6246	6825	599
6251	4357	231
6251	4357	246
6253	6566	278
6262	1866	317
6263	3083	244
6264	4212	570
6271	3238	502
6278	6751	346
6279	4705	530
6289	8598	467
6289	8598	437
6294	3698	233
6298	4287	330
6298	4287	340
6306	2032	408
6309	3838	211
6313	3216	275
6313	3216	168
6319	8866	595
6323	2963	220
6335	7026	185
6337	3678	360
6339	6073	445
6342	7181	232
6346	2536	185
6357	2574	316
6363	8844	383
6363	8844	411
6365	4926	665
6373	6842	375
6376	3472	552
6380	2668	339
6383	7536	484
6384	3821	650
6386	4290	616
6387	3972	579
6388	3780	311
6393	6255	519
6397	8075	370
6399	3652	318
6404	3512	400
6405	6232	540
6407	4467	442
6410	2901	374
6413	4434	539
6417	7154	185
6422	3201	361
6423	4237	211
6425	4226	442
6431	5276	472
6432	2538	243
6433	3056	206
6434	4383	249
6447	3057	368
6454	2530	328
6460	5479	499
6463	5549	215
6484	2343	350
6487	7748	217
6487	7748	229
6492	6091	432
6495	5025	185
6499	7293	640
6500	6217	443
6500	6217	610
6503	4228	492
6504	4735	550
6509	3238	450
6510	4771	365
6511	2256	319
6512	6911	548
6518	3508	321
6520	4047	308
6523	1542	315
6534	6921	484
6536	5637	635
6538	5342	185
6538	5342	293
6539	2011	372
6541	3092	305
6542	7975	368
6542	7975	548
6550	3881	596
6554	5345	321
6557	2850	304
6573	3081	282
6581	2208	314
6585	4840	547
6589	4977	611
6592	3288	317
6592	3288	351
6593	1998	311
6599	2010	325
6603	5635	185
6603	5635	318
6605	4209	523
6606	4377	325
6607	6849	569
6609	2880	215
6612	2380	442
6617	4326	330
6620	2553	462
6621	4879	342
6635	2602	494
6636	1869	294
6640	3197	358
6643	1806	411
6646	2934	584
6647	2527	261
6656	1653	273
6668	2127	243
6669	3453	282
6673	2513	317
6674	2236	249
6677	2134	215
6688	4222	491
6689	3632	614
6694	4944	411
6700	7458	185
6708	4664	547
6709	7965	346
6709	7965	185
6709	7965	338
6718	3710	185
6718	3710	309
6729	6102	331
6734	4154	463
6738	2994	358
6746	2165	310
6752	3548	262
6761	5067	595
6769	4702	486
6771	6071	552
6773	3596	448
6775	3575	523
6789	5945	281
6789	5945	255
6803	6537	590
6805	7567	563
6806	3713	304
6806	3713	185
6813	4509	409
6813	4509	522
6814	5133	533
6816	4604	538
6825	7835	368
6833	4777	250
6833	4777	185
6838	4710	222
6841	4622	376
6844	3091	448
6845	9161	585
6849	4065	360
6859	3696	365
6865	6640	254
6868	5150	353
6874	3678	222
6875	3216	222
6881	4965	185
6882	1600	489
6885	2860	405
6889	4866	528
6894	2713	169
6894	2713	144
6902	5684	185
6909	2826	245
6910	2116	544
6911	3444	272
6915	5403	272
6919	3684	344
6924	3483	531
6926	3469	509
6927	5157	460
6928	3049	262
6938	3493	291
6951	5762	653
6954	3201	479
6955	1941	322
6958	7325	486
6960	7537	296
6964	2438	451
6970	8691	542
6976	3684	297
6979	1811	276
6981	1723	550
6983	3087	364
6985	2601	474
6986	4206	318
6989	6228	271
6990	2584	255
6995	2119	320
6997	3738	334
7003	1548	307
7004	3276	188
7004	3276	390
7006	3594	385
7010	2953	314
7014	6037	222
7015	4684	283
7021	2701	233
7024	5422	481
7025	2767	343
7026	6594	362
7029	3301	637
7030	3469	524
7033	3745	227
7035	2818	327
7044	3331	309
7044	3331	229
7047	2227	350
7050	2070	373
7057	3610	480
7058	3308	477
7063	3649	237
7066	2460	298
7069	4600	221
7070	3524	304
7071	3744	284
7071	3744	332
7074	4314	437
7077	4403	362
7079	3954	291
7085	3561	663
7086	4768	478
7093	5354	395
7100	2185	185
7105	3081	448
7106	4554	261
7107	2815	518
7108	2573	269
7113	7634	453
7116	4077	261
7122	1973	238
7124	4014	535
7126	3005	624
7128	2217	332
7131	3000	294
7134	7686	575
7138	3815	200
7142	6588	546
7143	4746	429
7149	3124	646
7150	3247	305
7151	1937	319
7161	2231	200
7176	3939	495
7181	5097	603
7182	5332	383
7196	2699	206
7206	5686	249
7208	5817	514
7212	6916	505
7214	3334	430
7215	6049	391
7226	3366	314
7228	6360	554
7232	5248	200
7235	6209	590
7244	3173	305
7244	3173	292
7252	2221	356
7253	6665	572
7257	2717	485
7263	2865	185
7263	2865	249
7268	6091	495
7270	5319	442
7272	4225	355
7274	1966	185
7280	3123	347
7284	3224	230
7285	1475	222
7289	4522	657
7292	5020	687
7300	5938	487
7301	6796	523
7307	6185	356
7307	6185	427
7308	5274	497
7318	2468	335
7329	6819	345
7330	2717	666
7332	6522	420
7335	9195	631
7341	1528	304
7343	2762	297
7345	4640	629
7347	2719	354
7349	3001	248
7349	3001	245
7351	6387	200
7352	5339	289
7360	4337	227
7360	4337	213
7368	3625	477
7369	8548	493
7372	4722	723
7377	4672	354
7388	6593	482
7392	4571	506
7393	5103	365
7394	3458	643
7399	4096	609
7401	5919	535
7405	4158	422
7406	4799	583
7412	3128	594
7418	6229	285
7425	987	351
7429	6771	211
7439	2375	527
7446	2597	230
7448	4881	351
7448	4881	460
7453	6200	560
7457	2704	456
7458	4034	341
7460	922	185
7469	5893	550
7483	2680	334
7493	8686	466
7493	8686	405
7496	6140	501
7501	3438	574
7508	4016	666
7522	4243	255
7522	4243	316
7528	3800	350
7535	5745	496
7540	4041	379
7547	4265	365
7547	4265	360
7552	2209	378
7555	7240	415
7563	3161	437
7565	8377	742
7567	7459	452
7569	2879	487
7573	2658	448
7574	2721	185
7576	8909	558
7583	5697	652
7584	5382	430
7585	729	241
7598	4191	279
7603	4159	387
7607	5448	245
7608	2632	454
7609	4332	604
7611	4003	327
7614	6659	529
7615	8972	356
7630	3866	367
7634	4756	255
7640	7959	200
7640	7959	408
7644	9077	536
7646	8107	411
7649	7216	562
7651	3454	569
7664	3128	454
7665	5193	415
7675	4145	297
7676	2246	561
7677	8562	513
7680	5207	500
7684	3213	320
7685	4352	276
7686	6503	211
7691	4881	340
7693	3507	732
7695	3388	517
7696	5756	241
7697	3358	545
7699	1773	243
7702	6006	588
7705	2448	644
7709	3036	553
7710	2009	392
7713	4930	481
7720	4734	396
7723	6361	329
7724	1546	284
7725	6498	573
7725	6498	345
7727	5195	503
7728	3232	659
7730	7777	764
7731	4545	357
7735	4448	432
7736	3370	266
7738	4414	255
7740	7362	319
7748	5390	455
7749	3659	337
7750	3232	250
7752	3900	340
7755	3430	261
7761	3847	341
7763	8163	570
7767	6344	502
7768	2236	268
7770	4943	543
7775	3441	256
7778	2272	322
7781	2246	455
7783	3534	391
7786	5917	270
7791	2863	358
7802	2759	556
7806	7799	271
7808	4194	439
7814	3509	493
7816	5690	355
7818	5819	358
7824	2092	452
7832	4996	185
7836	2269	335
7842	6946	282
7845	3047	326
7848	4155	308
7852	2878	184
7858	8040	345
7863	3144	321
7865	4165	309
7871	3211	518
7873	2516	289
7876	3529	280
7877	3414	279
7896	8069	252
7897	6979	410
7901	6221	343
7904	2588	543
7909	3116	305
7913	5028	200
7921	3162	329
7924	2975	372
7924	2975	334
7930	2624	386
7941	3839	545
7946	4935	726
7948	3482	488
7956	3517	292
7961	1447	250
7966	3085	445
7969	2898	447
7975	4238	286
7982	2818	361
7985	3618	577
7989	7765	644
7989	7765	750
7992	6284	185
8004	2808	262
8013	5358	439
8014	3682	300
8015	4795	373
8015	4795	352
8016	3319	260
8020	2992	468
8024	8898	499
8024	8898	513
8028	3239	349
8034	3814	272
8034	3814	279
8045	3097	357
8048	2256	573
8051	6612	582
8053	6279	452
8064	6387	568
8064	6387	297
8069	3966	401
8096	6526	472
8097	2707	260
8117	3977	343
8119	4363	270
8120	3822	145
8120	3822	229
8124	4465	457
8133	4357	243
8133	4357	387
8137	1740	309
8138	5651	342
8142	6830	414
8143	8904	458
8145	2783	404
8151	6742	604
8159	8682	495
8159	8682	871
8164	3479	380
8172	4348	549
8175	10982	597
8182	4024	512
8186	4434	284
8188	5097	287
8188	5097	257
8189	5517	674
8191	1881	297
8192	2433	701
8198	6116	501
8203	3534	482
8209	3690	496
8213	2715	324
8214	2123	448
8223	3131	549
8227	1790	301
8231	4395	417
8232	3617	368
8235	3597	305
8236	2663	552
8239	3808	318
8243	4605	640
8244	6852	500
8262	9327	302
8262	9327	377
8267	2055	371
8274	7586	595
8277	2541	476
8280	4180	273
8282	1872	248
8285	6840	185
8291	4383	460
8294	2707	298
8294	2707	177
8301	1309	341
8309	3859	328
8313	5287	313
8319	6474	211
8325	9391	364
8325	9391	412
8325	9391	269
8326	8175	245
8342	3634	484
8343	6438	261
8345	6033	259
8345	6033	396
8346	2386	662
8353	12582	524
8372	3366	633
8381	1453	300
8383	4698	625
8386	2011	320
8389	3744	397
8394	2639	307
8398	2814	299
8399	3787	454
8406	8767	313
8408	2592	267
8424	9536	494
8424	9536	226
8425	4804	297
8426	3120	591
8430	3880	426
8435	2728	561
8436	9529	442
8437	9976	366
8443	1730	478
8451	3900	380
8455	4012	345
8455	4012	260
8460	8242	257
8466	3946	295
8468	10480	515
8481	5138	519
8490	3018	374
8492	8355	352
8498	4775	484
8503	5035	385
8505	5003	185
8505	5003	175
8507	5483	611
8513	8914	558
8524	4187	465
8524	4187	553
8525	5087	499
8534	1902	534
8536	4316	500
8537	2885	581
8543	6348	342
8543	6348	238
8544	4283	516
8545	4195	508
8563	11464	553
8566	5195	271
8566	5195	281
8571	5706	510
8572	5927	602
8589	5927	302
8598	7072	227
8603	5675	200
8609	10650	262
8615	2960	314
8621	1852	456
8624	6831	604
8637	6413	597
8638	3096	261
8642	3383	369
8646	2205	418
8656	9792	384
8657	8910	486
8684	4534	501
8689	12247	513
8701	9221	185
8701	9221	503
8702	9496	286
8704	3864	592
8708	7203	565
8712	4657	549
8716	1893	313
8717	5040	600
8723	1576	340
8724	9964	283
8729	6902	291
8732	3730	393
8737	3024	200
8738	3719	341
8746	3397	392
8749	3365	609
8762	3875	254
8764	3119	433
8778	3437	344
8781	13039	185
8782	3421	362
8783	2331	279
8787	3888	222
8788	2620	348
8789	6465	783
8796	4324	412
8797	3164	471
8799	2282	356
8804	2276	266
8811	1988	206
8811	1988	329
8820	1600	250
8828	3440	374
8832	2564	200
8836	8087	593
8841	8258	341
8852	5599	275
8852	5599	221
8853	1571	216
8857	6105	398
8858	4230	394
8858	4230	250
8859	2758	305
8863	1457	211
8870	2110	488
8872	5657	446
8879	2408	363
8880	4327	282
8885	2035	656
8886	3801	303
8889	2201	311
8890	2163	226
8894	2616	320
8902	3008	503
8904	2119	392
8908	2444	378
8919	1342	211
8931	4205	322
8932	2857	298
8933	10478	280
8934	3493	277
8934	3493	296
8939	2763	283
8945	1352	227
8946	5772	631
8947	2043	272
8948	6742	309
8960	5246	389
8966	1691	252
8969	4387	343
8977	2650	266
8988	3092	402
8995	4702	315
8995	4702	211
8996	3067	301
8998	8917	206
9005	10570	320
9008	7175	513
9017	8299	232
9017	8299	380
9020	3667	357
9021	4572	307
9023	8194	393
9025	6060	620
9029	1614	222
9031	3186	323
9033	11717	643
9033	11717	707
9036	11571	433
9038	2409	261
9039	5332	350
9040	7618	301
9043	6568	407
9045	11688	324
9051	3002	409
9053	10796	327
9053	10796	149
9062	7360	794
9067	3802	478
9072	1652	273
9078	1166	312
9081	8968	384
9083	11434	406
9089	8877	503
9098	8719	344
9106	11363	205
9111	2042	346
9113	7029	494
9117	4954	428
9118	6395	420
9119	13215	200
9120	9096	560
9148	4468	468
9154	6022	273
9158	3311	347
9164	13218	343
9166	11247	404
9170	5815	185
9177	3391	319
9188	4395	309
9194	6428	584
9199	8064	397
9199	8064	293
9199	8064	279
9200	2608	336
9205	4162	288
9206	8240	473
9208	10063	216
9208	10063	200
9212	1902	339
9221	2151	290
9221	2151	248
9228	10317	147
9229	3807	403
9232	2887	200
9241	2371	277
9244	13016	386
9248	5670	605
9253	3601	396
9255	3495	185
9261	2320	493
9262	7511	253
9267	1306	185
9279	3880	320
9280	11237	428
9280	11237	343
9289	10221	227
9294	3209	255
9294	3209	185
9296	3408	358
9303	2903	263
9304	5196	546
9310	2437	262
9323	10315	555
9324	4318	350
9328	3733	344
9331	3115	350
9332	5073	376
9332	5073	200
9353	5852	506
9355	10424	291
9363	2664	604
9372	9715	185
9374	3062	349
9375	2916	285
9380	4058	211
9380	4058	356
9387	3270	510
9391	2768	459
9392	5735	185
9393	3933	309
9394	2125	301
9399	6069	393
9402	7503	344
9405	6647	550
9409	4625	528
9414	3529	350
9421	5155	284
9433	6922	185
9433	6922	309
9433	6922	343
9434	3122	413
9440	11986	185
9443	4107	421
9448	4417	611
9453	6243	269
9457	1307	366
9459	5861	283
9459	5861	374
9462	2248	254
9468	5176	398
9469	4178	644
9471	3048	422
9472	3137	290
9475	2756	284
9476	3328	540
9482	10057	278
9483	4635	668
9494	4052	314
9494	4052	373
9501	11775	203
9501	11775	199
9505	3036	324
9508	2164	345
9510	3319	641
9519	1159	361
9521	3533	532
9523	8589	415
9523	8589	298
9526	3757	254
9526	3757	245
9531	4067	401
9538	10620	422
9540	7598	366
9550	1926	185
9550	1926	315
9558	5996	396
9570	2754	279
9578	2987	265
9589	3067	682
9594	5102	246
9595	2779	445
9603	6994	307
9615	1567	362
9616	7992	536
9619	1836	389
9628	3710	435
9631	4942	649
9636	7734	396
9637	3292	349
9645	7742	460
9646	2171	411
9647	2435	351
9652	3668	496
9655	5137	295
9657	5399	330
9664	7158	428
9665	5893	447
9666	5136	329
9673	2620	379
9676	12638	391
9678	11780	781
9678	11780	329
9681	3450	424
9683	3575	546
9687	1589	491
9690	2445	622
9693	6961	438
9694	9962	448
9696	3301	272
9700	4892	385
9704	2680	382
9705	8914	440
9706	9132	521
9708	3558	678
9709	10766	185
9713	6394	521
9714	11305	227
9714	11305	424
9715	11351	455
9715	11351	322
9718	6802	334
9719	8817	293
9732	2079	387
9737	8886	470
9738	5414	264
9746	4374	185
9747	4757	542
9748	4816	462
9754	11042	436
9754	11042	269
9756	6903	227
9760	3945	158
9760	3945	145
9762	2207	511
9764	5836	484
9764	5836	555
9773	2010	585
9780	2498	300
9781	2576	406
9783	8680	385
9783	8680	319
9788	2179	274
9789	5466	597
9797	2353	519
9803	1272	486
9808	3031	273
9809	6028	428
9811	6135	345
9814	3970	581
9818	4283	468
9831	3043	576
9832	2950	273
9834	12590	331
9834	12590	511
9839	8484	489
9841	3531	379
9842	10585	431
9842	10585	411
9844	7071	258
9857	2711	270
9872	3104	388
9875	2820	200
9876	5369	610
9877	2970	340
9886	6754	535
9892	12972	322
9893	3553	687
9912	11698	356
9917	3551	274
9918	6934	268
9920	1441	313
9928	10487	497
9937	8457	299
9937	8457	259
9944	5209	239
9946	3137	340
9951	5422	256
9951	5422	221
9954	6913	476
9956	1952	185
9960	10933	227
9966	6634	513
9969	2801	369
9972	2808	367
9977	2492	268
9979	10959	378
9983	8754	279
9985	8245	397
9985	8245	495
9987	5504	534
9988	5965	484
9999	4596	502
10007	5011	317
10013	11718	488
10013	11718	378
10019	5803	230
10023	2447	211
10031	9439	401
10036	6343	427
10045	2547	441
10046	7186	250
10049	9042	349
10050	5972	484
10052	4463	232
10061	9441	299
10063	3627	374
10065	4506	296
10071	2644	177
10071	2644	198
10073	8883	269
10076	5462	215
10078	9003	462
10080	5163	322
10081	9860	344
10089	955	260
10092	9623	316
10092	9623	233
10096	3799	335
10096	3799	380
10102	833	279
10103	2837	256
10110	5711	211
10112	1026	250
10117	4165	272
10123	2479	308
10124	7891	267
10133	3060	301
10136	8580	338
10137	3250	410
10143	4256	367
10147	3611	305
10162	1937	367
10163	3507	710
10166	3459	553
10168	3578	200
10169	3550	495
10171	3380	354
10172	9990	489
10174	3231	343
10175	5807	601
10178	2663	351
10181	6521	609
10183	6032	558
10186	3952	451
10190	4168	269
10192	3037	456
10194	6544	247
10196	9819	367
10196	9819	424
10200	2826	368
10203	8660	493
10205	8050	344
10208	6215	293
10210	1920	275
10213	6496	367
10216	2864	318
10217	3903	579
10219	2617	312
10222	3814	498
10225	2861	474
10227	3089	311
10227	3089	350
10232	5437	489
10233	1884	251
10235	9778	477
10236	2635	278
10237	1761	296
10239	8014	299
10241	4009	471
10244	3894	508
10248	3255	578
10249	3646	492
10252	3244	398
10253	3990	328
10256	2419	200
10258	3816	572
10260	2128	350
10263	3651	335
10265	5059	608
10274	4123	185
10275	6714	533
10276	4386	592
10277	4908	200
10282	2013	267
10284	4998	513
10294	6127	185
10295	2633	297
10298	4271	529
10300	5069	531
10305	2743	291
10306	2867	564
10308	5982	870
10309	6887	421
10309	6887	426
10319	4414	200
10319	4414	272
10325	5495	211
10326	4885	773
10331	5392	215
10336	5195	291
10362	6810	605
10362	6810	657
10363	5770	286
10368	3855	238
10374	4940	185
10375	6058	575
10380	6158	607
10381	3638	211
10384	8874	672
10389	4251	509
10390	3814	185
10390	3814	356
10391	3902	316
10399	2913	404
10400	5107	185
10404	4942	322
10405	4197	585
10409	5061	872
10413	6191	547
10413	6191	227
10414	4309	253
10420	5976	478
10448	6540	474
10450	4124	318
10452	7195	657
10453	6858	671
10456	5983	572
10459	7326	536
10462	2194	289
10464	7457	269
10470	5813	817
10473	3196	245
10474	4400	670
10477	7564	206
10479	7218	331
10479	7218	185
10480	8763	931
10480	8763	586
10481	3029	379
10484	3437	360
10487	4071	650
10493	3026	660
10494	7126	617
10495	3410	185
10496	5669	638
10498	9536	787
10501	3517	615
10505	4549	211
10507	3370	301
10514	4902	491
10515	5069	528
10521	3038	664
10524	2782	277
10525	6012	670
10526	5216	623
10529	4303	328
10534	4383	211
10537	8601	578
10543	1418	396
10551	3498	176
10551	3498	379
10553	5531	591
10559	2697	256
10560	4551	185
10562	3638	424
10569	3947	284
10570	9698	767
10575	2375	469
10579	5886	279
10583	7882	443
10583	7882	509
10588	10628	312
10588	10628	263
10594	6274	496
10596	7713	627
10598	1756	384
10608	3620	715
10610	5233	420
10610	5233	526
10619	3120	389
10620	2362	286
10621	2658	227
10622	6205	390
10625	2990	553
10630	3312	266
10632	4799	478
10636	8542	801
10639	3191	648
10640	9212	460
10644	3819	582
10647	3921	541
10647	3921	568
10653	4253	350
10657	3331	592
10665	5648	283
10670	3469	314
10671	1348	316
10675	10465	311
10675	10465	331
10678	2761	474
10679	10126	853
10683	3523	619
10684	2849	337
10687	2913	639
10688	3441	552
10689	3566	539
10690	5069	432
10694	5063	462
10702	3992	446
10707	5272	665
10708	2727	301
10717	5352	463
10718	6581	517
10723	2925	556
10724	5664	818
10728	3712	287
10730	5617	293
10731	8495	243
10732	4583	562
10739	3899	410
10742	5404	485
10742	5404	607
10744	1701	200
10746	6836	510
10747	3167	594
10750	2365	393
10759	2348	287
10766	2523	275
10767	3242	200
10768	5271	433
10770	7106	562
10774	6824	345
10775	3356	688
10776	2216	277
10778	5781	327
10790	2202	363
10793	3825	614
10794	5869	307
10798	9657	185
10798	9657	411
10802	3827	276
10803	1495	286
10805	3335	358
10815	4608	549
10818	3938	596
10820	5428	481
10821	8005	620
10831	3758	584
10834	3235	302
10834	3235	300
10835	3013	275
10837	6816	453
10843	6943	275
10846	6988	521
10850	7074	268
10852	5306	586
10853	3959	536
10855	5109	311
10857	3724	329
10857	3724	298
10858	2311	549
10859	3029	324
10864	5968	296
10865	2606	465
10866	5115	309
10866	5115	312
10873	5032	464
10875	8354	289
10880	4331	588
10881	3526	332
10889	3083	625
10896	3184	282
10900	9625	616
10909	4051	668
10911	7434	445
10916	3964	395
10922	9720	544
10923	3567	367
10926	5360	424
10927	3429	716
10931	8852	408
10931	8852	250
10942	3564	385
10944	1722	273
10948	2757	362
10951	7298	255
10953	3800	305
10954	6464	433
10955	3834	437
10961	5699	321
10962	8784	359
10963	3171	454
10964	10598	307
10967	3234	484
10968	3959	222
10968	3959	284
10969	7161	308
10976	7802	381
10984	3934	509
10984	3934	385
10988	4801	575
10992	3715	263
10992	3715	338
10998	5937	453
11005	3750	296
11007	4490	425
11008	8745	723
11012	5406	580
11014	6735	786
11019	3085	239
11020	7995	442
11020	7995	374
11020	7995	242
11023	3760	422
11024	4472	325
11032	5054	490
11033	7096	612
11037	6085	433
11038	8624	510
11047	6945	412
11049	5627	351
11056	3655	478
11064	3448	365
11066	4279	272
11067	2712	215
11069	3192	379
11069	3192	333
11072	3265	336
11072	3265	232
11075	2972	338
11077	3692	185
11082	4108	563
11090	5151	546
11091	4985	344
11102	1208	323
11107	1700	185
11108	6258	423
11109	2386	414
11113	9583	248
11113	9583	315
11123	3119	472
11130	5604	253
11134	2101	319
11142	4478	321
11144	5577	302
11150	3094	291
11154	6150	465
11156	7711	504
11157	5542	660
11160	7926	353
11160	7926	227
11161	1835	393
11166	2602	345
11169	4314	206
11176	4756	519
11182	3730	302
11189	4389	396
11189	4389	234
11192	6153	351
11201	4115	286
11202	3532	345
11203	5935	405
11205	2252	342
11206	3631	356
11216	3833	256
11221	2959	238
11222	3649	308
11227	2047	328
11229	1587	222
11238	2713	515
11242	2225	330
11244	3642	368
11249	3865	314
11253	2710	286
11255	5813	498
11256	3059	327
11260	3868	216
11260	3868	185
11268	1830	355
11272	2640	322
11273	5687	185
11275	6335	571
11287	3523	329
11288	1827	775
11291	3852	319
11291	3852	196
11307	6304	531
11314	1670	350
11315	5069	353
11316	2586	426
11323	5955	564
11324	2259	364
11325	5107	254
11325	5107	322
11326	2467	303
11329	4641	337
11335	4720	478
11335	4720	468
11338	4757	421
11343	4807	555
11349	7248	627
11354	2482	226
11359	2471	287
11360	5225	326
11361	8845	782
11361	8845	910
11366	3558	416
11370	3051	332
11372	9559	563
11385	5900	310
11390	3545	185
11391	2060	243
11393	2613	332
11399	1569	261
11404	8170	596
11406	3007	371
11410	5262	289
11411	8456	278
11412	7014	200
11415	3078	345
11417	3823	379
11420	3996	633
11428	1807	374
11430	9128	329
11432	6516	310
11440	7693	489
11440	7693	294
11446	3904	567
11448	3490	200
11449	4131	524
11455	1907	467
11459	3675	315
11461	3615	479
11467	2867	487
11470	4268	367
11471	2364	261
11475	4236	371
11481	3008	605
11483	6050	607
11484	1257	374
11492	2842	349
11496	6247	881
11504	7625	330
11504	7625	492
11522	7321	360
11527	6127	352
11533	2594	234
11536	8692	422
11546	6468	438
11550	3316	319
11551	5928	510
11553	6038	498
11553	6038	441
11558	4901	587
11562	4410	324
11563	1957	437
11571	8324	468
11575	10355	476
11582	4861	510
11582	4861	425
11584	4731	340
11594	4034	518
11598	3718	200
11601	7048	274
11613	4802	185
11617	3259	350
11622	2719	427
11626	8604	233
11626	8604	226
11631	7484	504
11635	1886	446
11637	1796	316
11639	4835	568
11646	4226	482
11656	4680	354
11657	5441	399
11657	5441	284
11660	8127	235
11663	5436	480
11664	1609	254
11666	5863	227
11672	2328	303
11673	5251	372
11678	7486	342
11678	7486	284
11680	3325	256
11684	3920	488
11686	2544	561
11688	4048	242
11689	3951	275
11692	8012	529
11695	2493	255
11697	7617	238
11703	5525	635
11705	6621	708
11711	6437	260
11717	4128	338
11720	3628	368
11723	2971	341
11728	4929	602
11729	3635	440
11735	2588	321
11741	7692	558
11742	7625	623
11743	3385	222
11748	9255	336
11749	5657	245
11749	5657	296
11754	4909	487
11757	1682	322
11759	3999	420
11761	4242	377
11763	5319	498
11764	3093	631
11766	7127	540
11774	10094	459
11774	10094	595
11779	5281	305
11780	7356	437
11786	3569	285
11786	3569	158
11787	4550	355
11792	8129	846
11794	6754	589
11796	7216	436
11796	7216	284
11798	6241	222
11798	6241	562
11802	4336	487
11804	5504	542
11807	4865	340
11810	2175	536
11812	3046	364
11819	3248	498
11821	5169	475
11822	3324	490
11830	4193	245
11839	7574	185
11841	4219	563
11844	3396	334
11854	7580	592
11857	3946	600
11859	5893	493
11867	7092	185
11871	1930	535
11874	6861	579
11875	3512	526
11876	2679	633
11880	4310	371
11881	2533	506
11886	4278	640
11887	3359	377
11889	2873	385
11892	8777	429
11893	5156	211
11897	5414	248
11898	4386	252
11899	5075	244
11900	2330	346
11905	5156	233
11914	3279	411
11918	4902	598
11928	4270	417
11933	5860	401
11934	5146	454
11936	2671	185
11939	3744	262
11944	3605	538
11946	8757	529
11952	5499	306
11964	4802	833
11967	5335	314
11974	4083	611
11980	10159	285
11983	3711	457
12017	9018	589
12026	10451	555
12028	8587	216
12031	8664	558
12039	2043	244
12042	2352	258
12045	2833	535
12046	3148	285
12051	5788	532
12055	5948	385
12056	8545	416
12057	6258	443
12058	4356	295
12059	4899	334
12062	7145	515
12069	3095	343
12071	3763	514
12074	7548	466
12077	4472	621
12078	4427	518
12082	3812	490
12084	3741	398
12089	2894	358
12093	2332	315
12093	2332	233
12097	3232	258
12099	5595	264
12102	5124	490
12111	4498	494
12114	5209	359
12120	5331	515
12126	5228	426
12127	4381	251
12132	4364	337
12133	6481	525
12136	4181	446
12139	2512	367
12142	2785	584
12143	2011	383
12144	5526	469
12145	4043	185
12148	5116	316
12149	8678	524
12155	2871	530
12158	5834	397
12158	5834	300
12161	5513	394
12167	5879	502
12170	1302	185
12172	10411	320
12176	4510	300
12176	4510	288
12180	4354	332
12181	2017	336
12182	3440	308
12188	2609	160
12188	2609	210
12189	3411	233
12192	1806	465
12196	8149	238
12196	8149	317
12199	1913	185
12203	1205	311
12204	4139	283
12205	5779	332
12209	3824	351
12210	7697	335
12210	7697	537
12212	3943	185
12213	3236	361
12215	2522	353
12223	8289	345
12224	3531	313
12230	5811	323
12233	4638	354
12237	6770	338
12240	8441	526
12248	3350	390
12251	4541	392
12252	1128	303
12253	6307	446
12255	1774	306
12257	7446	297
12262	4872	281
12262	4872	297
12263	5636	323
12271	3167	334
12272	10512	575
12272	10512	438
12273	4492	279
12277	4448	382
12282	3508	268
12284	3584	281
12297	3113	303
12300	781	249
12305	9371	232
12311	3555	278
12311	3555	273
12314	2326	315
12315	8361	491
12316	1603	363
12322	2506	267
12327	4379	349
12335	8362	512
12336	3811	226
12345	6525	264
12345	6525	245
12351	5516	410
12358	7734	304
12360	7618	313
12360	7618	255
12360	7618	215
12364	3350	304
12366	2622	339
12367	3455	306
12368	2968	373
12374	4595	508
12379	4391	489
12380	8428	401
12383	2333	309
12384	8952	425
12384	8952	524
12392	2491	329
12406	9724	533
12406	9724	320
12408	1466	262
12418	2422	560
12429	4789	387
12450	3312	316
12450	3312	280
12455	5907	525
12458	2826	288
12459	3941	331
12459	3941	254
12460	2829	185
12465	3325	273
12466	6033	317
12469	3627	173
12469	3627	188
12470	7309	230
12474	5387	311
12476	2712	606
12479	2030	185
12480	3718	569
12482	2307	185
12483	3708	296
12485	2937	206
12485	2937	263
12487	4806	399
12489	6946	394
12493	5339	517
12494	6720	604
12496	7611	345
12497	5976	443
12500	3482	483
12510	4290	256
12517	11953	342
12519	1734	320
12524	4438	310
12528	4177	340
12528	4177	409
12530	3944	438
12531	3522	185
12533	4055	269
12535	1860	288
12536	3554	545
12541	6130	288
12545	6055	507
12546	4421	250
12550	4576	566
12553	2690	385
12564	4268	532
12574	7145	463
12577	6685	583
12579	2095	556
12583	3766	281
12586	2273	335
12588	7571	587
12591	3152	373
12592	11389	437
12594	3961	573
12598	9449	232
12600	2462	185
12607	9104	378
12613	11592	826
12614	3203	475
12616	2903	323
12616	2903	232
12617	9313	555
12621	7693	546
12623	5955	238
12639	3630	540
12641	3666	498
12643	10982	541
12645	2194	385
12652	6981	581
12657	2802	371
12658	4715	303
12666	4190	572
12667	3134	211
12674	12974	445
12674	12974	687
12675	7017	592
12677	4928	593
12680	7787	285
12690	9984	827
12691	4051	222
12694	6029	517
12700	3515	440
12711	5293	390
12717	7749	614
12717	7749	256
12720	4362	450
12723	3237	550
12724	5365	580
12725	4734	591
12757	4629	646
12761	2295	499
12763	3382	843
12775	5845	613
12778	3146	323
12805	4366	516
12806	3984	323
12806	3984	296
12810	3410	543
12816	2888	615
12828	7141	466
12830	4502	354
12840	2485	339
12846	4429	585
12849	2875	458
12853	2927	474
12855	6964	562
12856	2685	214
12856	2685	198
12858	5360	211
12858	5360	318
12863	3454	371
12867	3774	311
12871	3383	528
12874	3300	211
12881	4101	350
12885	4955	185
12888	4785	230
12894	912	308
12897	1512	293
12900	11737	580
12915	8378	452
12915	8378	594
12916	6568	250
12924	4053	409
12925	6872	424
12932	4130	551
12939	6092	530
12948	1482	356
12953	4763	509
12955	5528	250
12961	5525	418
12970	7342	413
12978	8994	359
12978	8994	262
12979	2237	287
12980	2604	308
12981	4508	648
12993	5158	264
12994	11703	266
12997	2377	185
13000	4181	496
13002	2375	370
13005	4832	604
13011	6235	371
13013	2399	327
13020	6627	488
13020	6627	206
13021	4727	305
13028	7521	379
13029	4478	400
13030	5521	535
13042	3145	331
13049	4809	570
13055	3744	185
13060	3466	394
13063	7500	597
13064	5215	558
13067	3075	641
13074	7959	551
13077	3607	358
13084	1291	401
13085	6264	385
13093	3620	311
13094	7365	232
13096	6476	334
13098	6126	503
13099	7682	403
13099	7682	340
13100	3605	555
13101	4176	321
13102	3550	271
13107	6960	717
13112	2464	360
13115	2499	424
13120	3126	289
13126	6309	359
13127	6560	289
13130	1898	330
13140	2058	359
13146	6017	348
13147	2560	221
13149	2194	621
13150	1626	334
13154	2632	259
13157	3074	387
13157	3074	259
13162	2772	365
13167	1849	200
13177	2903	227
13181	5992	309
13199	4272	358
13200	3727	510
13203	2490	316
13211	2666	322
13220	4744	438
13221	3619	286
13229	3016	598
13230	4029	578
13238	3248	523
13241	8577	356
13247	7423	285
13250	3324	376
13252	12553	619
13254	4635	569
13255	2818	484
13258	6631	451
13258	6631	477
13275	1917	279
13289	4338	328
13295	7645	310
13295	7645	381
13295	7645	340
13295	7645	284
13302	3851	632
13304	3032	215
13311	12198	795
13321	1708	372
13324	7147	379
13325	3002	471
13326	3301	330
13327	4901	631
13327	4901	600
13328	4039	516
13329	7490	506
13347	8759	487
13350	5340	380
13351	7903	569
13357	5776	671
13362	4471	605
13370	12000	330
13373	2392	528
13380	6851	548
13390	6216	258
13396	11624	567
13397	5835	347
13397	5835	378
13398	1772	396
13399	7007	216
13401	5404	719
13404	5566	363
13407	4762	278
13413	5982	215
13416	3804	338
13417	7022	321
13420	4923	336
13425	10971	518
13430	5467	627
13435	4194	266
13435	4194	353
13436	7482	572
13438	7040	370
13439	6695	327
13441	2685	374
13444	5904	519
13449	7247	453
13456	2516	349
13464	3120	570
13466	3406	334
13473	2864	370
13474	3012	352
13476	6636	340
13480	3351	405
13482	8341	452
13483	2375	585
13485	12387	266
13495	2980	238
13506	3659	200
13507	4318	215
13510	6333	586
13511	2983	581
13521	2419	380
13522	1496	215
13529	4188	226
13531	2105	265
13533	6020	509
13534	8245	370
13535	5598	200
13536	3240	237
13537	6048	339
13539	2445	215
13542	2172	272
13543	2529	367
13551	10376	372
13551	10376	319
13553	8904	369
13553	8904	313
13560	11636	412
13562	3138	333
13563	1456	185
13566	2644	415
13570	6814	550
13572	9629	366
13573	7180	333
13577	8393	298
13583	2747	378
13584	4041	298
13594	2856	320
13611	5192	206
13612	5453	494
13612	5453	519
13613	3048	306
13624	3698	504
13629	2708	198
13629	2708	254
13631	2278	482
13638	5254	320
13641	7844	357
13641	7844	318
13644	3033	533
13645	8995	441
13647	3513	505
13651	3475	337
13654	8039	693
13655	7951	540
13656	4035	355
13658	7387	465
13661	2919	516
13675	3794	185
13677	2485	278
13679	2748	185
13685	3733	604
13688	2137	639
13691	8083	672
13692	2919	325
13695	1908	419
13697	9142	501
13699	4716	314
13699	4716	256
13708	4234	605
13711	2342	557
13712	3921	343
13712	3921	269
13715	2244	349
13719	3076	291
13720	12516	603
13724	3669	222
13725	6153	300
13725	6153	281
13726	5871	546
13733	1928	310
13754	2634	310
13765	6645	276
13768	4006	225
13768	4006	296
13792	7100	467
13803	3278	437
13814	2996	245
13821	4128	561
13824	11744	746
13829	11803	565
13844	5151	605
13845	3972	622
13856	3007	530
13859	3702	661
13864	3737	638
13869	4857	238
13872	2194	367
13879	7745	684
13879	7745	501
13886	4090	255
13893	8736	689
13895	3890	285
13898	1182	253
13904	5184	602
13905	3649	324
13912	3734	285
13924	7268	571
13927	3739	269
13929	3015	312
13934	8550	351
13934	8550	295
13937	11135	185
13940	6993	604
13943	3979	627
13952	2799	364
13954	3139	344
13954	3139	268
13960	2794	261
13962	3117	323
13969	5362	347
13970	5917	524
13972	8847	238
13974	10361	239
13974	10361	317
13979	4154	435
13980	4573	624
13988	2461	325
13989	4619	430
13994	8780	497
13994	8780	642
13995	6865	209
13996	2651	381
14001	3018	335
14002	6046	535
14004	6856	461
14014	2029	597
14017	4187	680
14021	4245	405
14026	1776	393
14028	10986	315
14031	5309	518
14038	2914	228
14044	4172	670
14046	11179	554
14048	4183	311
14048	4183	349
14055	4540	561
14057	10776	565
14058	3528	385
14059	2659	361
14063	1983	326
14070	3831	547
14075	2699	412
14076	5971	217
14076	5971	430
14083	2536	424
14092	2911	409
14097	11595	218
14097	11595	197
14098	5276	589
14100	2577	286
14103	1107	238
14105	6546	416
14109	6152	238
14110	2397	389
14114	3497	480
14116	3957	222
14124	6799	525
14124	6799	533
14128	1651	216
14129	3719	347
14139	3383	262
14140	1880	259
14141	4779	476
14147	5345	375
14148	5847	252
14148	5847	351
14155	3029	155
14155	3029	356
14157	7801	674
14166	5699	236
14166	5699	209
14184	1941	273
14186	8297	354
14193	6015	383
14196	11843	396
14197	2913	350
14199	8192	297
14201	4168	536
14203	2375	338
14204	2958	352
14209	2686	278
14211	5035	308
14212	2721	376
14214	1414	238
14215	2236	396
14229	7233	295
14230	7145	504
14238	3984	309
14242	3772	394
14245	3999	344
14247	5046	373
14247	5046	340
14252	7352	572
14254	2965	343
14259	3509	550
14270	3262	281
14272	4792	250
14276	3968	226
14277	2633	438
14281	2417	220
14291	5012	185
14294	8009	373
14294	8009	382
14295	3112	371
14301	2848	255
14302	3610	339
14313	8970	319
14315	2489	341
14327	3257	291
14329	3451	227
14332	8257	227
14332	8257	257
14332	8257	335
14334	1616	249
14336	7336	185
14339	4691	245
14340	7317	494
14341	4500	494
14347	3589	332
14348	3323	336
14348	3323	304
14351	4216	288
14352	7141	200
14355	3211	315
14355	3211	363
14357	2852	185
14359	4598	505
14360	3423	294
14363	4544	370
14364	7715	457
14368	3330	288
14373	3680	373
14374	8594	544
14377	7901	299
14382	4708	607
14394	4520	540
14396	4644	331
14402	7548	576
14404	10145	309
14404	10145	368
14416	3973	353
14418	3875	262
14418	3875	365
14419	5508	535
14427	6453	345
14429	5461	553
14439	3045	326
14440	2722	654
14445	5359	580
14446	3501	263
14446	3501	173
14447	7150	320
14448	3440	318
14452	4545	334
14459	9490	354
14463	3257	301
14464	8567	575
14468	4924	649
14470	3387	366
14473	2757	185
14474	4519	515
14475	8915	255
14478	1771	284
14486	5036	356
14488	2891	232
14493	3521	340
14496	2696	425
14498	7252	321
14501	4037	393
14501	4037	274
14504	4005	211
14505	9753	851
14506	9791	250
14506	9791	360
14507	4444	211
14511	2983	337
14513	4411	289
14513	4411	350
14519	3731	565
14525	3908	290
14525	3908	200
14526	2860	388
14538	7083	441
14544	2311	315
14550	5079	375
14553	3754	663
14560	5593	268
14562	1383	290
14573	8851	530
14575	5355	638
14576	4170	606
14579	3333	220
14579	3333	308
14582	3370	416
14583	3996	280
14585	2562	200
14586	6237	368
14587	8374	486
14587	8374	373
14591	4186	590
14594	2666	316
14595	6560	460
14603	10743	435
14617	6012	285
14620	6815	253
14627	6557	324
14630	11028	464
14635	4606	693
14638	2828	366
14638	2828	348
14639	4726	578
14642	2576	285
14648	7691	417
14653	4509	583
14654	3263	270
14661	6002	371
14667	5067	365
14668	1887	340
14676	4717	185
14683	3324	566
14703	9931	597
14704	10991	185
14704	10991	351
14712	971	185
14717	5393	361
14721	2424	402
14730	3520	535
14737	3664	298
14737	3664	259
14739	4137	634
14741	4161	172
14743	4268	584
14746	9214	472
14746	9214	483
14752	7036	256
14755	2143	365
14758	8400	451
14761	7347	325
14762	4879	367
14767	8182	441
14768	5788	528
14770	5491	359
14777	3771	378
14780	2030	255
14782	11063	522
14787	12177	374
14787	12177	364
14793	3510	374
14795	5093	518
14800	1628	373
14803	11735	314
14803	11735	409
14805	3651	439
14805	3651	200
14807	2784	359
14809	3057	441
14810	2460	227
14817	13078	211
14817	13078	388
14819	7972	282
14819	7972	371
14822	2541	233
14825	5129	558
14831	1931	345
14832	5420	322
14834	4115	251
14835	4251	477
14836	2139	536
14842	4610	488
14850	9493	550
14852	5865	215
14853	3887	447
14854	9705	245
14859	1485	248
14864	9005	414
14866	4675	229
14866	4675	588
14869	2755	298
14871	4093	410
14874	5011	251
14877	2424	458
14881	3015	637
14883	5838	369
14884	1708	384
14887	2409	476
14890	3104	329
14892	1924	363
14894	4311	185
14896	2532	200
14902	3067	381
14906	4637	397
14906	4637	369
14908	902	424
14921	3232	475
14929	13230	291
14929	13230	553
14938	5490	291
14939	2477	336
14943	2685	403
14952	10615	369
14952	10615	309
14967	3364	270
14970	6841	435
14971	2097	371
14974	5095	590
14977	1227	185
14981	5157	404
14983	4188	466
14988	5831	350
14989	2715	237
14991	2008	353
14992	2978	448
15005	3871	444
15007	4665	456
15008	1609	216
15012	5593	401
15014	5148	368
15014	5148	344
15025	3606	370
15026	8760	469
15026	8760	423
15029	4943	185
15032	2390	324
15038	1496	185
15045	6645	298
15047	2811	267
15050	9357	221
15052	4660	371
15070	5416	344
15071	2118	363
15078	2933	542
15086	4543	269
15093	3911	249
15096	9534	408
15096	9534	185
15106	6162	332
15110	8696	345
15113	6871	325
15118	4722	458
15121	5123	357
15121	5123	255
15122	2369	254
15123	11642	393
15136	9411	248
15138	8181	250
15139	2416	298
15139	2416	314
15140	2693	276
15142	3003	497
15143	10459	227
15145	5391	335
15151	3853	450
15168	5040	305
15168	5040	357
15174	3308	365
15175	4526	289
15176	7427	334
15178	6482	313
15178	6482	318
15179	4320	206
15188	11587	525
15190	6350	200
15190	6350	314
15190	6350	238
15192	9485	409
15201	10270	366
15205	4363	316
15206	1690	383
15209	7884	530
15217	3951	459
15218	2809	185
15223	12332	384
15223	12332	303
15237	10801	236
15239	3497	276
15240	3070	260
15245	2018	397
15247	7702	416
15249	7360	200
15249	7360	464
15253	2706	255
15262	4754	314
15264	4152	490
15272	2324	442
15281	1693	430
15282	4940	420
15292	5879	468
15293	2640	457
15294	3060	359
15296	5246	304
15298	6490	208
15298	6490	305
15302	2474	530
15306	10297	200
15308	3401	185
15310	4049	796
15316	4823	298
15317	5033	245
15326	4265	262
15328	3514	647
15332	3004	227
15335	4027	211
15343	7635	255
15344	1663	340
15348	7359	311
15349	7146	466
15355	3568	382
15355	3568	367
15364	2343	243
15369	2303	599
15375	3579	323
15375	3579	287
15386	2930	518
15387	5822	548
15393	3368	654
15400	2550	449
15401	4657	413
15404	12678	304
15411	10717	437
15411	10717	216
15415	3814	299
15421	4128	575
15423	4150	366
15424	6434	518
15437	6823	211
15441	3209	517
15444	5355	185
15454	10838	344
15456	2615	185
15460	8224	526
15461	3123	591
15464	4396	351
15465	6672	261
15470	4242	377
15476	3985	556
15477	1663	243
15479	4005	611
15482	7959	273
15484	2241	446
15486	4687	377
15489	7052	401
15492	2082	476
15494	8774	528
15500	2992	420
15503	12468	858
15503	12468	837
15506	4900	312
15509	5704	185
15509	5704	327
15511	2193	261
15514	13031	578
15521	4943	426
15525	9251	485
15529	10589	278
15529	10589	221
15530	12625	394
15534	3558	253
15538	2985	267
15542	2256	216
15549	5530	370
15555	3990	405
15557	4465	422
15559	9807	272
15559	9807	548
15560	6523	277
15562	3220	300
15573	11382	304
15573	11382	406
15597	1783	359
15598	12096	406
15601	7711	313
15602	1175	233
15604	8606	337
15612	5354	274
15614	6921	270
15617	2734	475
15618	3141	306
15622	2993	816
15623	4493	445
15624	6001	496
15628	3903	435
15631	5699	488
15634	11774	406
15639	4836	315
15641	7054	412
15644	7378	201
15644	7378	237
15646	10313	551
15650	12188	211
15657	4736	540
15662	5899	440
15672	8389	717
15678	3044	470
15680	4905	267
15684	8787	470
15686	5576	286
15687	6836	496
15695	2368	319
15697	8008	567
15708	5974	412
15710	4255	542
15714	6829	290
15718	2111	462
15719	2400	345
15723	2461	320
15724	7347	570
15726	5542	304
15727	6398	567
15730	7814	411
15736	5728	471
15741	2287	490
15742	5070	381
15746	3626	539
15749	1752	547
15751	7185	566
15755	3045	383
15759	2186	327
15771	4909	433
15772	7786	227
15774	6900	522
15775	1150	299
15783	3309	227
15784	4154	534
15786	5523	389
15790	1542	267
15796	4056	333
15797	4311	332
15799	2550	308
15808	5911	459
15820	6174	603
15825	2899	703
15829	3642	261
15831	2513	253
15832	2630	678
15833	2773	338
15835	4488	539
15836	3223	328
15839	2523	440
15841	3425	227
15841	3425	342
15849	10078	645
15854	8180	547
15855	4205	577
15856	2224	185
15858	6831	642
15859	6994	384
15870	3093	320
15870	3093	382
15872	2909	318
15873	4996	377
15875	4194	554
15879	6317	446
15882	6124	333
15884	3895	414
15885	3859	251
15886	3454	352
15887	5493	663
15892	2716	331
15893	5212	607
15894	3898	185
15899	2102	303
15901	3291	349
15906	5997	317
15906	5997	215
15909	4827	326
15909	4827	216
15911	4209	335
15913	5245	449
15914	7925	519
15915	2357	479
15917	2312	327
15918	2944	552
15920	3668	538
15924	8154	507
15934	5809	524
15935	5382	410
15937	855	238
15939	5764	356
15941	1434	211
15944	3619	185
15945	3290	283
15948	3254	384
15961	3605	349
15961	3605	256
15964	5807	185
15969	5887	185
15970	2733	200
15973	5916	335
15973	5916	301
15979	4165	448
15980	4259	547
15982	2901	448
15989	3090	619
15990	4783	227
15994	3972	185
16001	3255	299
16002	4606	569
16007	3378	558
16013	8933	608
16021	4007	501
16022	3661	238
16023	3791	269
16028	7172	550
16028	7172	551
16029	2125	310
16030	1835	265
16032	10037	342
16035	3283	312
16035	3283	200
16038	3759	349
16039	2702	227
16040	3778	691
16044	5366	238
16045	3585	352
16046	3310	292
16047	2432	387
16048	4977	423
16049	2222	652
16052	4309	499
16062	2611	297
16075	1819	283
16076	1881	291
16080	6874	275
16081	5132	565
16086	6642	414
16091	4057	200
16092	5778	432
16092	5778	243
16095	2842	326
16096	2689	241
16100	6198	568
16103	3392	290
16108	5954	340
16111	4474	465
16119	5229	617
16123	3170	324
16131	5829	629
16138	5357	554
16139	4595	414
16141	4111	659
16143	5758	277
16147	2669	475
16151	2540	222
16154	5150	302
16155	5570	185
16157	2943	330
16166	4469	663
16180	4796	518
16185	7798	452
16192	9918	470
16194	5371	622
16196	8484	185
16198	4441	402
16198	4441	451
16199	8364	250
16199	8364	405
16206	8719	478
16208	5270	526
16211	6264	324
16213	3359	808
16219	2898	598
16222	9320	627
16222	9320	462
16226	5363	314
16228	7431	622
16233	5344	222
16234	9079	350
16238	5302	392
16240	2571	491
16241	3527	278
16243	2457	272
16247	7847	250
16247	7847	237
16248	7308	331
16249	2527	629
16257	7831	494
16261	8319	398
16262	3783	422
16268	8334	398
16271	5668	633
16274	4260	580
16278	4987	311
16279	1839	305
16281	4805	543
16288	4963	425
16290	3274	372
16291	4647	640
16292	7144	435
16294	5972	238
16295	9873	621
16297	2844	314
16298	4439	944
16303	6548	328
16308	4538	443
16309	5135	485
16312	5312	327
16313	5565	185
16314	2471	410
16316	4785	530
16318	4644	239
16319	6513	526
16320	5650	774
16322	9846	570
16325	3951	625
16327	3137	562
16333	4198	185
16337	3418	647
16350	8984	769
16355	3269	510
16356	4806	361
16358	9948	333
16362	4733	832
16369	5058	261
16373	6447	714
16382	4149	661
16384	3634	305
16387	7132	518
16388	4306	706
16389	6684	155
16389	6684	818
16391	4343	681
16392	9403	222
16393	4868	526
16401	5611	309
16402	3919	440
16403	2994	457
16404	3950	631
16417	7630	701
16417	7630	494
16425	5339	490
16428	7401	649
16431	3533	496
16441	5689	606
16442	8599	618
16444	6167	798
16445	2771	582
16447	3323	411
16459	5695	547
16463	6310	381
16470	8009	613
16473	3878	556
16477	4755	566
16484	5963	701
16485	5500	620
16487	5743	525
16488	4620	903
16489	6014	709
16490	4488	233
16492	5176	750
16493	5316	468
16497	7388	469
16497	7388	610
16501	4338	489
16502	3057	454
16504	6401	695
16504	6401	298
16516	6011	338
16526	5939	551
16530	2184	509
16531	3891	349
16536	5611	692
16539	7957	479
16539	7957	277
16540	3687	637
16545	3240	533
16550	2605	574
16551	3871	633
16559	8926	359
16559	8926	408
16570	3343	179
16570	3343	178
16571	3693	215
16572	3888	705
16575	4605	326
16580	4774	692
16583	4571	624
16584	4608	594
16588	2262	261
16589	3167	549
16591	4192	355
16598	2415	364
16599	9153	530
16606	4569	578
16611	7109	302
16612	3846	437
16619	2613	649
16622	4064	419
16627	8424	557
16627	8424	334
16627	8424	378
16628	2982	451
16636	4902	914
16637	2237	392
16639	6083	238
16640	9406	425
16640	9406	568
16642	4872	260
16645	5807	469
16649	4624	557
16650	7186	594
16652	2031	376
16653	3747	586
16660	9440	399
16661	3181	736
16662	4810	206
16670	8999	354
16673	3995	553
16677	3940	599
16681	9856	215
16682	2586	245
16694	4427	631
16697	6930	538
16697	6930	657
16704	5886	345
16706	5074	511
16708	3954	671
16712	3391	405
16713	1368	326
16714	3181	302
16724	7919	630
16727	5169	427
16737	3513	409
16740	2290	365
16741	4552	682
16750	5927	587
16751	2677	430
16756	3767	514
16758	8126	482
16759	2999	572
16763	4203	237
16763	4203	347
16768	6754	312
16769	3244	267
16771	8464	940
16773	2137	325
16775	6355	373
16780	4790	344
16783	1831	337
16793	7472	395
16793	7472	600
16794	2399	392
16797	2619	291
16799	2591	319
16801	1921	321
16802	3003	216
16812	3384	445
16815	3270	243
16819	2684	323
16820	2007	310
16825	4169	616
16827	1940	378
16836	3276	256
16837	7753	522
16837	7753	455
16839	2143	261
16844	3340	366
16847	4187	331
16849	6228	325
16852	7051	255
16854	3531	185
16855	3595	239
16855	3595	274
16857	7223	368
16858	5042	227
16858	5042	269
16859	2651	328
16862	4450	612
16867	2535	322
16868	8354	807
16870	3825	185
16877	3572	295
16882	2581	524
16891	1886	230
16893	2715	272
16899	2308	486
16901	2238	291
16903	3599	580
16909	3761	329
16911	4022	539
16912	2524	409
16913	2929	909
16918	2871	609
16921	3578	362
16922	2085	292
16932	8795	605
16933	5121	185
16934	3686	392
16944	5060	185
16946	5441	340
16947	2634	355
16947	2634	245
16950	4101	287
16958	4780	510
16958	4780	366
16966	4995	505
16966	4995	540
16967	4956	533
16971	5456	581
16974	4764	563
16975	4484	623
16977	1531	273
16978	2077	206
16980	4688	397
16981	4542	274
16982	10091	332
16982	10091	521
16983	3709	379
16987	6231	581
16988	5335	398
16991	4265	530
16993	4541	447
16995	2658	343
17001	2747	232
17002	3305	603
17006	8624	448
17008	3954	442
17017	4847	585
17018	4256	642
17021	4021	369
17021	4021	349
17025	6222	576
17031	5330	340
17033	6275	338
17040	3544	385
17044	2467	286
17045	5627	185
17048	2585	811
17051	3898	378
17051	3898	271
17052	1391	316
17053	5060	356
17055	5441	451
17059	1807	288
17061	4958	300
17063	3253	185
17073	8353	341
17078	9111	603
17078	9111	227
17078	9111	235
17079	3213	293
17081	2684	361
17082	6122	424
17088	2748	310
17093	3988	195
17093	3988	398
17099	3370	324
17107	6173	582
17110	5510	614
17111	3089	404
17111	3089	315
17114	3418	449
17116	4289	536
17121	6820	322
17122	1443	416
17123	4018	259
17129	4887	460
17131	3862	200
17132	4397	404
17134	4962	589
17134	4962	206
17135	2593	303
17137	3671	352
17144	2286	185
17148	2328	350
17155	3116	337
17159	7564	337
17167	8778	288
17169	8159	215
17171	5779	310
17174	3685	344
17184	4094	318
17186	6774	361
17190	1034	341
17192	3777	286
17194	2161	566
17199	1002	399
17200	6260	303
17200	6260	379
17201	4047	527
17201	4047	398
17205	6468	215
17208	2604	303
17214	1730	344
17217	3597	299
17221	4713	342
17222	5475	336
17224	9089	325
17229	897	239
17236	3075	339
17237	2399	384
17239	3373	397
17242	9856	538
17242	9856	306
17247	1999	383
17254	2074	185
17261	3311	350
17265	4444	600
17266	5172	328
17271	2913	269
17274	2540	386
17277	3078	315
17278	7986	571
17279	9112	618
17281	2501	579
17282	5843	236
17297	6275	675
17302	3459	466
17303	4045	510
17305	3101	261
17306	6031	293
17309	5244	414
17309	5244	384
17319	3662	334
17323	1877	268
17325	3806	389
17328	2276	333
17329	6026	608
17332	4026	423
17335	10202	602
17340	5638	185
17342	4531	477
17342	4531	389
17353	2048	185
17354	4248	363
17354	4248	261
17364	1483	254
17366	5471	301
17373	1781	185
17376	2821	336
17378	3636	377
17382	5141	626
17384	3241	266
17385	3618	557
17389	5485	156
17389	5485	269
17390	6999	372
17394	8963	606
17400	7118	383
17402	5082	443
17402	5082	652
17410	1382	271
17415	4459	307
17420	3168	274
17420	3168	438
17423	1608	273
17425	3749	487
17427	6897	582
17440	10114	345
17448	6299	750
17450	2725	373
17454	5221	392
17458	5085	504
17460	7960	618
17463	2280	348
17465	2154	320
17467	3991	428
17468	5800	426
17471	2836	385
17489	4372	342
17499	9684	345
17499	9684	352
17511	2953	561
17519	4505	601
17521	3455	465
17527	3362	345
17528	2369	432
17529	3470	433
17531	6169	839
17547	5649	869
17551	3597	285
17555	1749	467
17556	6104	394
17556	6104	673
17569	4853	295
17578	5301	386
17578	5301	493
17582	5330	369
17584	5629	422
17586	4105	669
17588	3137	238
17589	6123	617
17591	1665	298
17596	3313	406
17603	4708	289
17606	4031	309
17614	7046	224
17614	7046	190
17615	4197	524
17619	4552	248
17620	5049	571
17629	2686	320
17632	4348	563
17638	4761	584
17646	6531	656
17647	3164	523
17648	3687	512
17649	4454	774
17652	1568	389
17659	2738	316
17664	1952	244
17669	3963	585
17677	4359	368
17687	3428	185
17689	1460	292
17691	5115	979
17695	3996	385
17697	2737	318
17701	5774	617
17703	9441	486
17708	4096	298
17709	5693	545
17710	8508	448
17710	8508	487
17713	1599	358
17716	8568	484
17718	4643	385
17719	5872	478
17727	4739	719
17729	8116	557
17742	7663	528
17743	3407	444
17746	5043	332
17751	4214	586
17753	7043	550
17758	4244	575
17760	8240	544
17764	2541	222
17775	5232	390
17782	6674	732
17791	5299	493
17792	6130	569
17801	970	249
17803	3610	364
17805	1111	286
17811	3269	384
17812	9045	305
17815	5862	239
17816	9272	630
17821	3787	216
17821	3787	280
17822	4319	407
17831	2189	426
17833	3975	264
17840	696	200
17841	3503	681
17850	4051	185
17851	7441	200
17854	4408	303
17854	4408	376
17855	6256	264
17856	8947	547
17857	7516	465
17859	4282	611
17861	7495	692
17862	1977	359
17863	4345	602
17868	2923	376
17873	3566	536
17875	3556	470
17878	2419	317
17880	5878	578
17891	2841	242
17894	7438	325
17896	3867	562
17897	2170	377
17898	9388	428
17900	7605	450
17901	7773	477
17903	4844	296
17904	9416	437
17905	2543	320
17909	5604	599
17909	5604	541
17910	5756	372
17913	3555	303
17915	4466	566
17917	4584	477
17930	5379	292
17931	5405	453
17932	1841	247
17934	3202	323
17941	2984	448
17942	7892	863
17953	8534	388
17954	3814	222
17954	3814	385
17964	2076	347
17968	4928	611
17969	9273	272
17969	9273	382
17971	6766	200
17974	3484	561
17980	3406	425
17996	5570	589
17996	5570	427
18000	10253	909
18001	4807	316
18001	4807	312
18003	8330	238
18005	6200	607
18010	3754	289
18014	8742	764
18018	6663	254
18019	3828	444
18021	8930	174
18021	8930	230
18031	8834	875
18032	8232	290
18034	4528	488
18040	8099	352
18040	8099	362
18041	3643	282
18044	2275	338
18045	3721	317
18045	3721	325
18046	1375	185
18051	4816	740
18052	3874	312
18053	3351	562
18054	2650	398
18057	4508	295
18063	2708	327
18071	1968	440
18082	4094	435
18090	3705	304
18090	3705	232
18095	4976	620
18097	7678	572
18100	3814	300
18100	3814	216
18101	7006	185
18106	6108	298
18107	4033	626
18112	3486	310
18123	2369	275
18129	3599	404
18131	1849	338
18133	2100	398
18141	3334	464
18145	2632	302
18148	4433	319
18157	4072	307
18166	1619	234
18169	1932	330
18170	5814	339
18172	5592	200
18173	5957	425
18174	2636	176
18176	5165	249
18178	4985	629
18180	2501	338
18181	11374	354
18184	3188	238
18185	3635	463
18191	8376	232
18199	1841	303
18209	9687	620
18214	5047	452
18216	1818	364
18223	1599	407
18228	7762	238
18229	2335	322
18230	2362	378
18231	2803	401
18233	2287	425
18235	8140	537
18236	3381	261
18239	9031	426
18240	4933	473
18246	3449	290
18248	3822	379
18248	3822	306
18250	2930	273
18254	5021	276
18260	6039	237
18261	6009	465
18262	5675	537
18279	2266	351
18284	5639	329
18288	2577	211
18290	5549	268
18291	3310	415
18293	7609	310
18298	5019	372
18298	5019	359
18299	3214	347
18305	2751	352
18308	3895	361
18314	4279	291
18318	1829	273
18319	5822	315
18323	12202	540
18328	3139	351
18332	3219	314
18334	4794	238
18335	4630	314
18340	3228	347
18341	4633	304
18347	3123	326
18348	2044	400
18349	3415	562
18351	3751	351
18354	3574	311
18358	10805	292
18362	5865	323
18371	3628	249
18373	4589	284
18374	2427	543
18385	7515	244
18389	1952	248
18396	3031	364
18398	6217	339
18398	6217	582
18406	2668	357
18412	1287	286
18418	8056	272
18422	2563	336
18432	1299	248
18436	5070	389
18440	2082	174
18440	2082	198
18441	6494	495
18443	2247	284
18448	4544	309
18453	8476	492
18453	8476	467
18463	12769	366
18465	1692	185
18467	6929	596
18472	3273	257
18478	2505	236
18480	4883	426
18488	7971	238
18491	2768	346
18492	2097	281
18501	6577	488
18505	8995	311
18511	5267	586
18517	7838	508
18517	7838	597
18521	12663	677
18536	12367	266
18540	5204	395
18543	9942	433
18551	6752	544
18554	3976	429
18560	2940	294
18567	5261	534
18570	12406	501
18573	5003	534
18578	12561	185
18578	12561	318
18579	3271	405
18584	10304	273
18587	2088	404
18589	1806	424
18593	7549	412
18597	2410	594
18603	4514	250
18607	3443	192
18607	3443	275
18608	8961	600
18613	5650	200
18614	9635	584
18618	6870	233
18622	2445	582
18631	5743	539
18632	10560	234
18634	4648	383
18635	1690	337
18652	5890	513
18653	5528	545
18655	3392	406
18656	2908	218
18656	2908	219
18660	6823	701
18661	2809	156
18661	2809	253
18668	3456	762
18672	8718	215
18676	3959	639
18680	7362	649
18682	6545	504
18693	11190	636
18693	11190	600
18695	9144	363
18698	5725	379
18698	5725	455
18706	3983	351
18709	5996	329
18710	4549	436
18712	2407	473
18723	6661	221
18736	5274	211
18743	6746	279
18752	3475	474
18754	4404	568
18762	6891	441
18764	3748	178
18764	3748	124
18772	984	200
18782	11707	421
18782	11707	593
18786	7641	307
18791	7759	570
18797	2100	659
18805	10658	244
18810	2873	513
18811	2139	397
18816	1462	277
18823	5729	200
18848	6290	360
18855	9124	626
18859	7605	401
18861	9871	441
18861	9871	491
18862	1450	230
18867	7775	736
18875	8307	491
18876	11591	241
18876	11591	338
18881	3241	605
18884	2928	200
18888	3072	492
18897	4235	434
18899	10656	399
18900	8417	421
18900	8417	433
18905	2201	290
18906	9722	302
18907	7626	528
18910	4031	345
18913	3280	581
18919	3258	249
18920	3958	560
18930	4870	518
18936	8963	550
18938	1985	185
18939	3447	526
18941	8855	309
18950	2866	457
18951	1990	421
18954	12573	551
18954	12573	270
18961	2998	595
18963	5080	588
18970	2937	633
18973	2577	297
18977	4745	361
18978	3449	323
18983	3660	597
18997	2367	343
19001	1613	318
19014	3694	310
19015	2758	234
19017	2274	282
19018	7939	569
19023	10195	200
19041	8327	502
19041	8327	560
19048	4033	575
19054	4941	490
19056	4293	434
19058	2607	309
19058	2607	340
19065	3828	502
19067	1483	277
19068	10530	143
19068	10530	174
19068	10530	206
19069	3654	498
19073	7736	296
19077	1809	304
19080	3109	435
19085	6963	315
19088	3747	290
19093	2835	479
19100	5482	486
19103	11541	200
19109	7330	294
19112	4680	266
19112	4680	300
19114	6145	432
19118	5569	457
19120	6548	536
19123	6336	555
19126	5373	238
19135	6888	315
19136	7532	356
19138	8217	319
19140	5021	544
19144	5487	350
19150	7673	362
19152	5231	549
19169	6139	509
19174	1902	319
19185	2578	327
19200	4794	371
19202	5043	376
19204	2122	298
19205	11697	499
19206	4762	206
19208	2785	304
19213	10142	298
19213	10142	185
19213	10142	261
19216	4747	279
19222	5084	492
19224	3814	484
19229	3473	354
19237	9663	592
19252	1635	244
19255	5288	292
19257	3697	324
19265	2530	351
19277	8071	369
19280	5883	359
19280	5883	389
19289	2834	347
19292	2792	350
19294	1732	237
19305	3986	518
19307	1130	363
19312	4728	421
19313	1244	316
19324	10456	227
19334	3318	200
19343	8351	334
19346	6240	291
19355	3138	233
19361	3619	185
19363	5185	426
19365	5820	388
19371	2791	315
19379	2533	266
19380	5402	402
19382	3825	252
19385	3020	242
19387	2146	352
19388	2615	313
19393	3984	289
19393	3984	222
19394	3013	370
19399	2365	372
19400	6063	255
19401	1529	291
19402	4845	364
19405	2704	296
19407	2624	244
19419	1919	297
19424	4476	253
19425	2377	334
19430	3126	303
19433	4641	314
19435	2541	335
19438	3729	185
19441	2265	370
19450	3497	233
19456	5447	221
19458	2618	317
19462	5183	313
19464	2798	215
19467	1892	353
19477	2222	268
19490	1755	338
19494	5340	316
19496	3601	257
19497	1942	244
19500	5092	272
19503	7135	305
19503	7135	306
19506	9086	222
19506	9086	260
19507	6320	472
19507	6320	573
19522	1084	215
19528	4954	247
19531	3873	345
19533	4380	476
19534	2456	497
19545	3455	316
19546	4114	657
19547	5924	323
19552	1088	228
19553	2716	278
19555	3981	289
19556	3485	211
19558	2779	335
19561	3473	341
19563	5010	317
19564	11113	502
19568	7566	362
19576	3724	527
19577	3230	421
19588	4576	233
19589	2520	185
19592	4674	276
19596	4280	597
19597	3379	232
19602	3345	388
19607	6210	322
19615	8290	813
19623	8756	409
19629	5832	271
19631	3341	523
19636	4501	592
19637	2551	539
19640	4904	571
19650	7429	402
19659	2180	258
19662	4405	531
19670	6069	227
19678	5483	625
19683	3521	379
19688	7942	599
19697	5523	586
19699	3959	199
19699	3959	176
19700	5111	448
19705	4497	298
19706	5785	168
19706	5785	169
19719	9869	474
19719	9869	239
19720	9609	357
19731	8288	238
19735	9137	126
19736	6035	560
19738	8024	717
19744	4244	448
19747	5352	453
19754	2711	548
19755	3639	512
19756	2892	533
19771	1585	363
19777	3887	600
19778	3906	340
19779	3189	760
19783	11249	200
19785	7443	395
19794	2832	635
19796	4303	443
19797	2822	486
19798	5018	475
19804	7366	342
19808	12132	338
19808	12132	543
19810	1925	477
19811	9185	238
19811	9185	275
19814	5504	211
19815	11300	500
19815	11300	445
19823	5423	372
19831	2816	579
19836	5833	261
19837	7176	424
19841	8282	451
19843	3263	443
19854	3770	411
19855	8863	310
19856	4689	562
19870	4105	194
19872	4699	427
19872	4699	185
19873	2386	300
19874	3081	353
19878	8771	314
19880	10376	407
19881	5295	799
19884	10067	826
19887	2314	476
19900	8265	338
19902	12342	586
19908	2550	185
19910	1814	227
19914	7842	206
19918	4100	390
19925	1731	494
19933	5522	382
19934	1779	520
19936	4429	312
19938	3495	526
19940	2680	516
19943	8342	429
19943	8342	413
19951	2857	327
19953	5189	298
19956	3934	786
19957	9469	346
19961	8881	567
19961	8881	508
19961	8881	458
19964	1397	324
19967	6169	524
19972	10646	558
19972	10646	451
19975	9990	185
19976	7868	568
19983	3766	384
19984	5412	449
19987	3828	211
20010	7647	358
20014	3256	356
20015	5311	544
20023	1261	351
20024	2500	185
20025	3337	311
20029	3946	470
20031	4963	230
20045	2923	334
20046	2467	243
20053	8806	244
20057	6774	314
20083	9832	320
20084	4158	476
20092	3314	596
20105	3940	630
20112	3170	464
20115	7828	442
20117	7539	482
20119	2240	371
20127	8703	227
20130	1366	396
20134	10112	241
20135	2426	250
20143	2300	222
20146	2667	226
20149	7334	561
20152	8411	335
20152	8411	455
20155	1654	251
20157	3974	311
20161	5390	681
20170	4330	553
20171	1670	135
20171	1670	152
20172	7586	185
20183	3648	185
20184	5365	464
20193	12470	298
20200	4104	331
20200	4104	339
20208	6717	474
20209	4606	514
20214	3325	461
20217	4569	359
20222	2374	211
20222	2374	305
20228	3580	308
20229	4146	500
20230	2422	550
20234	12392	606
20235	4065	600
20242	6219	521
20242	6219	518
20250	2728	507
20258	2240	357
20269	2660	537
20280	4826	221
20280	4826	297
20283	10188	252
20284	5105	557
20286	2202	248
20289	4323	609
20290	3378	644
20291	8765	624
20293	3755	339
20296	6820	608
20304	4530	299
20307	3155	779
20308	13424	237
20310	4930	301
20311	4140	563
20313	5524	280
20313	5524	226
20322	2702	498
20328	7695	215
20328	7695	388
20332	7117	486
20335	3793	374
20336	3898	612
20341	9874	316
20341	9874	322
20341	9874	332
20342	9395	502
20343	4249	516
20344	3169	211
20346	9739	490
20347	5544	299
20349	9997	452
20351	11272	388
20357	6014	653
20364	2473	318
20367	5671	620
20369	4475	303
20372	3660	381
20375	8609	551
20377	8880	369
20380	3043	468
20386	5229	269
20387	8095	455
20404	3450	185
20409	6105	333
20414	6696	279
20417	3334	306
20418	5631	445
20421	5061	327
20423	6415	513
20429	7882	296
20430	3730	620
20432	4025	375
20434	9741	365
20437	3822	289
20444	4408	267
20445	8756	349
20445	8756	352
20445	8756	371
20449	2906	326
20450	4189	241
20452	5615	266
20454	2299	305
20465	4838	566
20466	9943	376
20472	4871	587
20474	3850	312
20481	4903	249
20485	4985	398
20491	3732	262
20496	5872	652
20499	10640	227
20502	2788	328
20503	3940	600
20507	2258	355
20509	1839	347
20512	8508	539
20512	8508	243
20514	6332	323
20514	6332	312
20515	2943	624
20516	6094	288
20517	10794	291
20519	3030	418
20521	6109	461
20521	6109	397
20527	5497	344
20527	5497	564
20536	7977	455
20545	3131	141
20545	3131	185
20549	3724	612
20558	4412	359
20561	5072	378
20564	10207	336
20566	8394	424
20568	7235	511
20572	6969	251
20573	13346	355
20573	13346	349
20575	11543	241
20584	4222	442
20585	8359	293
20586	7721	237
20590	3916	329
20594	10281	296
20596	4559	185
20604	6638	482
20605	3592	937
20607	6399	477
20612	6997	340
20613	7323	300
20616	4227	323
20616	4227	265
20618	1798	200
20620	6259	313
20636	7557	336
20638	6928	442
20645	5990	296
20659	7541	543
20660	8600	335
20665	8611	280
20665	8611	185
20672	3649	185
20674	10247	493
20678	2447	619
20683	2420	517
20684	9924	211
20686	6840	261
20697	1523	435
20698	5991	483
20710	5495	278
20710	5495	379
20712	3598	484
20712	3598	280
20716	9465	354
20719	6062	457
20722	3461	623
20732	7922	534
20736	3864	336
20742	10571	356
20742	10571	311
20746	7636	346
20756	4711	547
20767	10567	613
20769	3225	631
20774	4737	592
20776	6488	594
20786	10874	847
20787	2087	488
20791	11558	490
20793	8907	600
20794	4023	707
20800	6182	357
20805	3724	211
20818	5460	291
20819	4464	439
20825	5503	516
20828	3844	200
20830	11032	586
20830	11032	362
20836	3902	604
20843	11776	526
20843	11776	250
20851	5594	476
20855	8477	444
20856	8554	530
20867	7957	581
20869	9016	330
20869	9016	394
20879	2485	272
20882	3169	303
20883	7324	287
20885	12129	244
20885	12129	523
20889	9558	277
20891	3727	331
20891	3727	140
20892	2988	479
20897	12204	273
20901	4826	333
20903	3363	436
20904	1751	356
20906	5444	607
20912	1464	444
20921	14236	333
20923	7713	485
20928	7677	503
20928	7677	419
20943	4868	522
20953	4732	478
20961	7132	200
20962	9350	549
20964	3833	185
20971	2630	557
20978	5704	339
20986	4146	368
20994	5278	524
20995	3648	325
21001	4591	343
21003	8373	371
21018	3935	535
21024	4505	349
21032	7848	499
21034	8697	200
21034	8697	354
21035	9242	292
21038	10431	304
21039	5693	551
21042	10014	316
21042	10014	621
21042	10014	320
21045	2636	297
21046	6801	289
21046	6801	304
21047	7845	186
21053	2797	353
21060	13285	394
21068	3378	587
21071	6512	345
21073	4773	419
21074	2794	396
21076	8846	429
21080	7099	200
21080	7099	593
21095	2579	364
21102	3682	310
21107	4212	348
21114	6312	222
21129	9062	590
21137	4444	370
21139	9314	415
21140	1440	303
21147	1678	243
21156	6851	266
21157	8205	322
21160	4339	554
21164	4831	638
21167	7314	424
21177	11278	731
21179	8475	185
21184	1841	294
21186	2295	338
21188	9312	270
21188	9312	532
21192	14422	505
21192	14422	185
21195	2541	248
21197	3925	357
21201	7761	416
21206	3328	575
21209	10310	443
21210	3973	366
21220	5170	362
21225	3381	312
21226	3115	469
21228	8175	654
21236	5435	216
21247	11060	762
21261	9492	350
21275	13197	235
21277	3125	383
21278	11376	569
21284	4731	432
21286	4316	338
21288	9696	582
21292	5270	211
21295	12788	523
21300	11497	463
21300	11497	174
21300	11497	232
21303	4551	237
21303	4551	435
21304	9978	626
21306	6444	580
21307	9673	230
21311	6299	453
21311	6299	435
21317	3818	222
21322	9662	422
21322	9662	540
21337	12198	510
21353	7833	515
21362	4488	335
21388	12584	572
21391	7949	372
21392	5508	335
21399	4670	316
21408	4266	583
21412	4584	495
21427	4808	185
21429	3454	540
21430	1986	349
21432	2168	227
21435	3131	457
21441	7497	417
21446	2853	330
21464	5464	284
21465	7648	614
21468	2871	309
21470	7382	311
21470	7382	311
21482	3242	321
21487	3913	302
21489	10492	298
21489	10492	310
21490	5912	585
21500	2359	356
21501	10400	343
21515	4368	185
21525	6262	295
21532	7233	288
21532	7233	236
21533	7434	554
21534	14205	369
21538	13688	287
21539	8206	278
21539	8206	233
21539	8206	437
21542	2938	556
21544	9181	319
21544	9181	323
21546	4323	315
21551	4272	315
21561	8078	123
21561	8078	183
21562	3791	237
21563	8300	607
21570	6664	346
21571	1748	286
21573	3788	360
21574	4457	368
21577	2065	284
21590	10288	437
21590	10288	608
21593	6140	189
21593	6140	129
21601	5720	525
21602	2805	504
21609	1936	287
21612	10315	449
21614	2759	553
21622	3830	568
21623	4675	917
21624	10118	510
21628	7836	264
21630	5705	337
21633	4951	562
21641	8264	543
21645	5632	361
21650	6844	529
21656	4273	362
21671	2682	568
21676	2964	550
21680	8683	302
21682	3851	372
21683	10760	384
21696	6208	401
21696	6208	478
21720	2518	321
21727	7339	486
21739	4809	303
21739	4809	407
21741	2646	507
21745	8209	227
21749	1840	391
21750	2568	456
21754	6643	185
21758	14242	537
21758	14242	436
21771	3068	510
21774	2757	548
21778	4078	304
21781	6280	382
21782	7463	919
21782	7463	358
21783	12044	823
21786	2896	259
21793	11474	185
21793	11474	726
21794	9181	653
21802	915	334
21804	2865	212
21804	2865	180
21825	3461	494
21831	4385	556
21837	8542	337
21838	9119	347
21838	9119	590
21839	5357	185
21842	8502	315
21846	4684	222
21851	9164	260
21856	6779	414
21870	3878	443
21871	7516	324
21873	8597	396
21876	14079	478
21885	8403	185
21887	11972	230
21894	2948	335
21904	2664	185
21908	12597	500
21914	2626	283
21922	3773	194
21922	3773	236
21929	13269	460
21933	9103	295
21934	4470	281
21941	7048	185
21948	2595	305
21949	6429	355
21952	1935	227
21962	8724	285
21964	11068	617
21965	3480	272
21969	5809	261
21981	5469	415
21983	9325	576
21985	3306	365
21987	8198	698
21989	6826	569
21991	5974	548
21997	3616	281
22000	8136	418
22002	1892	428
22003	13517	230
22008	3449	359
22009	2979	239
22013	4913	249
22014	5996	185
22014	5996	384
22020	12571	261
22020	12571	341
22027	5898	559
22027	5898	338
22049	2880	345
22053	4974	527
22060	5432	200
22060	5432	482
22061	2596	316
22068	12898	200
22071	3696	336
22076	4149	372
22081	2592	280
22084	8944	419
22086	3351	251
22089	5182	440
22095	1937	342
22100	3643	306
22104	2519	426
22108	4160	286
22108	4160	297
22115	2281	377
22117	5892	315
22122	3874	294
22123	11191	329
22125	6168	216
22140	6845	586
22148	3442	271
22153	1752	344
22158	6484	592
22161	6575	285
22162	9474	530
22175	4463	419
22176	4254	514
22181	3386	292
22188	1896	276
22190	9342	309
22190	9342	501
22197	2498	438
22199	3994	482
22204	3118	498
22208	8723	285
22213	6172	515
22221	5153	566
22222	4830	558
22222	4830	551
22223	1455	211
22223	1455	127
22224	4413	455
22227	4387	467
22229	4596	742
22234	2034	515
22235	2699	625
22239	3497	591
22240	2608	547
22241	4110	548
22245	2743	514
22254	3561	354
22260	6572	559
22262	3595	238
22266	3605	673
22267	3366	310
22279	2108	211
22281	3524	414
22284	5037	395
22285	3995	681
22288	2633	258
22289	6063	467
22295	1063	259
22303	4790	623
22311	4578	312
22311	4578	536
22314	4907	264
22321	7878	587
22322	2505	419
22323	4310	230
22334	5233	614
22336	3555	373
22339	2015	349
22340	2959	238
22341	2444	379
22342	4919	690
22347	7175	622
22347	7175	613
22348	6736	391
22351	4234	583
22354	2740	327
22355	5159	296
22357	2850	521
22363	4478	432
22364	1926	185
22370	5374	592
22379	4032	544
22381	3440	645
22388	5908	562
22389	2188	506
22391	5566	723
22392	3946	353
22404	2350	322
22405	6863	620
22406	5598	427
22407	3730	424
22408	5530	282
22409	5786	339
22410	3395	406
22413	4371	443
22416	3111	379
22416	3111	419
22425	1883	397
22438	2288	353
22440	1982	334
22443	5071	281
22449	6346	569
22465	8590	506
22466	6173	751
22471	3035	392
22474	5271	617
22477	2728	222
22487	3805	430
22489	4756	532
22492	1505	386
22493	3524	378
22502	6229	636
22504	7081	294
22509	5743	609
22516	3090	345
22517	4939	655
22518	5011	387
22529	5565	730
22531	2428	540
22532	6087	244
22532	6087	282
22534	4720	244
22534	4720	396
22536	2423	311
22536	2423	222
22539	2647	318
22540	6510	607
22542	659	185
22545	6727	569
22545	6727	505
22546	2384	189
22548	3594	424
22549	2658	351
22551	7717	185
22558	3248	545
22562	4747	238
22563	5607	341
22563	5607	509
22567	4036	591
22578	3569	244
22578	3569	579
22587	1811	311
22590	2349	200
22594	4886	613
22595	5689	514
22596	2820	424
22599	2417	200
22601	5060	404
22604	7907	390
22604	7907	351
22605	1555	431
22611	3469	269
22617	5200	426
22621	4144	322
22631	5210	417
22645	3949	299
22645	3949	338
22648	4672	559
22649	2650	319
22650	4444	371
22653	2629	185
22655	2615	284
22658	2745	310
22664	2796	551
22669	4685	431
22673	3569	608
22676	2298	350
22677	3301	312
22681	3471	378
22687	3651	366
22692	2920	185
22694	2512	248
22697	1776	354
22698	7539	565
22703	7133	556
22705	3235	345
22718	4804	385
22718	4804	359
22725	6522	437
22725	6522	532
22728	2558	339
22733	2469	348
22734	5733	494
22737	3681	522
22746	2871	403
22748	6602	658
22753	4802	445
22761	2845	260
22762	4901	435
22764	4675	293
22765	5066	620
22773	4452	329
22778	4663	426
22782	5741	319
22788	4671	689
22790	4766	533
22794	4562	495
22807	4692	227
22817	4753	367
22822	4499	501
22824	4484	586
22833	5269	612
22841	2524	200
22843	3453	433
22844	8777	291
22849	6911	455
22850	4522	413
22852	3751	559
22859	5962	475
22860	3790	185
22861	4218	504
22862	4186	552
22865	5925	482
22868	5834	528
22872	3585	281
22878	4382	427
22881	5046	306
22883	4254	226
22891	5303	458
22895	4529	500
22897	4326	609
22900	4004	459
22900	4004	605
22901	5767	587
22902	2428	266
22905	5869	488
22906	3938	293
22910	3450	381
22912	4390	490
22915	2589	185
22923	3871	460
22925	4394	569
22927	4518	379
22930	7416	411
22931	2434	278
22935	2693	292
22936	4315	712
22939	2236	596
22940	4657	687
22941	3990	272
22948	6352	278
22948	6352	302
22952	3936	680
22955	3161	350
22956	5176	1009
22959	1732	221
22964	6658	288
22976	2608	467
22977	4405	268
22978	2239	200
22984	7133	292
22992	3601	305
22993	2958	321
22996	6868	493
23005	7012	589
23011	2169	380
23014	2847	176
23014	2847	386
23018	2372	267
23023	6175	917
23025	3810	273
23031	3263	462
23032	5089	593
23034	3469	328
23038	4110	553
23039	1947	313
23043	1428	313
23048	5955	417
23050	4143	500
23053	3949	873
23061	2194	503
23062	3566	300
23063	6486	298
23072	2387	402
23075	1110	294
23076	3565	415
23089	4664	376
23102	3337	253
23105	2638	648
23110	6626	637
23112	2780	291
23113	6653	276
23115	2160	522
23119	7676	408
23134	6705	185
23134	6705	255
23155	5977	492
23157	7489	539
23162	3640	368
23169	5081	580
23174	2176	467
23177	3612	330
23183	2659	627
23184	2712	277
23188	5817	614
23188	5817	604
23201	4847	436
23203	8757	425
23208	4508	571
23209	3370	674
23213	3357	474
23218	3539	238
23219	2638	537
23220	3825	443
23222	6344	796
23224	4624	438
23226	2673	310
23231	3444	303
23233	4256	889
23239	7280	292
23244	2552	311
23246	5737	583
23247	3475	403
23252	2743	328
23253	2911	330
23256	7911	453
23257	7094	473
23262	4514	211
23264	4705	336
23269	2350	341
23270	2699	307
23275	8615	586
23275	8615	537
23279	5499	283
23280	3515	244
23283	5099	526
23290	2068	374
23292	2833	290
23293	8256	175
23293	8256	176
23294	4960	342
23298	2201	185
23300	2273	339
23302	2295	399
23306	2319	222
23311	3922	617
23314	2156	371
23315	4116	185
23316	2787	298
23319	3081	596
23324	4206	498
23327	3044	291
23329	1399	185
23330	2180	461
23331	2250	337
23333	2315	347
23338	5131	309
23338	5131	345
23339	2746	341
23353	4667	399
23354	3716	347
23358	6410	705
23360	3456	467
23362	3701	579
23364	2259	245
23367	5585	762
23382	2991	273
23383	3321	354
23388	3246	391
23395	4678	482
23397	4974	538
23408	3742	200
23409	4842	576
23409	4842	474
23411	1989	215
23418	2751	185
23419	4979	614
23420	6676	547
23423	1177	318
23427	6986	392
23432	3901	227
23437	3156	327
23440	8590	636
23450	3343	665
23452	1253	305
23458	7824	517
23459	3807	273
23462	3624	200
23465	3810	383
23469	3458	294
23473	2404	351
23474	4960	614
23475	2826	662
23478	8826	297
23482	4132	414
23483	3213	532
23485	2966	429
23487	4882	871
23488	7362	604
23491	3861	218
23491	3861	194
23496	7358	646
23497	3419	334
23501	4361	492
23503	1328	468
23506	4228	185
23507	3478	377
23508	7265	222
23513	4563	580
23514	2980	222
23518	8762	334
23523	4696	652
23525	5344	200
23528	3434	316
23528	3434	145
23534	3189	600
23538	5065	535
23539	3164	584
23540	1905	632
23543	2352	227
23544	6676	542
23546	2735	285
23547	3928	492
23549	5146	474
23553	3283	226
23556	4040	561
23557	5378	562
23561	2186	414
23565	2160	571
23580	5514	200
23582	3015	206
23586	3561	313
23587	5059	460
23589	2617	667
23590	3360	593
23596	2720	513
23602	6672	334
23603	3141	351
23605	7211	523
23608	8374	351
23608	8374	407
23610	3602	428
23615	2956	431
23623	4192	379
23626	2097	524
23630	5263	215
23631	4662	695
23634	3763	572
23635	3126	586
23637	5476	336
23643	6004	273
23644	5222	614
23650	2439	185
23651	3239	222
23652	3452	413
23659	5209	211
23663	2101	451
23664	4200	362
23671	1092	249
23674	6368	488
23676	3499	552
23677	6619	222
23680	6762	660
23692	4425	516
23693	2532	294
23695	6118	599
23709	4194	283
23716	1639	270
23717	6324	548
23718	5266	292
23719	2237	248
23721	2177	498
23722	5614	651
23724	5105	431
23726	6775	185
23732	6287	759
23737	3276	470
23746	4647	489
23747	1966	344
23751	6922	935
23757	4285	781
23759	3188	402
23760	1559	313
23768	6117	215
23770	2104	459
23776	2901	425
23791	7593	238
23802	5239	255
23803	4302	356
23807	4919	667
23808	3484	303
23812	4790	489
23813	2936	738
23820	5160	614
23828	5146	608
23829	3104	292
23834	3235	495
23837	2047	486
23844	3489	510
23847	7360	556
23854	6201	679
23860	5449	502
23862	3748	341
23868	3617	268
23870	5981	419
23871	2255	341
23873	3360	227
23877	4926	572
23878	7915	398
23884	4456	549
23891	2887	477
23892	5351	426
23896	2837	185
23898	3040	564
23901	2795	268
23902	1609	430
23903	4492	185
23912	5118	346
23919	4221	453
23920	5125	624
23925	1987	200
23928	3688	348
23929	5285	291
23933	6560	643
23936	3775	461
23944	3525	302
23944	3525	375
23945	1627	312
23946	5530	482
23949	3657	253
23953	2974	356
23954	3083	483
23959	8090	504
23959	8090	272
23960	5292	583
23965	3228	370
23966	5227	328
23967	3704	273
23970	2043	305
23974	1591	407
23982	6243	361
23989	3723	366
23990	1256	227
23992	4198	497
23994	1916	305
23997	6958	306
23997	6958	375
23999	2377	185
24006	1005	179
24006	1005	179
24007	2444	355
24009	998	285
24011	4510	541
24014	4367	344
24021	8077	620
24027	5380	521
24036	3149	291
24037	3955	506
24047	2915	336
24048	2562	304
24049	4772	291
24050	2745	242
24054	2642	278
24064	6451	404
24066	6059	543
24068	4189	698
24070	4918	375
24072	3756	299
24074	7490	618
24077	2509	294
24079	3033	273
24085	3366	389
24090	1944	301
24093	4685	297
24095	3460	300
24097	7349	230
24097	7349	327
24100	3771	274
24101	7812	232
24102	4985	457
24103	3368	250
24111	4697	342
24113	1223	259
24115	2753	331
24123	4109	283
24127	3158	222
24130	2940	680
24132	4783	267
24134	1473	243
24141	6394	185
24142	2902	326
24143	4893	278
24159	2348	442
24163	2652	382
24170	2978	586
24172	3625	583
24179	2820	379
24180	7532	638
24182	909	314
24183	4893	520
24184	4673	222
24186	1708	311
24188	2970	362
24188	2970	317
24196	1934	324
24197	1388	350
24199	3473	577
24200	3669	399
24201	4189	557
24204	1415	185
24207	5095	398
24212	3228	332
24218	4106	476
24220	4159	333
24222	3244	222
24222	3244	350
24229	4132	465
24233	2279	455
24235	4907	431
24235	4907	425
24241	2820	290
24247	3215	564
24253	5829	942
24256	7845	673
24260	3913	354
24260	3913	164
24265	2774	343
24266	3959	324
24274	2103	174
24274	2103	167
24285	6231	518
24291	3334	215
24294	2743	388
24296	4413	932
24299	8074	342
24324	4274	439
24334	1883	185
24336	2196	185
24340	6037	265
24341	7554	602
24345	4498	256
24348	3849	365
24350	5305	583
24356	5082	744
24359	2344	395
24366	5907	470
24377	7005	600
24387	4428	185
24392	3119	387
24394	4307	608
24398	3002	407
24413	2535	402
24415	4635	454
24417	6076	211
24420	8629	602
24422	3693	617
24424	4228	403
24425	5610	526
24427	1684	393
24429	2697	325
24431	5713	290
24435	5607	352
24435	5607	416
24436	3770	431
24441	2523	634
24442	3677	434
24450	2736	607
24452	3202	484
24455	1020	352
24458	3030	265
24460	3498	589
24471	2399	321
24476	4813	515
24487	5581	547
24490	3624	232
24494	6016	497
24495	2074	378
24496	2457	559
24499	2547	330
24500	3050	351
24501	4295	714
24503	6447	612
24504	4073	564
24505	5000	349
24514	3127	423
24520	4363	300
24524	5639	423
24529	1873	324
24530	4640	598
24534	4947	463
24539	4295	560
24540	5825	357
24540	5825	351
24544	7184	880
24546	2984	357
24549	5694	520
24550	4426	539
24552	8871	703
24553	2756	157
24553	2756	193
24556	1555	330
24557	2970	244
24564	3828	560
24564	3828	456
24568	3749	572
24571	3724	413
24572	3746	266
24572	3746	356
24577	4013	269
24579	4631	452
24581	7922	423
24585	6512	391
24593	7353	612
24598	2482	352
24599	4410	243
24599	4410	312
24610	5512	476
24615	2822	412
24616	2436	672
24622	2588	660
24626	2443	420
24629	4928	350
24634	3037	375
24643	2461	452
24658	3177	222
24664	5503	200
24673	5523	339
24673	5523	310
24691	3032	556
24693	4905	396
24698	1172	260
24708	3318	282
24712	1688	346
24715	2144	361
24718	2450	221
24720	3316	339
24729	6564	538
24744	3454	273
24746	4141	349
24748	6637	501
24761	2566	424
24777	4927	391
24779	2944	488
24790	2977	421
24793	2304	358
24801	5138	185
24807	3975	496
24811	5142	336
24820	5279	264
24826	6155	222
24826	6155	465
24830	5391	452
24835	2822	313
24837	2394	520
24841	2992	378
