0	26654	33288
4	4032	470
8	5147	285
10	5108	153
17	4533	350
19	2156	321
19	2156	215
25	4048	356
36	3592	316
36	3592	317
39	4811	579
49	8252	453
59	13114	270
69	1877	303
74	5951	211
76	4812	457
77	8014	310
83	5942	428
88	5139	297
98	6205	434
99	3556	506
100	4189	454
111	11617	253
115	3224	410
120	7292	411
121	4120	200
125	10746	254
129	2836	321
140	3434	410
150	4867	310
154	2935	260
155	5777	237
155	5777	241
170	6240	234
176	3206	384
181	12239	384
186	11329	392
189	1784	422
192	2935	398
198	5054	232
207	2254	337
220	1858	401
221	1935	336
225	3693	267
238	10748	416
238	10748	454
241	3610	259
249	14065	524
264	9176	466
265	2301	243
268	3070	211
269	3871	364
273	2042	454
277	8734	200
278	8891	249
285	4173	501
286	4900	185
287	5503	388
306	3361	429
307	1524	475
312	2524	494
315	4028	377
316	1312	186
316	1312	225
318	2954	500
326	3201	680
327	4215	314
327	4215	185
329	1109	268
341	2574	412
342	4539	268
343	3195	782
348	3317	566
350	3108	249
353	2421	146
353	2421	295
361	5750	442
362	3135	459
363	2332	200
365	2250	253
370	2911	285
373	3244	264
373	3244	297
379	1905	354
381	1397	462
382	7328	245
384	4091	473
386	2882	352
391	2264	403
400	1956	342
401	3486	535
402	1423	371
404	2666	272
407	3669	557
408	3052	264
409	4326	405
413	3771	400
417	2290	458
419	4145	525
425	3584	311
431	2920	260
434	5814	528
435	1950	350
436	2113	279
438	2846	473
447	4821	292
448	3915	604
457	4132	443
460	3654	275
461	4949	206
463	3927	454
471	6637	273
473	1863	280
474	2243	362
475	2912	229
475	2912	295
490	5308	392
498	7314	566
501	775	185
508	6483	435
511	4393	552
513	4412	206
516	1649	260
521	3728	443
526	4096	535
527	7278	493
529	3596	271
533	1914	330
535	3568	413
536	2698	249
537	3419	310
540	1378	298
541	2338	322
543	4406	395
544	2528	369
545	4985	270
546	4133	389
548	3010	290
552	6000	501
552	6000	461
558	3533	200
558	3533	283
559	1459	274
562	2825	285
564	7864	357
565	5186	514
566	4137	453
567	4949	561
575	7125	341
575	7125	281
578	7044	446
578	7044	591
579	4326	327
580	3866	301
580	3866	242
582	921	222
583	2724	185
583	2724	294
584	7886	680
584	7886	635
586	5268	326
591	5552	344
593	4903	279
594	6609	524
595	6815	422
601	6082	360
601	6082	512
610	1497	387
613	2770	300
614	6426	200
615	3873	372
615	3873	389
616	4173	286
617	1868	345
618	3084	312
621	7526	261
623	4416	331
623	4416	580
626	1832	379
628	5010	206
629	4457	468
633	5877	551
633	5877	470
635	7854	200
641	6485	185
643	3637	410
647	4977	503
648	4498	323
651	5020	332
652	2976	275
653	6791	488
655	4733	318
655	4733	227
661	5700	381
664	5002	200
665	2136	267
669	2079	276
670	3718	481
672	5505	200
687	2387	185
688	3900	506
689	3642	306
693	2482	257
693	2482	279
701	3058	308
705	5397	313
705	5397	371
707	3597	333
709	3502	222
722	3023	535
723	4295	242
724	2177	305
725	1786	275
726	1961	328
727	2403	222
727	2403	303
729	5179	403
732	1288	255
734	8007	415
734	8007	538
735	3400	479
737	7870	515
737	7870	631
738	7681	504
741	2201	301
743	3131	590
744	5203	200
744	5203	280
744	5203	314
745	3708	194
745	3708	227
749	1024	239
754	2620	342
759	3232	496
760	4472	215
764	2801	521
768	5455	269
769	3559	347
769	3559	355
772	7065	227
772	7065	468
774	3513	584
780	5490	544
780	5490	357
783	4558	445
787	1177	239
788	3768	483
791	2735	222
793	1698	295
794	3428	287
797	2464	447
801	5596	356
801	5596	227
802	4879	573
804	3681	520
809	3450	315
810	2226	325
810	2226	310
817	2947	482
818	1197	200
823	2520	381
824	2584	410
825	4059	456
826	654	227
829	2546	454
834	2127	354
835	3543	211
836	5437	578
838	5035	332
840	2575	284
845	3730	289
846	3347	200
853	3657	267
858	3190	331
861	2671	399
869	5807	328
869	5807	262
869	5807	279
871	2299	515
872	1419	356
876	5778	339
876	5778	438
879	7570	567
884	2019	258
887	3755	490
891	4214	232
902	6983	629
902	6983	419
903	1320	328
907	5487	251
912	6641	568
912	6641	484
914	2082	356
916	2851	378
918	3410	289
919	2285	235
919	2285	161
926	5870	392
926	5870	488
932	3672	376
943	1234	268
945	3279	333
948	3475	185
958	2263	457
962	4024	211
964	3082	250
969	2956	361
971	1116	393
977	1269	238
978	6703	460
980	3078	507
982	3260	400
986	4008	313
988	3730	296
988	3730	323
989	2503	437
991	3916	269
991	3916	349
992	5200	336
995	1539	321
999	4348	286
999	4348	377
1001	3469	185
1005	2589	185
1019	1936	172
1019	1936	258
1025	3222	422
1026	1918	350
1027	2147	324
1030	4555	384
1031	1585	586
1032	1417	291
1033	1591	200
1035	2443	215
1037	2980	238
1038	763	227
1045	1262	260
1046	2995	321
1048	6916	512
1050	5882	424
1050	5882	472
1055	1940	263
1055	1940	288
1058	2533	310
1058	2533	268
1064	5628	586
1066	8465	455
1068	4089	253
1068	4089	304
1076	4703	315
1080	5516	214
1080	5516	181
1084	2641	206
1094	4142	394
1097	2798	328
1098	4017	376
1103	2495	441
1104	2446	672
1106	5564	492
1106	5564	544
1107	2002	325
1108	1813	162
1108	1813	226
1109	3813	477
1114	2155	331
1115	2874	271
1116	5359	441
1116	5359	467
1120	5803	200
1120	5803	360
1123	2077	444
1124	4043	423
1124	4043	410
1125	3203	518
1129	2840	215
1131	1754	291
1146	3351	283
1148	3546	437
1155	2108	298
1158	2718	319
1164	2034	287
1173	743	227
1174	4184	352
1176	1791	193
1176	1791	269
1177	6575	466
1177	6575	549
1184	5760	249
1185	4489	338
1189	2461	380
1192	1325	300
1193	2728	480
1194	2515	514
1200	5503	536
1201	2462	351
1202	1415	260
1204	1619	200
1205	2119	330
1209	2243	274
1210	3175	252
1211	3445	311
1215	1383	329
1218	2605	279
1220	2816	185
1223	3436	280
1225	2279	375
1226	3464	322
1228	3623	185
1229	1893	200
1231	7663	269
1232	1751	385
1238	4571	372
1239	5621	505
1240	3060	232
1242	1982	321
1251	1734	230
1255	2903	318
1259	2347	272
1264	6065	462
1266	8118	185
1266	8118	222
1266	8118	362
1266	8118	213
1266	8118	286
1267	7871	519
1269	2543	562
1270	2814	267
1271	1768	268
1272	2717	370
1274	1091	250
1277	3517	312
1278	2745	528
1283	5567	538
1288	2586	373
1291	2148	261
1294	7439	520
1297	1296	226
1306	1543	200
1307	1477	215
1308	2372	291
1316	4873	344
1316	4873	292
1318	1359	445
1320	5809	414
1325	3755	521
1326	3227	582
1331	3671	286
1334	2591	363
1336	8383	448
1337	2678	634
1338	5268	164
1338	5268	139
1340	3500	248
1343	3779	460
1349	1776	298
1351	5499	260
1351	5499	253
1352	4524	185
1355	2757	421
1358	7028	354
1358	7028	490
1361	3876	299
1361	3876	311
1364	3062	305
1369	1552	285
1373	3749	471
1374	3135	314
1375	4573	321
1375	4573	330
1377	7023	587
1378	6197	353
1380	2281	421
1383	2469	462
1383	2469	269
1388	4659	185
1389	8265	211
1392	4784	552
1393	2256	296
1395	1954	592
1398	2264	493
1400	5372	303
1401	3553	566
1402	5679	577
1405	2785	385
1415	2300	331
1417	1011	381
1419	2777	493
1430	8443	285
1430	8443	430
1432	8549	502
1434	7651	510
1438	3448	215
1440	1458	260
1441	1847	267
1443	5617	575
1446	3016	434
1447	6421	232
1448	4026	516
1451	4744	286
1452	3336	261
1453	3560	451
1453	3560	154
1462	6656	421
1463	7412	215
1466	2214	323
1474	4901	507
1485	2754	308
1487	5548	651
1490	2866	586
1496	3648	511
1498	2270	470
1500	4216	295
1500	4216	277
1501	3321	200
1510	7192	286
1510	7192	244
1520	3457	538
1522	6557	339
1525	3365	329
1527	5621	465
1530	1606	206
1540	6928	200
1540	6928	765
1546	3618	477
1547	2995	440
1553	2260	252
1554	2002	423
1557	7096	693
1559	6823	533
1562	3197	320
1563	3422	316
1567	3259	307
1567	3259	233
1574	1902	222
1577	6371	200
1579	7306	408
1579	7306	206
1579	7306	232
1584	1513	256
1589	4629	521
1590	3047	298
1591	3291	279
1592	1004	271
1597	2742	378
1601	3376	279
1601	3376	234
1603	4354	385
1607	2218	283
1611	2884	310
1613	4036	273
1614	3048	701
1618	3955	185
1618	3955	461
1626	3926	359
1633	7587	291
1636	4797	461
1636	4797	292
1637	3284	287
1640	2031	701
1647	4759	528
1656	2735	298
1659	2431	238
1664	3900	497
1665	2624	431
1670	4219	360
1673	2871	275
1677	4281	499
1681	2312	308
1682	4786	494
1687	4766	487
1687	4766	633
1691	2662	366
1695	1544	279
1696	5249	480
1699	5993	628
1701	4858	516
1709	4017	426
1713	3212	279
1714	4670	328
1715	4753	272
1725	2415	359
1733	2260	319
1734	3907	613
1734	3907	426
1735	4903	185
1736	5579	550
1738	4833	479
1741	4151	506
1741	4151	481
1749	4841	550
1751	2835	314
1752	3189	380
1754	2793	376
1756	3024	643
1767	3961	227
1768	6420	451
1769	3972	887
1770	8613	509
1781	3664	568
1783	5599	185
1785	5384	406
1785	5384	470
1787	3110	430
1789	7665	537
1792	5172	460
1793	1816	272
1794	5046	445
1795	2641	308
1796	3633	527
1798	5626	185
1800	3089	297
1811	6229	602
1811	6229	547
1812	4113	553
1820	3214	135
1820	3214	159
1821	3035	319
1824	4239	402
1825	7826	544
1825	7826	555
1827	4893	288
1829	4820	306
1832	3698	303
1832	3698	303
1838	2964	451
1839	8085	247
1839	8085	473
1841	2528	408
1843	3613	447
1852	1317	282
1853	2323	230
1853	2323	271
1855	5299	558
1856	3227	739
1857	2726	254
1860	2526	267
1860	2526	234
1863	7549	261
1866	2186	457
1868	2491	316
1870	6776	227
1875	8613	409
1877	7631	277
1879	2750	389
1881	3716	338
1886	4281	348
1888	2384	467
1892	2878	232
1892	2878	240
1894	5210	557
1894	5210	554
1895	6067	504
1898	3385	185
1907	7891	188
1913	3136	430
1918	6933	335
1921	2828	155
1921	2828	329
1924	7759	430
1932	7262	401
1933	4129	288
1936	1736	531
1937	1647	256
1943	2883	314
1947	3298	295
1952	5505	513
1954	3720	439
1955	5063	406
1963	3417	185
1967	4564	484
1972	1793	288
1981	2836	267
1983	1285	261
1987	5010	482
1993	3277	494
2002	2294	222
2003	4605	619
2004	7623	391
2010	4361	602
2012	5208	550
2013	2934	263
2019	5568	511
2025	4337	339
2030	4412	659
2031	2260	512
2034	2511	410
2038	3325	311
2047	8117	489
2051	8202	465
2052	5216	259
2052	5216	291
2053	6482	347
2057	2755	288
2058	5061	444
2059	2852	387
2060	7477	185
2065	6028	457
2069	6448	358
2069	6448	656
2070	5473	185
2073	3310	559
2074	3731	568
2078	2216	266
2080	6499	406
2081	2494	270
2085	5898	324
2087	5157	200
2088	2983	859
2095	6651	462
2097	6660	318
2108	3215	314
2109	6770	291
2113	6933	293
2119	4287	487
2120	6435	427
2123	3362	254
2124	3431	567
2125	3649	318
2131	4531	312
2136	2379	602
2150	4857	265
2150	4857	325
2151	2722	489
2155	3701	371
2159	7790	460
2163	7935	504
2163	7935	441
2164	5763	459
2170	4643	382
2173	1856	369
2177	5013	282
2178	3693	358
2179	1559	446
2182	2994	589
2184	3111	215
2185	8129	402
2185	8129	493
2191	1799	220
2199	3033	179
2199	3033	255
2203	4410	475
2208	3571	516
2217	3104	367
2224	8259	512
2230	1968	287
2240	3032	318
2250	1524	279
2261	6949	428
2263	2689	266
2264	4101	527
2275	7599	377
2276	3246	543
2277	6168	417
2279	4388	270
2281	3101	536
2285	4780	342
2289	5348	528
2299	4169	229
2307	1993	373
2308	3382	465
2309	4104	522
2316	4256	503
2319	7297	437
2320	4625	623
2321	3381	436
2321	3381	256
2325	4745	240
2325	4745	133
2328	4804	414
2330	3603	403
2331	2363	279
2339	2553	295
2342	2334	581
2345	4575	153
2348	2158	429
2349	2126	345
2367	3249	385
2370	4031	571
2370	4031	185
2371	4017	294
2375	5791	332
2377	4307	488
2381	4116	335
2386	2800	249
2388	2562	239
2389	958	243
2391	3481	557
2393	5432	547
2393	5432	268
2395	885	417
2397	1548	367
2401	5878	185
2403	2117	277
2412	3920	393
2412	3920	367
2414	3228	648
2416	1279	303
2420	3343	274
2421	5857	414
2427	7225	318
2428	1865	278
2434	4695	623
2437	5340	238
2437	5340	261
2448	1922	338
2449	2464	304
2460	1015	184
2464	2979	222
2466	1047	275
2471	5905	171
2471	5905	167
2473	7873	268
2474	7583	222
2483	2362	239
2492	3968	384
2499	2371	447
2503	2947	350
2505	3086	386
2506	2912	185
2514	3845	409
2521	2811	350
2530	1148	317
2542	4551	409
2542	4551	329
2543	4485	206
2544	5753	445
2548	3064	360
2548	3064	378
2549	3365	454
2550	5604	328
2553	8520	513
2560	2837	341
2567	2442	482
2572	2491	306
2574	1240	493
2575	2554	294
2576	7416	631
2576	7416	415
2578	6414	200
2579	2484	501
2585	4220	467
2589	3625	282
2597	2865	513
2599	3223	466
2602	2234	424
2604	2454	338
2604	2454	298
2605	2398	297
2607	3174	185
2612	5539	218
2612	5539	201
2632	2163	366
2633	2832	446
2634	5478	526
2635	2708	266
2636	4754	496
2638	1934	468
2649	2559	418
2650	4741	275
2651	4734	324
2651	4734	299
2655	4565	206
2659	2389	440
2659	2389	560
2666	3022	211
2670	2084	255
2672	4746	377
2682	4980	273
2689	3630	233
2695	1974	351
2700	3341	200
2705	7486	499
2709	6665	569
2710	1627	185
2724	1344	245
2728	5000	651
2730	3455	135
2730	3455	135
2735	2167	471
2737	4023	586
2740	7526	585
2740	7526	567
2743	1537	565
2757	6259	365
2760	2638	359
2767	5268	291
2770	3707	554
2772	3579	449
2773	4874	439
2777	4851	433
2784	7854	632
2785	6830	434
2794	2268	537
2796	3686	569
2797	5572	390
2798	2386	379
2804	4380	507
2807	2845	474
2814	4458	452
2819	5366	485
2822	5144	216
2826	4980	390
2831	4235	453
2831	4235	262
2833	2429	371
2834	2268	457
2836	1990	185
2839	1541	289
2840	4848	584
2843	2979	587
2845	4956	284
2847	5190	516
2850	5208	507
2850	5208	370
2854	2340	227
2856	2502	266
2860	6544	288
2862	3519	322
2863	7606	270
2863	7606	193
2864	1129	276
2869	3791	319
2872	1758	348
2873	2506	334
2876	6951	458
2878	5946	687
2885	5932	497
2886	6998	303
2892	3497	665
2894	4177	329
2895	2634	217
2895	2634	202
2899	4804	381
2911	4106	528
2913	3079	498
2922	8351	612
2923	8526	377
2928	4536	415
2929	3424	185
2942	3499	251
2945	2931	360
2948	3654	399
2956	5503	377
2958	2159	222
2959	3606	292
2962	2254	433
2970	4384	530
2971	1954	185
2972	4431	382
2981	1683	380
2985	5965	462
2985	5965	474
2987	3639	327
2990	2071	502
2998	5004	462
3003	3380	369
3014	4074	440
3020	2753	356
3020	2753	382
3022	8130	330
3026	1810	471
3027	3335	278
3028	3838	512
3029	4623	597
3048	3432	364
3051	3737	428
3054	5933	467
3062	4289	474
3064	2781	489
3069	2463	185
3076	3956	445
3085	2473	553
3088	4432	482
3089	4007	402
3097	6832	539
3102	2614	420
3104	3262	585
3107	2353	215
3111	3922	535
3112	3248	528
3114	4557	185
3117	2071	256
3127	3540	355
3136	5723	513
3143	4725	695
3148	8213	684
3149	4797	515
3151	3690	499
3157	2612	250
3159	3942	290
3159	3942	307
3161	3218	313
3168	7067	412
3172	4938	220
3172	4938	150
3175	2291	423
3179	7481	409
3180	2308	469
3185	3012	310
3185	3012	313
3189	4775	206
3190	3299	185
3194	2209	396
3203	3562	307
3219	4912	641
3224	6895	185
3226	3501	279
3245	4249	383
3249	5555	259
3253	5522	254
3253	5522	273
3258	5086	580
3262	3570	400
3266	4688	439
3268	2977	311
3269	2087	322
3272	7175	562
3273	4625	477
3278	6473	582
3280	8438	277
3281	3396	541
3292	2007	286
3297	5160	200
3299	3189	352
3304	2234	360
3311	3923	511
3312	1965	339
3314	1496	256
3315	2797	286
3320	3240	529
3321	3151	266
3326	2793	185
3327	3735	362
3331	2587	385
3332	6714	360
3338	3975	227
3341	4760	248
3351	4881	549
3351	4881	437
3364	4567	284
3365	3128	193
3372	3404	632
3375	4105	537
3382	3383	308
3383	2069	482
3388	3939	572
3390	2659	515
3393	962	185
3400	2706	532
3407	2386	497
3410	4358	526
3411	6309	438
3413	2176	238
3416	4712	456
3418	6497	287
3420	3839	315
3421	3193	582
3423	1863	509
3426	2929	185
3428	3635	227
3429	3203	291
3431	3073	515
3438	4665	489
3441	3076	572
3443	2110	495
3446	3514	254
3446	3514	183
3448	2268	301
3451	3855	226
3460	4151	566
3462	4912	468
3463	1787	384
3464	5662	185
3466	2717	256
3469	5629	510
3471	4741	430
3475	1844	617
3476	1714	280
3478	4159	392
3480	7706	468
3496	3615	569
3503	5802	589
3505	4853	353
3509	4745	288
3509	4745	450
3511	3221	540
3513	3499	420
3516	5251	333
3518	3944	451
3528	2087	270
3530	6412	319
3534	1513	305
3540	3077	391
3543	2516	293
3548	4232	455
3563	2658	383
3569	4662	215
3569	4662	499
3570	4476	408
3572	2776	262
3573	4892	766
3592	6144	200
3594	3909	452
3597	2543	185
3598	3104	331
3602	5764	451
3603	1817	546
3604	4482	440
3605	3679	575
3606	3200	185
3617	3472	433
3621	3319	538
3625	2834	296
3626	2581	316
3629	3406	420
3633	2769	185
3639	3542	410
3640	2014	333
3642	4102	294
3644	2604	417
3647	4256	302
3647	4256	213
3647	4256	467
3650	3258	244
3650	3258	257
3658	1581	245
3659	2998	342
3662	5293	429
3664	2602	484
3669	6218	558
3669	6218	290
3673	1730	259
3681	2984	250
3687	2251	512
3688	3551	492
3690	1675	311
3691	6399	480
3694	1735	341
3695	3619	485
3707	3437	267
3710	2844	356
3714	6666	477
3724	4073	478
3725	3406	565
3726	2218	280
3729	4042	236
3733	4980	471
3737	1827	536
3745	2207	347
3747	3099	291
3752	1326	291
3754	1475	355
3757	6217	268
3757	6217	280
3761	2293	314
3765	6953	402
3771	2813	488
3774	1145	211
3777	2911	499
3778	3790	377
3788	3159	185
3793	3073	289
3795	1767	232
3802	6054	185
3802	6054	503
3803	7779	415
3804	4994	476
3805	4539	206
3813	3463	448
3817	3529	432
3819	1774	247
3836	2279	405
3837	3767	451
3846	1470	250
3850	4868	260
3858	6580	361
3862	7209	450
3863	4112	296
3867	6560	324
3869	2927	364
3871	3356	456
3872	2993	274
3876	5529	360
3877	4927	467
3881	1789	320
3887	2383	269
3888	2164	266
3890	5140	258
3890	5140	258
3891	3589	369
3892	779	249
3896	1716	317
3903	1725	303
3907	1946	245
3912	2192	464
3915	1535	230
3919	3355	337
3928	3910	308
3934	2417	319
3936	2807	306
3941	6433	433
3943	3156	341
3945	3656	533
3952	2206	509
3955	2406	292
3956	4275	298
3956	4275	285
3967	1830	206
3977	1264	441
3982	1962	270
3983	2047	283
3991	2488	345
3993	2982	266
3997	3149	238
3999	1406	292
4000	2896	361
4004	823	232
4010	4202	237
4011	2305	222
4021	4130	152
4021	4130	147
4022	3242	268
4025	2779	293
4025	2779	302
4032	2006	318
4033	3196	453
4041	2578	484
4047	4768	337
4047	4768	444
4049	3988	222
4051	2192	381
4052	1878	480
4054	1398	255
4067	4089	499
4073	3960	446
4074	2750	292
4083	2828	261
4087	1436	238
4091	2314	513
4092	1663	226
4096	3824	248
4096	3824	211
4097	5664	459
4098	3504	185
4102	4012	426
4105	3351	453
4108	2526	286
4110	4389	300
4111	2751	488
4112	3214	278
4117	3409	429
4118	2615	545
4124	2479	284
4126	8039	480
4127	4221	291
4130	3737	411
4139	3959	316
4140	3148	331
4141	3135	286
4141	3135	286
4146	3966	664
4151	3188	376
4158	876	297
4164	6788	540
4180	2544	206
4183	4126	227
4184	2471	497
4186	2938	533
4194	2390	338
4197	1806	330
4199	2532	194
4199	2532	173
4203	6292	336
4205	4110	272
4206	4940	363
4208	3576	594
4210	3058	260
4214	1871	388
4230	2406	496
4232	2144	349
4235	3458	179
4236	3302	504
4238	1680	298
4241	1761	238
4243	1857	328
4248	2322	211
4249	2414	172
4250	5810	318
4253	4464	567
4255	4131	655
4269	2552	258
4272	3470	397
4273	7686	264
4274	3724	457
4277	2016	556
4286	7078	285
4287	4625	185
4289	6120	292
4290	3664	549
4293	5839	296
4296	1887	260
4297	3027	211
4306	2499	289
4310	2998	378
4318	3934	510
4321	4081	404
4323	2308	420
4326	1695	286
4327	2067	306
4327	2067	203
4329	3823	453
4332	2056	232
4333	2466	167
4333	2466	193
4334	3254	495
4337	2954	492
4338	1586	482
4339	5471	536
4340	1675	185
4341	2819	531
4350	2957	430
4351	4100	346
4354	3279	222
4354	3279	279
4362	7524	428
4364	2869	322
4366	1470	185
4369	3840	314
4378	5167	302
4379	2090	285
4379	2090	270
4391	2440	239
4391	2440	185
4393	3966	302
4395	7595	479
4400	2945	225
4400	2945	248
4403	1855	288
4413	2867	434
4415	5174	365
4422	2257	291
4423	2545	423
4425	3455	283
4426	5084	516
4428	3514	292
4429	2112	411
4432	2313	279
4436	4319	324
4438	1614	307
4439	3235	211
4441	5373	416
4446	2038	274
4451	3759	538
4454	2921	528
4457	5661	327
4458	3529	239
4459	2993	302
4460	5452	472
4462	7294	533
4463	1509	438
4467	2005	216
4468	4720	350
4475	6021	432
4475	6021	244
4480	3857	341
4481	2420	291
4481	2420	273
4487	5700	532
4491	1771	265
4501	2603	325
4506	3584	522
4507	5438	308
4508	6261	569
4510	2957	539
4511	2399	544
4513	5598	444
4517	4505	497
4521	1990	238
4524	2195	185
4524	2195	312
4525	4657	360
4528	4574	185
4529	4055	424
4529	4055	353
4531	2890	232
4532	3674	211
4538	959	258
4542	1449	311
4547	4807	544
4550	4692	346
4555	1711	250
4564	5013	383
4565	1377	288
4572	6449	420
4575	1917	353
4576	3139	521
4577	2709	279
4578	2311	260
4581	6793	185
4585	4667	351
4588	4974	490
4596	2902	200
4602	3906	369
4602	3906	251
4604	1619	215
4606	4781	357
4615	2945	366
4618	3048	537
4623	3426	456
4626	3798	675
4630	2833	272
4631	3225	161
4634	5966	361
4634	5966	300
4635	3786	534
4639	5325	507
4642	1469	309
4649	3409	163
4651	3484	456
4651	3484	398
4661	5283	484
4664	2709	509
4667	4950	348
4670	2583	230
4670	2583	230
4675	5265	385
4675	5265	377
4676	2454	488
4681	6095	552
4683	3016	580
4692	2703	475
4698	3460	388
4701	3680	243
4701	3680	267
4709	3516	525
4709	3516	402
4711	4489	453
4713	4251	474
4715	1770	232
4723	5069	537
4724	4668	528
4725	5839	266
4740	3548	359
4747	6696	211
4748	7402	496
4750	4716	185
4752	6161	319
4756	2333	267
4757	1166	314
4759	3102	222
4762	6961	320
4764	6590	509
4766	5456	505
4774	6429	222
4776	1459	267
4789	3390	395
4790	3680	465
4793	2766	478
4798	3798	558
4799	2750	357
4800	4129	336
4801	3565	286
4802	4502	529
4806	2758	474
4808	4718	215
4813	1723	498
4822	3982	319
4823	2578	310
4831	4229	333
4838	2997	481
4841	2044	451
4860	5422	590
4861	4608	370
4871	5455	488
4876	6348	390
4876	6348	461
4882	2576	227
4886	3235	304
4888	4459	479
4894	3083	585
4897	3322	291
4898	3033	423
4913	6398	550
4913	6398	556
4923	4911	239
4923	4911	316
4926	3625	211
4931	2942	530
4933	5835	505
4937	2593	532
4943	2393	222
4951	3603	556
4955	6169	374
4959	4451	456
4962	4411	537
4962	4411	559
4972	2532	185
4983	1934	355
4991	4250	628
4993	3797	520
5007	3112	539
5008	3015	466
5009	2318	481
5011	4748	426
5014	1942	513
5018	5058	474
5021	5753	447
5023	4716	541
5028	4505	431
5029	4040	575
5035	2612	284
5036	4553	426
5048	4622	427
5051	2890	403
5056	3995	462
5065	3131	397
5082	3573	449
5084	2924	341
5094	1671	428
5097	2901	244
5097	2901	200
5098	2250	349
5099	7239	469
5100	3980	339
5101	6265	574
5111	1575	185
5113	2306	271
5119	4470	227
5125	2251	266
5129	2435	417
5131	4215	450
5137	1455	230
5141	5921	374
5144	3483	478
5147	4158	505
5148	3758	519
5152	2762	494
5152	2762	394
5154	4529	254
5155	2983	200
5155	2983	302
5175	3113	185
5177	2818	506
5180	3246	185
5187	2119	318
5188	1795	507
5189	3536	548
5190	3752	268
5194	2708	446
5202	3869	432
5204	4458	463
5213	878	238
5217	1694	264
5218	7392	200
5218	7392	222
5218	7392	305
5219	6897	233
5223	2843	260
5229	5943	289
5231	2950	227
5236	3158	185
5236	3158	496
5239	1232	268
5248	3439	612
5259	4615	309
5260	7552	420
5262	1344	227
5263	2944	297
5264	2824	309
5265	4417	272
5272	3110	233
5274	4921	297
5278	2597	255
5282	6257	479
5294	1106	304
5295	2799	254
5300	1376	297
5305	1762	312
5306	1905	267
5306	1905	227
5307	1288	241
5310	2659	255
5311	1641	418
5313	1964	293
5315	3171	499
5322	5788	278
5327	1107	345
5328	1770	289
5340	1019	261
5343	1411	335
5344	3046	486
5347	3109	244
5352	2184	307
5352	2184	227
5353	4823	522
5354	4827	354
5365	2433	252
5365	2433	290
5366	1974	200
5367	4307	476
5368	3448	326
5370	6489	501
5373	1917	346
5384	2256	313
5387	4620	370
5391	1187	211
5392	2770	299
5395	4074	429
5398	1779	313
5406	4113	478
5411	6119	343
5415	3978	389
5416	6665	409
5417	3379	266
5418	1982	507
5425	2379	290
5429	1069	268
5435	1557	211
5438	7424	533
5441	3152	266
5446	1310	247
5448	2653	465
5453	2675	325
5454	5660	496
5456	6102	390
5459	2738	216
5465	3624	483
5468	3337	430
5470	2396	384
5473	1598	267
5476	2429	215
5494	2866	529
5496	2860	347
5498	5945	364
5500	2854	261
5503	1024	306
5508	2867	375
5510	5524	396
5510	5524	574
5511	2727	249
5517	2162	261
5518	1871	275
5519	3531	470
5522	1881	261
5528	2511	296
5529	3066	253
5533	3408	222
5534	3958	496
5545	2325	281
5549	1908	238
5552	3006	397
5553	4007	271
5563	3785	469
5564	3827	427
5566	2687	243
5567	1516	326
5572	4459	557
5588	2155	226
5591	1688	253
5593	3092	289
5598	2127	370
5602	1635	270
5605	2896	414
5606	2040	255
5610	2789	311
5622	3841	417
5626	2779	201
5626	2779	136
5626	2779	266
5632	3816	492
5645	1525	402
5648	3821	206
5649	1384	290
5650	4224	393
5661	4457	262
5664	3499	209
5664	3499	213
5666	3964	326
5669	2052	329
5670	3553	351
5671	4327	238
5678	2284	219
5678	2284	329
5681	3778	174
5687	2551	303
5695	3036	322
5700	3642	506
5701	2800	304
5706	2716	435
5716	3917	471
5719	2416	310
5720	2923	370
5723	2531	455
5724	2851	308
5733	3918	215
5734	2498	307
5736	5587	706
5737	3682	471
5738	4240	426
5741	2294	384
5747	3527	283
5777	2675	519
5782	2349	540
5784	3035	402
5787	2688	335
5788	1433	262
5793	6508	484
5798	2932	185
5803	5182	282
5808	7018	269
5810	2237	185
5811	1606	280
5812	4729	578
5818	2330	354
5819	5887	679
5827	5602	252
5828	2209	333
5835	4146	295
5836	3250	234
5841	1463	250
5842	2765	285
5847	875	173
5847	875	156
5860	3558	302
5870	4147	311
5875	5464	272
5886	5123	316
5887	1157	329
5895	5407	342
5896	2967	286
5896	2967	162
5901	3691	461
5904	2821	366
5907	5079	405
5908	2070	301
5913	2257	279
5915	1651	479
5916	2157	441
5917	2579	354
5922	5828	297
5923	1145	323
5930	1399	485
5941	3127	220
5941	3127	284
5943	4218	251
5950	4446	387
5950	4446	523
5953	4407	438
5955	1670	404
5957	2983	253
5958	2477	481
5975	4253	185
5976	6088	394
5978	4410	283
5979	2243	345
5979	2243	250
5982	3094	253
5987	3821	250
5988	2210	388
5989	2791	242
5997	4598	185
5997	4598	586
5999	2358	498
6000	4621	302
6000	4621	403
6002	2450	380
6005	3081	309
6005	3081	338
6019	958	325
6021	3746	508
6024	4477	402
6035	2289	382
6037	5587	505
6038	1731	306
6040	2082	316
6048	4441	290
6052	4928	206
6054	2698	238
6059	3006	459
6068	5439	325
6070	3706	268
6071	3375	477
6076	6061	516
6079	1935	333
6080	3149	429
6082	4965	414
6082	4965	296
6090	2541	264
6095	3373	459
6101	2080	257
6109	3167	317
6110	1860	372
6111	6951	427
6119	4116	281
6120	3082	534
6132	2316	438
6133	2962	249
6134	6644	457
6136	2035	310
6140	3502	603
6141	4730	443
6142	3660	394
6145	7314	266
6147	2448	200
6151	6632	476
6155	2848	398
6157	2494	290
6158	3365	468
6159	3148	302
6161	2280	133
6161	2280	139
6163	1801	340
6168	2222	525
6169	3088	243
6172	4420	315
6173	4000	426
6181	1927	311
6186	1877	601
6190	5422	655
6193	1506	200
6194	3179	716
6200	4084	238
6200	4084	360
6204	1842	362
6208	2512	269
6212	3315	519
6214	5891	430
6214	5891	448
6225	6179	420
6230	1787	283
6232	2711	576
6233	3628	315
6234	6463	482
6249	7214	464
6260	1547	260
6262	5490	341
6263	4268	385
6265	5412	408
6271	3394	452
6274	4672	370
6279	1276	185
6280	1371	262
6290	3532	613
6294	1483	258
6299	1275	320
6302	966	257
6305	5453	138
6306	3352	504
6307	7122	222
6308	3690	226
6309	2386	297
6312	3629	267
6315	1532	429
6321	2635	567
6331	2420	359
6334	3799	347
6343	3610	358
6344	2002	280
6348	5118	206
6358	2677	185
6359	4431	468
6365	3517	352
6367	6682	330
6367	6682	276
6379	2595	556
6380	2136	238
6382	5902	478
6384	3028	348
6384	3028	283
6391	3373	249
6395	4933	285
6398	1809	401
6401	2194	211
6406	5593	362
6408	2157	332
6413	3095	220
6413	3095	291
6414	4351	278
6420	2230	407
6423	6283	333
6423	6283	263
6431	4408	540
6432	2824	384
6439	4027	476
6447	6384	415
6448	5587	460
6453	3251	472
6461	5660	481
6470	7598	560
6472	3003	309
6473	5007	374
6479	2117	312
6493	3985	424
6494	7939	374
6496	2748	211
6501	4657	491
6508	1333	216
6510	1958	263
6521	1931	277
6522	1408	306
6524	1226	311
6531	3816	451
6536	1914	260
6539	2737	333
6543	1012	222
6544	4261	324
6553	1991	296
6554	1947	272
6554	1947	263
6570	1948	306
6571	4036	376
6574	3730	353
6583	3610	274
6584	2375	309
6586	1917	238
6590	3910	238
6597	2301	249
6598	2843	374
6603	1536	303
6607	4124	273
6609	2768	261
6615	3306	324
6619	3267	320
6621	4423	254
6622	3795	255
6623	2844	356
6626	2073	227
6629	1854	238
6631	2302	233
6645	4075	260
6650	4317	312
6650	4317	283
6655	2043	311
6657	2079	386
6658	4391	263
6662	1607	243
6670	3534	243
6671	1573	257
6678	1981	278
6680	2013	304
6694	6154	289
6696	2462	211
6703	1552	293
6715	2051	245
6718	3145	273
6719	2545	215
6720	3333	287
6725	2499	244
6733	1299	256
6734	2924	250
6736	2479	291
6737	2021	335
6744	1299	488
6746	7301	248
6754	5568	469
6758	6410	351
6761	3293	275
6765	3057	543
6768	3462	252
6769	5275	327
6772	2984	279
6774	2724	332
6776	2698	306
6777	2598	386
6781	4026	408
6789	4741	419
6790	2824	313
6793	1158	291
6799	5232	291
6807	1231	250
6811	2138	233
6820	4212	373
6826	846	284
6828	2768	338
6840	3013	200
6852	5089	330
6853	975	227
6860	6781	239
6865	2618	238
6867	2538	305
6867	2538	248
6868	3863	337
6881	3458	321
6884	5070	420
6897	5663	431
6898	3234	259
6899	3873	206
6900	3176	452
6907	5152	477
6912	2463	294
6914	3119	458
6915	6302	453
6916	2713	244
6920	3130	211
6923	2432	434
6924	1586	314
6926	2110	352
6926	2110	210
6931	4829	353
6934	6959	461
6941	1374	303
6957	1166	347
6958	4792	322
6972	1155	227
6975	4464	206
6976	4413	360
6977	2825	255
6978	3972	357
6981	3322	460
6995	2930	268
6997	2162	272
6998	3070	222
7001	2394	186
7002	2100	269
7006	4418	329
7006	4418	317
7016	4831	491
7020	7849	409
7029	776	285
7031	3594	376
7032	4695	469
7037	2689	256
7048	2839	376
7054	2356	316
7057	4138	290
7058	2321	370
7059	2389	275
7061	1402	253
7063	4203	226
7063	4203	202
7069	2189	381
7078	6225	286
7082	5247	254
7086	1994	249
7088	960	256
7096	1011	222
7099	4025	358
7099	4025	233
7111	2169	386
7124	4531	389
7129	3985	323
7139	2128	255
7142	3336	227
7148	3783	466
7150	6511	486
7152	2355	459
7158	5785	283
7160	7599	374
7160	7599	407
7160	7599	324
7162	4615	390
7163	2577	227
7166	3788	453
7171	2596	383
7174	5433	206
7177	4587	339
7178	2562	211
7179	1831	446
7182	1977	354
7183	2377	226
7185	1521	211
7188	4504	476
7199	1965	258
7202	2017	330
7204	2290	238
7213	7896	211
7223	1848	347
7225	3107	325
7232	3331	448
7233	3858	350
7243	1230	261
7248	2848	395
7249	2899	226
7255	6572	483
7257	8020	289
7259	4082	222
7260	4087	287
7264	3480	254
7264	3480	299
7267	3989	491
7269	1110	269
7276	3487	504
7285	2636	237
7287	6712	236
7299	7120	441
7300	2355	271
7304	1770	261
7306	1889	269
7310	1919	272
7314	6497	456
7315	2809	261
7316	6396	298
7316	6396	302
7317	3285	469
7323	4184	360
7327	3035	227
7332	4703	251
7343	2736	261
7362	2879	250
7365	2429	211
7366	3188	272
7368	7449	373
7369	6447	420
7371	4325	389
7371	4325	446
7380	3451	283
7385	2737	238
7392	7757	222
7395	4754	351
7397	6705	297
7398	3751	403
7400	5686	401
7413	6029	495
7421	3925	238
7434	2091	459
7446	2749	494
7454	4544	255
7459	3921	567
7467	4719	342
7473	7462	259
7475	8071	339
7476	4978	374
7477	2410	211
7492	5980	254
7492	5980	200
7502	1115	233
7512	6176	293
7513	3721	211
7526	3039	277
7529	4737	435
7542	5241	291
7544	5336	357
7548	2392	274
7548	2392	314
7556	1930	340
7557	2683	311
7558	6532	329
7559	3575	364
7562	4477	250
7562	4477	263
7568	2044	227
7572	1664	245
7586	7691	215
7586	7691	291
7587	1648	277
7591	3461	523
7592	931	211
7593	4000	272
7597	1970	300
7611	5942	441
7612	2264	415
7615	2196	338
7617	3808	455
7628	1406	305
7641	2390	249
7650	2900	422
7660	4231	475
7664	4410	200
7666	5436	549
7668	3978	344
7678	3081	274
7680	6045	227
7682	2358	463
7686	6686	470
7704	3769	281
7705	633	185
7708	3285	487
7711	1547	500
7714	7745	598
7725	4084	450
7727	5868	503
7731	3468	154
7731	3468	190
7732	2948	200
7740	3195	488
7741	4984	551
7748	1149	270
7754	5267	367
7755	4005	452
7758	3071	743
7762	3798	531
7765	4304	390
7766	5186	249
7766	5186	261
7769	4015	163
7770	5775	227
7772	1945	300
7773	1615	255
7774	2211	454
7778	3300	454
7783	2425	297
7783	2425	204
7787	3848	409
7793	2694	293
7794	6064	460
7795	4913	221
7799	3032	568
7804	4215	254
7814	6989	493
7820	4070	471
7826	2813	221
7828	2616	272
7830	5243	603
7840	3207	185
7847	5390	446
7848	5243	579
7850	1969	185
7852	6378	238
7852	6378	527
7854	4589	243
7855	2313	485
7869	6150	479
7869	6150	307
7875	4227	563
7878	5539	352
7881	6510	320
7885	3562	542
7887	3040	486
7888	1694	328
7892	3477	570
7893	3577	525
7897	4666	185
7902	7642	486
7902	7642	348
7903	6277	267
7906	5989	374
7913	2520	525
7914	2950	553
7916	4901	308
7929	6575	376
7939	7194	340
7947	2974	397
7948	5322	290
7949	2970	353
7951	6359	325
7954	7263	337
7954	7263	353
7969	1764	259
7971	4539	524
7976	1951	255
7979	6709	343
7994	4473	513
8006	7784	402
8007	4308	359
8008	3788	542
8010	3653	263
8013	2230	259
8024	4059	574
8026	3373	464
8031	2162	297
8032	2441	430
8033	2362	222
8038	6699	448
8044	1048	336
8048	3297	482
8053	2901	510
8054	3389	341
8054	3389	264
8055	2642	289
8059	3839	185
8062	6386	396
8063	3749	268
8069	3665	345
8071	5233	575
8071	5233	532
8072	3959	399
8074	7276	415
8075	2850	318
8076	5965	494
8078	2935	260
8086	7288	510
8089	3340	315
8092	6608	278
8092	6608	216
8098	3610	255
8099	2836	268
8102	1748	356
8107	4407	368
8109	2421	259
8109	2421	272
8113	5648	287
8113	5648	330
8115	1488	287
8117	3372	345
8119	3271	418
8123	3897	510
8126	2008	273
8127	3552	243
8128	5780	438
8130	5527	593
8135	1685	314
8144	3756	397
8148	2802	200
8149	1652	335
8151	3512	310
8152	1171	200
8154	2031	206
8155	1815	499
8156	4602	311
8156	4602	215
8158	5994	200
8158	5994	489
8165	3143	595
8169	3468	499
8179	3523	351
8180	6150	500
8183	3916	326
8188	4527	222
8193	5500	315
8193	5500	200
8199	7313	519
8210	2577	451
8214	3282	185
8217	2627	301
8220	2524	267
8220	2524	238
8222	3182	260
8223	5597	402
8226	1892	380
8230	4609	474
8236	3359	308
8237	2505	308
8238	1754	459
8251	2937	316
8257	1500	200
8260	2132	263
8265	2814	306
8270	3898	500
8274	5062	222
8276	2418	250
8280	1973	222
8283	3959	278
8285	4838	185
8293	8227	445
8294	7154	339
8296	2086	286
8297	1517	238
8300	1811	306
8301	2463	292
8306	3976	232
8307	992	206
8308	2124	227
8314	3890	390
8315	3860	307
8315	3860	255
8321	1827	612
8322	3448	286
8323	2826	303
8327	3635	215
8329	1197	319
8330	7524	294
8331	4918	278
8333	5864	281
8335	2044	200
8344	872	227
8346	5169	376
8347	2583	268
8348	4859	417
8350	6379	581
8355	3035	267
8356	2763	386
8357	1999	327
8362	2935	222
8369	1843	263
8371	2120	238
8380	1885	255
8381	5213	278
8382	2007	257
8383	4248	289
8385	3233	262
8388	2686	423
8389	2750	257
8389	2750	283
8398	3116	356
8410	3209	338
8411	2789	305
8411	2789	322
8412	3067	227
8413	5239	253
8418	3364	277
8419	6267	226
8433	2254	299
8435	4111	294
8435	4111	283
8436	7283	258
8436	7283	185
8439	1420	273
8441	7429	472
8451	1633	478
8460	2739	281
8460	2739	311
8463	1925	238
8465	5844	216
8470	1902	136
8470	1902	152
8477	2212	185
8485	1405	243
8486	2267	245
8488	3194	365
8490	2798	200
8493	2146	263
8495	4176	264
8498	2734	358
8499	1608	341
8502	3495	252
8504	2422	537
8506	3198	585
8510	2345	351
8512	2834	519
8513	4590	296
8520	3123	313
8521	2187	275
8530	1891	336
8532	1173	200
8537	1641	244
8539	1838	342
8540	3825	200
8541	1351	323
8544	8192	477
8544	8192	519
8547	6139	185
8550	2249	319
8557	4136	185
8558	1125	211
8559	2767	244
8563	1237	200
8569	5301	276
8573	3701	419
8573	3701	488
8575	2565	238
8576	3881	431
8577	4410	331
8587	1936	273
8588	6065	348
8595	3847	238
8596	3712	200
8597	1579	366
8603	4637	227
8605	3499	243
8608	1161	185
8612	6082	185
8620	4018	468
8625	3273	518
8627	5406	379
8632	2053	269
8634	2845	283
8635	2259	299
8636	3667	416
8639	2278	266
8643	2792	299
8645	2720	282
8649	2591	605
8654	2977	271
8655	2441	288
8659	2218	211
8663	1545	244
8665	2086	328
8667	2583	270
8673	1847	278
8675	2471	339
8680	2058	272
8687	2303	211
8689	1694	286
8690	6156	432
8691	2104	269
8692	1754	286
8694	2931	260
8695	3412	243
8698	3185	413
8700	1963	233
8700	1963	282
8705	3664	205
8706	863	254
8710	1943	287
8713	1812	332
8715	1975	306
8716	2041	321
8725	4382	185
8727	3381	426
8730	1962	215
8732	2668	249
8739	4089	356
8746	5083	642
8748	3185	386
8751	3067	250
8757	4577	245
8762	3648	185
8762	3648	280
8768	2596	226
8772	3666	254
8772	3666	289
8775	3153	290
8775	3153	245
8786	3617	261
8790	2946	293
8794	5873	401
8794	5873	281
8800	1159	306
8811	3311	257
8820	3393	242
8824	5033	391
8829	7711	376
8831	2775	229
8831	2775	258
8836	7649	255
8844	4725	470
8850	4755	251
8851	6380	408
8851	6380	442
8859	4936	454
8872	4377	396
8873	2374	457
8874	2565	577
8876	7092	221
8884	3661	435
8885	2249	545
8888	1848	410
8890	3776	495
8892	7883	501
8894	3317	330
8900	2522	423
8901	3598	389
8904	2345	286
8926	2013	301
8930	4983	226
8936	4836	528
8939	6248	253
8944	4810	396
8946	2807	233
8950	3791	263
8952	1067	317
8954	4734	389
8956	4602	483
8961	1563	268
8963	1876	260
8966	2693	227
8967	1790	216
8969	4473	487
8975	3903	259
8978	5928	375
8979	2008	309
8986	4599	527
9000	6308	440
9002	3279	597
9012	6250	562
9015	1186	200
9017	1560	309
9026	2873	323
9032	5169	280
9039	3431	506
9046	1751	339
9048	2265	238
9052	4136	222
9053	2754	367
9054	2155	200
9055	2123	227
9061	2496	326
9068	1980	277
9071	2651	279
9082	3697	200
9093	2605	241
9097	2108	243
9101	6162	182
9101	6162	346
9102	3766	335
9102	3766	178
9108	2467	226
9109	1280	216
9111	2450	279
9113	2343	415
9118	5646	331
9124	5169	473
9125	3547	434
9126	2460	267
9130	2129	265
9130	2129	209
9134	1833	306
9136	1723	185
9138	1704	238
9139	3136	296
9144	2367	359
9146	2540	249
9151	2589	286
9152	2103	227
9160	3575	346
9161	1625	438
9177	2204	325
9187	2749	342
9193	4008	331
9199	1917	256
9205	2579	310
9207	4172	443
9208	1664	342
9209	4638	575
9211	4973	485
9213	891	222
9216	7774	468
9218	5376	481
9220	3916	434
9223	2881	390
9226	5106	582
9226	5106	561
9229	2483	464
9230	4037	459
9237	4748	243
9238	2669	463
9240	5585	629
9242	5789	349
9247	5737	340
9249	2940	413
9252	4691	288
9254	3828	447
9261	4024	382
9263	5660	493
9263	5660	458
9266	3938	185
9289	1339	467
9290	1967	273
9309	4411	200
9310	2563	286
9311	5204	428
9315	1179	227
9316	4435	227
9320	3109	399
9324	1901	250
9325	3644	284
9333	3785	324
9337	3340	409
9347	3268	422
9348	1616	226
9357	4170	513
9365	2159	313
9365	2159	268
9367	5094	722
9369	2474	474
9372	1879	309
9376	3511	373
9379	3806	348
9382	4097	697
9393	4075	294
9394	2712	279
9396	1930	406
9397	3675	295
9399	6420	185
9402	3539	226
9415	1548	238
9417	3756	403
9423	2596	537
9432	4156	185
9433	2193	426
9438	2431	414
9447	6410	395
9451	3498	400
9454	2936	466
9456	4300	276
9458	3582	292
9459	2695	424
9460	6386	435
9462	5138	475
9464	2948	446
9465	4093	234
9468	921	291
9471	1144	530
9474	1472	211
9478	1709	260
9482	3890	301
9486	2468	516
9492	1510	287
9501	4363	262
9505	1339	273
9507	2293	288
9511	1340	185
9514	3068	304
9515	3428	519
9517	3725	270
9521	4169	453
9528	3265	304
9530	2726	268
9532	3069	200
9533	2162	317
9536	1091	200
9558	3119	571
9562	3548	268
9565	1745	281
9569	2369	206
9569	2369	263
9570	1947	470
9574	4677	453
9585	2817	288
9589	4723	478
9594	2525	272
9596	6242	551
9601	3558	227
9613	3358	393
9614	6734	429
9616	1415	299
9627	2847	398
9636	2542	457
9638	4427	568
9640	2262	311
9644	2624	369
9650	7104	446
9651	3087	185
9659	4259	543
9665	2385	319
9667	3807	211
9674	7016	473
9678	5411	250
9685	4164	234
9686	3368	185
9689	4990	200
9691	5780	266
9694	3053	299
9708	2150	447
9713	7485	213
9713	7485	160
9721	7105	302
9721	7105	606
9724	3026	200
9729	3375	297
9733	3685	358
9740	5878	522
9744	2523	466
9745	3994	236
9745	3994	308
9757	3346	238
9774	3862	328
9785	4421	521
9834	4600	457
9843	3362	469
9844	2076	238
9847	1097	256
9853	4226	206
9860	3901	250
9869	3545	416
9882	4470	222
9882	4470	504
9885	1653	266
9888	1153	262
9908	4051	259
9911	1354	251
9917	4883	227
9917	4883	412
9923	2603	206
9925	2008	489
9926	1644	211
9929	1286	185
9930	1937	222
9932	2958	555
9933	1435	307
9936	1924	185
9943	1509	200
9944	3183	462
9946	2518	211
9948	2249	238
9952	2947	524
9954	3914	312
9962	2119	385
9963	2430	283
9965	1778	234
9966	3282	291
9967	3596	185
9968	2094	330
9968	2094	257
9970	1446	269
9971	2625	372
9973	2360	287
9975	2085	185
9976	3062	185
9982	4085	439
9987	1453	200
9989	2511	265
9989	2511	416
9990	2849	462
9995	4032	452
10007	5425	318
10018	3427	595
10019	1923	284
10024	4615	395
10025	1385	283
10030	1782	272
10031	2525	290
10035	2222	238
10036	4113	343
10039	1753	316
10040	3107	471
10042	2007	305
10044	1923	263
10049	1329	432
10054	2294	284
10056	1219	227
10057	2052	301
10059	1584	262
10060	2336	249
10062	4859	512
10063	1817	277
10064	1612	270
10069	2484	441
10073	1110	250
10082	2157	543
10083	1083	253
10084	2093	405
10087	2872	237
10090	754	287
10093	698	250
10094	1373	216
10095	976	299
10096	2626	416
10100	1660	328
10101	2772	341
10105	1505	268
10110	1865	256
10111	2363	299
10112	2342	469
10123	2615	257
10126	3804	491
10135	4063	372
10136	1404	315
10138	2548	367
10142	815	253
10149	1579	262
10153	2680	200
10162	1002	358
10165	2760	269
10167	4322	559
10169	2498	257
10183	748	239
10185	2200	275
10186	1579	332
10190	1295	241
10197	1976	382
10199	1214	291
10203	733	227
10205	2188	290
10210	1902	185
10212	2987	254
10213	2923	524
10216	1864	338
10224	3350	323
10225	3569	505
10232	2936	511
10235	2504	524
10238	1200	303
10240	2761	285
10243	1129	221
10246	3084	419
10247	3274	261
10248	2469	307
10254	1902	245
10258	4925	600
10258	4925	461
10262	2640	280
10264	3108	521
10266	1856	185
10267	2982	297
10271	2841	269
10274	2888	472
10276	4173	333
10281	1548	222
10282	952	304
10287	2661	244
10288	2367	290
10289	1106	404
10296	5380	382
10299	1677	238
10300	4211	282
10303	4006	301
10316	4342	526
10316	4342	491
10321	2043	348
10323	3642	417
10324	3262	478
10329	1309	200
10333	1384	185
10334	4732	475
10347	2509	489
10349	4592	340
10356	974	283
10357	1731	253
10359	3041	278
10368	4249	267
10377	3397	272
10380	5365	413
10380	5365	278
10381	2977	351
10391	1877	335
10392	4179	633
10394	1604	320
10401	1560	364
10404	2386	423
10405	2134	230
10414	4019	564
10418	2722	491
10420	3150	414
10421	2390	200
10427	1559	241
10428	3526	550
10431	4864	407
10433	2550	272
10438	4589	451
10447	2383	448
10451	2388	488
10458	2676	444
10463	4535	185
10465	1510	264
10468	2151	296
10470	2556	200
10471	3152	503
10479	5301	646
10479	5301	259
10483	2747	549
10485	2547	185
10490	2694	294
10495	1985	175
10503	2810	243
10506	3702	403
10513	4347	356
10517	4592	456
10521	2111	323
10522	2481	220
10528	4951	340
10528	4951	185
10538	4507	513
10545	4082	425
10549	2260	290
10558	4790	185
10565	2254	588
10571	4682	398
10574	2210	314
10577	2601	301
10584	2939	511
10589	2162	475
10591	1904	326
10592	657	250
10595	2043	268
10596	1835	230
10598	2024	266
10599	1704	425
10600	4135	420
10604	4505	550
10605	1495	355
10609	4174	532
10611	1479	200
10618	1962	460
10619	2467	410
10620	4693	264
10621	2667	452
10622	2485	227
10624	3474	553
10625	2372	273
10627	3506	222
10633	1455	306
10638	3267	311
10638	3267	232
10641	2337	456
10642	1082	185
10645	4684	365
10645	4684	458
10650	3226	422
10653	2606	553
10654	2311	377
10660	3323	546
10669	3476	437
10670	2337	238
10671	5732	268
10675	3530	449
10677	1748	274
10685	4315	272
10685	4315	157
10696	2439	303
10697	2619	314
10706	5146	586
10708	2521	333
10710	1194	313
10720	5902	544
10727	2430	474
10729	1898	376
10731	3263	330
10732	2184	283
10737	2429	260
10739	4230	334
10745	3721	356
10745	3721	289
10746	2462	452
10748	5363	743
10751	1455	200
10760	4180	474
10764	3699	468
10769	720	313
10773	2521	242
10776	3046	518
10778	5212	233
10784	2332	327
10786	3385	317
10789	1256	185
10793	2228	211
10796	1390	200
10797	2996	312
10800	1501	335
10805	5488	295
10808	2656	359
10809	4383	222
10812	1785	330
10814	2461	268
10821	1083	236
10825	3984	513
10826	1250	316
10838	5042	510
10838	5042	589
10847	2265	299
10855	5713	491
10855	5713	523
10856	3451	198
10856	3451	180
10861	3192	358
10872	1839	311
10877	2942	284
10882	1439	355
10885	1925	357
10889	2043	310
10893	4286	305
10894	4563	583
10896	2756	247
10896	2756	215
10900	1309	381
10902	3616	369
10904	2254	281
10910	3839	713
10914	4838	496
10915	3024	282
10921	2466	185
10930	4167	466
10931	2333	537
10937	2368	519
10939	1340	268
10942	2750	267
10957	2215	282
10958	4502	302
10959	3435	572
10961	2541	386
10971	2375	261
10973	2184	322
10975	2995	250
10978	5384	376
10985	2231	337
10987	1615	323
10989	4922	488
10990	3750	304
10991	3712	255
10992	2625	273
10997	2527	248
10997	2527	285
11004	1727	469
11005	2323	357
11009	3423	514
11012	5287	280
11013	4898	793
11014	2311	245
11015	4788	486
11015	4788	330
11017	3067	502
11019	1717	237
11020	1772	200
11024	1828	284
11032	993	289
11035	3058	351
11038	2133	407
11047	2784	184
11047	2784	237
11049	2005	293
11051	2536	281
11051	2536	239
11056	1661	370
11062	3375	545
11063	3719	521
11071	3529	300
11079	2659	388
11089	2397	448
11091	3823	564
11099	5574	304
11106	3294	227
11114	1651	289
11115	4855	582
11117	2969	200
11117	2969	253
11123	4624	519
11129	4781	571
11132	4172	402
11135	3475	421
11144	3231	631
11148	3616	370
11150	5040	586
11155	3120	232
11157	3042	611
11158	3637	398
11159	5542	507
11161	2557	328
11162	1634	303
11165	3978	367
11170	4437	381
11172	3902	226
11181	2756	594
11187	1821	484
11188	1533	410
11189	2299	524
11191	3424	339
11212	5207	390
11214	2006	296
11219	4012	353
11223	3454	489
11228	1684	393
11230	3693	262
11230	3693	433
11243	3444	354
11246	2186	452
11247	2561	419
11252	2519	604
11253	2846	366
11255	1894	525
11257	2589	508
11265	5086	820
11267	1990	211
11268	3315	325
11274	2139	600
11276	2768	341
11281	2718	521
11284	2537	185
11285	2537	392
11292	2204	780
11311	2772	292
11321	4454	206
11323	4116	215
11324	4818	652
11328	2878	502
11329	3875	326
11334	3588	475
11335	5089	263
11337	5400	309
11337	5400	197
11342	2365	457
11348	4803	328
11351	2045	396
11352	2354	470
11355	3275	260
11356	4830	407
11363	5211	533
11363	5211	390
11368	3507	317
11373	2672	426
11379	5687	563
11384	3700	296
11391	3571	381
11406	2313	449
11409	2377	510
11415	3681	325
11422	4135	315
11426	1791	298
11429	3002	287
11433	3603	698
11439	3729	340
11440	5467	740
11441	2695	291
11443	3375	340
11447	2182	380
11452	3765	185
11453	2706	404
11455	2282	335
11463	2690	358
11470	4095	238
11471	1723	329
11473	3243	441
11478	2618	374
11479	2648	266
11481	4104	499
11485	2033	338
11487	1749	278
11508	5171	403
11509	1405	230
11512	2971	664
11513	3249	506
11515	1207	358
11523	4049	486
11528	2098	476
11530	1326	238
11531	2682	322
11532	3229	404
11535	3365	367
11543	2691	495
11554	2408	299
11554	2408	169
11555	2187	328
11562	3588	400
11564	3950	352
11564	3950	328
11568	4441	479
11571	3431	596
11577	5012	172
11577	5012	154
11578	3379	421
11584	4124	226
11584	4124	146
11587	2951	541
11598	1930	326
11599	2890	409
11608	4279	516
11616	5858	625
11621	4309	253
11630	1205	200
11638	4628	645
11645	2121	185
11648	3610	589
11652	4815	592
11653	1518	341
11654	2119	455
11663	3623	699
11664	2933	565
11665	2168	286
11669	2479	499
11671	2643	264
11677	3144	286
11679	3141	435
11683	4560	427
11683	4560	551
11688	2760	383
11698	4001	255
11699	2392	435
11701	1461	403
11703	3387	449
11705	4329	393
11721	3151	185
11722	4071	477
11723	3481	341
11729	3343	436
11733	4913	558
11734	3864	614
11746	2204	222
11749	2476	357
11751	1753	355
11754	3088	432
11755	5851	477
11759	4986	226
11768	3362	429
11770	5701	550
11787	2941	551
11788	4345	284
11795	3636	202
11795	3636	141
11798	3085	227
11801	2738	495
11804	1997	256
11805	589	306
11806	5084	340
11810	4693	325
11813	2961	465
11818	4712	671
11836	2488	525
11839	1919	215
11842	3196	476
11844	2439	146
11844	2439	224
11852	2362	435
11856	2457	589
11860	1832	346
11861	1464	338
11866	2381	433
11867	3687	249
11871	3793	354
11878	3824	398
11879	1168	337
11881	3166	483
11882	3397	361
11887	2968	503
11889	2476	326
11892	1994	316
11893	2734	479
11899	3312	500
11930	3219	368
11947	2799	552
11949	2338	448
11951	5577	462
11952	2572	496
11956	3693	426
11957	3516	348
11958	5453	262
11962	1036	211
11963	2009	185
11964	1735	228
11964	1735	229
11968	4304	261
11968	4304	326
11969	2415	426
11973	2767	480
11977	5281	488
11977	5281	200
11978	1888	429
11986	3403	551
11989	4264	419
11990	2139	433
11993	5876	242
11993	5876	465
12000	5929	494
12001	2456	485
12004	3997	439
12009	4547	701
12015	2790	397
12018	2781	430
12020	1554	415
12042	4060	354
12045	5012	776
12052	1784	401
12058	3255	395
12060	4396	490
12062	3523	468
12063	2777	444
12066	3065	581
12068	4709	227
12071	2685	185
12071	2685	298
12074	2894	234
12086	1984	538
12091	3428	597
12094	1706	342
12097	4720	227
12098	3953	496
12104	2811	185
12106	2199	411
12107	1194	342
12109	3828	500
12112	4797	238
12118	1770	383
12120	1583	185
12122	956	326
12124	2965	424
12126	2278	266
12127	3028	367
12133	3758	392
12137	2910	386
12138	3905	569
12141	3683	497
12148	3508	471
12148	3508	370
12152	2804	445
12155	2019	262
12156	4243	685
12158	1609	296
12160	2655	239
12165	2706	540
12177	5429	450
12181	2216	305
12186	3388	185
12189	2407	507
12196	3980	522
12200	3551	453
12207	2146	404
12209	1896	255
12215	3314	239
12219	3355	741
12221	2601	250
12222	5887	513
12224	5243	205
12224	5243	362
12227	2666	591
12230	4210	242
12234	3375	599
12244	2832	340
12249	1843	185
12250	2418	185
12250	2418	266
12251	2209	287
12253	2475	505
12256	2437	473
12260	2099	399
12274	2486	448
12276	5268	227
12276	5268	493
12282	2484	306
12288	4306	573
12290	1452	185
12298	3218	343
12307	3062	185
12309	2768	434
12310	4540	211
12319	1743	185
12324	2380	459
12325	3061	449
12329	4623	368
12329	4623	417
12335	1986	351
12339	1537	309
12341	4750	255
12344	3490	428
12346	3981	300
12354	6368	343
12354	6368	181
12356	4829	253
12356	4829	547
12359	2053	383
12363	3570	200
12363	3570	309
12373	3098	338
12376	4284	227
12384	2383	227
12385	4458	270
12386	4353	435
12390	5350	226
12399	4026	285
12399	4026	379
12400	2476	275
12400	2476	216
12401	3578	538
12401	3578	329
12404	2735	470
12410	1777	250
12424	2600	280
12437	4790	313
12438	5409	238
12441	1002	267
12443	2128	261
12446	3041	419
12449	1456	261
12453	3096	447
12456	2547	230
12460	6950	530
12461	3253	448
12464	3144	515
12472	3123	290
12492	3242	222
12500	2601	402
12502	3616	568
12503	1833	200
12504	2345	370
12506	1526	263
12512	4016	474
12519	3174	267
12522	2059	326
12523	6631	333
12526	2962	454
12529	3150	424
12531	2320	376
12534	1961	243
12541	5004	478
12548	2209	554
12551	2395	185
12559	5343	461
12567	4086	436
12575	3304	451
12577	6162	255
12578	3411	292
12584	6117	451
12586	3727	185
12587	3878	238
12587	3878	275
12590	5574	233
12595	5158	415
12601	1820	299
12603	3121	454
12609	3684	268
12611	3857	528
12615	4326	576
12616	2329	414
12617	3061	387
12624	2967	510
12625	6109	337
12626	5155	200
12630	2453	365
12631	3036	337
12632	1205	291
12634	2702	377
12637	5074	450
12640	3225	478
12643	4619	306
12644	2387	185
12645	3015	476
12649	2993	206
12651	1289	221
12660	5370	435
12665	2761	274
12666	3726	582
12671	3956	383
12672	3183	477
12676	2214	234
12677	2506	262
12682	2655	494
12683	3733	289
12700	2972	400
12702	4893	249
12702	4893	158
12703	2884	323
12705	1136	233
12706	1328	311
12707	2463	222
12712	4858	379
12718	5153	289
12720	5640	446
12724	6755	564
12724	6755	490
12729	1663	421
12734	5539	316
12742	3956	570
12747	2061	204
12747	2061	295
12756	2420	268
12763	3697	238
12763	3697	200
12768	2840	502
12772	3736	249
12775	2297	315
12780	4556	238
12784	2331	185
12785	1752	504
12786	2544	439
12788	2389	200
12797	2920	215
12799	3412	405
12804	2376	339
12806	3631	266
12807	2975	541
12809	1891	285
12819	2805	176
12819	2805	174
12824	2262	510
12825	2395	429
12828	3645	418
12829	2165	438
12833	2816	435
12834	3674	482
12835	1135	161
12835	1135	139
12839	2959	271
12844	3442	272
12845	2975	410
12847	2292	481
12851	1844	227
12854	2266	297
12856	1658	185
12862	890	286
12865	6156	409
12869	6472	380
12870	3982	436
12872	5165	470
12873	3657	299
12875	2994	594
12876	1526	241
12877	4296	361
12878	4512	483
12878	4512	419
12882	3177	273
12885	3621	442
12887	2875	650
12890	2333	448
12891	2264	391
12892	2019	211
12895	2075	275
12897	2514	313
12898	4753	358
12898	4753	480
12900	4327	275
12902	5114	275
12903	2643	279
12911	5496	455
12915	3473	617
12921	2424	250
12922	3333	485
12923	2023	395
12930	3137	426
12934	2504	554
12937	2335	266
12943	1491	437
12955	4876	521
12956	2966	292
12963	2388	161
12965	1992	313
12972	2963	397
12972	2963	145
12982	1658	396
12987	4443	215
12988	2448	211
12994	1592	278
12996	2372	295
12999	2360	215
13004	1932	292
13007	1500	256
13014	1949	291
13016	5212	269
13030	3151	321
13030	3151	185
13032	2286	325
13032	2286	331
13034	785	211
13036	3272	200
13036	3272	251
13039	4785	433
13042	3306	441
13043	4207	230
13047	1915	326
13051	1976	369
13059	3536	483
13062	4077	547
13063	2709	441
13066	3390	254
13070	1740	286
13072	2158	344
13079	5801	408
13085	4013	451
13086	5727	331
13089	3857	378
13091	2703	292
13102	1821	277
13102	1821	201
13103	1933	273
13104	3019	310
13111	3323	274
13121	3721	275
13127	3222	269
13135	3529	301
13137	2836	371
13145	4268	335
13147	3287	237
13157	1096	435
13172	5178	406
13173	2257	260
13181	2638	456
13187	1855	487
13192	2092	215
13194	3670	250
13200	2192	279
13201	6222	356
13213	5239	454
13219	2931	361
13223	2125	304
13224	2543	256
13224	2543	248
13233	2766	433
13236	2131	362
13242	3104	183
13242	3104	224
13250	3259	344
13254	3183	442
13259	1067	222
13266	2238	411
13269	2516	471
13273	1759	216
13277	3527	298
13279	3779	293
13280	2022	249
13284	4496	200
13286	5444	287
13286	5444	397
13287	3647	281
13290	4613	355
13291	1854	410
13296	2038	530
13297	2073	401
13300	2215	467
13309	2123	487
13312	1274	352
13315	3026	434
13317	4080	185
13319	6203	303
13324	3361	211
13326	2080	356
13329	6847	254
13338	2791	185
13343	6416	327
13345	4449	200
13349	4342	399
13350	4710	363
13353	1691	268
13354	3538	327
13355	3570	431
13356	4037	519
13363	1818	441
13368	2282	316
13372	5590	185
13373	2821	206
13374	3118	483
13376	5961	413
13379	3172	261
13381	6842	356
13383	3136	200
13390	3408	400
13391	1620	185
13392	4353	551
13394	3136	200
13395	4509	492
13402	3114	280
13404	2581	393
13409	5120	484
13413	4800	457
13427	3216	305
13438	3355	162
13438	3355	198
13439	4816	279
13439	4816	382
13443	3185	281
13445	3577	429
13446	4414	206
13450	4059	211
13460	3313	579
13461	1755	390
13462	5268	314
13462	5268	474
13473	6339	481
13475	3616	425
13478	5817	240
13478	5817	237
13478	5817	436
13482	1890	227
13483	1614	185
13484	5168	554
13488	1867	251
13490	6789	185
13491	3253	200
13492	3454	298
13497	6232	342
13497	6232	343
13499	4991	396
13502	5014	200
13502	5014	410
13503	2664	566
13504	5248	437
13509	1956	463
13513	4050	238
13514	4031	227
13517	3135	331
13519	1825	185
13522	1739	477
13526	1865	423
13532	1835	338
13534	2854	191
13534	2854	219
13552	6824	382
13553	1847	281
13556	3919	268
13561	3222	493
13569	3756	372
13573	2699	288
13578	3931	358
13582	2185	234
13583	6274	460
13583	6274	244
13586	2581	517
13590	6207	273
13590	6207	452
13600	4053	269
13603	6568	413
13623	2582	497
13624	2852	537
13625	1674	163
13625	1674	199
13637	2585	278
13644	1628	237
13649	5820	234
13649	5820	253
13658	1357	185
13660	2032	480
13662	3315	280
13673	2278	206
13678	3400	366
13680	6501	456
13698	3683	439
13700	2035	215
13703	4341	265
13709	3887	266
13711	5275	454
13714	2498	297
13719	4330	251
13725	2481	470
13727	2005	267
13728	2912	350
13732	3709	493
13732	3709	451
13736	3266	222
13743	4539	485
13748	5741	335
13750	3185	433
13751	3795	201
13753	3776	402
13754	2273	257
13757	3575	414
13760	2522	243
13762	3206	253
13772	6830	227
13777	3533	344
13782	3039	421
13785	1974	475
13787	3575	382
13787	3575	349
13788	5705	341
13789	2453	263
13790	3324	339
13808	1868	249
13809	2577	314
13809	2577	185
13810	1895	447
13816	4156	364
13819	2636	388
13822	5008	269
13827	5009	435
13833	4747	460
13844	6823	383
13845	5016	444
13863	1559	452
13866	5903	226
13875	3044	238
13882	5194	510
13883	3166	185
13888	2428	282
13890	4258	420
13902	3106	351
13905	4195	446
13916	5325	403
13918	5355	452
13925	4167	368
13931	1678	324
13933	6456	459
13937	3938	501
13940	2321	481
13946	5625	469
13949	6374	499
13957	4521	468
13965	2889	553
13975	4677	279
13979	2344	211
13986	4350	211
13988	4895	465
13990	3629	463
13992	2598	185
13996	3301	380
13997	4259	436
13998	2986	524
14001	4275	411
14002	7056	283
14003	2057	542
14004	4971	493
14011	3765	356
14014	5032	618
14014	5032	350
14016	3549	464
14020	5437	634
14020	5437	501
14022	1583	250
14024	2397	221
14025	2649	206
14028	4026	450
14031	4823	304
14032	3501	571
14039	3606	291
14040	1697	268
14042	2511	377
14053	6828	495
14053	6828	473
14058	4334	268
14059	5806	556
14059	5806	533
14063	4269	200
14066	4139	361
14079	4039	341
14082	2254	350
14084	4011	185
14085	2034	266
14090	3356	453
14091	5636	318
14092	4238	495
14096	2658	461
14098	2627	591
14099	2109	445
14102	5411	200
14106	5772	529
14108	1777	436
14109	4876	436
14109	4876	473
14112	4235	377
14115	2462	408
14116	4633	315
14118	2189	419
14119	2585	250
14120	5459	425
14122	2016	283
14123	3326	362
14129	6624	263
14131	1587	365
14140	2798	451
14141	2849	302
14155	1917	450
14156	3268	243
14179	4247	490
14180	4245	585
14181	2748	645
14191	3155	211
14193	4053	542
14201	5424	273
14203	5939	407
14205	3106	266
14210	2368	326
14211	2462	243
14215	4033	350
14222	4542	461
14224	5910	250
14224	5910	348
14228	3233	456
14233	2003	490
14242	5492	597
14244	4498	278
14251	1366	274
14253	3806	245
14258	4636	454
14261	4389	472
14265	3103	420
14266	2093	293
14267	2915	513
14270	4312	277
14275	3900	361
14282	3702	489
14283	2789	241
14283	2789	265
14288	4325	297
14289	1995	200
14292	3239	359
14296	5192	301
14299	1912	449
14304	1980	315
14310	2235	222
14312	2990	311
14319	5352	200
14334	3384	417
14336	2228	336
14338	1291	327
14342	1139	250
14343	2621	465
14345	2565	513
14352	1531	293
14355	954	268
14357	4415	342
14360	2234	558
14362	2632	429
14363	2706	266
14363	2706	283
14365	3898	279
14366	2964	242
14370	711	185
14377	2248	266
14377	2248	267
14380	1893	200
14381	545	200
14388	2291	185
14393	1595	200
14394	2186	314
14394	2186	284
14395	2780	508
14400	1889	291
14402	1127	274
14406	2999	331
14406	2999	227
14409	1885	260
14411	830	303
14423	1924	363
14426	4361	336
14426	4361	270
14433	1595	286
14436	954	261
14441	4823	316
14445	5783	166
14451	5270	518
14457	1650	338
14459	2186	185
14460	3839	367
14461	2267	286
14463	1976	185
14469	1630	238
14475	2451	373
14488	3267	337
14490	2109	248
14497	2036	271
14498	1249	321
14500	2057	185
14510	4496	411
14511	5430	415
14511	5430	284
14518	4114	542
14519	3711	530
14522	2722	266
14524	6654	556
14529	2952	629
14530	3179	469
14534	6716	575
14543	2592	491
14548	3334	644
14550	1037	267
14553	5110	566
14553	5110	329
14555	3671	487
14559	3627	339
14562	3824	290
14566	1765	434
14574	1889	324
14575	3558	692
14581	3801	583
14585	5861	256
14587	4641	491
14589	2441	338
14592	4493	597
14615	3905	273
14619	2429	272
14622	6841	520
14627	2099	185
14630	3539	356
14638	6200	558
14639	2801	280
14644	2942	605
14649	2452	275
14651	4026	453
14652	7366	247
14653	5684	461
14662	3791	279
14664	4484	307
14670	5771	491
14679	2781	406
14683	2461	294
14692	2507	387
14693	5372	308
14701	2825	344
14704	1922	483
14705	5288	356
14707	5116	444
14708	7640	667
14710	6320	453
14710	6320	542
14726	4805	487
14738	3062	373
14741	2745	514
14743	2982	496
14749	1413	486
14752	2068	269
14757	4598	526
14760	3146	354
14761	2069	424
14762	1507	185
14763	1754	244
14770	4784	437
14777	6023	510
14778	2101	261
14780	4829	362
14784	1979	354
14785	3808	519
14789	1659	269
14795	4998	329
14799	1590	249
14812	2938	297
14814	4593	445
14814	4593	393
14817	2229	200
14819	6113	426
14821	4510	543
14822	3471	447
14823	2764	227
14824	6510	255
14824	6510	185
14824	6510	236
14824	6510	305
14827	1757	478
14828	2604	372
14836	3982	278
14837	4383	403
14846	2800	311
14847	3289	444
14850	1322	200
14854	1407	222
14855	3635	325
14864	4845	290
14866	5920	403
14868	4867	443
14869	1905	444
14881	2686	353
14881	2686	275
14883	4772	206
14883	4772	222
14885	1637	266
14890	3667	222
14891	3106	457
14893	2754	415
14894	3159	312
14894	3159	277
14898	5133	428
14900	3674	297
14902	4161	238
14906	2247	267
14915	2689	272
14919	2458	239
14919	2458	286
14923	2047	365
14938	3510	515
14940	2978	238
14943	5189	320
14943	5189	476
14944	5278	556
14951	7202	301
14956	3055	411
14960	3196	245
14961	5908	426
14970	3721	471
14971	5030	565
14973	3574	527
14976	2519	272
14981	2774	426
14987	2980	350
14993	7437	201
14993	7437	201
14998	5558	250
14999	5435	346
15000	4711	283
15003	3293	253
15009	3214	330
15015	3154	270
15015	3154	261
15021	3059	222
15025	5719	455
15028	4041	499
15033	4675	499
15035	2565	395
15039	2949	221
15045	3406	506
15047	1035	266
15050	3485	455
15052	3084	286
15058	2456	250
15062	3583	185
15065	8092	272
15065	8092	185
15073	2705	340
15075	2812	296
15075	2812	272
15078	4004	331
15080	5130	463
15080	5130	278
15081	3680	637
15088	539	185
15092	4002	492
15097	1894	238
15098	3316	307
15102	5246	249
15102	5246	453
15103	2948	384
15104	2106	568
15121	3401	433
15138	3450	584
15146	3057	243
15151	3363	627
15153	2091	250
15157	5587	317
15160	3294	261
15164	1508	418
15175	3434	480
15178	1799	239
15185	2338	200
15189	2157	410
15193	1711	484
15200	1678	337
15208	2768	568
15210	3028	339
15212	1357	238
15215	4037	299
15215	4037	441
15218	7838	482
15222	1660	232
15233	2717	404
15239	1295	185
15240	1680	299
15243	2248	245
15245	1376	341
15247	1727	279
15248	1641	424
15250	1357	352
15254	6290	454
15255	2513	585
15259	3986	449
15260	2498	239
15261	1889	185
15275	4291	491
15284	3855	475
15284	3855	400
15285	4730	285
15287	2100	459
15289	1495	238
15290	2686	414
15293	1109	291
15295	3352	201
15295	3352	154
15297	1853	185
15301	1027	237
15309	3164	491
15315	2083	185
15317	4173	539
15321	2746	272
15323	3313	762
15324	1367	280
15336	4118	520
15337	2632	298
15339	6545	230
15342	2233	308
15342	2233	281
15346	2349	617
15351	1700	337
15351	1700	370
15357	965	243
15358	5915	671
15359	3496	330
15362	2018	441
15369	3936	327
15381	4289	257
15381	4289	569
15389	4352	362
15404	1748	261
15404	1748	236
15406	8399	262
15408	2627	239
15408	2627	285
15413	2501	280
15414	3606	373
15414	3606	415
15421	3104	433
15422	4599	185
15428	4227	461
15431	3412	395
15434	5346	505
15436	1761	272
15440	1850	259
15442	3434	469
15444	4041	479
15446	3513	370
15449	4294	346
15450	3638	432
15451	1664	372
15452	5129	311
15454	2431	285
15456	2056	221
15456	2056	160
15461	1929	407
15463	2453	407
15467	6912	606
15469	7076	185
15475	3938	511
15480	3260	322
15482	5505	510
15484	4597	310
15485	2861	253
15489	3825	611
15490	2469	348
15492	5904	428
15496	3170	565
15497	6611	391
15498	8290	547
15498	8290	440
15499	1791	471
15500	4208	470
15506	3223	520
15510	2214	307
15513	4293	497
15513	4293	371
15521	1396	227
15524	4095	487
15525	3860	457
15529	7645	686
15531	3168	547
15532	3966	376
15535	2328	306
15539	4779	564
15542	2310	309
15546	4127	449
15547	4821	233
15547	4821	472
15550	1991	238
15552	2637	458
15555	4643	448
15556	6790	575
15556	6790	564
15559	3760	229
15559	3760	230
15562	3128	459
15569	5161	524
15571	2964	565
15580	3776	360
15584	3103	465
15586	4188	278
15587	1536	364
15590	4484	369
15591	1301	185
15594	2214	206
15594	2214	200
15596	2347	266
15598	3452	268
15605	2286	281
15607	1397	295
15609	2089	250
15611	5138	222
15611	5138	232
15614	3176	579
15618	3308	657
15621	4724	461
15621	4724	432
15622	6370	471
15623	2722	259
15623	2722	279
15626	4797	266
15631	1449	185
15634	4874	185
15634	4874	271
15641	945	356
15645	3011	211
15656	1994	299
15661	1420	301
15665	5037	640
15665	5037	185
15672	2312	185
15672	2312	185
15673	1944	350
15677	2547	335
15678	2296	243
15679	3499	274
15683	6684	681
15683	6684	200
15688	5665	523
15693	4998	557
15699	2562	294
15699	2562	313
15701	4173	645
15702	6557	330
15704	4123	455
15707	1333	317
15712	5195	470
15720	3221	446
15723	1353	283
15725	1560	249
15729	2143	250
15731	1088	261
15732	1667	238
15736	2357	312
15742	3035	540
15744	1152	255
15750	3254	304
15754	1834	226
15755	3157	148
15757	2827	322
15761	2556	294
15762	3012	519
15764	5314	206
15768	1629	279
15779	4728	591
15782	3217	344
15784	4087	232
15786	3426	520
15798	2746	511
15799	2595	340
15803	2696	274
15804	4246	244
15807	2925	595
15809	2078	250
15813	1660	269
15816	7669	454
15821	4508	534
15827	3867	587
15830	1141	185
15831	2660	561
15833	5341	443
15846	6187	691
15852	3499	456
15854	6251	358
15857	6493	351
15859	5384	419
15860	1131	405
15862	5511	523
15862	5511	507
15863	7332	527
15864	5401	392
15864	5401	485
15868	2735	576
15873	4944	468
15874	2724	299
15882	4583	407
15889	2323	287
15889	2323	254
15891	4630	367
15893	2651	547
15895	2324	457
15900	3370	211
15905	1742	251
15907	3562	458
15909	8144	394
15910	6034	226
15912	5566	297
15914	2378	486
15916	5574	456
15917	5189	402
15925	4464	331
15930	5124	185
15931	1772	295
15935	3201	259
15936	2061	185
15942	4072	533
15947	2677	368
15949	2159	273
15950	4002	200
15954	2336	535
15956	4554	477
15964	2511	281
15972	7211	309
15977	2538	577
15982	7322	468
15982	7322	337
15986	5319	434
15987	3364	319
15993	5146	501
15999	1643	517
16000	8462	535
16001	6057	342
16007	4199	158
16007	4199	286
16008	4541	579
16010	1947	367
16013	1598	443
16020	1766	268
16021	4249	244
16029	7326	211
16037	3491	494
16042	5487	480
16043	2213	583
16046	4603	456
16047	4677	574
16048	8015	261
16063	3827	357
16063	3827	571
16065	3944	493
16067	3688	238
16068	5097	386
16073	6179	434
16079	7389	387
16084	3714	365
16085	4578	294
16086	3501	452
16087	3464	206
16088	4001	503
16089	5066	291
16090	3574	371
16091	4258	337
16094	4690	514
16096	3750	588
16098	6854	450
16100	3837	298
16109	4215	503
16111	3578	474
16114	6028	471
16114	6028	359
16128	3836	327
16129	4886	525
16131	6526	406
16131	6526	515
16132	4393	585
16142	4324	606
16143	6485	279
16143	6485	477
16150	1194	326
16159	3843	222
16161	3298	200
16168	7378	355
16171	5886	531
16174	3411	375
16175	8123	547
16189	6163	485
16199	3698	458
16200	3869	299
16200	3869	316
16203	5543	290
16203	5543	410
16205	6895	377
16207	1647	446
16212	2651	351
16213	5510	451
16214	5121	559
16215	8351	232
16215	8351	222
16215	8351	211
16215	8351	344
16219	6189	451
16221	4537	237
16222	6005	480
16226	4179	338
16228	5824	177
16230	7034	460
16232	3553	227
16233	4441	171
16239	2915	375
16240	6540	276
16240	6540	282
16242	5784	331
16250	2607	386
16251	2441	257
16252	3545	254
16254	8073	469
16259	4059	458
16262	3106	409
16265	2280	455
16269	920	309
16270	4313	287
16275	2768	381
16276	5899	475
16277	2355	537
16281	6244	238
16282	2296	278
16283	3385	293
16284	7775	333
16286	6078	341
16291	2350	303
16293	3019	428
16294	4948	500
16295	1732	331
16297	2931	470
16300	8188	380
16301	3916	268
16304	2537	275
16309	4104	466
16311	3506	185
16316	1988	222
16320	2000	222
16323	6582	795
16326	1840	394
16327	5785	464
16329	3006	255
16335	3478	300
16342	1857	524
16344	4377	292
16344	4377	316
16348	5779	476
16349	2455	396
16355	3774	501
16365	2969	272
16367	7596	833
16370	3306	273
16374	4907	279
16377	2233	277
16383	7798	325
16387	2535	289
16394	2432	460
16396	5350	291
16397	4103	708
16400	2486	421
16402	4900	541
16405	2386	255
16411	3406	263
16411	3406	263
16414	3970	420
16426	8211	200
16427	2415	185
16431	7735	367
16431	7735	644
16441	4919	795
16443	2049	320
16445	3926	182
16445	3926	276
16445	3926	218
16447	4701	383
16451	3159	199
16451	3159	288
16452	2563	433
16464	2217	185
16466	5821	283
16468	1389	272
16472	6805	419
16476	1889	283
16477	2292	270
16480	2188	244
16483	2126	285
16484	5432	412
16485	2553	281
16485	2553	227
16487	2437	384
16490	4593	460
16491	1483	342
16493	6187	399
16494	5422	408
16501	2316	250
16502	2594	386
16503	3222	200
16504	7642	273
16504	7642	291
16510	4952	538
16512	4481	404
16517	5402	500
16518	3744	331
16523	5538	415
16525	2186	311
16526	2094	466
16527	3404	363
16534	8176	364
16537	4134	530
16540	3703	324
16541	4178	538
16543	6599	426
16545	4783	386
16547	2489	494
16550	3381	449
16561	1572	200
16562	2056	426
16563	3380	409
16564	2707	505
16570	3141	345
16572	3387	532
16573	3065	331
16574	4724	200
16575	3008	238
16578	7361	215
16578	7361	269
16587	3853	550
16589	3088	496
16593	8564	840
16600	1933	488
16603	2689	556
16607	2768	288
16625	3286	250
16626	1958	454
16638	1651	303
16641	3550	299
16642	1700	200
16646	4347	504
16647	3498	336
16648	4841	260
16649	7709	432
16649	7709	451
16650	3697	211
16655	3872	418
16659	6959	409
16660	5501	454
16661	3675	535
16666	4839	254
16668	3183	256
16671	6341	666
16673	2395	257
16676	3752	461
16680	6714	481
16680	6714	478
16682	5855	239
16683	5858	299
16683	5858	532
16690	2612	304
16691	3204	281
16691	3204	255
16692	4889	371
16696	1914	301
16698	2822	286
16699	3264	194
16699	3264	356
16711	2517	297
16715	5253	354
16719	3375	267
16720	2273	305
16721	3313	219
16732	2551	331
16734	1621	304
16736	2416	315
16740	1442	582
16744	3934	271
16748	1922	211
16750	4515	268
16750	4515	211
16759	4044	215
16764	5691	185
16768	3109	314
16769	4192	505
16778	3696	472
16779	1538	250
16780	4086	558
16782	5389	306
16783	3789	206
16783	3789	284
16784	8717	369
16786	2961	403
16788	4333	331
16789	7965	345
16794	3991	339
16796	11645	442
16796	11645	581
16798	5131	619
16801	6380	244
16801	6380	206
16802	2077	248
16807	2223	255
16808	4985	441
16810	4175	424
16816	5664	398
16816	5664	432
16823	2909	222
16831	4471	215
16831	4471	295
16832	2558	286
16833	2589	306
16838	4289	296
16841	5007	458
16844	6485	605
16845	5478	486
16849	2579	185
16851	4924	386
16858	3449	147
16862	9607	244
16862	9607	185
16864	9698	477
16864	9698	502
16867	5429	303
16868	8867	347
16868	8867	512
16877	2940	457
16879	3621	474
16885	3086	283
16886	3331	272
16890	2217	284
16895	9541	285
16898	5517	486
16899	5495	313
16910	6463	497
16912	4630	255
16914	8207	491
16914	8207	363
16915	3173	288
16918	3395	374
16920	8857	280
16921	4283	530
16922	4047	222
16927	2624	706
16929	3069	351
16931	5640	200
16931	5640	336
16931	5640	310
16938	2576	265
16941	12110	215
16941	12110	376
16941	12110	427
16943	4947	412
16944	2363	331
16945	5723	470
16947	2862	304
16952	9864	437
16959	7173	262
16959	7173	372
16959	7173	282
16963	3106	466
16966	6555	359
16967	5022	185
16970	2985	185
16974	1915	331
16976	3757	562
16981	7611	535
16987	3373	407
16988	3526	425
16992	3131	324
16992	3131	288
16996	6766	533
16996	6766	507
16998	3087	361
17009	4976	422
17012	3347	412
17017	2714	543
17019	8044	200
17023	10721	353
17023	10721	185
17030	7646	731
17032	4975	256
17036	6475	325
17038	2973	284
17038	2973	286
17039	4884	267
17040	3229	246
17052	11989	469
17052	11989	310
17056	7440	200
17056	7440	283
17063	4027	410
17067	4666	185
17074	1613	261
17075	3280	327
17080	1761	568
17085	5696	388
17092	3900	337
17093	5120	633
17094	3737	367
17101	4372	414
17102	4481	455
17108	2158	280
17114	6788	477
17129	4399	221
17131	3794	318
17133	1550	351
17134	3364	309
17136	7099	349
17137	3179	345
17139	3305	304
17140	5710	285
17143	2957	528
17144	2351	496
17151	2696	222
17151	2696	260
17155	2373	348
17156	2966	558
17158	2227	238
17160	4607	185
17166	6070	316
17167	5775	437
17168	1487	274
17169	3879	300
17172	1856	255
17173	5730	484
17175	2451	387
17177	9458	255
17182	6129	503
17183	2882	222
17185	5938	185
17191	2855	233
17191	2855	275
17194	5241	378
17196	2003	284
17197	1741	277
17199	1586	364
17200	2862	227
17201	3641	298
17202	5011	237
17202	5011	273
17203	3130	332
17205	2433	325
17206	2141	342
17208	3521	279
17218	2137	438
17219	6113	321
17220	2030	419
17226	1998	332
17227	3675	385
17229	4439	371
17231	4469	200
17234	6556	431
17239	8249	250
17244	3982	286
17247	4427	471
17249	1177	250
17251	3350	405
17252	1763	310
17260	6854	357
17262	3185	346
17262	3185	302
17266	2738	422
17268	3923	406
17280	5240	344
17288	6656	211
17290	2059	514
17291	7907	306
17292	3904	261
17293	4764	519
17300	4032	389
17300	4032	518
17306	3579	437
17309	6108	261
17310	3927	281
17318	2117	530
17319	3218	291
17320	3803	293
17322	4299	396
17322	4299	378
17336	7210	239
17342	3107	541
17344	3704	260
17361	6495	510
17362	3862	501
17363	2170	285
17363	2170	239
17364	4521	263
17366	5224	272
17369	3862	185
17371	5864	211
17372	7724	294
17373	5311	530
17377	6998	358
17377	6998	526
17379	2370	374
17380	4135	200
17382	3049	667
17384	1018	200
17386	7974	366
17390	2855	404
17395	7154	508
17399	3933	439
17406	9772	305
17407	4626	478
17413	6269	296
17414	1878	510
17415	2007	261
17420	3880	581
17421	5232	569
17422	2787	489
17424	4656	558
17428	5362	695
17428	5362	747
17430	3893	345
17439	9565	576
17439	9565	408
17442	8101	252
17447	10481	352
17448	4761	506
17450	1973	238
17455	3519	335
17457	4147	304
17457	4147	296
17458	5709	410
17460	3355	488
17462	3411	500
17464	6507	482
17471	3997	222
17471	3997	265
17472	1264	294
17473	3143	800
17475	6207	472
17475	6207	564
17476	4851	741
17478	3179	516
17479	3014	280
17480	2956	353
17489	4322	385
17496	2618	442
17498	3008	249
17505	3825	420
17505	3825	232
17508	4394	474
17510	4860	262
17511	6615	424
17516	2121	369
17517	2797	468
17519	8207	487
17519	8207	185
17520	5821	261
17527	4658	460
17528	4559	364
17534	3027	221
17536	3982	185
17538	4953	554
17542	3845	272
17548	3155	284
17556	4025	502
17557	4550	185
17562	1990	584
17565	4144	338
17569	3176	271
17584	4577	493
17593	2970	303
17594	3603	442
17595	4074	222
17597	7071	486
17598	2684	292
17604	4905	411
17604	4905	360
17604	4905	185
17607	5362	407
17612	9282	380
17612	9282	354
17613	2397	185
17616	5946	215
17617	1504	226
17618	2513	474
17620	3604	439
17622	6005	185
17624	4158	280
17629	7355	419
17631	6104	304
17632	2866	318
17632	2866	534
17635	4258	418
17641	3285	233
17641	3285	232
17645	10993	414
17648	1654	477
17650	1873	368
17656	2778	331
17660	2902	403
17661	3608	302
17663	3170	447
17664	3677	478
17665	3732	211
17667	3766	411
17668	4502	509
17673	4594	315
17675	2853	525
17677	2004	281
17683	2544	375
17683	2544	356
17685	2170	451
17688	2931	519
17694	4017	250
17698	1299	337
17699	3520	444
17702	1482	327
17705	3856	245
17706	2315	185
17709	1734	481
17710	2588	299
17712	4603	185
17716	6024	453
17718	6251	757
17718	6251	680
17732	4864	313
17739	2486	317
17742	7534	441
17747	2967	454
17752	3495	411
17754	4866	325
17757	3622	481
17763	3681	287
17763	3681	283
17769	5147	578
17769	5147	398
17773	2287	412
17774	6574	309
17774	6574	310
17779	1588	602
17784	4031	401
17788	3671	409
17792	7250	414
17793	4291	404
17797	7506	230
17804	2137	515
17808	1183	222
17811	4371	511
17815	4164	419
17815	4164	485
17816	4385	485
17816	4385	375
17822	6963	562
17824	5013	429
17827	2294	463
17833	2651	387
17838	1516	185
17843	2299	317
17844	3208	576
17845	1550	222
17848	3899	230
17851	3385	199
17851	3385	185
17853	2872	506
17854	3019	590
17857	2858	331
17857	2858	314
17859	2389	465
17872	2421	374
17873	2103	542
17879	1925	343
17880	2722	265
17884	7374	211
17891	5921	422
17895	803	227
17897	3493	259
17901	6064	185
17901	6064	216
17903	1735	381
17909	4929	227
17909	4929	515
17910	6484	552
17913	6721	393
17915	5504	177
17920	7074	468
17920	7074	503
17923	8552	407
17926	1169	296
17929	3445	325
17930	1409	693
17932	7176	447
17932	7176	417
17934	3376	251
17948	1532	333
17957	3666	440
17963	4178	563
17964	2662	379
17972	3000	390
17973	6233	399
17974	6895	403
17982	3466	345
17984	2342	438
17990	3310	445
17994	4779	458
17996	5779	603
17997	4741	352
17999	6343	552
18001	3593	437
18002	7581	396
18004	5256	503
18006	2395	681
18007	2750	373
18008	2417	281
18013	6952	635
18016	2179	333
18020	4533	453
18024	3402	427
18029	5262	185
18032	2507	562
18035	4005	514
18037	5985	283
18037	5985	245
18038	5465	347
18042	4636	514
18047	3421	408
18053	3614	238
18056	2093	543
18058	1649	415
18062	6307	335
18062	6307	372
18069	1712	277
18076	2361	256
18077	8772	429
18079	2918	428
18080	3983	185
18096	3608	265
18102	5691	252
18102	5691	181
18108	935	234
18111	5501	341
18115	2672	479
18118	9035	461
18120	3435	227
18121	4698	287
18122	4635	222
18126	8463	511
18131	2882	559
18137	5322	298
18138	4334	428
18144	2522	245
18148	4444	244
18151	3690	374
18169	3937	565
18171	2551	411
18183	8611	851
18185	3354	222
18186	1834	410
18187	3986	362
18188	7597	161
18188	7597	161
18195	7757	772
18203	4563	200
18205	1781	284
18207	2635	274
18211	7235	515
18213	6134	264
18220	3772	479
18222	3495	564
18225	6283	385
18230	3466	416
18232	3013	254
18232	3013	320
18236	5722	478
18236	5722	356
18246	2645	380
18251	3176	478
18252	3275	570
18253	1500	243
18255	3279	466
18259	7962	709
18259	7962	806
18261	7027	206
18261	7027	244
18261	7027	227
18262	6234	260
18263	1981	495
18264	2037	294
18265	9100	379
18267	3368	216
18272	9121	515
18272	9121	595
18274	1328	418
18277	5483	269
18280	1064	211
18281	4811	452
18283	2736	185
18287	6193	582
18288	2571	227
18292	2829	268
18298	2224	488
18299	3641	454
18301	5333	483
18312	3204	266
18313	3428	551
18315	6234	578
18317	3060	270
18318	2138	405
18322	3686	267
18323	3920	569
18326	4799	222
18329	5339	242
18330	6015	185
18334	3517	405
18344	3365	331
18345	1822	437
18349	1933	333
18349	1933	312
18351	4568	266
18354	2871	480
18356	3134	317
18359	4341	496
18362	2250	374
18366	2011	427
18367	2200	393
18371	7344	340
18371	7344	348
18372	4828	395
18375	6136	489
18382	4801	434
18387	3826	460
18389	1553	250
18390	2897	239
18392	4007	238
18395	5479	185
18395	5479	279
18405	9818	185
18413	2291	274
18417	5842	466
18418	1018	290
18421	2062	324
18422	2233	397
18423	1241	257
18428	3257	287
18434	5316	283
18436	1550	222
18438	3350	325
18440	4442	325
18441	3618	274
18442	3412	339
18444	3625	364
18448	2225	479
18449	2430	585
18453	2709	570
18455	2980	291
18458	2071	317
18462	5803	596
18466	5408	227
18475	3496	389
18476	4021	281
18479	3088	361
18479	3088	233
18484	4704	527
18488	3293	460
18489	2770	320
18491	2413	308
18492	3018	467
18494	2301	554
18498	4321	278
18502	2920	551
18512	6888	500
18513	1786	331
18515	5627	580
18523	4748	458
18523	4748	423
18524	2591	481
18536	2411	434
18540	3643	211
18543	5120	299
18547	2765	357
18549	3188	259
18550	4144	431
18553	2571	287
18553	2571	355
18560	3878	290
18560	3878	305
18563	2123	289
18564	2590	484
18565	1252	621
18566	1272	339
18572	1642	313
18573	3154	419
18579	1573	185
18593	2941	245
18602	1990	493
18604	2802	200
18605	2418	260
18608	1499	468
18609	3304	334
18615	3758	470
18622	3283	333
18626	4483	457
18628	5847	185
18630	3922	455
18631	4038	412
18641	4236	488
18642	5219	185
18644	1144	185
18645	2848	349
18650	6969	258
18650	6969	165
18661	2192	350
18664	3513	472
18665	6406	347
18665	6406	170
18666	3958	453
18678	7061	376
18682	3887	271
18683	6428	232
18694	3124	242
18696	5915	652
18696	5915	501
18702	2645	396
18703	2921	227
18708	6012	330
18721	3197	185
18722	5607	230
18724	2273	431
18728	2828	227
18730	3600	405
18731	2824	285
18732	3912	329
18735	5689	250
18741	4214	314
18742	2342	238
18751	4820	206
18757	4764	322
18760	3523	353
18760	3523	376
18763	2929	215
18773	1908	436
18774	3117	332
18789	3006	323
18794	5260	499
18797	2408	320
18803	4897	467
18805	3016	151
18806	3825	579
18808	3511	613
18815	3011	263
18817	2652	355
18819	5444	396
18820	4501	471
18826	4806	479
18827	6010	379
18828	2380	261
18841	4690	450
18845	2585	211
18849	3730	357
18854	2403	316
18867	5397	253
18868	1782	185
18874	6064	262
18880	2569	279
18889	3515	322
18893	1818	202
18893	1818	138
18908	6059	409
18913	2278	242
18914	4371	433
18915	4225	248
18917	2456	200
18922	1563	353
18923	1605	369
18924	5867	248
18926	4696	456
18928	1112	237
18931	1062	200
18938	3445	222
18939	1607	264
18947	5495	377
18955	3233	291
18957	3740	367
18957	3740	303
18962	3528	394
18966	6677	263
18975	3673	237
18980	1554	222
18987	3114	296
18991	2046	384
18992	3161	368
18995	3088	411
18998	2232	299
18998	2232	255
