0	15641	28439
1	3048	667
3	1469	454
4	4321	564
6	1486	248
18	1944	330
20	3796	319
21	3034	668
23	1826	204
23	1826	173
25	5285	366
29	2677	268
31	3123	482
33	3490	636
37	3021	538
38	3900	574
43	2822	745
44	3723	258
50	3432	702
51	3482	655
53	4314	581
55	2456	389
61	4062	587
64	3437	600
72	4782	589
74	3915	266
87	2706	353
88	4524	717
91	2330	620
94	2336	517
97	1903	347
100	2623	133
100	2623	202
104	2587	429
109	3432	494
110	4198	345
110	4198	248
112	2812	243
114	2683	546
121	3667	562
134	3386	516
141	3951	631
142	2882	358
155	3422	718
158	4264	277
165	2232	268
166	4988	699
167	3474	693
169	4000	447
173	2837	281
174	2961	388
174	2961	260
185	2588	200
186	4517	496
193	3548	322
193	3548	343
194	2522	331
195	3288	295
197	4062	392
201	3090	661
204	2815	437
206	4646	281
208	946	185
211	5266	915
221	3085	641
231	4299	261
231	4299	322
234	1594	360
236	2823	347
237	2652	555
238	3188	314
240	2326	589
249	2297	278
251	1114	441
261	1924	211
262	3416	344
266	3269	483
268	3673	345
275	4499	442
279	4262	634
287	3022	599
294	3749	539
300	1920	537
302	4170	446
311	3368	477
316	3843	695
317	2237	608
319	2212	287
328	4007	562
329	3040	377
329	3040	364
330	3773	669
335	3631	395
346	1415	288
347	4625	502
350	5218	860
355	3271	628
356	5167	731
358	2552	641
360	2980	243
363	4796	719
366	2147	329
367	4594	614
372	3359	694
377	1870	732
380	4465	414
384	3441	259
386	1888	338
387	2284	671
390	2568	291
397	2527	289
400	2127	241
407	1733	200
409	2372	579
412	3327	268
412	3327	419
420	4639	418
421	2587	546
423	5287	780
424	4887	211
425	4544	689
428	3764	372
429	2186	614
438	1406	283
443	5371	509
443	5371	521
444	3524	211
445	3177	300
446	3667	504
461	2738	389
465	4053	324
466	2684	397
467	4135	321
467	4135	398
468	1324	433
470	2670	357
471	3100	249
471	3100	363
475	3391	614
479	2771	390
481	3307	437
482	4346	555
483	3888	558
484	3924	449
485	2689	599
487	2700	427
493	4882	693
495	2413	371
500	3265	377
502	3608	301
503	2260	405
508	4286	386
510	2785	571
512	2231	200
516	2869	396
516	2869	376
520	2536	451
521	1917	337
523	2934	261
523	2934	297
527	3354	325
527	3354	384
529	3431	441
537	1515	391
539	1471	336
541	2928	527
547	4348	589
551	2160	400
554	1826	349
556	3446	633
557	1266	185
558	1837	416
560	3728	444
566	2807	359
566	2807	418
570	1686	291
571	2482	416
573	2475	541
575	1408	350
587	1594	264
588	2264	273
590	1712	394
598	3745	403
599	2500	342
600	2825	346
602	2057	314
604	4474	637
606	2179	468
613	2557	325
614	1742	185
616	3372	185
621	1634	362
624	1456	344
631	2873	405
633	525	222
638	1332	269
639	3571	386
639	3571	374
640	1198	299
641	2902	643
642	1363	344
646	4972	309
649	1476	437
653	1773	328
655	3279	306
656	2727	331
658	2368	339
658	2368	363
661	3126	200
665	3078	590
674	2136	370
675	2223	360
679	2291	553
680	1622	354
682	1450	444
685	2606	179
685	2606	234
688	3753	443
688	3753	406
690	4337	608
692	2202	604
696	4801	883
702	4283	663
708	4390	529
708	4390	563
709	5201	580
710	3172	706
713	2649	291
715	2438	366
715	2438	396
718	1536	340
722	1980	344
724	3248	692
727	2507	446
729	3563	227
729	3563	367
734	1867	440
736	2877	566
737	4592	533
740	4471	361
741	2540	649
744	3170	498
747	4616	580
748	3193	418
754	1255	268
756	3186	564
757	2236	266
758	2951	242
760	1554	290
761	2021	596
771	2950	417
772	2916	200
776	2179	588
778	1829	285
783	3027	351
785	4181	438
787	2721	261
795	4078	284
796	3839	202
796	3839	398
798	3099	444
800	2363	584
802	2554	498
804	4538	619
805	3456	647
808	3896	594
811	5006	555
813	2865	290
814	3418	271
815	3856	571
817	4014	497
823	4915	322
825	1376	300
826	3733	478
831	1347	296
837	3451	272
838	4667	216
838	4667	213
842	2914	279
846	4779	486
849	5355	856
850	2642	590
851	1781	506
852	3246	614
853	3695	575
855	1548	222
856	3737	877
862	1844	627
872	2392	249
874	2183	552
876	3607	594
877	2291	366
880	4483	346
882	1928	300
884	1386	334
887	3004	607
889	4945	275
892	3414	185
894	2095	347
897	3761	506
898	2260	360
899	4582	177
903	4883	330
904	2927	610
907	2807	534
909	3610	245
921	2213	211
936	3086	489
941	2670	529
948	2453	573
951	4330	353
955	4485	782
964	2247	343
971	4077	915
976	2211	402
977	3772	277
990	3731	600
995	4280	587
997	2851	410
1005	2800	491
1022	2463	487
1030	3058	392
1035	2041	551
1036	4866	875
1041	2460	474
1042	4301	461
1043	2918	260
1043	2918	290
1044	2060	319
1048	2241	452
1065	1382	278
1074	3585	534
1081	2900	302
1084	4423	511
1086	2361	492
1088	4939	561
1092	3209	328
1097	3631	581
1100	2293	481
1102	2809	488
1104	4434	370
1104	4434	402
1105	1486	558
1106	4267	549
1108	3254	670
1113	1757	407
1122	4178	636
1123	2617	513
1125	3941	567
1128	2051	444
1129	5207	584
1129	5207	547
1133	3608	609
1145	3869	478
1153	2472	380
1153	2472	289
1161	1869	512
1162	2449	516
1164	2707	773
1168	2177	257
1170	4646	533
1177	1649	451
1179	1229	347
1192	3258	306
1200	4232	652
1208	3028	610
1214	4631	699
1219	2675	436
1220	2380	544
1222	2527	185
1226	3190	750
1228	4428	517
1236	1688	365
1237	2591	549
1253	5062	838
1255	5375	597
1255	5375	508
1262	3523	574
1267	2867	518
1268	2770	513
1270	2484	667
1271	5377	642
1272	3702	504
1283	2522	507
1284	4829	630
1286	2638	549
1290	4748	695
1299	4238	565
1300	3357	598
1303	3144	350
1309	2775	561
1321	2914	520
1322	3597	499
1332	2908	596
1336	4809	295
1338	2446	458
1346	2472	1008
1353	3172	287
1367	4455	520
1368	1733	256
1373	1583	346
1374	4326	581
1382	3464	577
1384	5139	994
1398	3084	586
1404	3616	484
1406	2978	854
1408	2887	623
1416	3651	803
1418	2144	559
1420	2755	495
1428	4294	658
1435	3203	837
1438	4651	793
1441	2473	773
1442	4225	412
1443	3290	379
1445	2320	279
1447	4690	544
1448	3943	493
1450	1347	397
1451	1458	216
1456	2502	491
1468	3098	488
1470	2399	150
1472	3650	504
1473	4689	548
1473	4689	324
1477	3010	581
1478	2914	496
1486	4183	493
1489	2790	449
1490	4103	381
1492	1571	329
1497	2104	349
1498	2247	499
1503	3737	338
1504	5092	185
1505	4649	579
1511	3310	437
1517	2322	322
1523	3665	427
1526	4200	714
1537	2952	540
1550	3265	573
1551	3628	619
1553	3796	628
1561	4000	565
1567	2860	678
1580	2593	483
1586	5517	549
1588	1875	303
1602	5065	374
1609	3196	232
1609	3196	360
1610	2432	633
1611	3013	537
1614	2847	338
1618	4607	587
1619	4833	243
1623	3471	500
1624	4352	610
1632	5200	429
1636	3369	529
1637	3827	570
1639	5073	243
1643	3778	528
1645	1441	331
1647	2320	339
1660	3550	305
1668	1662	501
1669	2268	286
1674	1949	356
1677	1686	244
1682	4200	598
1684	3607	558
1690	5339	563
1691	1452	361
1695	2915	383
1697	3659	379
1698	1243	372
1699	3736	379
1699	3736	376
1702	2088	559
1705	3771	433
1705	3771	275
1707	2269	585
1714	2085	395
1717	3910	347
1718	3945	370
1723	2205	249
1724	1938	306
1725	2171	284
1726	3020	244
1727	4971	206
1730	3989	492
1731	3392	485
1734	1978	324
1736	2745	211
1738	5533	521
1739	3537	521
1740	3577	509
1742	2700	321
1743	4183	569
1746	2341	369
1749	4304	354
1749	4304	368
1755	4801	558
1758	3431	370
1759	3776	555
1765	2877	389
1766	4768	296
1768	4639	372
1769	2630	340
1770	2538	335
1773	3449	411
1775	1867	368
1783	5482	353
1784	3174	540
1789	1548	373
1790	2017	232
1791	2768	279
1800	2697	430
1804	3417	537
1806	1957	339
1809	2449	406
1813	5549	322
1818	1376	373
1820	1431	308
1823	2481	346
1823	2481	238
1824	2659	390
1828	3305	483
1833	2506	421
1835	3815	200
1838	2627	471
1839	1323	200
1840	3267	344
1840	3267	392
1841	5642	403
1843	1433	407
1844	4184	249
1845	1876	238
1846	4174	326
1854	3205	646
1869	1930	395
1870	3314	370
1875	4010	304
1881	3762	363
1885	5250	362
1885	5250	200
1888	2652	563
1894	4178	227
1896	1376	193
1899	2913	702
1902	793	227
1905	3293	802
1911	2099	353
1913	967	200
1917	2804	223
1919	1871	321
1920	1999	260
1928	2560	334
1932	3674	387
1934	2595	440
1935	2872	412
1942	3751	362
1944	2442	396
1945	3440	356
1945	3440	327
1947	3517	394
1950	1640	434
1952	2263	431
1954	1215	251
1955	3393	327
1957	2972	443
1957	2972	276
1963	2726	368
1966	2988	420
1966	2988	400
1970	3304	317
1970	3304	414
1978	2646	460
1979	1465	275
1981	3175	345
1982	4424	386
1983	1877	410
1994	1568	260
1999	909	227
2001	1938	418
2002	1724	382
2004	3212	376
2007	3404	408
2019	2629	371
2021	2796	414
2022	3079	422
2024	2414	396
2030	1263	311
2034	1716	359
2038	2422	380
2040	1302	328
2043	2378	368
2046	2420	424
2050	1381	473
2055	3345	368
2064	3015	389
2066	1995	306
2067	3281	248
2067	3281	364
2087	3666	337
2096	2802	361
2097	2166	401
2106	2823	692
2107	3052	360
2108	5164	722
2110	349	211
2121	3577	206
2122	3374	331
2125	1444	360
2130	4288	427
2130	4288	380
2132	1492	362
2135	3449	332
2139	3755	162
2139	3755	228
2142	1725	366
2144	3519	472
2149	1185	305
2154	2013	293
2155	1903	310
2161	1130	211
2178	2924	301
2179	2022	427
2180	2268	398
2182	3604	437
2185	2913	399
2187	1913	377
2192	2093	401
2196	3452	415
2196	3452	211
2201	1645	235
2202	2135	293
2205	1742	421
2206	4143	453
2211	1986	389
2212	1903	335
2213	3228	662
2216	2026	298
2220	1244	245
2221	2368	273
2227	2412	397
2227	2412	380
2230	3027	416
2232	1902	288
2237	5338	613
2247	1918	285
2247	1918	246
2251	4892	343
2252	1925	368
2255	2930	627
2264	3326	658
2268	3587	386
2268	3587	310
2278	1341	380
2281	2457	314
2289	1361	444
2295	4061	495
2304	2695	393
2312	1688	346
2326	2642	333
2327	1538	215
2328	5319	545
2343	3451	483
2351	2419	332
2365	3222	335
2366	4261	544
2375	2543	434
2375	2543	283
2378	3330	549
2379	4034	555
2382	2628	548
2384	4286	557
2384	4286	572
2402	3521	698
2410	2266	608
2416	2318	331
2423	2101	385
2424	1460	641
2425	2624	660
2435	3377	493
2438	4573	712
2439	4501	424
2447	2634	296
2448	4898	360
2451	3031	384
2455	2972	429
2455	2972	199
2455	2972	149
2456	4986	667
2459	3030	544
2460	1927	255
2467	3064	480
2468	4863	720
2474	3146	441
2492	3542	496
2493	2410	435
2497	4029	391
2498	1382	365
2502	2990	185
2507	2137	423
2509	2143	306
2511	4928	525
2524	2778	313
2524	2778	284
2526	5113	555
2527	3547	436
2528	3432	607
2530	3725	562
2538	1545	272
2555	3708	610
2555	3708	287
2557	3008	259
2573	3154	434
2582	2737	670
2588	4521	505
2604	3904	171
2604	3904	262
2606	2263	232
2607	4472	489
2622	1903	521
2623	3186	369
2625	2134	381
2630	768	254
2633	4911	259
2636	2647	226
2640	3918	665
2647	2236	347
2649	3931	393
2651	1956	619
2652	4211	640
2660	3346	378
2662	977	350
2676	2740	294
2676	2740	163
2679	4481	540
2680	2230	711
2687	1643	360
2694	1545	330
2700	3301	305
2707	3827	566
2712	3169	267
2717	2387	306
2721	2570	404
2723	2070	316
2724	2336	457
2727	2508	358
2734	2257	278
2735	1430	311
2738	1916	376
2744	3092	723
2745	1414	354
2751	1873	156
2760	3996	595
2762	2096	420
2765	2280	399
2766	1385	230
2770	1727	176
2770	1727	156
2780	2780	347
2784	3707	656
2792	3822	687
2794	4167	657
2796	1807	376
2798	1380	412
2799	1343	263
2802	1869	306
2819	2579	395
2826	2837	424
2832	1975	185
2836	760	260
2845	3428	428
2853	2672	631
2854	2224	372
2857	3968	218
2857	3968	687
2865	1559	254
2871	1846	396
2876	863	222
2883	1642	335
2891	3353	639
2895	2396	275
2899	1461	379
2901	3227	446
2906	2930	350
2906	2930	392
2910	3558	426
2910	3558	242
2911	2211	349
2912	1466	373
2913	2015	362
2915	3751	709
2927	1121	315
2928	1687	396
2929	2990	487
2930	3532	185
2934	853	296
2935	1047	233
2941	3141	554
2945	1545	310
2947	3122	245
2948	3010	458
2948	3010	369
2951	5087	669
2951	5087	249
2954	407	239
2959	3367	588
2960	877	276
2968	1901	357
2969	2335	547
2971	2982	491
2973	3685	534
2979	1453	326
2982	2548	278
2990	997	279
2991	4263	458
2991	4263	371
2993	3271	427
2993	3271	301
2996	1118	216
2998	3109	667
3001	4101	596
3003	2631	185
3004	2431	414
3007	1005	363
3009	2705	235
3013	3301	458
3020	1267	369
3029	3105	427
3034	1551	240
3040	1175	336
3043	4316	339
3050	3981	401
3053	2596	247
3055	1194	185
3058	1789	323
3061	3553	277
3065	2906	510
3071	2282	261
3079	3428	395
3079	3428	411
3084	2406	627
3087	3732	705
3088	2401	473
3090	3576	311
3091	2520	610
3095	5028	448
3096	1141	322
3097	5062	498
3106	5188	640
3106	5188	626
3107	3340	349
3109	2024	632
3110	3277	530
3111	2158	254
3114	2779	349
3116	2240	636
3121	4463	457
3124	3330	684
3128	4191	588
3129	2870	592
3131	1934	687
3132	4744	536
3136	5291	322
3136	5291	410
3137	3319	243
3139	2615	367
3139	2615	356
3143	2095	592
3147	3544	635
3152	3365	430
3153	3819	381
3153	3819	317
3154	5209	849
3156	3010	290
3159	4348	613
3161	3698	452
3162	4129	361
3166	2584	442
3167	3994	688
3168	1950	385
3169	2682	668
3171	1130	389
3172	2780	442
3178	3229	403
3179	2713	242
3183	4377	634
3185	4197	711
3187	1756	354
3193	4476	617
3196	1184	303
3199	3745	657
3202	2723	636
3204	4105	410
3206	1086	200
3210	4444	347
3210	4444	527
3211	3738	733
3216	3498	574
3217	4061	584
3219	3951	230
3223	3870	318
3230	2687	243
3231	1682	417
3238	5171	375
3247	2948	148
3247	2948	178
3258	4976	328
3259	3270	319
3263	2780	309
3267	4189	630
3269	4394	578
3272	2489	546
3277	2428	390
3282	3787	684
3287	3545	592
3288	3929	501
3290	3542	306
3293	5207	261
3297	3049	334
3311	2922	374
3319	2186	439
3325	1764	356
3329	1927	801
3330	3325	580
3332	2893	430
3340	1680	267
3344	2691	361
3346	3367	348
3353	3623	242
3355	3033	570
3358	3030	200
3360	2966	301
3361	1567	420
3364	2143	185
3365	1379	405
3375	1758	235
3377	1582	359
3382	3271	413
3382	3271	309
3384	3258	589
3388	3197	302
3388	3197	271
3392	2970	365
3393	3283	657
3394	2744	397
3398	2619	413
3402	2671	425
3407	2383	456
3418	2664	294
3420	3197	516
3422	3691	347
3423	2063	613
3429	4239	618
3438	2616	381
3453	2924	294
3457	3118	400
3458	1355	383
3459	2774	203
3459	2774	419
3463	2096	388
3464	2784	401
3470	1609	245
3473	2333	594
3474	1885	422
3479	1812	395
3480	2036	326
3481	2434	385
3485	2233	398
3486	3324	669
3492	2716	394
3494	3373	388
3497	1069	311
3499	2681	273
3503	2235	362
3511	2072	400
3512	3591	280
3518	2658	418
3523	3310	606
3530	2974	406
3532	1629	329
3534	3432	375
3542	3246	585
3544	3384	442
3547	1899	200
3552	1528	302
3553	2140	291
3555	1083	247
3560	3674	405
3560	3674	229
3562	999	374
3563	2519	474
3564	2833	520
3565	1890	244
3569	2616	367
3570	2337	356
3577	1918	409
3586	2515	353
3586	2515	331
3589	1364	372
3596	2211	411
3599	3219	337
3599	3219	391
3608	2752	227
3617	1146	374
3620	3317	290
3621	1860	185
3623	2698	388
3623	2698	377
3626	4243	579
3629	1767	232
3630	1248	314
3637	2227	215
3639	2720	469
3640	2058	370
3643	4194	564
3648	1821	363
3649	3032	647
3650	1629	311
3654	1375	185
3660	2460	349
3661	3891	238
3664	2203	389
3667	765	200
3672	1734	298
3679	1985	305
3683	2557	243
3684	3822	392
3689	3968	185
3691	4110	266
3694	2195	358
3695	2402	382
3696	1402	232
3697	4243	249
3698	3285	347
3700	2679	373
3703	3319	206
3704	1829	365
3705	2658	399
3706	3460	297
3714	2200	262
3716	2682	535
3717	1984	373
3720	2991	420
3722	1804	502
3726	3106	211
3730	2841	335
3734	1206	238
3735	4389	348
3735	4389	313
3739	4261	549
3741	3228	290
3741	3228	355
3749	3029	313
3749	3029	405
3757	2619	279
3757	2619	329
3762	3943	256
3763	2279	426
3766	925	335
3773	2296	217
3775	2822	451
3776	2706	388
3777	3058	366
3777	3058	334
3778	2345	555
3800	1709	300
3801	1433	341
3805	2343	372
3805	2343	469
3806	1461	356
3809	1589	356
3810	4153	275
3812	2353	387
3815	2509	397
3819	3470	353
3821	1937	233
3823	2654	349
3825	3155	556
3828	2874	408
3830	1391	323
3831	2898	332
3831	2898	394
3832	3168	365
3838	2880	623
3842	4244	335
3845	1558	303
3865	4300	345
3865	4300	349
3868	2096	293
3870	3730	206
3873	1569	211
3875	3720	416
3881	1613	200
3887	3439	564
3888	3405	385
3899	1332	227
3907	4140	295
3907	4140	242
3908	2376	370
3918	2154	549
3933	4051	560
3938	1119	274
3939	1607	426
3943	4638	665
3946	3716	497
3947	3507	412
3949	4085	243
3955	2756	296
3957	3033	631
3962	4618	499
3965	1321	306
3967	4588	567
3968	1562	318
3980	2009	431
3982	2571	348
3985	2202	200
3988	1893	388
3989	4131	315
3989	4131	350
3992	2064	409
4002	3060	760
4003	3862	464
4005	2503	314
4006	3042	807
4011	3753	475
4013	2516	319
4014	3494	456
4015	4163	345
4016	3491	448
4024	654	251
4031	3684	477
4033	3164	402
4042	4642	579
4043	2039	493
4046	2029	377
4051	1830	455
4057	2356	438
4059	1936	495
4062	3707	589
4068	4188	354
4069	1735	287
4083	2357	295
4090	3398	714
4091	837	248
4093	1693	284
4096	2476	495
4099	1746	520
4107	2664	691
4110	4527	660
4117	1738	309
4120	2727	620
4126	1627	429
4127	2146	411
4128	3328	491
4129	4052	392
4136	2663	359
4139	2708	464
4140	4028	397
4147	1801	238
4149	2715	534
4151	2997	364
4157	910	206
4164	3373	425
4164	3373	371
4166	3030	290
4167	1774	523
4168	3312	346
4170	3170	273
4171	3071	418
4173	2345	302
4174	1600	393
4178	2323	403
4179	2847	270
4179	2847	343
4180	2382	352
4181	4328	608
4184	1867	296
4184	1867	275
4185	1497	185
4190	2350	359
4196	1500	244
4198	2023	353
4199	2975	313
4199	2975	278
4201	1685	370
4204	3025	346
4209	2702	429
4213	1388	319
4220	4475	544
4236	1007	266
4243	2287	385
4247	3495	288
4247	3495	285
4251	2074	321
4252	2412	371
4255	2233	300
4256	2770	400
4257	1396	326
4258	2574	307
4259	3932	380
4265	3693	633
4271	1859	454
4274	2490	333
4279	3056	344
4282	3043	339
4286	4135	585
4287	2860	289
4287	2860	200
4289	2045	263
4291	2611	290
4292	3010	623
4297	2366	328
4300	4118	264
4302	1408	185
4303	4216	641
4304	2834	280
4307	1717	266
4313	1456	258
4316	3246	449
4317	1039	255
4318	1483	200
4319	3035	250
4323	2665	307
4325	2750	472
4327	2206	272
4338	1559	387
4339	1450	336
4341	2255	227
4342	1059	262
4343	3775	377
4357	2842	200
4358	1593	261
4367	2243	319
4370	3665	380
4371	3668	365
4377	4021	192
4377	4021	161
4384	1926	392
4392	2942	292
4394	2159	314
4396	1243	336
4399	1216	317
4406	2481	377
4409	4503	223
4409	4503	188
4409	4503	185
4413	2421	374
4416	2750	275
4425	3832	353
4436	2197	341
4437	1595	363
4447	2418	417
4456	3188	370
4461	3972	798
4462	1824	200
4465	1198	495
4485	3096	423
4491	3289	227
4501	2323	338
4516	2832	384
4517	3382	347
4521	5286	569
4526	2122	470
4548	5196	425
4548	5196	427
4559	3208	237
4559	3208	249
4560	2747	329
4562	2667	460
4565	2113	306
4567	3737	422
4572	1576	353
4576	2251	288
4581	3855	576
4591	2288	532
4600	4582	319
4606	3554	411
4615	2245	301
4628	2582	478
4634	2251	289
4641	2342	241
4648	3243	237
4650	2292	332
4651	4114	347
4669	4151	185
4678	4415	298
4678	4415	185
4679	4758	278
4681	4116	200
4683	2227	254
4687	3035	258
4704	2877	185
4707	2504	285
4716	3645	200
4717	3558	495
4719	3956	237
4744	5315	297
4746	2988	559
4748	4541	407
4750	5373	705
4754	3482	280
4763	3488	703
4764	4389	607
4765	4083	570
4772	4760	185
4777	3033	265
4785	3084	538
4787	5169	753
4791	5566	290
4791	5566	352
4798	3685	537
4801	1792	467
4808	4859	221
4808	4859	270
4814	4181	403
4815	5023	505
4823	5071	697
4828	5798	454
4830	3771	663
4834	5562	664
4840	4078	743
4846	3543	370
4846	3543	185
4849	3404	639
4855	2934	255
4869	4426	564
4879	3360	311
4886	3160	409
4900	3698	651
4911	1890	435
4931	3188	278
4934	3822	687
4936	1741	418
4948	2898	469
4950	4262	688
4953	3419	415
4957	3004	200
4962	4463	475
4963	4263	413
4966	2879	604
4970	5819	393
4978	3784	500
4983	3997	614
4986	2395	377
4989	4005	491
4990	2288	413
4991	4426	306
4992	2993	339
4997	3494	544
5005	3998	347
5006	3350	211
5008	2341	539
5015	4877	459
5016	4891	713
5022	3784	448
5023	1785	515
5026	3650	261
5035	3887	637
5036	3506	386
5037	2620	382
5041	2741	549
5045	4776	553
5046	4180	685
5049	3254	185
5053	3325	543
5063	4516	678
5077	2617	263
5077	2617	362
5082	2863	681
5084	3912	321
5085	5606	638
5091	1853	280
5093	4973	846
5094	3028	681
5095	3285	599
5104	3479	731
5106	4320	799
5113	5260	770
5119	2046	391
5124	5740	185
5124	5740	227
5125	3648	568
5126	3678	671
5127	3084	211
5128	2278	415
5130	4324	427
5133	4293	274
5134	5717	595
5135	4062	676
5138	4173	610
5141	1585	417
5149	1587	401
5150	2626	643
5153	4789	669
5155	1709	242
5157	3728	628
5159	2476	317
5166	5498	211
5166	5498	374
5168	3193	380
5172	3763	391
5181	2781	300
5183	3063	727
5184	4709	227
5189	3472	687
5192	3745	250
5193	4367	608
5194	2498	631
5198	3201	325
5199	2628	581
5205	4551	474
5205	4551	591
5206	2707	290
5209	1145	322
5214	3396	407
5215	5743	709
5218	2743	626
5219	2997	206
5221	1386	330
5223	2844	662
5224	2321	330
5230	2855	301
5237	3615	304
5247	3593	363
5254	3604	726
5258	2318	382
5264	3464	427
5268	3683	320
5268	3683	363
5270	5076	439
5270	5076	329
5271	1878	376
5272	3691	182
5272	3691	660
5273	3088	438
5289	1487	357
5290	3165	766
5292	2537	436
5293	2623	470
5294	1824	654
5296	2083	346
5298	2786	297
5298	2786	428
5301	3476	680
5303	3134	243
5304	1839	272
5305	4626	429
5306	1195	245
5309	1848	410
5315	4861	333
5315	4861	331
5318	3204	707
5319	2200	389
5324	2563	412
5325	1864	237
5326	4738	260
5327	3418	468
5328	2518	719
5330	1762	332
5332	1987	589
5335	1531	581
5336	5073	180
5336	5073	220
5338	4387	922
5340	2437	306
5342	3173	264
5346	4000	321
5347	2225	314
5348	4426	607
5351	2412	417
5352	3225	356
5353	4822	750
5355	2793	400
5357	4012	309
5359	4541	552
5360	2327	454
5363	4216	221
5366	1774	411
5369	3953	380
5369	3953	341
5374	5672	324
5376	5098	406
5378	2226	475
5380	1858	131
5386	2789	379
5388	1606	572
5389	2843	342
5392	2584	314
5394	2684	252
5400	2329	429
5401	4267	639
5402	2308	434
5404	1379	211
5405	1411	276
5406	4949	632
5409	4627	707
5411	3743	368
5413	4711	607
5417	5758	563
5430	1170	404
5431	1659	134
5432	2544	229
5434	3300	211
5442	2460	414
5447	5110	557
5448	3588	545
5452	3730	319
5452	3730	303
5460	2457	383
5460	2457	181
5461	2758	444
5464	2275	365
5468	3960	595
5472	3722	342
5475	2170	448
5483	3896	464
5485	2396	297
5486	2455	392
5492	1917	291
5493	2788	636
5495	2612	185
5496	3160	349
5507	1793	432
5511	3296	356
5516	3842	620
5518	2955	379
5519	2391	408
5524	1663	260
5528	3955	692
5532	740	296
5535	2600	359
5539	3152	499
5542	4586	250
5547	910	368
5550	2312	462
5551	3878	447
5552	5690	778
5554	3704	392
5558	2771	279
5559	3503	200
5561	4163	379
5565	2136	185
5569	5786	237
5574	3000	456
5574	3000	352
5575	4447	399
5575	4447	334
5576	4219	442
5576	4219	269
5577	4127	615
5578	2867	659
5583	2121	185
5583	2121	403
5593	1344	222
5595	3315	716
5597	3235	477
5597	3235	389
5602	2429	256
5607	1452	384
5612	5128	367
5612	5128	671
5616	4224	128
5616	4224	448
5619	2154	562
5620	3100	446
5622	4208	185
5624	2085	245
5626	3475	483
5628	2378	390
5632	1736	264
5636	3853	621
5639	1582	185
5648	3371	489
5652	5149	622
5659	3745	629
5666	3542	498
5667	2775	395
5668	1469	185
5673	3640	237
5673	3640	367
5674	3847	663
5678	4084	538
5683	4147	400
5686	3820	614
5694	1427	289
5696	3310	298
5698	2879	320
5698	2879	236
5699	3243	624
5707	3545	396
5707	3545	253
5708	2992	407
5709	2959	557
5710	3239	629
5713	5557	736
5713	5557	668
5717	2737	278
5717	2737	307
5724	3848	307
5724	3848	478
5727	3062	316
5731	4439	257
5735	3042	546
5737	3116	600
5740	2780	440
5745	3801	521
5748	2786	387
5752	2261	599
5754	3767	405
5757	2768	435
5763	3113	541
5764	3371	621
5765	2024	502
5766	3436	383
5767	2797	300
5770	2939	249
5773	1580	227
5784	2947	390
5788	3438	265
5796	2391	356
5798	3122	449
5800	2604	325
5800	2604	341
5808	2192	366
5812	3009	351
5815	2780	364
5816	2097	406
5817	1360	347
5822	3161	329
5827	1739	324
5828	3647	461
5829	3176	634
5833	1050	278
5834	3228	486
5835	2911	287
5838	4984	618
5842	4954	294
5850	4701	446
5859	1875	465
5861	3827	442
5863	2687	366
5864	2934	280
5871	1950	276
5876	3779	227
5877	1911	185
5880	2411	291
5882	2937	321
5882	2937	392
5883	2980	493
5887	1880	461
5888	1296	333
5891	2637	311
5893	1271	306
5895	4437	333
5897	2535	625
5898	2805	371
5901	3538	651
5904	1954	554
5907	3475	226
5908	2507	338
5915	2636	638
5917	1191	200
5925	4911	692
5927	1538	335
5934	2612	620
5936	903	233
5941	2296	665
5942	2811	490
5944	2263	375
5946	2415	200
5952	1409	363
5953	2096	387
5954	4821	257
5954	4821	302
5954	4821	332
5962	3575	352
5971	2192	376
5974	1621	243
5975	1659	301
5984	3319	525
5985	4057	380
5986	3274	295
5987	2734	264
5990	3063	371
5992	4594	637
5998	3867	319
5998	3867	330
6001	2181	418
6002	3925	495
6002	3925	448
6012	3068	592
6017	4440	417
6019	2786	250
6021	2699	421
6022	2983	325
6024	1139	394
6026	4267	730
6027	1290	289
6028	2417	377
6032	1966	384
6033	3866	882
6034	3839	460
6036	5240	492
6045	2439	451
6048	2115	517
6050	3706	315
6051	4490	484
6051	4490	405
6057	1826	352
6071	3209	323
6073	4562	327
6075	3585	599
6076	3191	753
6079	3822	653
6080	2163	465
6081	4499	361
6085	2834	397
6093	2162	452
6094	2531	211
6095	2636	311
6095	2636	263
6100	3749	553
6103	5241	550
6112	2740	350
6118	1363	583
6121	2715	531
6124	2173	293
6128	3149	434
6133	4094	587
6139	1293	211
6153	877	410
6154	3131	635
6156	2403	315
6159	2802	674
6164	3872	558
6165	2872	841
6166	1856	548
6167	1730	501
6174	2311	457
6175	3068	342
6176	2125	454
6178	5128	495
6179	3650	510
6182	4044	384
6187	2576	428
6189	2533	582
6194	2647	263
6197	3171	640
6199	1549	413
6200	698	254
6209	3329	412
6214	1901	564
6215	2991	598
6219	1356	376
6222	5513	310
6223	3215	490
6225	1705	336
6228	3157	657
6229	2137	488
6233	2473	510
6238	2164	495
6241	3687	558
6242	3028	450
6246	3393	288
6248	1804	513
6252	1919	380
6256	4398	297
6257	2630	548
6259	1342	222
6265	3034	476
6266	3206	422
6282	1909	488
6290	5151	519
6291	4506	785
6292	2222	560
6294	4922	602
6297	4077	524
6302	1618	401
6303	3303	494
6307	5121	185
6307	5121	577
6311	2839	545
6319	2555	531
6323	4978	269
6326	2444	330
6334	4729	604
6338	1563	491
6340	3170	540
6345	4158	544
6346	4773	449
6349	2270	486
6351	3197	448
6363	2475	139
6363	2475	161
6369	2929	408
6380	1915	476
6385	2045	185
6393	3032	342
6401	3546	538
6405	5031	349
6409	2898	677
6416	2746	336
6418	4413	185
6419	3145	491
6422	2229	554
6430	960	307
6433	4293	621
6434	1992	354
6436	2733	399
6437	1353	206
6440	2541	488
6458	3912	663
6462	5322	546
6463	3572	276
6468	2418	350
6470	5300	757
6476	4064	761
6476	4064	640
6485	4458	488
6485	4458	373
6498	1870	518
6499	4653	458
6500	3313	584
6505	2767	372
6517	4125	675
6518	4216	521
6524	4288	461
6524	4288	308
6525	3375	497
6530	2810	562
6535	2280	227
6540	2276	367
6544	3833	518
6549	4636	691
6550	767	303
6557	4474	352
6557	4474	393
6560	2478	637
6569	4161	644
6584	2392	286
6586	3084	664
6591	2250	437
6600	3986	538
6603	2048	335
6615	1873	432
6618	4942	542
6620	2400	515
6631	4959	238
6634	4016	435
6647	3229	211
6650	2505	407
6652	3415	510
6653	5480	680
6658	3231	603
6660	4623	241
6664	3230	418
6670	3448	866
6675	4160	268
6681	3953	278
6682	3820	778
6687	5412	508
6687	5412	492
6696	2401	317
6697	5140	573
6698	2853	367
6703	2404	631
6708	5112	241
6710	4095	375
6712	2909	355
6716	4114	181
6716	4114	202
6717	3531	518
6719	3675	243
6720	3952	685
6722	4236	477
6723	3505	326
6726	2301	302
6751	1375	292
6752	2196	232
6762	2638	364
6764	1685	338
6766	2972	409
6767	1702	206
6771	2777	343
6772	2589	379
6773	1870	347
6776	1858	185
6782	2487	313
6783	3383	369
6787	2043	362
6788	1528	185
6789	2120	404
6790	2211	330
6792	3149	574
6793	1648	289
6793	1648	319
6796	3248	400
6800	2074	332
6801	2469	216
6803	3256	334
6803	3256	416
6804	3054	378
6805	3118	176
6805	3118	313
6808	2115	376
6809	3452	291
6812	2867	344
6815	2563	185
6817	1430	386
6819	1819	351
6826	983	291
6827	2302	427
6833	3011	362
6833	3011	416
6834	2060	390
6835	2760	268
6840	1338	370
6841	1598	289
6844	2612	392
6848	2064	345
6848	2064	227
6849	1186	326
6850	2254	357
6851	4169	339
6855	2215	600
6859	1733	292
6861	2464	278
6865	980	255
6868	2100	388
6870	2339	344
6873	1489	418
6879	2096	232
6880	3061	362
6880	3061	411
6884	3239	370
6889	3298	536
6890	1484	407
6891	3130	275
6896	1524	400
6904	1113	315
6905	3595	339
6908	2491	334
6909	1065	354
6911	1667	232
6912	2439	396
6913	1933	336
6915	2798	186
6915	2798	254
6924	2176	454
6942	1508	353
6943	2325	414
6953	2099	297
6961	1731	211
6966	4400	288
6966	4400	341
6970	1530	362
6972	3418	404
6973	3508	370
6978	2133	384
6982	1472	369
6983	1786	379
6989	2969	410
6992	1191	185
6996	1549	221
7000	2799	343
7003	1578	291
7004	3160	493
7005	1992	307
7006	2838	417
7008	1610	371
7010	1553	226
7012	1787	319
7015	1525	232
7017	3054	444
7018	1133	356
7020	1723	200
7023	1860	303
7026	3096	372
7029	1873	314
7030	1908	373
7031	1704	626
7032	1754	412
7040	1646	315
7041	1589	341
7043	2654	401
7049	2634	368
7051	2219	270
7053	1276	332
7063	2384	356
7064	2519	217
7064	2519	352
7065	986	318
7068	1461	222
7068	1461	242
7075	1915	316
7078	3132	365
7078	3132	329
7081	3535	372
7081	3535	353
7082	1375	328
7084	3140	251
7089	1528	345
7090	1654	312
7091	3106	365
7095	2117	360
7097	1565	361
7098	1339	295
7108	1731	364
7111	2018	350
7113	1197	344
7114	1641	365
7115	1966	344
7116	1882	337
7117	2131	347
7118	1753	352
7119	1854	369
7121	2827	396
7124	1944	313
7125	2307	252
7128	1142	373
7129	1836	307
7131	1998	377
7132	3174	255
7135	2386	441
7137	2571	344
7137	2571	437
7145	1466	255
7147	2317	363
7149	1725	326
7150	1341	270
7152	1272	356
7155	1163	214
7160	3328	599
7162	1659	397
7164	2236	304
7172	1082	256
7175	1743	250
7176	2595	377
7179	2525	226
7188	3328	347
7188	3328	200
7190	1238	328
7192	2946	372
7192	2946	348
7193	3770	354
7194	1212	311
7197	1262	309
7203	2275	327
7206	2413	393
7208	2066	378
7209	1931	185
7210	4230	545
7221	3258	410
7224	2543	434
7228	2585	336
7229	2125	283
7229	2125	335
7231	4415	279
7233	2715	266
7233	2715	329
7241	3884	334
7246	3099	425
7247	3326	222
7247	3326	376
7248	1379	316
7254	1222	306
7255	2492	297
7258	3249	316
7259	3466	351
7259	3466	361
7270	2784	329
7273	2886	564
7277	3539	266
7277	3539	322
7278	3241	214
7278	3241	270
7279	2228	326
7281	3219	384
7281	3219	371
7286	2091	467
7287	4141	487
7288	2593	312
7290	1493	283
7297	3385	211
7301	3420	344
7304	1827	215
7305	2517	348
7305	2517	322
7306	2077	312
7307	3522	384
7309	3391	522
7314	2082	341
7316	4198	273
7317	2357	323
7318	4173	419
7322	1872	354
7323	3610	381
7325	2538	351
7332	1823	352
7336	3255	354
7336	3255	278
7337	3450	355
7341	2132	341
7344	1972	227
7348	3406	293
7359	2568	371
7360	1806	255
7361	2664	292
7364	2008	366
7365	2318	352
7370	3504	317
7371	2643	574
7372	1686	549
7373	2515	389
7379	2960	312
7384	4254	284
7390	4215	308
7392	4746	309
7400	2156	283
7401	2695	200
7406	2084	211
7407	2662	211
7411	3405	271
7411	3405	222
7413	3542	315
7421	3043	388
7425	1900	281
7428	2803	222
7429	2799	356
7429	2799	299
7430	1142	330
7431	3561	401
7434	2800	354
7439	2191	399
7440	2869	245
7442	2023	414
7443	2853	290
7444	2169	552
7446	1764	234
7448	1744	232
7453	2241	252
7455	4691	302
7464	1662	383
7466	2139	466
7469	3857	278
7472	1658	345
7474	2875	318
7476	3507	361
7482	2236	327
7486	2177	315
7487	4299	455
7488	3950	447
7490	1664	568
7491	1937	368
7494	2413	342
7505	2017	394
7510	1930	232
7513	2893	237
7516	2620	273
7518	3908	444
7522	2204	278
7525	2676	485
7526	3355	185
7528	3318	338
7530	4598	200
7533	2738	394
7537	4193	501
7537	4193	530
7540	2232	601
7541	3825	375
7543	2039	312
7544	2125	355
7545	3023	494
7546	3930	566
7547	2884	534
7549	2766	275
7549	2766	274
7551	1295	307
7553	3751	364
7553	3751	347
7559	4533	311
7565	2185	507
7568	2549	338
7568	2549	255
7576	2703	335
7577	1552	316
7579	4538	206
7580	4857	534
7582	4721	340
7583	1126	306
7591	3143	280
7592	1305	200
7596	2593	289
7599	4292	326
7606	2371	378
7611	1746	328
7611	1746	335
7613	1806	332
7617	4220	455
7622	3744	345
7624	2686	528
7626	1898	338
7627	1850	327
7635	3008	338
7636	4235	524
7642	3385	286
7650	2208	222
7652	2432	408
7654	2208	318
7659	1859	416
7661	2121	272
7676	2207	435
7678	2664	232
7679	2423	185
7679	2423	340
7687	1430	272
7688	3666	420
7691	1848	414
7692	4136	321
7692	4136	261
7694	2014	227
7697	2794	404
7698	3378	314
7700	4573	303
7705	3741	631
7721	3032	405
7725	3347	286
7726	4378	445
7726	4378	423
7734	958	260
7741	2007	410
7743	2925	369
7748	2316	288
7759	4049	335
7761	1574	280
7763	3966	488
7798	3660	411
7808	4770	659
7810	2729	660
7817	982	442
7824	3065	206
7827	4573	311
7836	4240	566
7839	3801	604
7842	3643	571
7859	4618	343
7859	4618	366
7862	2665	149
7862	2665	183
7864	4011	763
7872	5229	382
7880	4259	125
7880	4259	197
7882	3652	226
7882	3652	191
7928	2588	306
7929	4104	546
7943	3879	248
7958	5109	404
7959	1772	559
7975	3048	604
7980	1451	373
7987	4018	477
7993	2133	508
7994	7511	244
7998	4175	430
8000	3600	573
8012	1528	469
8016	2086	462
8034	1576	261
8037	3622	332
8039	4617	311
8042	3265	334
8053	5688	833
8056	3469	418
8061	2747	456
8063	4856	713
8069	1959	640
8083	6026	496
8084	5834	310
8085	3888	586
8091	6199	581
8092	4770	617
8103	3201	538
8103	3201	532
8106	6429	232
8110	6014	338
8112	5910	413
8114	4156	447
8125	1964	401
8127	2734	544
8135	4164	200
8150	4686	615
8151	3426	522
8152	2979	562
8155	3603	243
8158	2297	211
8160	1351	324
8163	2442	567
8164	7270	656
8165	3381	684
8170	6597	379
8171	1631	390
8176	2757	538
8177	4325	456
8183	3141	638
8187	2101	476
8191	3805	512
8192	2347	275
8198	2178	491
8199	2672	455
8204	5082	658
8204	5082	577
8205	2933	237
8209	2988	276
8210	7125	398
8210	7125	289
8223	2697	468
8231	2386	478
8237	2775	512
8239	2310	602
8246	5790	944
8253	2820	471
8258	2046	483
8263	2895	493
8264	7347	852
8275	5924	230
8283	5070	739
8288	2229	736
8290	4049	309
8296	4723	1002
8303	4471	785
8311	4542	708
8325	4325	762
8328	4994	788
8334	5409	211
8334	5409	627
8339	3201	418
8339	3201	484
8350	3664	476
8351	2835	446
8361	4170	825
8363	6836	858
8364	4046	635
8370	1696	185
8381	6041	417
8381	6041	604
8385	6642	571
8385	6642	661
8392	2816	578
8393	4050	628
8397	6952	179
8397	6952	192
8397	6952	177
8405	4284	1112
8406	4842	495
8406	4842	522
8410	4407	470
8417	4085	809
8422	4897	676
8437	3499	741
8439	8995	930
8449	3796	475
8452	4945	522
8454	2730	421
8460	4522	646
8463	3861	696
8464	6101	185
8471	4923	759
8480	2981	506
8484	1203	302
8489	3644	222
8495	1453	455
8498	4950	451
8504	4100	447
8505	2896	827
8506	4549	578
8507	5617	823
8509	2816	512
8516	2131	857
8526	2906	633
8529	2702	570
8533	996	277
8544	3757	509
8550	4680	417
8551	3570	371
8552	3223	625
8555	1255	519
8557	3402	312
8565	4076	646
8567	4733	217
8567	4733	241
8578	3582	549
8579	4627	703
8581	1747	332
8585	2751	185
8585	2751	116
8590	4415	795
8592	3035	650
8593	4425	237
8594	7229	940
8596	3613	611
8597	3239	316
8602	3902	630
8609	4529	590
8612	3590	764
8616	2367	682
8619	1938	471
8621	2847	536
8631	3181	509
8634	3769	437
8635	2295	575
8639	1528	333
8640	1831	241
8640	1831	195
8642	3729	289
8643	3816	541
8645	4930	686
8652	3106	505
8682	5507	400
8682	5507	379
8689	4357	524
8690	2970	344
8691	4597	536
8693	4150	200
8696	2646	232
8697	1966	233
8707	1843	267
8708	2342	185
8710	3146	766
8723	1872	564
8731	2364	298
8731	2364	339
8736	3709	337
8737	3064	579
8743	5342	761
8750	5148	660
8751	1439	341
8755	2046	378
8764	2241	244
8765	3511	492
8766	4042	545
8775	4235	179
8775	4235	227
8781	1559	394
8782	3513	585
8790	1963	522
8794	2040	583
8804	3410	290
8810	3145	378
8815	1545	311
8817	2178	131
8817	2178	211
8819	5987	556
8822	3287	496
8823	2532	404
8831	2752	409
8833	2571	714
8838	4311	196
8838	4311	351
8839	4076	304
8839	4076	215
8841	2802	238
8844	2945	534
8846	3198	719
8851	2260	185
8855	2728	259
8862	4247	416
8863	3100	478
8864	3980	719
8874	4577	185
8874	4577	577
8875	3161	449
8876	1876	415
8878	4863	338
8880	1718	185
8882	5157	694
8885	1871	456
8886	4661	908
8890	2769	628
8892	1697	221
8896	1658	323
8902	1312	211
8914	5978	347
8918	4368	358
8920	4293	643
8921	3476	472
8922	2589	238
8936	749	230
8947	3110	593
8951	1959	227
8955	3419	564
8956	941	286
8965	4554	608
8968	5735	339
8968	5735	344
8969	1231	580
8970	3106	590
8973	3307	298
8974	1488	307
8980	2848	486
8980	2848	260
8981	1284	185
8983	4029	588
8991	2773	542
8993	1823	367
8994	1529	282
8996	1055	398
9003	1825	492
9005	5789	378
9005	5789	398
9008	536	200
9013	2145	497
9015	2384	510
9018	3665	363
9024	1676	356
9032	2676	649
9033	3230	324
9035	3678	401
9037	1432	499
9039	989	433
9042	2152	401
9043	2255	396
9045	2139	424
9046	2118	396
9048	2155	566
9056	3415	353
9060	1821	324
9063	3346	419
9063	3346	290
9066	3332	568
9079	1683	353
9082	4881	414
9086	3476	260
9087	2993	319
9089	1978	248
9091	2707	336
9099	3100	344
9100	5214	200
9100	5214	249
9104	831	303
9106	1470	298
9109	5160	185
9119	2344	233
9124	2842	304
9127	5261	461
9127	5261	727
9129	1659	375
9130	2390	442
9134	3415	372
9135	2455	379
9137	2635	185
9138	4597	339
9138	4597	528
9139	2997	370
9141	3268	520
9142	2992	341
9146	2788	372
9161	3492	420
9162	4404	378
9162	4404	383
9164	2463	366
9168	1975	227
9173	2600	410
9179	1531	335
9180	1444	360
9181	2582	305
9181	2582	258
9184	5467	310
9188	3022	296
9188	3022	454
9194	1544	261
9196	2880	315
9209	2689	379
9212	2834	325
9212	2834	338
9213	1834	266
9223	2100	269
9232	5838	670
9238	1665	354
9243	2124	147
9243	2124	147
9244	4530	267
9244	4530	370
9245	3963	430
9250	3329	196
9250	3329	286
9252	1914	341
9254	4904	400
9256	4096	516
9263	2085	404
9271	3207	331
9278	3320	373
9281	3281	310
9281	3281	381
9282	2059	405
9284	2072	295
9285	3416	481
9286	2071	222
9288	4678	185
9290	4553	242
9296	2222	337
9300	3468	457
9305	3374	347
9306	5494	394
9310	3633	309
9314	1219	521
9316	1516	211
9318	4247	230
9326	2846	291
9327	3150	480
9332	2153	532
9341	2946	384
9346	1848	185
9353	5055	319
9354	2423	400
9359	1929	354
9361	3243	337
9362	3437	542
9364	1701	480
9366	2316	538
9368	4630	435
9374	3630	251
9374	3630	314
9376	2696	185
9376	2696	293
9377	2244	222
9379	2303	379
9380	2854	263
9384	2231	477
9385	4592	349
9387	2462	368
9388	3558	331
9388	3558	233
9401	3206	351
9403	1491	299
9413	2925	354
9417	5113	242
9427	1150	296
9428	1039	215
9429	2367	281
9431	3630	449
9432	1040	348
9437	1328	266
9450	4393	323
9458	5286	309
9463	2498	124
9463	2498	227
9464	2099	357
9466	4227	586
9472	3388	567
9473	4216	361
9473	4216	211
9478	5746	656
9482	2580	281
9485	1881	332
9486	1809	484
9487	3421	843
9493	1639	329
9494	2418	397
9495	4044	252
9499	2045	511
9501	2413	449
9503	2895	328
9506	1066	259
9509	3432	381
9515	3566	580
9517	2355	526
9522	6044	487
9522	6044	370
9523	4367	525
9524	2278	668
9529	4045	537
9531	2295	427
9535	2436	494
9536	2799	366
9544	1288	412
9549	3715	445
9558	2876	254
9561	4197	605
9571	3450	331
9572	2252	371
9573	4160	465
9579	5661	241
9588	5774	450
9598	1744	373
9602	4561	523
9607	2218	222
9608	5588	661
9613	2421	518
9614	2783	399
9618	672	206
9624	5795	414
9626	1675	320
9631	3271	580
9634	1919	367
9636	2248	347
9638	2049	485
9639	4168	640
9644	1872	339
9645	1780	440
9646	2523	404
9656	3940	687
9658	1316	279
9659	1503	161
9659	1503	172
9660	4518	663
9663	3950	584
9664	4213	608
9674	2121	546
9676	1907	443
9678	5078	292
9678	5078	332
9681	1806	284
9683	3320	353
9684	4463	348
9687	4885	376
9691	1894	330
9695	5547	504
9697	2205	552
9698	2385	418
9699	3313	444
9700	3001	921
9702	3596	613
9703	2105	200
9705	5732	157
9705	5732	152
9705	5732	252
9711	3931	695
9713	2368	384
9714	2780	244
9715	3845	851
9718	4240	250
9721	3979	398
9724	3174	358
9724	3174	380
9725	1740	383
9726	4519	292
9729	3729	438
9732	2928	438
9734	4201	691
9739	1311	206
9740	2133	337
9743	2140	259
9744	3063	335
9745	3175	471
9747	4022	292
9749	3462	398
9750	2305	510
9754	4310	367
9754	4310	429
9756	1897	200
9769	3078	271
9771	1627	244
9774	1262	256
9780	1060	298
9784	1006	284
9788	1508	227
9796	1625	305
9801	2411	256
9812	2090	333
9815	2624	499
9817	2764	568
9822	4568	444
9826	1616	230
9827	2361	345
9835	3542	558
9838	2797	495
9841	3204	375
9844	4421	478
9845	4642	207
9845	4642	344
9847	2813	243
9861	3174	298
9870	1462	435
9873	1819	234
9875	2613	330
9877	3083	465
9885	2468	316
9885	2468	291
9886	3449	574
9892	2330	346
9894	3647	332
9894	3647	352
9895	1944	468
9901	1936	238
9903	2575	516
9908	3999	248
9908	3999	304
9913	2053	295
9925	1671	307
9935	3012	415
9950	2725	275
9954	4097	355
9957	1758	299
9960	2183	320
9961	3108	425
9962	2417	312
9963	3563	306
9964	3911	255
9965	3235	440
9973	2255	321
9982	2642	467
9987	4258	449
9998	4930	839
10003	3893	320
10003	3893	316
10004	2075	286
10012	3649	334
10014	2475	279
10015	2847	271
10016	4053	266
10019	2433	350
10028	3425	222
10032	2685	259
10032	2685	299
10036	2361	243
10046	3740	274
10046	3740	221
10062	2775	265
10062	2775	527
10065	2429	238
10068	2404	250
10071	2561	245
10082	2569	629
10085	2345	266
10090	3378	261
10092	4224	382
10093	2163	211
10105	1250	353
10110	2547	477
10117	4478	285
10118	3140	305
10126	2327	226
10129	2261	429
10133	2593	342
10133	2593	272
10134	1447	283
10138	2540	506
10141	4066	227
10142	1921	296
10156	2452	244
10159	2271	223
10164	4310	396
10167	2264	230
10172	2527	369
10173	2378	424
10173	2378	393
10174	3246	522
10175	3462	447
10178	3041	311
10179	1645	185
10180	4960	271
10184	903	265
10188	2092	354
10189	3986	609
10191	4559	503
10192	1242	238
10197	2399	318
10200	3946	678
10202	3084	461
10207	2489	334
10217	1957	215
10222	2278	495
10226	2440	360
10239	2778	677
10240	2450	215
10243	4122	533
10248	2227	532
10249	3345	506
10258	1408	343
10263	1891	407
10264	2852	389
10268	2261	215
10269	3987	245
10271	2481	293
10277	1406	377
10288	2615	251
10291	1792	301
10294	4128	371
10297	2883	319
10302	4936	690
10304	2365	431
10307	2793	349
10307	2793	193
10316	1844	346
10319	2102	373
10321	2993	324
10327	1510	211
10330	1444	293
10333	3230	388
10334	1624	292
10335	1759	331
10336	3125	465
10338	2997	487
10344	2815	560
10346	3816	489
10347	1980	375
10351	1837	475
10355	3093	357
10355	3093	346
10358	3007	369
10361	3103	563
10363	2228	525
10365	1497	315
10370	3697	335
10370	3697	326
10371	3087	488
10375	3063	362
10376	1888	238
10377	2613	275
10380	5050	232
10385	3420	384
10385	3420	417
10386	887	243
10390	2318	509
10391	3168	348
10391	3168	307
10394	2744	311
10394	2744	296
10395	4349	636
10396	3440	227
10397	1961	473
10402	2249	372
10407	4114	314
10407	4114	321
10409	4062	351
10410	5181	494
10410	5181	425
10416	2829	245
10416	2829	216
10423	5018	538
10436	1843	535
10442	2332	349
10452	3067	346
10457	4119	545
10460	4387	570
10462	3002	227
10462	3002	324
10464	2725	358
10469	3901	420
10469	3901	634
10470	3378	399
10479	2354	329
10482	3389	463
10492	3059	622
10495	2648	271
10501	2301	341
10501	2301	174
10503	3401	309
10507	1736	304
10508	3620	385
10511	2138	185
10511	2138	216
10513	2861	296
10513	2861	303
10515	2607	506
10516	3167	395
10516	3167	291
10519	4778	367
10524	3810	476
10535	3924	309
10537	4937	541
10541	3914	545
10542	2736	388
10548	3256	511
10554	2245	429
10556	3922	222
10557	4015	351
10570	3873	561
10574	1978	268
10576	4681	392
10579	3589	433
10580	4078	309
10580	4078	200
10581	4863	344
10581	4863	328
10582	2673	310
10583	3079	453
10588	5037	483
10588	5037	314
10595	2736	442
10596	1983	326
10603	1025	457
10604	2634	330
10605	3898	487
10615	4422	943
10619	2858	818
10620	2051	463
10623	3073	397
10626	2660	462
10635	4280	792
10636	4079	845
10645	2387	391
10652	4240	544
10654	2405	428
10656	2666	573
10657	2985	419
10661	4978	680
10664	3078	211
10668	3330	310
10673	3120	791
10674	2327	293
10690	2183	439
10697	2257	282
10698	3200	561
10701	3143	222
10706	3113	200
10712	3047	354
10718	3372	599
10718	3372	389
10720	4281	435
10723	3919	849
10729	4089	281
10729	4089	425
10731	3417	465
10735	1335	348
10736	1489	426
10738	4269	668
10739	1643	257
10742	1848	354
10751	4646	373
10753	2595	377
10764	2532	477
10765	2359	473
10766	2304	375
10776	4261	557
10778	2960	356
10784	2760	464
10785	3057	505
10787	2549	308
10791	2264	485
10796	3160	710
10798	3559	704
10799	2887	478
10801	3942	577
10804	2712	328
10806	1123	238
10809	2202	145
10809	2202	145
10811	2414	429
10813	2280	578
10817	2402	387
10819	1839	462
10820	1795	266
10823	3480	557
10823	3480	397
10825	4428	620
10827	4126	580
10827	4126	458
10829	1565	250
10830	1060	242
10832	3025	402
10834	3302	950
10836	2553	637
10841	1708	404
10844	2273	267
10845	2279	541
10846	2260	211
10846	2260	292
10848	2717	399
10851	2320	530
10878	3001	293
10925	2893	342
10936	3527	313
10946	963	156
10953	2926	623
10954	2287	472
10955	1253	309
10961	3674	324
10971	3745	200
10972	2637	378
10989	1819	347
10991	2578	512
10998	3677	363
11001	2463	306
11001	2463	302
11002	2096	279
11006	2669	278
11008	3285	324
11011	3391	603
11012	2120	227
11016	2967	508
11025	2673	521
11028	2900	515
11030	1768	257
11032	2564	289
11033	2322	470
11042	2341	463
11049	2126	211
11056	748	251
11062	2954	185
11064	4101	675
11073	2860	489
11080	2978	475
11083	2486	362
11088	1955	185
11089	2741	530
11095	2480	345
11100	2707	505
11101	3451	266
11103	1734	297
11107	879	255
11113	1388	270
11115	1986	298
11116	1259	400
11122	3586	323
11124	2909	319
11127	2867	286
11135	2776	428
11138	3497	333
11149	1944	206
11157	1830	243
11157	1830	185
11165	2363	279
11169	2397	381
11170	2682	288
11170	2682	330
11176	1172	302
11184	2680	363
11192	3298	398
11193	2107	215
11198	1264	185
11207	3871	285
11207	3871	346
11213	3995	360
11221	1948	301
11225	3355	539
11228	4398	185
11247	3044	517
11259	3978	337
11265	1543	324
11293	1036	250
11300	4352	248
11304	3272	487
11307	2287	280
11309	1559	245
11345	3265	490
11346	2478	406
11352	1194	211
11357	3163	421
11374	2368	232
11379	2085	497
11397	1687	253
11400	3372	338
11401	1650	185
11402	2853	379
11404	1973	359
11424	1942	367
11431	3023	344
11440	2058	595
11449	1628	371
11452	1299	281
