image.name	Feeding	ZT	Mouse	Sample	Experience	NO	Date.of.Exp	condition	facs.2n	facs.4n	facs.6n	facs.8n	image.width	image.length	nb.cell.detected	percent.binucleated	cell.size.mono.mean	cell.size.binu.mean	cell.size.all.mean	nucleus.size.all.2c	nucleus.size.all.4c	nucleus.size.all.8c	nucleus.percent.all.2c	nucleus.percent.all.4c	nucleus.percent.all.8c	cell.percent.mono.2c	cell.percent.mono.4c	cell.percent.mono.8c	cell.percent.binu.4c	cell.percent.binu.8c
Image_01	ad-libitum	ZT0	R-F_AL_Ob_ZT_00_	Ob.AL.ZT0	1	1	06_2014	AL	57.8	39.37	0.54	1.56	23926	33106	1496	0.0775401069518717	4379	5960.5	4481.5	277.18958183421	440.065435349976	713.834898750501	0.550073959620991	0.41728602809	0.0326400122890096	0.477841314305462	0.410917601874488	0.0337009768681786	0.0574427194879898	0.0193624147315663
Image_02	ad-libitum	ZT4	R-F_AL_Ob_ZT_04_	Ob.AL.ZT4	1	2	06_2014	AL	49.76	45.85	0.46	2.86	16560	33914	2419	0.0839189747829682	3781	4511	3857	255.439948514019	413.868835955258	674.324007109064	0.47581081708348	0.483103135032939	0.0410860478835809	0.39649335381684	0.477212263156753	0.0423754082434391	0.0596235096134663	0.0232161958412939
Image_03	ad-libitum	ZT8	R-F_AL_Ob_ZT_08_	Ob.AL.ZT8	1	3	06_2014	AL	44.15	49.8	0.47	4.66	17045	22347	1628	0.117321867321867	3433	4460	3539	277.153928330687	482.144567069251	784.972819023661	0.442687783454587	0.505746503049213	0.0515657134961998	0.351430625182874	0.478875263220187	0.0523722442750713	0.0715970578335918	0.0431031819791319
Image_04	ad-libitum	ZT12	R-F_AL_Ob_ZT_12_	Ob.AL.ZT12	1	4	06_2014	AL	72.93	24.74	0.44	0.76	13489	39248	3957	0.130149102855699	2252.5	2830	2334	287.694734374957	474.372648735525	754.870416351156	0.701652333608355	0.281136007997171	0.0172116583944741	0.570982035702606	0.279417121148858	0.0194517402928368	0.110994859820742	0.0191542430347887
Image_05	ad-libitum	ZT16	R-F_AL_Ob_ZT_16_	Ob.AL.ZT16	1	5	06_2014	AL	52.31	44.48	0.56	1.85	18318	33995	3020	0.0860927152317881	3668.5	4244	3702.5	293.761040332905	492.8709040713	640.316097380543	0.525637115268472	0.455315611202385	0.0190472735291433	0.438158206377528	0.455061977714358	0.0206871006763255	0.0663662176855051	0.0197264953719308
Image_06	ad-libitum	ZT20	R-F_AL_Ob_ZT_20_	Ob.AL.ZT20	1	6	06_2014	AL	53.95	42.44	0.69	1.96	16611	24842	1138	0.0957820738137083	3538	4089	3560	260.719557387528	438.854692863933	685.04105576897	0.556026143056987	0.44016794792214	0.00380590902087229	0.471728851868926	0.428318627437728	0.00417044687963774	0.0687773141323487	0.0270047596813596
Image_07	ad-libitum	ZT24	R-F_AL_Ob_ZT_24_	Ob.AL.ZT24	1	7	06_2014	AL	59.03	37.39	0.58	1.93	19147	34803	1194	0.0753768844221105	4557.5	5889.5	4600.5	295.466799490275	489.058735653052	803.635359835311	0.579547485998558	0.395607262287713	0.0248452517137296	0.491533002227784	0.406372103970135	0.0267180093799699	0.0658494838200055	0.00952740060179317
Image_08	ad-libitum	ZT28	R-F_AL_Ob_ZT_28_	Ob.AL.ZT28	1	8	06_2014	AL	64.08	32.5	0.58	1.64	13873	25812	1698	0.0965842167255595	3168.5	3776.5	3235.5	279.730752776144	433.079006500411	631.004388900175	0.659028685927191	0.325501861928991	0.0154694521438179	0.55805488950485	0.329190870247682	0.0161700235219086	0.0823127829261466	0.0138746670292161
Image_09	ad-libitum	ZT32	R-F_AL_Ob_ZT_32_	Ob.AL.ZT32	1	9	06_2014	AL	57.9	39.14	0.46	1.47	22915	39046	3856	0.0897302904564315	4306.5	5890	4417.5	307.699170626258	507.1804611902	811.485233122879	0.567001273138477	0.410844151178441	0.0221545756830827	0.47924818270666	0.408166227484983	0.0228552993519254	0.0693151396798495	0.0197715443555124
Image_10	ad-libitum	ZT36	R-F_AL_Ob_ZT_36_	Ob.AL.ZT36	1	10	06_2014	AL	45.18	50.16	0.6	3.24	28967	45512	2546	0.129222309505106	4927	8248	5231.5	310.069275208161	517.008017556013	750.87031279897	0.459137198100332	0.508982871979051	0.0318799299206166	0.359931613454708	0.478738918269866	0.0321071587703199	0.0792681768819259	0.0480079479624302
Image_11	ad-libitum	ZT40	R-F_AL_Ob_ZT_40_	Ob.AL.ZT40	1	11	06_2014	AL	47.48	48.1	0.66	2.72	22936	31975	2301	0.112559756627553	4123	5342	4204	284.293900388963	484.18754338131	769.129815882136	0.495445946259341	0.47938270499105	0.0251713487496087	0.405349469292379	0.459208807818383	0.0228819662616844	0.0729318760500107	0.0370665488889588
Image_12	ad-libitum	ZT44	R-F_AL_Ob_ZT_44_	Ob.AL.ZT44	1	12	06_2014	AL	54.47	42.45	0.64	1.73	15368	30762	1699	0.0818128310771042	3397	4216	3466	276.386642952814	469.797185045697	710.54163681845	0.535424155844103	0.443598753503371	0.0209770906525262	0.461513109863601	0.433980773365464	0.0226932856938311	0.0588578059985881	0.0229550250121463
Image_37	ad-libitum	ZT48	R-F_AL_Ob_ZT_00_	Ob.AL.ZT48	2	1	02_2015	AL	61.35	35.79	0.46	0.96	32645	35611	5732	0.0860083740404745	4060	5657	4164.5	299.573671747331	473.955375679398	755.742301992367	0.594432042380982	0.383350533444352	0.0222174241746664	0.523680221436728	0.368956539711425	0.0213548648113733	0.0609389771935003	0.0236826749010123
Image_38	ad-libitum	ZT52	R-F_AL_Ob_ZT_04_	Ob.AL.ZT52	2	2	02_2015	AL	57.7	38.01	0.61	2.31	24188	22983	3941	0.107586906876427	3129	3814	3206	289.776405288339	483.031090425248	756.61729691466	0.550349326035969	0.411660878478012	0.0379897954860192	0.443043202384496	0.407648661653891	0.0417212290851863	0.0832582526706046	0.0241507687108018
Image_39	ad-libitum	ZT56	R-F_AL_Ob_ZT_08_	Ob.AL.ZT56	2	3	02_2015	AL	66.4	31.28	0.47	0.56	20854	28540	5828	0.101407000686342	2539	2969	2595	276.17943374123	455.999946729574	656.340146879732	0.625029470229626	0.364261706400429	0.0107088233699443	0.519693982408448	0.368373373354676	0.0105256435505336	0.0843589258688688	0.0164135100783547
Image_40	ad-libitum	ZT60	R-F_AL_Ob_ZT_12_	Ob.AL.ZT60	2	4	02_2015	AL	65.93	31.51	0.45	0.62	26654	33288	4740	0.0951476793248945	3170	4289	3242.5	283.944939637086	483.593072868567	728.832356749713	0.622234627220382	0.365095965045362	0.0126694077342562	0.542284218724202	0.350986279107271	0.0115818228436327	0.0695772946358955	0.0244238598715196
Image_41	ad-libitum	ZT64	R-F_AL_Ob_ZT_16_	Ob.AL.ZT64	2	5	02_2015	AL	68.08	29.55	0.36	0.84	20703	42986	10972	0.0931461903025884	2604	3330.5	2667	301.525785244699	499.528302717109	793.720507298126	0.644695317066115	0.335268745726167	0.0200359372077186	0.545998730364944	0.339632603573357	0.0212224757591114	0.0793737496958996	0.0134325742723648
Image_42	ad-libitum	ZT68	R-F_AL_Ob_ZT_20_	Ob.AL.ZT68	2	6	02_2015	AL	62.63	34.63	0.52	0.92	20844	36622	4997	0.0698419051430859	3408.5	4075	3457	283.638020509199	469.550124141065	735.20989994094	0.593101187400322	0.38536961566256	0.0215291969371175	0.522897110971542	0.384530621942299	0.0227303619430734	0.0558136966497226	0.0138769709311967
Image_43	ad-libitum	ZT72	R-F_AL_Ob_ZT_24_	Ob.AL.ZT72	2	7	02_2015	AL	57.37	39.46	0.47	1.34	25350	35005	3367	0.0763290763290763	4153.5	5225	4229	292.657137040871	469.172401791772	711.36219391761	0.566103715006603	0.415586230801879	0.0183100541915188	0.492820263496584	0.41156180935143	0.01928885082291	0.0582468125914656	0.0178728672913193
Image_44	ad-libitum	ZT76	R-F_AL_Ob_ZT_28_	Ob.AL.ZT76	2	8	02_2015	AL	61.9	34.78	0.6	1.11	32999	37531	6042	0.0728235683548494	4038.5	5085	4111	301.985831216204	508.334289371698	831.48254017443	0.607245401502589	0.372368962917582	0.0203856355798289	0.528317204558578	0.377518017588991	0.0213412094975813	0.0615749869742512	0.010984090976422
Image_45	ad-libitum	ZT80	R-F_AL_Ob_ZT_32_	Ob.AL.ZT80	2	9	02_2015	AL	62.04	35.41	0.37	0.79	35060	32985	5515	0.108612873980054	3955	4571	4014	320.494054263022	564.565509618519	871.386222290924	0.622838165518512	0.366980769405659	0.0101810650758295	0.510006297365348	0.370253668733544	0.0111271599210537	0.0902400556672972	0.0182929683663373
Image_46	ad-libitum	ZT84	R-F_AL_Ob_ZT_36_	Ob.AL.ZT84	2	10	02_2015	AL	64.57	31.88	0.39	1.19	15641	28439	2862	0.0894479385045423	2775.5	3389	2837	324.265987439086	555.31637557078	865.596514114643	0.657729562178429	0.328200620773652	0.0140698170479195	0.556160849687613	0.339062878629888	0.0153283331779561	0.0802006329605854	0.00924730554393892
Image_47	ad-libitum	ZT88	R-F_AL_Ob_ZT_40_	Ob.AL.ZT88	2	11	02_2015	AL	61.96	35.16	0.48	1.11	40607	29550	5839	0.0972769309813324	4123	5584.5	4227	308.360805483391	537.979321911747	835.876024545294	0.614447041133355	0.368424425394587	0.0171285334720573	0.523066972532891	0.363150478056913	0.0165056184288635	0.075575795506239	0.0205565723693101
Image_48	ad-libitum	ZT92	R-F_AL_Ob_ZT_44_	Ob.AL.ZT92	2	12	02_2015	AL	65.87	31.22	0.7	0.91	34393	28742	6986	0.106069281419983	3898	4950	3987.5	316.040182745954	547.066054542062	849.721632595456	0.627590031179888	0.352965790772333	0.0194441780477797	0.521426980078514	0.352573491753832	0.0199302467476709	0.0863655373674846	0.0189155634057787
Image_13	Day (ZT2-ZT10)	ZT0	R-F_D_Ob_ZT_00_	Ob.DRF.ZT0	1	13	06_2014	DRF	58.77	37.29	0.91	1.69	10134	18033	1365	0.140659340659341	3131	4928	3353	261.403414572509	420.992667949969	711.677024942331	0.61262668432859	0.375001923765562	0.0123713919058474	0.488138833821796	0.357090281784501	0.0141115437343622	0.105329757997386	0.0353295826619548
Image_14	Day (ZT2-ZT10)	ZT4	R-F_D_Ob_ZT_04_	Ob.DRF.ZT4	1	14	06_2014	DRF	58.16	39.11	0.56	1.17	13650	21620	1066	0.181988742964353	4207	8842	4713	308.002343349225	489.014894477829	737.72080002972	0.543118779598988	0.427922725460822	0.0289584949401905	0.417494565146185	0.369044150299271	0.0314725415901909	0.112232859216178	0.0683778470270227
Image_15	Day (ZT2-ZT10)	ZT8	R-F_D_Ob_ZT_08_	Ob.DRF.ZT8	1	15	06_2014	DRF	52.56	44.32	0.83	1.44	16520	23287	1089	0.150596877869605	4722	9646	5266	288.275929564944	451.498559208448	677.087889130271	0.508122167265752	0.474428635270393	0.0174491974638548	0.420561354130943	0.40980490835112	0.0190368596483322	0.0820412125506845	0.068035599081466
Image_16	Day (ZT2-ZT10)	ZT12	R-F_D_Ob_ZT_12_	Ob.DRF.ZT12	1	16	06_2014	DRF	71.43	25.61	0.75	0.76	18258	17760	2237	0.177469825659365	3100	4894	3321	315.942753123501	526.687266142732	776.976598409576	0.703379388638082	0.284437397503668	0.0121832138582493	0.541855758736589	0.267174303494694	0.0135001121093516	0.143176123687742	0.033871074677477
Image_17	Day (ZT2-ZT10)	ZT16	R-F_D_Ob_ZT_16_	Ob.DRF.ZT16	1	17	06_2014	DRF	63.29	34.07	0.59	1.05	NA	NA	NA	NA	NA	NA	NA	NA	NA	NA	NA	NA	NA	NA	NA	NA	NA	NA
Image_18	Day (ZT2-ZT10)	ZT20	R-F_D_Ob_ZT_20_	Ob.DRF.ZT20	1	18	06_2014	DRF	60.56	36.34	0.54	1.3	25744	18761	675	0.154074074074074	5668	10631	6206	261.384515168608	404.250391990629	595.138980734336	0.569654929788135	0.403300889468668	0.0270441807431965	0.469377212636832	0.348132265187378	0.0284164481017159	0.094023386500071	0.0586534176997128
Image_19	Day (ZT2-ZT10)	ZT24	R-F_D_Ob_ZT_24_	Ob.DRF.ZT24	1	19	06_2014	DRF	54.71	42.5	0.6	1.25	31514	17063	1109	0.21009918845807	5572	10304	6466	284.700983656895	489.29445609416	729.215333656453	0.512691004513062	0.470971900726842	0.0163370947600963	0.361690655569864	0.414499432246602	0.0137107237254632	0.129358156460572	0.0777116413047519
Image_20	Day (ZT2-ZT10)	ZT28	R-F_D_Ob_ZT_28_	Ob.DRF.ZT28	1	20	06_2014	DRF	58.71	39	0.45	1.02	NA	NA	NA	NA	NA	NA	NA	NA	NA	NA	NA	NA	NA	NA	NA	NA	NA	NA
Image_21	Day (ZT2-ZT10)	ZT32	R-F_D_Ob_ZT_32_	Ob.DRF.ZT32	1	21	06_2014	DRF	52.59	43.98	0.68	1.54	20268	32581	1222	0.165302782324059	6714	11673	7436	283.936321758635	469.454022531928	713.395550247016	0.494979333742906	0.477575557160872	0.0274451090962223	0.39427754486131	0.41031814375109	0.030101529063541	0.0912616249711036	0.0731009908892183
Image_22	Day (ZT2-ZT10)	ZT36	R-F_D_Ob_ZT_36_	Ob.DRF.ZT36	1	22	06_2014	DRF	49.22	47.01	0.64	2.13	NA	NA	NA	NA	NA	NA	NA	NA	NA	NA	NA	NA	NA	NA	NA	NA	NA	NA
Image_23	Day (ZT2-ZT10)	ZT40	R-F_D_Ob_ZT_40_	Ob.DRF.ZT40	1	23	06_2014	DRF	62	34.22	0.7	1.34	21026	17690	1477	0.171293161814489	3609	7981	4123	282.137893647208	469.033993986424	737.405286139813	0.595963338013714	0.381396534314594	0.0226401276716919	0.486659369043769	0.319543080113363	0.0225043890283792	0.105694206731916	0.0635920362345326
Image_24	Day (ZT2-ZT10)	ZT44	R-F_D_Ob_ZT_44_	Ob.DRF.ZT44	1	24	06_2014	DRF	63.91	34.05	0.46	0.48	16308	25701	1546	0.198576972833118	3400	6921	3744	336.060081546966	537.751589856136	792.502981881614	0.619699167607446	0.370176818427081	0.0101240139654729	0.470602753744317	0.321533864109886	0.00928640931267884	0.136077199316909	0.0610757731667197
Image_49	Day (ZT2-ZT10)	ZT48	R-F_D_Ob_ZT_00_	Ob.DRF.ZT48	2	13	02_2015	DRF	56.14	40.08	1	1.58	16853	26721	3526	0.100113442994895	2796	4619	2875	264.852028237518	426.564468109779	617.442308206201	0.52427463241203	0.451129797224721	0.024595570363249	0.450608036863817	0.425345679438561	0.0239328407027265	0.0630767670369319	0.035474137511958
Image_50	Day (ZT2-ZT10)	ZT52	R-F_D_Ob_ZT_04_	Ob.DRF.ZT52	2	14	02_2015	DRF	60.3	36.42	0.44	1.5	21339	31368	2710	0.156088560885609	3471	5717	3718	278.293282048134	473.757872040165	744.657235242644	0.55486615188095	0.405231244712788	0.0399026034062622	0.443394131657711	0.363443303236567	0.0370740042201132	0.0990401396772358	0.0525199516446622
Image_51	Day (ZT2-ZT10)	ZT56	R-F_D_Ob_ZT_08_	Ob.DRF.ZT56	2	15	02_2015	DRF	57.27	38.76	0.65	2.11	38576	15306	2759	0.0797390358825661	3331	5108.5	3419	303.264907484677	473.030433457369	738.92664120478	0.539576460912262	0.413964662133644	0.0464588769540931	0.465217608295547	0.409530186013652	0.0455131698082348	0.0586920796973931	0.0187218095839908
Image_52	Day (ZT2-ZT10)	ZT60	R-F_D_Ob_ZT_12_	Ob.DRF.ZT60	2	16	02_2015	DRF	62.29	35.13	0.66	0.86	19652	23691	1423	0.0892480674631061	3581.5	5127	3674	276.849918694886	445.998859129336	705.366217188586	0.593252260465977	0.393041790178225	0.013705949355798	0.509080190272371	0.386742563416527	0.0149291788479966	0.0685593439791571	0.0206887234836722
Image_53	Day (ZT2-ZT10)	ZT64	R-F_D_Ob_ZT_16_	Ob.DRF.ZT64	2	17	02_2015	DRF	58.56	38.68	0.45	1.15	19450	25509	1457	0.094028826355525	3955.5	6004	4077	292.50408015161	437.505181717328	689.637153184269	0.559233849965265	0.410624279496345	0.0301418705383903	0.457599135277929	0.416767612495831	0.0316044258707145	0.0771094086289257	0.0162335930373189
Image_54	Day (ZT2-ZT10)	ZT68	R-F_D_Ob_ZT_20_	Ob.DRF.ZT68	2	18	02_2015	DRF	60.24	37.18	0.69	1.02	34403	17730	2435	0.0907597535934292	3128	4468	3209	279.605496281827	446.070983548318	644.543131478244	0.555084890038007	0.427308111162536	0.0176069987994574	0.472191370377354	0.419124007901899	0.0179248681273169	0.0666364437519689	0.0234832410691108
Image_55	Day (ZT2-ZT10)	ZT72	R-F_D_Ob_ZT_24_	Ob.DRF.ZT72	2	19	02_2015	DRF	60.47	36.08	0.68	1.62	13943	30762	2218	0.128944995491434	4319	6705	4507.5	296.89082288173	528.474590814986	821.61440459957	0.545428498802851	0.418765016994832	0.0358064842023169	0.442353995284583	0.394173989740476	0.0345270194835068	0.0867023894186506	0.0392943402413622
Image_56	Day (ZT2-ZT10)	ZT76	R-F_D_Ob_ZT_28_	Ob.DRF.ZT76	2	20	02_2015	DRF	73.06	24.7	0.56	0.45	12802	28348	2249	0.141840818141396	3796	7494	4129	335.590936334289	532.327641362141	822.076562903849	0.693460429383387	0.285215477337986	0.0213240932786271	0.568463699362767	0.268431707643453	0.0212637748523844	0.111678862336522	0.0286194831733707
Image_57	Day (ZT2-ZT10)	ZT80	R-F_D_Ob_ZT_32_	Ob.DRF.ZT80	2	21	02_2015	DRF	56.46	40.71	0.55	1.36	22784	26923	3299	0.140648681418612	4419	7603.5	4693	318.051771145884	548.620922840767	839.23773121124	0.54608784687582	0.43611538208013	0.0177967710440497	0.428234965752429	0.414742013502297	0.0163743393266622	0.097329708362602	0.0413562110068887
Image_58	Day (ZT2-ZT10)	ZT84	R-F_D_Ob_ZT_36_	Ob.DRF.ZT84	2	22	02_2015	DRF	57.15	40.16	0.56	1.2	25835	19953	3316	0.10102533172497	3065	4289	3147.5	313.900403202096	522.972960487087	783.577163344693	0.569047197151527	0.417939398860887	0.0130134039875863	0.463912391854266	0.421975466304	0.0130868101167642	0.0813114935783289	0.0190931994838715
Image_59	Day (ZT2-ZT10)	ZT88	R-F_D_Ob_ZT_40_	Ob.DRF.ZT88	2	23	02_2015	DRF	62.51	34.27	0.53	1.17	21986	21812	2915	0.0771869639794168	3929.5	5544	4020	309.480108405514	483.423491438438	739.111098938188	0.599389226896523	0.373082954161868	0.0275278189416085	0.521115710726766	0.373463862815903	0.0282334624779138	0.0622692754179347	0.0142081159450958
Image_60	Day (ZT2-ZT10)	ZT92	R-F_D_Ob_ZT_44_	Ob.DRF.ZT92	2	24	02_2015	DRF	64.66	32.97	0.42	0.81	10720	27024	1564	0.164961636828645	4122	7843	4557	309.81214239811	504.681460983189	766.780348567406	0.604105223256468	0.370649259209467	0.0252455175340655	0.473695538925563	0.338075262001095	0.0232675622446974	0.115031935388013	0.0468584528484449
Image_25	Night (ZT14-ZT22)	ZT0	R-F_N_Ob_ZT_00_	Ob.NRF.ZT0	1	25	06_2014	NRF	62.42	34.97	0.39	0.9	13671	28317	1451	0.0558235699517574	2739	3352	2759	259.144689094539	403.409997450924	630.236429773044	0.577416313520467	0.403493837548301	0.0190898489312324	0.526417564319044	0.39921077190195	0.0185480938272488	0.041616094585259	0.013403766055916
Image_26	Night (ZT14-ZT22)	ZT4	R-F_N_Ob_ZT_04_	Ob.NRF.ZT4	1	26	06_2014	NRF	60.99	35.18	0.58	1.19	21966	26923	2776	0.106988472622478	3062	3500	3120.5	264.390654874796	427.091472915248	585.257016552101	0.622327160596394	0.36494307623549	0.0127297631681157	0.514474272773786	0.364445553517997	0.014091701085738	0.0872173601031498	0.0197711125190384
Image_27	Night (ZT14-ZT22)	ZT8	R-F_N_Ob_ZT_08_	Ob.NRF.ZT8	1	27	06_2014	NRF	56.73	40.33	0.31	1.25	19884	27428	2265	0.0768211920529801	3241	3541	3257	267.771228194545	445.405712289503	697.16967440147	0.949616955504434	0.0396094257330687	0.0107736187624969	0.89792638558988	0.0155150769121726	0.00973734544496772	0.0623206382150637	0.0135685960611222
Image_28	Night (ZT14-ZT22)	ZT12	R-F_N_Ob_ZT_12_	Ob.NRF.ZT12	1	28	06_2014	NRF	50.5	44.3	0.72	3.04	13681	22074	630	0.0428571428571429	3072	3100	3073.5	255.063040770921	407.015782364109	664.494654455487	0.493331287816824	0.470990820080979	0.0356778921021967	0.452897052894149	0.467038859627846	0.0372069446208623	0.0307885022002696	0.0120686406568733
Image_29	Night (ZT14-ZT22)	ZT16	R-F_N_Ob_ZT_16_	Ob.NRF.ZT16	1	29	06_2014	NRF	55.17	40.49	0.4	2.08	25522	41572	5552	0.0801512968299712	2869	3682	2925.5	292.00212224631	491.992747238878	777.851793072502	0.518102729348433	0.448041887169866	0.0338553834817012	0.447840122577691	0.436371070229675	0.0356375103626626	0.0558946062095829	0.0237909776155019
Image_30	Night (ZT14-ZT22)	ZT20	R-F_N_Ob_ZT_20_	Ob.NRF.ZT20	1	30	06_2014	NRF	62	34.98	0.43	0.77	20703	33389	4672	0.0811215753424658	3215	3660	3258.5	290.277235420228	490.853362562442	733.924976428464	0.607518095500009	0.382373634891369	0.0101082696086216	0.520762994196501	0.387187162097774	0.0109282683632594	0.0680189631297618	0.0131026122127039
Image_31	Night (ZT14-ZT22)	ZT24	R-F_N_Ob_ZT_24_	Ob.NRF.ZT24	1	31	06_2014	NRF	55.82	39.26	0.46	2.34	18743	33187	3424	0.0724299065420561	3026.5	3807	3081	289.819881800371	496.414469650067	695.914111340413	0.574061333622944	0.404348173371403	0.021590493005653	0.492037060601239	0.413320537636676	0.0222124952200297	0.0618017408827116	0.0101572680712346
Image_32	Night (ZT14-ZT22)	ZT28	R-F_N_Ob_ZT_28_	Ob.NRF.ZT28	1	32	06_2014	NRF	58.19	39.22	0.39	1.1	13913	25307	1219	0.0803937653814602	3289	4035.5	3368	260.89483954725	405.817893898004	705.787438645263	0.595811438732672	0.402888226057452	0.00130033520987526	0.529794243968342	0.388407116596543	0.00140487405365522	0.0569583598906976	0.0234354054907626
Image_33	Night (ZT14-ZT22)	ZT32	R-F_N_Ob_ZT_32_	Ob.NRF.ZT32	1	33	06_2014	NRF	56.62	40.84	0.4	1.43	23128	24499	1706	0.0732708089097304	3346	4125	3397	264.123825734358	419.283478807084	693.528636532311	0.566353551611761	0.413964727530152	0.019681720858087	0.500255737475639	0.40709188423241	0.0193815693822203	0.0537974984958071	0.0186021868719862
Image_34	Night (ZT14-ZT22)	ZT36	R-F_N_Ob_ZT_36_	Ob.NRF.ZT36	1	34	06_2014	NRF	52.61	44.18	0.56	1.62	17318	33894	2013	0.085444610034774	3320	3664.5	3360	290.599986802176	448.815757537901	572.526008131964	0.560328528531218	0.410828974506165	0.0288424969626173	0.46609116164764	0.420626801476347	0.027837426841239	0.071057209747643	0.0126526472737418
Image_35	Night (ZT14-ZT22)	ZT40	R-F_N_Ob_ZT_40_	Ob.NRF.ZT40	1	35	06_2014	NRF	49.09	44.37	0.52	3.7	17813	29550	2424	0.070957095709571	2853.5	3730	2889.5	267.689912720602	455.851797419303	743.732405071393	0.47964513399072	0.473074611713747	0.0472802542955324	0.423832424402512	0.457302019028009	0.0479084608599075	0.0449234676337088	0.0246702965934392
Image_36	Night (ZT14-ZT22)	ZT44	R-F_N_Ob_ZT_44_	Ob.NRF.ZT44	1	36	06_2014	NRF	49.81	45.31	0.48	2.47	13964	30156	1437	0.081419624217119	3752.5	4760	3801	281.119208578591	463.742682419497	738.553715436152	0.511322651286877	0.464419496874482	0.0242578518386409	0.437941402466645	0.455828112436329	0.024810860879907	0.0575064734708555	0.0232021226763882
Image_61	Night (ZT14-ZT22)	ZT48	R-F_N_Ob_ZT_00_	Ob.NRF.ZT48	2	25	02_2015	NRF	65.81	31.43	0.53	1.12	16015	38945	1598	0.0594493116395494	2827	3435	2884	257.291437914665	417.414744950948	649.997452436249	0.611174835729488	0.357763504822161	0.0310616594483515	0.545364856052648	0.362277579001743	0.0329082533060593	0.0510719514761863	0.00837735995592376
Image_62	Night (ZT14-ZT22)	ZT52	R-F_N_Ob_ZT_04_	Ob.NRF.ZT52	2	26	02_2015	NRF	65.84	31.26	0.32	1.51	12973	27540	1472	0.0421195652173913	2089	2666	2109	246.642917530433	406.012714416727	629.368311251625	0.601665170723371	0.376067190876777	0.0222676383998521	0.555744750979984	0.378930142154953	0.023205541647672	0.0356311475703515	0.00648841764703985
Image_63	Night (ZT14-ZT22)	ZT56	R-F_N_Ob_ZT_08_	Ob.NRF.ZT56	2	27	02_2015	NRF	57.49	40.22	0.29	1.22	14833	28277	1943	0.0967575913535769	2521	2993.5	2576	257.080932993743	396.055086561346	595.544992781162	0.588522990734254	0.400657402679935	0.01081960658581	0.493304233166077	0.398545581090498	0.0113925943898487	0.0760814123039138	0.0204392334153643
Image_64	Night (ZT14-ZT22)	ZT60	R-F_N_Ob_ZT_12_	Ob.NRF.ZT60	2	28	02_2015	NRF	51.11	45.69	0.43	2.11	18975	27055	2152	0.0687732342007435	2595.5	3518	2639.5	262.161484106539	414.01647765833	664.204495461587	0.484298634769807	0.480640577064059	0.0350607881661348	0.440116729007987	0.453638004829322	0.0374720319619471	0.0387443445969718	0.0300288896037717
Image_65	Night (ZT14-ZT22)	ZT64	R-F_N_Ob_ZT_16_	Ob.NRF.ZT64	2	29	02_2015	NRF	53.33	43.86	0.52	1.42	15449	19619	868	0.0564516129032258	3016	4472	3076	272.828540122404	423.90849662178	658.662305168374	0.499610615122795	0.468583762476524	0.0318056224006815	0.454420420187108	0.456689304500518	0.0324386624091482	0.0366970099914704	0.0191733835740341
Image_66	Night (ZT14-ZT22)	ZT68	R-F_N_Ob_ZT_20_	Ob.NRF.ZT68	2	30	02_2015	NRF	57.6	37.52	0.82	1.51	18480	31267	2405	0.0498960498960499	2999	4012.5	3037	268.504541301862	407.374057899153	587.021255728287	0.553970787743122	0.42780655155834	0.0182226606985374	0.50822572409653	0.422746329962382	0.0191318960450382	0.0366930088563886	0.0132030393191852
Image_67	Night (ZT14-ZT22)	ZT72	R-F_N_Ob_ZT_24_	Ob.NRF.ZT72	2	31	02_2015	NRF	56.16	41.18	0.44	1.46	24562	23590	962	0.0446985446985447	3981	4835	4015.5	261.300742083062	415.025326115164	566.995798922827	0.561342333984339	0.424172850232174	0.0144848157834873	0.527094064256587	0.413075125085653	0.0151322659592159	0.0296697275672683	0.0150288171262665
Image_68	Night (ZT14-ZT22)	ZT76	R-F_N_Ob_ZT_28_	Ob.NRF.ZT76	2	32	02_2015	NRF	58.2	39.62	0.46	1.02	15449	36824	1460	0.0547945205479452	3574.5	4272	3620	276.188987538139	434.466357590938	683.047613959066	0.574590790504435	0.411923149259528	0.0134860602360368	0.517160392682219	0.413820064329085	0.0142250224407512	0.0444574123495858	0.0103371081983594
Image_69	Night (ZT14-ZT22)	ZT80	R-F_N_Ob_ZT_32_	Ob.NRF.ZT80	2	33	02_2015	NRF	58.69	37.94	0.67	1.43	20703	29752	1531	0.0502939255388635	3318	4300	3362	274.721074059941	453.333187276878	725.650060261063	0.569758975149061	0.409216919008681	0.0210241058422584	0.513720929216592	0.413903654588535	0.0220814906560101	0.0423467307018577	0.00794719483700574
Image_70	Night (ZT14-ZT22)	ZT84	R-F_N_Ob_ZT_36_	Ob.NRF.ZT84	2	34	02_2015	NRF	58.89	38.17	0.59	1.29	9942	38036	1181	0.0516511430990686	4009	4769	4061	285.233567828344	470.621356372893	733.432209303104	0.593631096123174	0.390102268088473	0.0162666357883531	0.536018013039486	0.396084151064943	0.0162466927965021	0.0441374038888013	0.00708367254791944
Image_71	Night (ZT14-ZT22)	ZT88	R-F_N_Ob_ZT_40_	Ob.NRF.ZT88	2	35	02_2015	NRF	56.7	39.9	0.55	1.62	25138	21306	1237	0.0590137429264349	3260.5	3883	3284	275.304460323989	456.967762942935	731.010086524373	0.571391925775545	0.407479474039597	0.021128600184858	0.514941192242242	0.40500258218701	0.0210424826443133	0.045085354875631	0.0132618903906792
Image_72	Night (ZT14-ZT22)	ZT92	R-F_N_Ob_ZT_44_	Ob.NRF.ZT92	2	36	02_2015	NRF	54.3	42.48	0.53	1.55	27533	18407	1603	0.0655021834061135	3245.5	3958	3298	277.070844092636	453.63126932327	728.261481296972	0.52254720327102	0.453493003203323	0.0239597935256575	0.466116808293826	0.442851795984515	0.0255292123155447	0.0453291888621017	0.0201729945440103
