0	20339	28782
1	2375	496
4	4924	506
6	5632	458
6	5632	577
8	2434	405
9	1281	380
11	2330	247
17	2491	525
18	2400	357
19	1902	577
25	1883	264
26	1843	464
29	3145	313
29	3145	319
30	1576	243
31	4779	370
31	4779	493
33	5712	498
34	3085	239
34	3085	300
35	1515	279
35	1515	211
37	1662	248
37	1662	244
38	3202	623
39	2084	516
42	4860	575
42	4860	238
43	3936	491
43	3936	518
47	1090	300
48	5771	233
50	4853	519
51	3965	493
51	3965	501
52	2287	317
53	1575	399
55	3370	332
55	3370	346
57	7011	370
58	1676	266
59	2413	467
60	1679	327
69	1143	275
72	2183	492
73	2819	325
82	2502	316
82	2502	251
83	5856	551
83	5856	473
86	2025	384
90	1769	278
90	1769	296
92	1202	292
94	1635	305
95	4080	469
95	4080	310
96	2634	200
97	1564	274
103	1682	305
108	1971	306
108	1971	220
109	3395	563
113	1447	281
116	5164	298
116	5164	290
118	2440	292
118	2440	317
120	2595	526
121	2563	257
128	2580	273
131	1284	255
132	2226	654
138	1169	526
140	1252	317
142	2445	336
142	2445	308
143	1250	351
146	2541	564
147	2212	537
148	1882	352
152	2485	479
154	3843	509
154	3843	505
155	1376	227
157	1327	336
163	1906	286
165	1544	245
165	1544	265
166	3891	537
170	3284	505
179	2256	306
190	2325	319
190	2325	221
194	1176	268
195	4548	494
195	4548	478
197	2762	577
203	2472	263
204	1598	289
208	6414	317
208	6414	238
209	4011	313
209	4011	498
221	2998	222
225	2297	342
234	2820	594
235	2114	566
236	2645	249
238	4266	542
238	4266	369
242	2899	412
255	2119	599
257	2632	748
259	1189	331
261	2422	333
265	2326	238
265	2326	377
268	2209	308
275	2491	249
277	3607	241
277	3607	327
279	1793	382
281	2268	316
283	3797	481
288	4436	222
288	4436	584
290	2140	353
292	1139	243
293	1929	380
294	2736	379
300	2819	496
300	2819	460
304	678	285
305	3405	386
306	2986	428
307	2440	408
309	2319	206
309	2319	506
311	3055	327
311	3055	314
312	1802	278
319	2957	417
319	2957	436
324	1949	292
326	1648	314
327	2945	347
331	2413	551
336	1882	346
338	4199	714
340	3255	520
340	3255	485
343	4561	595
343	4561	632
344	3864	548
344	3864	399
345	2252	378
348	4245	289
348	4245	665
349	3926	691
351	4166	500
353	4270	364
353	4270	290
356	1747	261
358	4744	455
358	4744	544
361	2085	590
363	1424	329
364	2343	355
364	2343	196
366	1997	337
366	1997	322
367	1967	476
368	2333	514
369	3630	549
369	3630	540
370	2972	349
374	2609	279
375	1980	538
377	2020	333
379	2106	576
384	4010	541
384	4010	465
386	1692	402
390	1713	550
391	1830	185
392	4383	473
392	4383	272
395	1825	511
396	1908	293
396	1908	346
401	2179	357
402	1711	364
403	1506	366
404	1766	404
405	1199	230
407	3488	249
409	1729	533
410	1572	244
411	913	316
416	1575	346
417	2191	476
418	2738	560
420	2082	353
424	3104	418
425	1912	254
426	1399	266
431	2805	531
433	3912	616
440	1526	324
441	3071	743
443	1526	354
445	2395	382
446	3595	500
446	3595	475
449	1522	273
451	2211	497
453	2701	488
455	2248	578
456	2298	315
460	2001	370
460	2001	301
461	3517	528
464	4298	540
464	4298	340
465	1274	318
467	2908	345
477	2256	281
477	2256	322
478	1362	311
480	1644	286
486	2358	321
486	2358	286
488	2738	453
489	2276	363
493	2433	338
493	2433	333
494	1565	314
495	3603	253
496	2997	389
498	2609	372
501	1617	343
502	1803	345
505	1575	384
508	2770	491
509	1453	532
510	1550	334
514	1829	251
519	3605	301
519	3605	236
524	1905	327
525	2659	146
525	2659	163
527	2180	465
528	3279	209
528	3279	498
530	3081	323
530	3081	165
534	3259	307
535	1985	538
541	1896	338
542	2024	185
543	1470	373
545	2007	588
546	3131	492
546	3131	415
547	2320	581
548	1925	215
548	1925	348
550	897	335
552	3144	490
552	3144	260
553	557	185
554	1250	315
557	1834	250
558	4762	500
558	4762	497
559	2146	353
560	2174	460
564	2026	344
566	4457	745
566	4457	779
569	2407	473
570	780	252
574	928	238
575	3290	594
577	2712	376
578	2206	610
584	4719	475
584	4719	622
587	2315	374
588	2091	517
590	2088	352
590	2088	259
591	2214	254
591	2214	311
593	2145	500
599	3863	539
599	3863	566
602	3746	332
602	3746	554
610	2695	502
611	4269	611
613	4555	567
614	4504	594
614	4504	588
616	2961	572
617	2154	394
617	2154	321
618	2377	386
620	1876	319
624	2892	460
625	3248	464
625	3248	506
627	3537	379
627	3537	363
628	2148	309
628	2148	352
632	4788	529
635	2411	523
636	2892	185
637	1290	206
639	2509	346
639	2509	309
642	1971	310
642	1971	250
643	3045	535
644	3938	524
646	1352	336
647	2868	270
648	4740	238
649	2392	238
653	2285	185
658	2467	373
662	1752	262
669	1903	377
671	843	230
672	2910	185
676	1821	563
677	4034	422
677	4034	617
678	2585	474
678	2585	253
680	1670	274
682	4484	521
682	4484	586
684	3386	554
684	3386	147
690	4076	323
690	4076	536
691	2560	347
692	2000	303
693	2408	598
694	3921	685
695	2792	354
695	2792	324
696	1714	529
697	1057	238
699	3125	537
705	2825	534
706	1795	251
711	1993	564
712	2401	524
713	1749	342
715	3504	639
718	2230	481
726	2273	484
727	1529	237
729	1700	347
737	1507	216
739	4147	553
739	4147	338
743	3726	520
743	3726	243
744	2959	310
745	3087	299
745	3087	506
746	2557	336
747	3575	618
748	2672	450
750	3583	378
750	3583	325
764	1415	273
773	2607	570
774	2417	550
778	2232	556
779	2854	526
780	4905	792
781	4219	540
782	1141	315
792	1859	312
799	2000	426
800	2325	304
802	2810	510
802	2810	528
805	1447	222
810	3041	594
811	1900	534
812	1716	312
813	4050	426
816	2456	253
816	2456	331
818	2580	537
819	3271	485
820	4149	562
821	3986	580
821	3986	199
822	2056	329
824	3542	517
827	3406	585
828	3444	544
828	3444	511
834	2422	479
839	2386	242
841	2367	372
844	2479	305
846	2956	199
846	2956	342
847	2446	503
848	3249	516
850	1642	268
851	2734	626
853	1973	431
856	2678	200
857	1565	286
858	3942	518
858	3942	490
860	2879	279
860	2879	358
862	3266	643
864	1407	348
865	3237	564
868	4025	345
869	3573	185
870	2417	375
871	2903	390
873	2708	433
875	2046	323
880	3603	372
884	2534	380
889	1361	299
890	2599	482
893	1975	392
897	3778	570
900	2321	379
903	2022	278
903	2022	92
903	2022	186
904	2913	474
904	2913	260
906	2110	185
910	2203	542
916	3615	320
920	1564	333
924	1737	267
925	2958	554
926	2702	396
928	1367	312
930	2384	349
934	1980	484
936	1785	200
937	2193	337
940	2401	243
943	4109	578
944	2302	238
945	4881	321
945	4881	340
945	4881	233
946	1915	333
951	2609	339
952	2527	356
953	3787	358
953	3787	508
954	2572	351
955	1538	286
956	2165	331
957	1997	323
957	1997	292
966	1628	128
967	1027	304
968	2850	560
971	2737	157
971	2737	319
972	2772	169
972	2772	149
973	3162	526
976	2847	595
978	2824	368
979	2379	215
982	1668	311
983	4545	540
983	4545	477
986	2442	366
986	2442	339
990	2567	333
991	4969	535
992	2132	343
993	1929	304
995	1423	200
997	1678	415
1001	2033	357
1005	3674	546
1005	3674	480
1006	2212	250
1010	2085	311
1010	2085	222
1012	1812	343
1013	4750	543
1017	2661	501
1018	2194	522
1022	3293	202
1022	3293	662
1023	2113	227
1023	2113	346
1024	2724	323
1024	2724	182
1026	2305	267
1029	1693	324
1031	3500	453
1031	3500	487
1032	4909	523
1033	2988	577
1034	2333	292
1037	2958	367
1038	3909	278
1038	3909	621
1039	3692	185
1040	3649	527
1041	3393	516
1041	3393	458
1043	4406	544
1043	4406	450
1046	3890	369
1046	3890	442
1048	2423	427
1054	1289	277
1057	4606	271
1059	2610	387
1060	3291	527
1060	3291	229
1064	4899	580
1065	2297	401
1073	2481	575
1076	3890	514
1076	3890	185
1078	1286	286
1081	3749	345
1082	2046	348
1083	1439	319
1084	2812	353
1088	3731	567
1091	1994	351
1094	4495	355
1098	2145	280
1100	3223	581
1102	3923	396
1104	3909	482
1110	3631	600
1111	3057	585
1116	4234	433
1116	4234	547
1117	1963	167
1117	1963	111
1122	3767	510
1132	2732	366
1143	2520	350
1144	1750	405
1151	3077	551
1152	1587	356
1157	3542	325
1159	2163	562
1161	3440	158
1161	3440	400
1162	1297	424
1166	3017	428
1168	4460	450
1169	2651	373
1170	4280	332
1171	3512	476
1172	2718	151
1172	2718	303
1176	2882	265
1176	2882	393
1178	3483	359
1181	2363	562
1182	3079	538
1183	3013	350
1184	3855	555
1185	3172	396
1186	3173	385
1187	4008	298
1187	4008	200
1192	1964	352
1195	4209	294
1199	2488	362
1201	1599	334
1202	2475	317
1204	1738	314
1209	2181	260
1212	3912	350
1212	3912	474
1215	5074	617
1215	5074	399
1216	2256	582
1217	1977	318
1218	1948	238
1220	3251	445
1223	2755	391
1225	3360	221
1225	3360	316
1234	1998	499
1241	2573	371
1241	2573	153
1243	3437	627
1245	4829	514
1245	4829	537
1249	4294	539
1251	3133	296
1251	3133	287
1258	2747	386
1258	2747	352
1260	2838	238
1264	3317	341
1268	2420	460
1272	1840	306
1275	2100	348
1276	3045	230
1280	2879	503
1283	1575	325
1283	1575	279
1285	3102	356
1288	2507	263
1289	2683	316
1290	1721	242
1292	3712	327
1292	3712	185
1297	4103	497
1299	2448	262
1299	2448	238
1302	1842	349
1306	4249	562
1306	4249	408
1307	827	185
1312	2091	380
1315	2449	627
1319	3491	222
1320	1534	361
1321	1800	360
1322	2416	200
1326	2926	579
1328	2291	342
1330	2534	613
1332	3640	438
1332	3640	596
1339	1441	335
1342	3425	432
1343	2216	306
1345	2081	339
1347	1644	320
1351	3705	185
1352	2390	270
1358	1960	471
1361	2622	326
1362	4435	200
1362	4435	358
1363	1096	226
1367	3383	351
1372	2356	346
1372	2356	200
1375	2658	365
1379	1710	505
1380	3926	530
1380	3926	520
1382	2571	374
1382	2571	261
1384	3861	309
1386	4352	200
1387	1878	238
1388	1432	200
1389	3673	535
1389	3673	501
1392	3086	311
1392	3086	348
1393	2432	321
1394	2321	334
1395	1299	270
1396	2662	408
1397	1994	376
1398	2278	568
1399	3724	303
1402	4294	320
1404	2058	243
1405	3817	216
1406	3814	200
1407	2284	278
1407	2284	323
1409	3915	453
1409	3915	496
1413	2682	385
1413	2682	289
1416	1741	342
1421	1995	383
1423	2386	488
1424	3352	628
1428	2265	329
1430	3602	345
1432	3026	271
1433	1816	405
1434	2524	346
1435	3169	315
1436	2681	269
1437	4358	376
1439	3390	453
1439	3390	425
1443	2295	320
1443	2295	325
1445	4730	160
1445	4730	270
1445	4730	470
1446	2760	297
1452	3810	249
1455	2039	310
1458	2627	373
1459	2383	391
1460	3522	419
1462	2734	351
1464	2003	371
1465	3151	353
1467	2888	421
1470	3159	618
1472	3478	633
1473	3216	566
1474	2998	185
1474	2998	364
1475	1955	352
1477	2651	449
1481	3816	261
1481	3816	568
1482	1880	327
1485	1561	238
1486	2955	445
1487	2543	387
1489	2449	361
1491	2824	237
1492	2971	517
1494	2231	275
1495	2406	260
1495	2406	221
1496	2238	207
1496	2238	367
1502	2949	543
1503	1940	372
1504	4104	281
1504	4104	624
1507	4267	408
1507	4267	570
1509	2741	494
1510	2086	416
1513	2873	520
1514	3886	618
1516	3501	279
1516	3501	295
1518	2885	335
1518	2885	427
1521	3146	401
1521	3146	405
1522	2789	281
1522	2789	298
1529	3931	456
1538	3384	513
1538	3384	254
1539	2007	386
1542	2582	584
1544	4314	405
1545	3110	548
1546	4382	200
1546	4382	522
1547	3589	551
1549	4408	384
1555	4222	246
1555	4222	614
1557	1691	267
1559	2585	518
1561	2410	222
1562	2191	373
1562	2191	163
1565	1599	368
1566	3213	471
1568	3913	442
1568	3913	574
1569	3675	557
1569	3675	387
1571	3103	515
1571	3103	380
1573	4489	440
1573	4489	559
1576	3648	554
1576	3648	432
1578	2773	525
1579	2814	539
1584	2929	287
1585	2239	513
1592	2015	313
1594	2040	222
1600	3733	399
1602	2818	575
1603	4315	292
1603	4315	534
1605	2571	538
1606	1527	351
1607	2287	384
1608	4303	402
1608	4303	539
1609	3112	538
1612	2244	303
1617	2191	609
1618	2453	557
1619	4349	425
1621	3631	511
1621	3631	406
1623	1592	233
1627	1867	551
1628	2171	512
1631	2249	370
1632	3112	459
1632	3112	403
1635	4526	429
1636	3674	577
1637	2815	379
1637	2815	339
1639	2719	439
1642	1896	463
1645	3477	434
1646	3050	267
1647	2929	387
1648	3206	264
1649	2719	625
1653	4482	496
1653	4482	254
1654	1802	250
1656	3914	392
1656	3914	429
1657	3470	185
1657	3470	535
1658	1642	280
1659	2829	364
1663	3894	592
1665	1847	300
1666	2618	490
1672	2433	311
1674	2338	342
1674	2338	258
1675	2605	510
1675	2605	238
1677	2233	354
1680	3535	418
1681	3392	382
1681	3392	501
1682	2050	409
1683	2110	308
1684	2434	267
1685	3651	506
1685	3651	491
1686	2803	288
1687	2531	574
1688	2058	200
1688	2058	259
1690	2189	351
1700	4234	312
1700	4234	612
1704	3681	562
1709	1920	353
1710	1816	409
1712	2318	532
1714	2161	358
1718	2409	599
1726	2238	400
1732	2243	260
1736	2537	589
1736	2537	215
1737	2350	426
1739	1588	138
1739	1588	122
1742	2010	211
1746	2265	322
1746	2265	322
1748	1868	376
1753	3227	509
1754	2141	331
1755	2761	488
1757	4307	529
1757	4307	460
1758	1995	200
1761	2523	280
1761	2523	326
1765	2501	378
1771	3262	537
1773	1629	307
1774	2729	342
1774	2729	207
1778	2598	368
1778	2598	352
1782	2189	444
1783	2950	460
1783	2950	392
1784	2582	209
1784	2582	349
1786	2396	597
1787	2165	338
1787	2165	339
1791	1751	347
1793	3626	304
1793	3626	259
1800	1434	549
1802	1348	344
1806	2332	349
1807	1015	259
1808	1371	200
1811	1827	435
1813	1625	391
1814	2572	345
1821	770	227
1822	2422	301
1822	2422	332
1823	2178	283
1824	985	315
1825	1837	289
1826	2773	503
1830	1579	339
1831	1612	320
1836	1331	308
1840	2302	302
1840	2302	327
1842	2012	532
1846	1232	259
1848	1937	334
1848	1937	176
1850	1093	271
1851	1636	315
1852	1519	318
1858	2165	407
1859	3036	341
1859	3036	234
1860	1827	411
1868	4107	494
1868	4107	485
1869	1955	444
1871	2424	319
1877	2250	480
1880	2168	363
1883	2704	366
1885	1083	284
1886	1953	312
1886	1953	302
1888	2259	355
1897	2232	336
1898	2241	415
1899	1309	334
1906	4541	145
1906	4541	109
1918	2371	309
1918	2371	317
1919	1402	300
1920	1131	222
1921	2418	318
1921	2418	307
1923	2422	383
1929	1710	378
1929	1710	165
1932	2416	271
1934	1346	308
1936	1947	292
1938	1734	250
1943	2132	378
1946	2381	373
1946	2381	335
1951	1131	320
1952	2154	363
1953	2194	305
1953	2194	185
1954	1894	372
1955	2274	325
1955	2274	312
1956	685	317
1958	2782	302
1961	1915	380
1965	1788	372
1966	1658	287
1967	2709	453
1975	2002	446
1978	2555	283
1982	1985	430
1988	3824	543
1988	3824	546
1989	1729	282
1991	3807	328
1997	2251	564
1999	3327	538
2000	1909	350
2003	3335	385
2003	3335	330
2008	3044	520
2009	4251	558
2009	4251	563
2013	867	259
2019	1384	310
2022	1599	365
2024	1970	344
2035	3304	523
2036	2284	344
2038	2571	540
2039	2090	435
2040	2015	487
2043	2106	307
2047	1709	146
2047	1709	226
2049	947	325
2050	2549	347
2050	2549	340
2052	2777	372
2053	2112	243
2056	1649	211
2057	2546	553
2065	1121	241
2066	971	185
2068	1037	323
2072	2276	230
2072	2276	341
2073	1109	319
2074	1741	222
2076	2847	565
2082	3067	577
2084	1795	285
2086	3668	442
2086	3668	519
2088	3057	589
2092	2656	254
2097	1462	522
2098	2264	386
2101	1439	444
2109	3139	467
2110	2126	487
2113	2402	219
2113	2402	273
2115	4152	557
2116	4011	601
2116	4011	527
2117	3836	550
2118	1852	267
2121	1355	265
2123	1442	381
2125	1690	446
2126	4170	559
2126	4170	146
2126	4170	233
2129	1699	310
2133	2775	609
2137	3658	475
2137	3658	449
2138	1211	283
2140	1989	374
2141	3846	369
2142	1098	216
2143	2015	289
2151	3851	477
2152	2548	650
2153	1673	389
2159	2610	434
2165	2513	393
2167	1364	215
2172	2370	419
2174	3870	494
2174	3870	436
2175	2065	461
2176	3152	347
2180	2770	419
2184	1600	409
2185	2326	422
2187	1481	486
2188	1780	347
2193	2523	459
2194	1932	238
2195	1935	206
2197	2482	557
2198	1762	510
2199	2736	605
2206	2320	524
2207	2260	616
2208	4639	547
2209	3077	503
2209	3077	527
2213	1704	552
2215	3150	558
2218	3031	520
2218	3031	221
2223	3091	423
2224	4076	307
2224	4076	406
2225	2141	166
2225	2141	225
2231	1506	376
2234	1470	211
2236	2354	283
2237	1389	362
2241	2768	464
2241	2768	456
2242	2661	376
2244	1665	332
2246	2463	418
2247	1612	255
2255	1672	301
2256	2697	211
2257	1589	635
2261	2545	602
2262	2482	425
2262	2482	208
2264	1499	346
2267	2772	473
2268	3449	603
2269	1417	378
2271	1319	185
2272	2504	572
2274	1621	285
2274	1621	197
2277	1918	328
2277	1918	306
2289	4050	631
2292	3819	309
2293	2111	340
2294	2730	270
2295	1593	492
2301	3660	359
2302	1835	358
2303	1396	222
2305	4254	447
2308	3099	462
2311	1486	550
2317	2400	360
2318	1374	197
2321	3265	289
2321	3265	343
2325	3612	539
2325	3612	649
2329	2179	336
2330	1785	303
2331	2568	317
2332	1870	292
2332	1870	256
2336	1501	272
2337	2627	466
2343	4225	434
2343	4225	507
2345	3073	617
2346	1772	314
2349	3559	608
2351	1581	415
2356	3533	474
2358	1726	424
2364	2385	306
2364	2385	185
2365	2438	308
2367	2066	466
2368	1942	292
2371	1607	461
2378	2043	234
2378	2043	274
2380	1985	255
2381	1638	325
2392	2305	403
2394	2246	372
2396	1864	263
2397	2083	519
2398	3930	324
2398	3930	627
2399	1372	311
2408	2183	276
2408	2183	302
2409	1348	354
2410	1020	286
2412	2977	291
2413	3786	502
2414	2823	316
2415	2512	614
2421	2178	565
2425	2478	253
2436	1972	494
2445	3258	537
2446	2321	371
2448	2250	457
2454	1592	230
2464	1848	279
2465	1767	344
2466	1963	345
2468	1571	256
2469	2694	507
2472	1864	423
2473	2273	546
2474	3361	504
2479	4466	384
2482	3209	410
2488	2481	541
2490	2507	446
2496	2303	384
2499	1962	331
2503	2350	376
2504	2968	466
2505	1851	522
2507	2487	436
2509	2481	400
2510	2971	252
2516	1990	322
2519	1998	535
2521	2961	333
2521	2961	289
2521	2961	304
2523	906	185
2525	3531	610
2526	1586	272
2529	2346	293
2529	2346	307
2533	2571	238
2534	2425	237
2537	1701	215
2539	1096	347
2544	1806	518
2546	2741	581
2547	2990	305
2547	2990	200
2549	3697	562
2549	3697	198
2552	4416	622
2560	3974	606
2560	3974	366
2562	2196	515
2563	1615	222
2564	2722	441
2570	4421	211
2570	4421	345
2573	2315	393
2575	2286	429
2576	3497	456
2576	3497	400
2578	1671	353
2579	2327	600
2583	3422	308
2585	2024	431
2588	2061	486
2590	2090	573
2597	2617	441
2603	1436	245
2603	1436	306
2605	2677	506
2607	1751	282
2608	3189	554
2612	1787	367
2616	1904	378
2618	3875	399
2624	1644	380
2625	2939	466
2628	1080	373
2630	4433	522
2630	4433	466
2636	2019	195
2636	2019	186
2637	2935	597
2637	2935	374
2644	877	238
2645	1517	232
2651	1042	325
2652	1585	261
2653	1302	250
2654	1784	571
2657	2275	272
2657	2275	245
2658	871	171
2660	1582	496
2661	1642	518
2666	3780	389
2668	1222	325
2671	3726	386
2672	2747	326
2673	2398	609
2674	1891	361
2678	1567	233
2682	1920	552
2684	2040	352
2686	1408	307
2690	2124	573
2691	2007	278
2695	1246	372
2700	1393	206
2703	3629	451
2706	2350	583
2710	1317	472
2711	3721	398
2711	3721	484
2719	1147	185
2725	1974	359
2731	1467	351
2735	1283	436
2736	1422	273
2737	1722	453
2738	2864	584
2739	1256	412
2743	1803	373
2750	1948	324
2755	1716	343
2757	2114	510
2758	2590	437
2761	1279	373
2762	2912	296
2763	3412	734
2764	2556	590
2768	2251	548
2770	1686	286
2773	3914	227
2774	1683	562
2775	1790	546
2776	1072	294
2777	1233	291
2778	3716	668
2778	3716	479
2782	998	243
2785	1669	375
2786	1989	336
2791	1372	340
2792	2520	616
2793	2028	283
2794	1623	251
2794	1623	261
2795	926	309
2796	1789	222
2803	1442	329
2806	1164	329
2807	1663	310
2808	944	317
2810	2164	270
2810	2164	294
2811	1970	427
2812	1331	234
2819	3024	632
2819	3024	302
2820	2385	532
2822	1649	227
2826	1298	276
2827	3039	525
2832	3261	594
2834	2203	200
2835	4148	441
2835	4148	579
2839	1147	221
2840	1729	324
2842	1607	324
2843	2041	317
2844	2063	282
2851	2169	532
2853	2734	576
2854	1637	317
2857	1159	300
2862	3233	533
2863	1422	230
2864	2072	323
2866	2310	498
2868	1082	185
2869	1479	259
2874	1332	278
2875	1542	263
2881	1512	360
2883	1802	470
2885	1076	244
2892	1466	383
2893	1760	161
2893	1760	273
2894	1916	294
2894	1916	291
2896	2224	534
2897	1397	311
2901	1357	248
2903	1438	405
2906	2054	226
2914	1363	383
2915	2759	358
2928	1918	337
2929	1770	254
2931	2213	518
2932	2429	526
2938	1674	214
2938	1674	195
2942	2587	526
2946	476	185
2947	2788	522
2948	813	185
2949	2242	401
2952	1991	334
2952	1991	362
2955	1578	351
2960	3042	284
2970	2111	446
2974	1352	310
2977	1427	356
2977	1427	252
2980	1411	370
2982	1018	313
2984	1919	371
2987	1103	244
2996	2646	376
2999	587	230
3001	3766	477
3004	2232	281
3005	1335	331
3008	3802	399
3010	4167	604
3010	4167	288
3012	2706	414
3012	2706	542
3013	1557	372
3016	2109	348
3016	2109	314
3021	1474	339
3024	709	185
3026	2011	359
3028	865	243
3031	1395	259
3036	983	256
3040	2919	584
3041	2956	621
3044	2404	319
3048	3095	539
3062	958	359
3065	1636	263
3072	2007	244
3072	2007	207
3077	2702	457
3081	2198	553
3087	1865	447
3090	1464	386
3095	3241	456
3098	3368	641
3102	1621	252
3106	1968	331
3116	1446	268
3124	1708	510
3127	1704	567
3130	1114	211
3131	1420	411
3136	1737	270
3139	1888	274
3144	3087	330
3144	3087	475
3155	1710	399
3157	1379	291
3161	1599	384
3166	2446	354
3168	2915	439
3170	1593	282
3170	1593	293
3173	1552	378
3176	1980	388
3179	1545	282
3179	1545	173
3183	750	206
3185	2729	346
3193	2113	533
3201	3631	588
3201	3631	200
3204	1977	206
3208	2391	553
3211	1640	314
3220	2742	571
3224	1529	284
3227	2822	254
3227	2822	205
3229	3513	471
3232	3842	348
3237	1814	211
3237	1814	268
3238	1871	280
3239	531	255
3246	2481	494
3246	2481	425
3247	2685	238
3248	2101	297
3266	1828	267
3268	3060	421
3272	3570	322
3273	2383	484
3282	2267	267
3289	1991	345
3298	3806	524
3307	2848	342
3308	2741	496
3310	2962	476
3311	1255	267
3313	1773	259
3314	3339	734
3320	2536	200
3323	3193	639
3326	3271	291
3329	4242	400
3329	4242	543
3330	2894	562
3331	2518	357
3338	2268	347
3338	2268	244
3344	2313	206
3347	4002	557
3355	1932	248
3355	1932	206
3358	2330	354
3360	3795	562
3362	2727	240
3362	2727	361
3363	1838	222
3363	1838	163
3364	2579	203
3364	2579	147
3369	2617	359
3377	2124	331
3379	1554	554
3381	1359	413
3383	2115	200
3390	2242	452
3390	2242	261
3391	1253	276
3394	4179	560
3395	1758	226
3399	2612	505
3402	4405	504
3402	4405	442
3413	828	386
3414	4148	590
3415	2432	343
3423	1589	192
3423	1589	272
3433	4572	463
3436	3485	183
3436	3485	702
3443	2047	468
3444	2373	418
3446	1716	315
3449	1601	291
3453	1022	259
3455	1817	373
3456	1317	243
3458	3430	525
3461	3655	575
3461	3655	517
3472	2296	411
3477	2131	328
3478	3595	313
3478	3595	365
3479	2938	419
3480	2324	473
3481	1982	215
3481	1982	383
3487	4084	589
3491	2417	234
3493	2289	486
3502	3047	383
3502	3047	298
3505	3062	594
3508	4492	415
3511	1458	185
3512	1729	314
3514	2060	463
3515	3664	650
3518	2602	506
3520	2048	386
3523	2038	472
3525	1929	324
3530	1372	381
3531	1916	338
3532	2785	469
3533	2523	262
3534	2192	564
3535	3213	183
3535	3213	204
3535	3213	185
3537	1568	211
3541	2953	281
3541	2953	211
3543	1583	354
3544	2172	277
3549	2698	216
3553	665	206
3556	2275	327
3558	4633	307
3564	2832	681
3566	1243	273
3570	2105	459
3579	3020	619
3581	2079	306
3585	2308	398
3585	2308	339
3594	1981	423
3599	4004	577
3599	4004	554
3602	1860	238
3607	4412	529
3610	2072	373
3615	1816	270
3616	1849	295
3617	3912	672
3617	3912	661
3618	2063	372
3625	2299	215
3625	2299	494
3626	2698	481
3628	2644	355
3631	2955	367
3635	3408	362
3636	3930	533
3637	1097	317
3647	4374	487
3647	4374	577
3649	1357	340
3656	4303	500
3656	4303	567
3657	1598	558
3664	1792	361
3665	1669	309
3668	2807	268
3668	2807	346
3670	3009	421
3672	3442	610
3674	1977	520
3676	2983	590
3679	3892	334
3679	3892	288
3681	4008	353
3685	3975	258
3685	3975	605
3690	2031	631
3691	3764	320
3693	1527	291
3694	1772	367
3695	1361	321
3697	2561	634
3699	3484	542
3699	3484	419
3700	2537	474
3700	2537	397
3701	2785	258
3701	2785	362
3702	1980	380
3704	1316	302
3705	2110	454
3707	2803	555
3709	1834	378
3710	1138	298
3718	1175	185
3727	2121	529
3730	4640	589
3730	4640	554
3733	3552	540
3744	1522	342
3745	2460	310
3745	2460	273
3749	1246	185
3750	1576	329
3752	1931	329
3758	2146	591
3762	1328	206
3766	2414	544
3767	2822	585
3771	2182	238
3776	1023	304
3777	2389	185
3787	929	330
3789	1077	320
3792	3796	200
3793	2125	427
3796	1474	376
3801	1441	215
3803	1296	284
3804	1832	166
3804	1832	141
3805	2759	352
3809	2631	422
3813	2032	336
3815	2294	382
3817	2211	495
3818	1598	346
3822	1788	340
3823	1736	319
3829	2425	549
3831	3226	461
3831	3226	494
3833	3357	381
3837	2184	329
3837	2184	350
3840	2540	286
3840	2540	289
3842	4636	530
3847	2414	351
3853	3234	494
3854	3114	364
3864	2455	316
3864	2455	298
3865	2900	348
3868	1035	227
3871	1611	185
3885	2529	327
3887	2457	446
3893	1606	403
3894	2352	185
3899	3861	358
3899	3861	206
3906	2477	237
3907	898	284
3913	3296	257
3913	3296	371
3915	1786	355
3916	2168	503
3920	2700	444
3922	1547	204
3927	1725	244
3930	1635	373
3933	3818	371
3935	1636	333
3936	2312	298
3936	2312	350
3939	1029	492
3940	3218	588
3947	1929	329
3949	1432	296
3950	2843	288
3952	4459	283
3952	4459	721
3954	3179	434
3957	3894	441
3957	3894	559
3961	2266	331
3964	2059	368
3972	3170	322
3972	3170	185
3973	2572	546
3976	4055	531
3976	4055	348
3979	2252	482
3982	3657	239
3982	3657	384
3986	2791	618
3988	1472	430
3990	2910	334
3990	2910	345
3991	2938	462
3993	2684	342
3994	4219	351
3998	3013	390
4000	3345	386
4000	3345	478
4001	3404	443
4004	4183	663
4005	1975	287
4007	3180	348
4007	3180	367
4009	2484	304
4009	2484	224
4012	1587	291
4015	2611	233
4021	3085	143
4021	3085	336
4025	1958	317
4028	3333	558
4028	3333	367
4033	1775	337
4039	1291	360
4040	2555	673
4045	692	275
4047	2678	612
4049	2414	437
4052	1206	291
4056	2344	782
4060	1825	232
4064	1507	360
4065	1741	404
4075	2364	351
4075	2364	227
4076	1433	307
4077	2956	456
4083	1479	162
4083	1479	162
4086	1849	439
4087	1952	244
4087	1952	299
4091	1318	289
4093	1738	427
4095	1507	363
4096	1130	299
4102	2192	309
4106	3312	459
4106	3312	485
4107	2295	475
4112	1440	200
4116	777	180
4123	604	243
4125	3010	604
4126	2408	517
4132	2150	200
4135	3328	470
4135	3328	527
4137	2344	717
4139	2639	480
4141	2159	405
4142	1691	301
4143	1950	337
4145	1551	488
4146	1805	450
4147	1537	394
4149	2293	295
4153	1631	418
4155	3768	358
4156	1817	443
4159	1391	453
4161	1994	297
4161	1994	335
4163	3105	562
4166	1995	394
4168	2770	279
4170	3603	604
4171	1535	211
4175	3141	567
4177	3121	372
4178	2392	374
4181	3277	573
4187	1970	414
4190	1655	371
4192	2164	481
4194	1450	185
4195	2519	356
4198	2052	514
4199	3543	361
4199	3543	511
4203	2423	470
4204	2186	630
4205	1880	238
4207	1729	404
4208	1465	348
4213	2840	322
4214	1778	261
4216	1668	429
4220	1521	341
4224	2570	354
4230	2888	376
4232	2573	465
4236	2609	255
4237	2586	331
4239	2375	592
4240	2000	349
4245	2609	478
4246	3323	588
4246	3323	578
4248	1439	453
4254	3790	833
4258	1001	185
4262	1505	263
4267	1222	206
4273	2265	530
4277	3363	552
4277	3363	566
4278	1721	379
4279	2526	416
4279	2526	225
4283	1808	437
4285	1260	429
4287	2134	478
4292	2126	555
4294	3540	416
4294	3540	428
4298	2706	515
4300	2969	571
4301	2238	586
4303	2924	479
4308	2578	471
4313	1009	185
4317	1315	285
4318	1792	249
4319	2652	370
4319	2652	200
4320	2860	432
4320	2860	477
4321	1350	304
4324	2402	542
4325	1231	311
4326	2303	497
4331	2246	307
4331	2246	227
4341	1823	461
4355	2183	188
4355	2183	354
4356	806	185
4358	2047	372
4359	1922	311
4359	1922	323
4361	2243	351
4361	2243	445
4362	968	200
4363	1633	266
4368	2578	438
4370	1162	326
4372	2144	434
4373	1604	223
4374	2097	355
4374	2097	450
4375	1534	324
4376	1410	329
4377	1388	493
4381	2002	238
4386	2506	445
4390	3468	308
4390	3468	263
4391	4278	443
4393	4272	521
4398	3758	465
4399	2801	418
4400	2147	381
4401	3469	540
4404	2776	381
4405	2488	242
4410	2067	286
4418	2801	544
4419	3717	521
4421	3235	542
4422	2930	185
4429	4126	444
4429	4126	496
4431	3240	206
4431	3240	517
4432	2759	211
4450	1913	358
4456	1926	479
4464	2755	604
4466	1985	279
4473	1764	287
4478	1082	271
4480	926	263
4488	5385	628
4488	5385	538
4491	2587	227
4491	2587	185
4497	5133	578
4498	3066	328
4499	1621	489
4503	3459	608
4506	2721	468
4506	2721	520
4509	2522	224
4509	2522	264
4516	1463	205
4517	2420	293
4518	2274	560
4522	2634	362
4525	2770	500
4526	2329	400
4527	1993	445
4528	3000	214
4528	3000	397
4529	1354	310
4533	4390	575
4533	4390	536
4540	3588	445
4547	2731	474
4548	1552	177
4548	1552	356
4553	2371	514
4556	2284	339
4559	2046	543
4560	2714	535
4566	2203	444
4569	1196	211
4570	2188	514
4575	2782	529
4576	2096	416
4582	1704	440
4586	5309	488
4587	2008	317
4591	2768	475
4593	3761	570
4593	3761	492
4594	2574	364
4595	3327	345
4596	3825	261
4600	3357	576
4603	3193	381
4603	3193	260
4605	3228	688
4611	2702	522
4616	1800	446
4618	2326	331
4622	3053	506
4626	1925	338
4627	2342	200
4628	2370	414
4630	2142	493
4631	4000	387
4631	4000	533
4636	3186	312
4636	3186	370
4637	1877	544
4638	3359	578
4639	2762	227
4640	4848	548
4640	4848	346
4645	1040	299
4646	2475	215
4649	1831	282
4652	1974	329
4652	1974	357
4653	1261	287
4660	4416	663
4660	4416	534
4661	2822	673
4669	3942	260
4670	1277	328
4672	2857	347
4673	3333	541
4674	2814	309
4674	2814	317
4681	1926	233
4686	4275	410
4687	2915	379
4692	5257	563
4692	5257	502
4694	2179	299
4697	1764	265
4701	1703	264
4704	2218	607
4709	3233	548
4709	3233	226
4710	5355	152
4712	2608	215
4712	2608	607
4713	2270	315
4715	2698	473
4716	5381	453
4720	2728	352
4720	2728	243
4721	1639	470
4722	2972	354
4722	2972	183
4728	4391	625
4732	3841	299
4737	4327	505
4737	4327	452
4742	2734	373
4742	2734	446
4745	2055	178
4745	2055	330
4750	2916	204
4750	2916	150
4750	2916	143
4751	2470	572
4764	4810	438
4764	4810	529
4766	3298	520
4768	3653	485
4769	1801	227
4774	3804	546
4780	5116	561
4780	5116	430
4781	3251	716
4785	3012	556
4787	3377	187
4787	3377	139
4787	3377	341
4790	3458	479
4794	1719	325
4804	1732	262
4805	1549	211
4807	2707	464
4808	3393	222
4808	3393	222
4811	2952	335
4815	2067	185
4818	3001	408
4822	1990	496
4823	2742	222
4823	2742	272
4831	2702	459
4831	2702	388
4841	2370	352
4843	1500	293
4845	3078	332
4849	2991	410
4852	2104	297
4854	1353	185
4861	2383	419
4864	2246	377
4864	2246	407
4865	3354	378
4868	1864	200
4873	4228	595
4873	4228	389
4877	2389	544
4887	1768	206
4888	1777	258
4888	1777	248
4893	2491	268
4898	1435	389
4899	1146	253
4902	3835	500
4902	3835	418
4905	2948	316
4905	2948	266
4908	3589	559
4909	4206	403
4909	4206	485
4912	2883	329
4913	2916	395
4914	2139	541
4915	2013	338
4917	3781	260
4918	2277	350
4919	2875	334
4923	1912	285
4927	2447	411
4929	2732	517
4931	2536	480
4932	1169	289
4933	2304	349
4933	2304	185
4936	2662	229
4936	2662	428
4941	3346	348
4941	3346	532
4943	3109	221
4948	1296	309
4951	1219	233
4958	4916	232
4961	1318	515
4969	2633	589
4970	4203	601
4975	2538	527
4976	1648	334
4989	1116	425
4991	4231	460
4991	4231	443
4992	3557	360
4996	2019	629
4999	1558	297
5002	1561	376
5003	2462	411
5004	1498	301
5005	3057	401
5005	3057	383
5007	2145	263
5007	2145	222
5016	4332	718
5021	1461	286
5022	1395	358
5030	1859	209
5030	1859	235
5031	1355	351
5035	1973	504
5036	1981	371
5038	2876	329
5045	1907	280
5050	3108	458
5050	3108	509
5068	1583	310
5068	1583	236
5071	2698	540
5073	4345	531
5078	1490	243
5079	1536	266
5081	1516	356
5086	2385	466
5087	1941	361
5096	2397	276
5096	2397	339
5101	4646	448
5101	4646	387
5107	1937	257
5116	2465	541
5118	3998	402
5118	3998	481
5120	2993	431
5120	2993	222
5123	4380	200
5125	3179	504
5125	3179	286
5129	1959	519
5131	1613	242
5132	1853	462
5133	3686	473
5133	3686	210
5142	3362	366
5142	3362	415
5143	1694	330
5144	1401	255
5148	4105	562
5153	3367	501
5156	1985	493
5161	1871	261
5164	963	272
5166	2627	260
5172	2590	250
5173	4020	293
5174	4127	529
5174	4127	211
5175	3442	386
5176	945	222
5181	1750	356
5187	1950	326
5190	2549	276
5194	1252	242
5201	4928	637
5203	2129	475
5206	1828	185
5206	1828	167
5208	1933	421
5209	1913	419
5212	3919	451
5212	3919	352
5215	2085	329
5217	3770	502
5217	3770	445
5218	2577	448
5219	2756	306
5219	2756	280
5220	3760	663
5222	2249	381
5227	2951	518
5237	3745	154
5237	3745	382
5240	2318	274
5241	913	200
5244	2974	526
5247	2698	539
5249	3533	399
5249	3533	486
5251	3085	235
5251	3085	360
5255	3470	271
5255	3470	396
5255	3470	297
5259	1280	229
5259	1280	200
5260	3833	325
5263	2679	394
5265	2563	383
5266	4308	652
5269	1299	185
5270	1485	510
5275	2426	469
5280	3585	526
5284	3005	368
5284	3005	404
5285	3559	500
5285	3559	438
5289	1495	200
5293	1363	251
5294	1517	389
5298	1890	544
5300	3736	585
5306	2410	397
5306	2410	162
5315	2677	436
5317	2187	392
5328	4787	733
5331	1800	412
5332	1875	410
5333	2548	367
5335	4689	564
5335	4689	322
5339	1781	317
5339	1781	210
5343	1877	423
5350	1974	325
5353	1543	275
5354	2244	222
5354	2244	242
5359	2072	578
5361	1486	185
5361	1486	233
5364	2828	516
5368	1643	317
5370	3247	442
5370	3247	591
5374	3046	342
5377	3257	498
5383	1525	267
5390	864	249
5392	1926	263
5392	1926	285
5396	1646	268
5401	1412	519
5403	1551	320
5405	4987	438
5406	4635	192
5406	4635	613
5410	1577	233
5412	869	200
5414	2142	457
5416	1761	296
5418	2215	206
5419	1520	436
5420	2226	568
5420	2226	255
5423	2099	261
5424	544	185
5425	2272	326
5425	2272	324
5433	1900	251
5433	1900	185
5434	2224	412
5437	1344	297
5445	1685	330
5450	1048	185
5451	778	221
5457	1012	215
5461	1599	248
5463	2454	407
5468	1977	307
5478	1740	248
5480	1508	327
5483	2762	331
5483	2762	436
5484	1870	317
5485	1504	237
5486	1270	206
5487	1394	345
5488	2628	431
5492	1796	245
5493	5285	303
5496	2164	211
5497	2493	577
5499	1245	241
5500	1648	307
5507	4036	409
5507	4036	575
5509	884	244
5514	1522	227
5518	2997	311
5518	2997	258
5520	2735	459
5522	3559	226
5522	3559	538
5523	1637	236
5524	2043	300
5527	4245	394
5528	2046	483
5529	3558	421
5529	3558	543
5531	3807	570
5533	2514	220
5537	2863	332
5542	1531	267
5543	1516	211
5545	1033	320
5549	4684	458
5549	4684	590
5553	3561	311
5554	2238	306
5557	1462	436
5561	1701	486
5564	3439	526
5564	3439	418
5567	2049	354
5568	2672	215
5568	2672	489
5574	2898	445
5576	2965	456
5577	1743	315
5580	3291	566
5584	1002	439
5585	1573	454
5586	2098	274
5587	1226	315
5592	1181	344
5594	1008	267
5595	2901	407
5600	2666	296
5602	4064	551
5602	4064	226
5605	694	248
5607	3226	416
5609	2340	457
5617	3410	175
5617	3410	626
5624	1833	243
5627	4673	412
5629	2067	373
5631	2948	393
5639	2952	316
5639	2952	239
5640	1958	323
5641	2140	311
5643	1597	232
5645	1923	271
5649	5366	620
5649	5366	521
5650	1221	222
5653	3590	431
5653	3590	468
5654	2206	384
5660	1589	562
5662	2545	435
5662	2545	282
5663	2049	350
5664	2753	595
5669	2801	253
5669	2801	403
5676	2854	338
5679	1421	351
5685	2090	222
5688	1988	480
5689	2407	273
5691	1854	300
5693	1944	407
5696	4363	414
5698	4265	319
5698	4265	519
5700	5348	546
5715	2212	267
5731	1402	341
5734	1875	200
5747	1828	332
5764	2383	421
5765	3228	382
5769	3660	185
5779	1494	245
5779	1494	316
5783	2656	541
5784	3444	347
5784	3444	533
5785	2369	459
5788	2623	347
5799	2333	292
5799	2333	345
5803	1925	387
5808	1865	359
5809	2216	312
5813	3175	535
5814	2475	270
5817	2524	294
5817	2524	368
5818	1575	299
5819	1694	273
5819	1694	238
5827	980	365
5829	1525	296
5830	2105	538
5833	2012	266
5841	2361	172
5841	2361	170
5841	2361	154
5848	1866	364
5849	4268	459
5849	4268	496
5852	2846	323
5855	2024	286
5860	2671	494
5862	3837	398
5862	3837	426
5864	2147	333
5865	1808	258
5867	1984	278
5877	2542	549
5878	2332	460
5879	2927	294
5880	966	227
5881	1614	503
5882	2010	206
5889	2902	338
5890	2637	439
5892	4749	380
5899	3135	594
5900	1504	501
5901	1620	221
5905	1486	232
5909	4069	526
5911	1877	227
5912	2474	375
5913	2551	279
5915	2875	206
5916	5328	313
5923	2048	314
5925	4631	513
5930	2176	334
5932	2655	478
5936	2351	350
5938	2494	285
5938	2494	353
5941	3380	585
5943	1169	211
5947	2069	268
5947	2069	349
5948	3108	595
5951	2106	555
5952	1964	377
5953	2847	553
5955	3645	479
5956	3874	333
5956	3874	349
5960	2103	311
5960	2103	331
5961	2213	252
5963	3408	460
5963	3408	515
5965	3151	621
5972	4269	515
5972	4269	470
5975	2999	522
5976	4141	339
5976	4141	420
5978	1273	346
5984	2354	467
5988	1852	499
5989	3365	600
5994	2438	429
5998	3259	593
5999	2381	399
6000	2832	185
6010	2725	549
6011	2599	322
6015	2572	578
6018	2104	482
6022	1589	579
6027	2148	526
6028	3561	593
6032	4126	581
6032	4126	172
6032	4126	213
6033	4344	458
6033	4344	506
6041	2948	536
6062	2158	428
6066	2808	410
6069	1967	441
6072	2126	317
6073	2842	724
6074	2430	573
6080	4221	165
6080	4221	572
6081	3175	274
6081	3175	482
6085	1669	401
6086	1799	359
6088	2059	512
6093	1949	524
6094	1154	372
6100	3363	354
6109	1727	536
6110	3939	494
6110	3939	338
6112	1944	233
6114	3110	436
6115	2380	308
6116	3151	138
6116	3151	399
6119	2071	291
6122	2643	327
6124	2301	332
6129	2582	381
6137	2157	521
6139	1967	290
6142	3034	546
6142	3034	164
6144	2160	291
6144	2160	279
6149	2634	556
6152	3576	373
6154	2143	579
6156	1184	345
6163	1403	325
6172	2150	215
6177	1450	358
6186	2310	272
6186	2310	309
6188	1453	475
6189	3525	580
6190	3246	364
6190	3246	363
6196	3360	289
6196	3360	193
6199	2800	448
6199	2800	455
6201	4129	211
6201	4129	483
6204	1600	306
6205	2119	371
6206	3292	502
6206	3292	227
6208	3151	493
6215	3810	489
6217	2422	324
6220	2921	353
6221	1035	324
6223	1651	211
6224	2077	249
6227	3075	349
6227	3075	273
6229	2308	523
6231	2284	351
6232	2015	456
6234	2110	307
6234	2110	231
6237	802	266
6239	3621	489
6241	1256	200
6245	2408	479
6253	2903	200
6254	2049	249
6257	3018	480
6258	1707	512
6259	2342	331
6260	2344	226
6260	2344	327
6264	4054	638
6277	4492	574
6279	3490	524
6279	3490	400
6281	1907	334
6285	1542	302
6286	3302	275
6295	1116	349
6299	2460	327
6301	1929	222
6303	2646	274
6305	2843	506
6312	2220	211
6313	1138	367
6323	1585	227
6325	2418	381
6330	2294	361
6331	1732	185
6337	2569	390
6338	859	284
6341	1407	261
6343	1676	242
6343	1676	278
6344	1968	242
6350	3346	283
6352	2708	320
6355	2606	374
6355	2606	227
6361	3150	493
6361	3150	324
6363	3282	211
6367	1802	279
6367	1802	250
6371	1317	269
6373	1490	250
6377	2245	384
6383	1265	323
6392	3554	284
6393	3887	590
6393	3887	613
6398	1825	124
6398	1825	187
6399	3718	564
6401	4395	494
6403	4602	261
6407	1607	446
6408	1262	262
6410	2499	333
6416	4420	588
6418	3221	302
6419	2079	381
6420	1694	366
6422	2563	567
6426	1456	450
6431	1792	604
6433	1253	383
6434	2361	200
6434	2361	294
6436	3962	271
6436	3962	271
6437	2389	533
6438	2177	316
6442	4684	357
6442	4684	356
6443	3675	545
6448	2088	377
6449	2125	260
6449	2125	219
6450	4196	191
6450	4196	203
6451	1507	373
6454	3603	347
6457	1562	355
6459	3269	497
6460	2816	609
6461	5412	330
6461	5412	315
6463	1165	364
6465	1385	323
6466	1641	436
6474	2747	350
6475	2483	373
6477	2099	271
6478	3959	551
6479	3712	492
6480	3199	450
6481	2541	316
6485	1843	353
6486	2774	458
6488	1855	560
6490	1676	279
6493	1709	238
6496	2096	344
6497	3218	185
6497	3218	493
6498	3338	577
6498	3338	228
6499	2264	626
6505	2702	526
6509	1903	308
6512	3785	404
6513	2680	330
6515	1744	430
6522	4156	292
6522	4156	185
6523	4232	286
6525	2070	365
6526	2630	244
6527	2223	541
6530	2763	474
6531	2570	653
6535	2183	334
6535	2183	224
6539	4789	397
6539	4789	125
6543	1679	421
6550	1457	498
6551	2334	407
6552	2097	227
6553	2083	401
6554	4429	395
6554	4429	288
6556	1792	283
6557	2118	259
6558	5823	535
6558	5823	186
6560	2556	264
6560	2556	508
6562	1311	249
6563	1235	354
6565	1881	304
6566	4957	278
6567	1648	402
6569	3624	348
6569	3624	509
6570	4032	667
6573	4172	222
6573	4172	494
6585	1841	367
6586	1275	302
6588	2038	247
6589	5548	308
6589	5548	375
6589	5548	351
6590	2431	337
6590	2431	299
6591	1761	294
6592	2101	209
6592	2101	320
6593	3720	440
6595	3467	367
6596	2918	282
6596	2918	297
6598	1264	247
6599	2528	233
6600	3533	593
6601	2288	520
6601	2288	22
6607	4087	337
6607	4087	493
6615	2009	277
6616	2158	425
6617	3021	467
6617	3021	551
6618	1778	319
6620	3657	536
6623	1064	200
6625	1244	337
6626	3204	331
6630	1606	227
6630	1606	261
6637	2118	417
6639	3177	337
6640	1572	358
6641	1287	274
6642	3157	455
6643	6819	185
6643	6819	573
6647	2486	442
6648	2951	553
6652	3639	376
6654	2172	272
6661	1879	586
6662	2415	572
6666	641	272
6667	1600	388
6668	2334	337
6668	2334	340
6669	4142	603
6670	4161	317
6671	1236	185
6673	4004	340
6676	1840	346
6677	4037	285
6677	4037	215
6678	2239	345
6680	1581	290
6685	5560	431
6686	1634	427
6690	3439	500
6690	3439	279
6691	4179	253
6693	3068	349
6695	2210	378
6698	2457	543
6699	1958	337
6699	1958	307
6701	2668	494
6703	634	290
6706	2439	175
6706	2439	24
6706	2439	269
6708	1862	522
6709	2668	610
6710	1786	316
6714	1663	488
6715	2915	242
6716	2433	514
6723	2154	261
6725	1535	321
6727	2241	304
6730	5300	282
6732	1475	348
6734	2099	331
6735	1520	304
6739	1533	386
6745	3321	358
6746	2247	408
6750	3472	554
6752	5645	528
6752	5645	227
6754	2849	359
6756	2736	289
6756	2736	308
6757	4253	565
6759	4515	645
6759	4515	455
6761	2483	239
6762	2871	357
6762	2871	141
6763	2066	376
6769	1889	387
6770	4017	509
6770	4017	488
6776	7088	579
6776	7088	372
6779	4429	386
6780	3890	155
6780	3890	318
6780	3890	565
6781	1856	318
6783	2978	402
6792	2572	200
6797	7414	525
6797	7414	350
6797	7414	209
6799	5130	596
6799	5130	420
6800	2511	374
6802	1512	299
6803	2653	490
6804	2293	486
6805	1897	392
6807	2911	302
6807	2911	266
6809	1335	261
6810	3542	557
6812	1694	424
6814	1991	286
6815	3947	571
6815	3947	540
6820	1998	388
6823	4292	356
6823	4292	150
6823	4292	196
6825	5460	489
6825	5460	511
6831	2143	221
6832	2276	543
6834	3612	269
6834	3612	216
6837	5242	358
6837	5242	317
6837	5242	536
6841	3914	280
6841	3914	504
6841	3914	20
6842	3367	309
6848	1541	312
6852	2137	274
6855	5297	568
6859	983	409
6860	3765	491
6862	3525	357
6863	2323	301
6864	1379	221
6865	1738	326
6865	1738	281
6866	3257	582
6868	3115	357
6868	3115	291
6869	2952	556
6870	1175	249
6871	3984	286
6872	2820	388
6873	2042	380
6874	1484	200
6876	3485	427
6876	3485	484
6877	4898	505
6877	4898	468
6878	2370	565
6879	1898	439
6881	1547	349
6882	2959	271
6883	2248	308
6883	2248	211
6885	1854	338
6886	3748	324
6886	3748	357
6888	4284	354
6890	5937	412
6890	5937	411
6890	5937	403
6896	5167	619
6900	1587	338
6901	1301	379
6903	3172	359
6903	3172	512
6906	2018	300
6907	2527	401
6910	2278	277
6917	1105	311
6918	2220	513
6922	4176	618
6922	4176	585
6925	4676	482
6925	4676	341
6926	2287	291
6926	2287	344
6927	1019	321
6928	1819	412
6931	2623	290
6931	2623	408
6932	1518	336
6935	2730	317
6935	2730	331
6936	2303	226
6938	2891	539
6939	2831	488
6940	3206	398
6940	3206	200
6942	3224	384
6942	3224	551
6948	1979	312
6948	1979	269
6950	1776	437
6951	1917	432
6953	4790	271
6954	1892	434
6955	2823	321
6959	3754	621
6962	2367	552
6963	1976	291
6965	1481	366
6966	1784	268
6967	4775	367
6968	1761	412
6973	2363	350
6974	3945	454
6976	1293	313
6980	763	305
6982	3815	310
6982	3815	473
6983	2030	567
6988	2256	304
6988	2256	258
6990	1984	215
6993	2972	493
6995	3375	410
6996	3414	251
6996	3414	400
7001	6833	261
7001	6833	563
7002	2106	412
7003	2122	230
7005	3264	678
7006	3632	485
7006	3632	231
7007	1621	272
7007	1621	223
7010	1758	274
7013	4858	294
7013	4858	346
7013	4858	346
7017	3044	320
7020	3135	337
7020	3135	255
7025	5152	206
7025	5152	239
7032	1638	233
7033	1341	280
7034	965	309
7037	1877	458
7039	1883	371
7043	1546	211
7046	1271	312
7048	1607	185
7050	2133	323
7050	2133	275
7052	2775	311
7052	2775	324
7053	2175	243
7053	2175	330
7055	1268	249
7059	3847	509
7059	3847	307
7062	7184	575
7064	2308	549
7065	1716	298
7069	4086	505
7069	4086	405
7070	3899	399
7070	3899	356
7071	2008	455
7074	2126	425
7075	2701	159
7075	2701	171
7077	2785	319
7077	2785	339
7078	4033	213
7078	4033	400
7078	4033	315
7081	3442	243
7087	1386	350
7088	4070	590
7088	4070	396
7089	1641	429
7092	2560	435
7094	2816	571
7095	4904	418
7097	1561	305
7101	3051	551
7103	1971	279
7107	4177	515
7107	4177	532
7108	2512	335
7108	2512	200
7113	2396	159
7113	2396	340
7114	2090	388
7115	3058	515
7116	1793	528
7118	1724	460
7119	3863	456
7120	6247	462
7120	6247	277
7122	1518	200
7123	5809	176
7123	5809	138
7123	5809	308
7124	1942	284
7124	1942	279
7127	2355	353
7128	3913	334
7128	3913	522
7131	3104	392
7132	4632	408
7133	3661	367
7133	3661	519
7138	5287	469
7138	5287	569
7143	2618	643
7146	3094	233
7148	3731	426
7148	3731	492
7151	1809	319
7153	3189	530
7156	4193	351
7156	4193	451
7156	4193	316
7158	3444	490
7159	2776	343
7162	3861	431
7163	1710	352
7164	3381	324
7166	3130	344
7169	2193	504
7170	4163	546
7171	2134	514
7172	2368	312
7172	2368	315
7176	2464	349
7178	3453	494
7180	3093	272
7181	2542	211
7182	2342	584
7184	3373	530
7186	2901	319
7186	2901	345
7187	2250	324
7187	2250	316
7188	3292	627
7190	2417	359
7194	1844	185
7196	3169	298
7199	3297	379
7199	3297	345
7201	6361	531
7205	2735	279
7205	2735	286
7207	5225	495
7207	5225	541
7209	4382	375
7212	3940	455
7212	3940	520
7219	3046	336
7220	3129	573
7224	2829	595
7231	2496	313
7233	2588	349
7234	2889	358
7234	2889	347
7237	4282	339
7242	6853	505
7245	1719	256
7246	6042	634
7246	6042	380
7247	1819	424
7248	2693	234
7251	4914	575
7255	3587	508
7255	3587	481
7256	1658	334
7258	924	250
7259	1964	377
7260	4096	541
7261	2028	211
7263	2548	577
7268	1500	284
7269	3968	255
7272	4273	433
7272	4273	510
7278	3293	575
7280	3776	290
7280	3776	455
7281	3609	365
7283	2315	548
7285	4041	278
7286	1371	368
7289	2153	517
7290	1610	500
7291	2389	499
7292	4153	525
7294	3955	526
7298	5868	549
7301	6657	213
7301	6657	598
7302	2129	200
7306	2229	405
7307	5746	475
7311	4007	589
7313	1506	325
7315	2677	310
7315	2677	246
7317	4248	624
7317	4248	479
7318	1343	270
7320	4085	427
7321	5605	626
7321	5605	637
7322	4107	541
7323	2806	292
7327	3756	500
7328	2247	537
7333	5160	370
7333	5160	360
7334	5782	518
7335	3473	455
7336	5601	511
7336	5601	320
7337	7074	466
7337	7074	367
7337	7074	353
7338	3931	349
7338	3931	533
7339	2122	563
7347	2816	516
7348	4818	580
7348	4818	512
7349	2293	502
7351	6815	185
7351	6815	315
7351	6815	523
7353	3638	507
7354	2785	377
7355	1959	331
7356	6327	349
7356	6327	334
7357	1648	556
7358	2778	540
7359	3682	506
7360	2381	462
7363	2525	377
7364	3114	447
7365	3295	483
7376	1736	400
7377	1828	324
7379	2267	515
7380	4600	283
7380	4600	217
7380	4600	189
7380	4600	47
7383	6390	286
7384	3331	469
7385	4611	359
7385	4611	545
7386	3336	247
7386	3336	579
7392	4577	509
7393	2863	279
7394	3125	507
7395	3477	281
7395	3477	312
7398	4293	503
7398	4293	444
7399	2920	494
7399	2920	446
7400	4502	347
7400	4502	207
7400	4502	313
7401	5414	541
7403	1444	365
7405	4359	234
7408	1749	308
7409	2877	477
7411	2203	563
7412	1270	268
7413	4082	564
7414	2810	451
7415	1284	453
7419	4207	578
7420	5050	336
7420	5050	540
7421	1993	297
7425	1446	336
7426	3853	375
7426	3853	505
7427	4083	538
7428	1261	465
7429	2102	243
7430	2530	507
7431	3603	227
7433	6797	637
7434	1320	245
7435	1489	185
7436	3460	637
7437	4323	266
7438	5113	234
7438	5113	505
7439	5709	323
7439	5709	249
7439	5709	315
7442	3598	227
7444	3864	420
7444	3864	485
7445	2157	655
7446	1961	502
7447	5145	520
7447	5145	326
7450	3030	487
7450	3030	340
7451	2993	361
7453	1902	355
7454	3408	472
7454	3408	363
7465	1441	282
7467	2547	331
7469	2619	305
7471	4860	226
7471	4860	309
7472	3616	573
7475	1799	589
7482	2523	211
7483	2523	232
7484	1986	476
7485	3781	597
7486	2879	185
7487	2289	290
7493	2494	433
7495	1955	358
7498	3714	241
7498	3714	528
7499	2472	351
7500	3578	519
7501	1767	338
7502	1572	220
7502	1572	329
7503	2011	238
7504	2259	281
7504	2259	257
7507	2332	496
7510	2635	327
7510	2635	280
7511	2979	299
7511	2979	236
7513	5749	430
7517	1938	459
7518	1353	289
7519	1177	321
7520	1677	227
7525	1642	291
7526	3723	331
7526	3723	341
7528	3148	391
7529	1776	336
7535	1742	296
7536	2494	333
7536	2494	316
7537	3827	383
7542	5516	316
7548	1325	273
7550	3325	488
7550	3325	191
7551	1998	436
7558	1946	255
7560	2012	291
7562	2937	441
7563	3951	274
7563	3951	329
7564	2830	508
7565	2909	554
7568	2052	279
7570	3059	384
7572	1441	303
7573	1469	452
7577	2114	227
7581	849	200
7582	2102	360
7585	1762	283
7585	1762	299
7586	1267	248
7586	1267	185
7587	1309	254
7589	2727	390
7590	1046	242
7592	1642	250
7592	1642	266
7595	2179	306
7595	2179	325
7596	3824	327
7596	3824	500
7599	2361	413
7601	897	200
7603	1640	304
7605	1766	211
7606	3476	461
7606	3476	451
7610	1421	357
7611	3778	530
7613	1728	259
7615	4653	448
7624	2215	356
7625	3284	444
7626	1887	259
7630	3275	358
7630	3275	492
7631	1073	248
7633	3849	308
7633	3849	302
7633	3849	238
7635	2428	521
7638	1346	417
7640	1822	268
7642	2662	286
7644	2260	476
7646	1942	358
7647	1033	290
7651	1599	330
7652	1488	507
7653	1864	293
7656	2185	341
7657	1592	331
7667	4005	298
7667	4005	293
7667	4005	315
7667	4005	193
7672	2376	339
7673	2356	332
7674	3724	589
7677	1990	203
7677	1990	210
7681	1884	178
7681	1884	318
7684	2584	329
7684	2584	337
7685	2835	376
7685	2835	394
7686	6552	352
7686	6552	287
7686	6552	93
7686	6552	259
7689	1594	256
7691	2376	227
7695	1794	300
7695	1794	310
7698	1978	374
7701	1339	307
7705	1031	286
7706	2416	467
7707	2660	314
7707	2660	328
7710	1747	304
7712	2689	453
7713	1640	351
7715	1962	316
7716	2180	503
7717	2059	375
7720	1979	289
7723	2657	358
7724	2001	331
7727	2290	345
7730	3509	490
7736	1645	309
7738	1687	528
7741	3274	470
7741	3274	454
7742	3982	332
7743	1697	555
7746	2179	386
7747	2127	250
7747	2127	260
7748	2165	542
7749	2356	343
7750	1355	324
7750	1355	280
7755	2030	326
7755	2030	319
7756	2651	321
7758	1808	285
7760	1721	322
7765	1915	265
7765	1915	154
7766	2448	306
7769	2449	291
7771	1096	215
7772	2370	212
7772	2370	302
7776	2008	507
7777	2195	279
7779	1707	317
7780	2484	568
7790	1824	200
7792	2091	443
7796	3810	351
7796	3810	446
7798	1341	280
7799	2833	321
7799	2833	275
7800	2457	574
7803	2673	369
7805	2085	363
7807	2885	561
7814	2760	238
7816	3338	515
7816	3338	197
7818	3656	243
7818	3656	585
7824	2347	343
7833	1850	268
7834	2705	447
7835	4905	313
7836	1052	185
7840	3317	257
7844	649	185
7845	3818	200
7846	1937	286
7848	2252	354
7849	1602	331
7854	3171	521
7855	4617	537
7855	4617	521
7858	2522	312
7858	2522	322
7865	4258	337
7865	4258	316
7867	1391	342
7869	2435	316
7870	2416	349
7878	1767	323
7880	1297	348
7881	2520	466
7882	2233	277
7882	2233	232
7883	2171	296
7883	2171	239
7884	3136	356
7886	1581	355
7889	1908	511
7891	1155	405
7892	1709	429
7896	3278	243
7896	3278	272
7903	1567	332
7907	1673	441
7909	3743	490
7909	3743	491
7913	1153	292
7914	4493	200
7914	4493	316
7918	2996	515
7920	2013	509
7921	1450	450
7923	3697	304
7923	3697	270
7924	1783	343
7926	1710	552
7928	2330	259
7929	2476	301
7931	2374	358
7932	1035	282
7934	2045	442
7936	1955	211
7937	2781	375
7938	1938	581
7939	3395	490
7942	3812	362
7945	1710	377
7946	3834	242
7946	3834	650
7954	1809	241
7955	2126	523
7956	1812	349
7957	2055	296
7959	1921	577
7960	2368	210
7960	2368	409
7961	5455	286
7961	5455	357
7964	3489	494
7967	1782	185
7968	1405	326
7969	2773	529
7972	2318	537
7974	2298	663
7976	1881	299
7977	2268	347
7981	3359	478
7981	3359	514
7983	1555	250
7983	1555	162
7984	1973	239
7985	1369	211
7987	2621	511
7993	1861	452
7994	1275	200
7997	3627	412
8005	3134	406
8006	3577	341
8010	6772	211
8010	6772	517
8016	2111	344
8017	2316	242
8017	2316	299
8021	4666	573
8022	2536	315
8022	2536	325
8024	2589	476
8026	2341	284
8027	1631	510
8030	2152	555
8036	1831	364
8042	3623	503
8043	1564	362
8045	3914	318
8045	3914	576
8049	4679	365
8049	4679	324
8051	2639	334
8052	4034	491
8053	3785	485
8054	1364	467
8058	3874	200
8058	3874	200
8059	1881	194
8059	1881	497
8067	3251	244
8068	2028	458
8069	3958	609
8071	2559	210
8071	2559	286
8078	1879	339
8079	2947	304
8084	1514	271
8085	3281	330
8085	3281	299
8087	3803	259
8089	1789	183
8089	1789	230
8092	2408	276
8092	2408	290
8094	4244	584
8097	1403	322
8104	1837	412
8105	3752	185
8105	3752	360
8108	3471	534
8109	2564	521
8111	3009	206
8112	5293	321
8115	3648	349
8115	3648	356
8116	1544	267
8120	2126	298
8120	2126	321
8121	4344	538
8121	4344	549
8125	1962	508
8129	1210	297
8132	1852	255
8134	1409	394
8135	685	232
8136	1538	352
8137	1893	305
8138	1342	308
8150	2142	537
8156	3042	539
8156	3042	491
8157	1583	362
8165	4775	607
8165	4775	417
8166	3449	702
8168	4252	293
8169	4154	537
8174	2798	555
8177	2855	437
8181	1061	292
8183	4240	166
8183	4240	300
8186	2090	559
8193	2592	314
8193	2592	326
8196	1750	244
8202	4892	200
8202	4892	545
8203	1511	227
8204	2799	497
8205	1207	234
8206	2697	488
8208	3685	290
8210	1911	185
8214	1514	206
8215	2414	339
8215	2414	194
8219	3288	501
8226	2744	340
8230	3433	216
8230	3433	337
8234	1304	319
8236	2751	569
8240	2113	559
8241	917	336
8242	1598	272
8245	3189	575
8246	1853	420
8251	1455	266
8252	1249	243
8264	1770	562
8266	5232	512
8267	3381	476
8268	1925	222
8268	1925	216
8269	1935	292
8272	2536	552
8273	1105	227
8274	4302	486
8276	4259	337
8276	4259	460
8281	2316	534
8283	3482	515
8283	3482	461
8292	4975	463
8293	3464	488
8293	3464	407
8299	4036	269
8307	2534	468
8309	3753	318
8312	4073	524
8314	2999	382
8315	1977	313
8315	1977	287
8317	3867	238
8318	2592	431
8319	4481	529
8319	4481	522
8322	1857	315
8327	3731	385
8328	2326	185
8331	2676	339
8331	2676	477
8332	1626	363
8334	2084	446
8335	2682	514
8337	1210	243
8338	3122	493
8348	3944	508
8348	3944	482
8355	2370	529
8357	2091	387
8364	1951	535
8370	4027	385
8370	4027	517
8374	1490	478
8376	3134	365
8377	3197	490
8382	2937	534
8387	2252	537
8392	1875	227
8394	590	294
8395	1600	312
8396	1514	185
8397	3595	221
8397	3595	578
8398	4182	468
8402	3408	227
8403	1002	239
8408	2267	272
8413	1600	185
8414	1684	446
8416	653	200
8418	2287	527
8425	4007	519
8425	4007	560
8428	3224	478
8434	4136	589
8434	4136	466
8435	909	263
8436	2525	272
8437	3305	812
8439	1392	307
8440	3429	422
8442	5263	411
8443	2527	318
8444	2394	475
8446	3503	420
8451	5419	200
8451	5419	185
8453	2650	506
8456	1833	533
8460	1259	320
8461	1490	296
8466	5031	574
8469	1535	257
8472	3552	544
8474	3018	445
8476	2359	466
8480	1878	457
8481	2926	461
8485	1525	221
8492	3200	455
8493	4071	433
8493	4071	520
8500	1259	200
8501	2673	585
8502	2805	575
8502	2805	232
8503	5326	304
8503	5326	474
8505	4311	503
8511	4759	619
8516	2043	391
8521	3870	584
8526	1722	469
8529	2795	315
8533	3180	522
8534	3472	243
8536	4256	526
8541	2152	286
8542	5026	270
8542	5026	345
8543	2436	324
8545	3791	261
8545	3791	563
8550	1853	498
8553	1593	193
8553	1593	245
8559	3932	584
8559	3932	145
8562	2397	512
8569	3833	468
8569	3833	442
8571	3080	451
8571	3080	433
8573	5017	534
8573	5017	477
8577	4198	486
8578	2583	206
8579	3905	238
8579	3905	357
8582	3555	500
8582	3555	143
8588	2574	352
8591	3847	544
8596	4009	561
8596	4009	294
8597	3406	448
8607	2682	321
8607	2682	516
8608	3357	424
8608	3357	503
8614	2788	206
8625	3311	484
8639	2376	553
8643	3026	619
8644	3837	514
8647	1945	211
8649	1814	459
8660	5247	352
8661	2458	484
8662	1979	383
8664	2815	633
8667	2860	390
8672	2177	272
8675	3672	374
8679	1615	319
8686	3453	449
8689	2109	185
8694	3087	555
8695	2604	364
8700	2798	417
8704	2857	263
8708	4091	572
8710	2607	502
8713	3190	234
8714	2536	383
8716	1681	546
8721	1213	259
8723	4367	395
8728	4840	581
8728	4840	364
8732	1788	331
8734	3585	348
8734	3585	348
8736	3308	477
8736	3308	481
8737	2120	450
8745	1882	494
8752	2830	211
8752	2830	373
8753	4234	535
8757	1967	563
8760	1614	303
8764	3274	457
8766	2277	127
8766	2277	182
8783	4494	535
8783	4494	539
8784	2079	504
8787	2118	345
8791	1052	289
8792	1937	304
8803	1757	381
8804	2582	539
8816	2954	294
8816	2954	324
8817	4731	492
8828	2405	283
8829	2473	329
8831	1892	309
8832	1089	315
8840	1729	487
8842	2698	308
8845	2125	334
8849	1809	247
8849	1809	283
8850	1191	200
8851	2160	376
8856	2575	267
8859	1425	185
8863	1978	379
8864	3017	258
8864	3017	222
8868	2054	221
8869	3280	366
8869	3280	485
8882	1683	282
8882	1683	309
8888	2352	369
8892	2549	381
8896	3083	383
8896	3083	352
8899	2917	185
8902	3308	383
8902	3308	290
8904	1496	337
8907	2465	279
8908	2071	475
8911	1996	185
8912	4049	381
8912	4049	524
8915	2630	410
8916	3258	305
8917	3060	372
8920	2465	185
8926	1615	206
8926	1615	206
8927	2473	372
8929	987	200
8930	1814	401
8931	3400	337
8931	3400	356
8933	1096	350
8938	3321	248
8939	2461	474
8940	1817	317
8940	1817	311
8941	1957	488
8947	2788	479
8948	4392	305
8949	1917	539
8953	3350	289
8953	3350	185
8955	4807	560
8957	4415	311
8960	2490	352
8961	2271	572
8964	2418	563
8965	3529	461
8967	2493	314
8968	4000	440
8968	4000	524
8976	2248	333
8979	2551	318
8981	2898	255
8985	1092	185
8986	4451	319
8991	2165	249
8993	1441	265
8994	4175	343
8994	4175	532
8996	4241	560
8998	1989	314
8999	2388	442
9000	4038	566
9000	4038	206
9003	2065	270
9008	3450	185
9010	2890	237
9010	2890	375
9011	1558	369
9015	2949	526
9016	2122	227
9017	3543	361
9017	3543	491
9019	2140	532
9020	3934	544
9020	3934	311
9021	1405	256
9026	3606	412
9030	1378	316
9032	1938	473
9034	1961	483
9036	1789	230
9040	2227	311
9044	2731	415
9050	1973	200
9053	4450	499
9053	4450	556
9056	4067	457
9063	2414	319
9065	2417	299
9067	1548	357
9069	2848	244
9071	1608	432
9072	2486	564
9073	4001	243
9073	4001	472
9074	1699	225
9074	1699	291
9075	5271	579
9075	5271	418
9077	2632	497
9078	2913	540
9084	3442	496
9084	3442	394
9085	3034	335
9086	2795	532
9087	2412	452
9088	1380	230
9091	1135	351
9092	4819	566
9092	4819	599
9094	2348	439
9096	4287	249
9096	4287	442
9099	2601	243
9100	3513	362
9103	1850	466
9108	3995	471
9108	3995	267
9109	4634	472
9109	4634	661
9111	2029	185
9117	2069	507
9121	2206	310
9121	2206	332
9122	1979	310
9124	2221	462
9128	2046	514
9135	2670	511
9136	3396	629
9137	1815	370
9144	3322	450
9144	3322	330
9145	3861	227
9147	3380	607
9148	3249	507
9151	2400	471
9152	3056	529
9154	3280	281
9155	2519	279
9156	3918	474
9156	3918	261
9159	2067	453
9160	3557	211
9161	3866	531
9163	2782	397
9164	2695	282
9166	1519	452
9167	2352	585
9168	1847	440
9173	2639	392
9174	3381	389
9174	3381	496
9176	3172	641
9177	4188	552
9182	3291	598
9183	2571	399
9185	1428	297
9186	4221	404
9188	2588	409
9189	1556	308
9191	3010	392
9193	1739	514
9195	5018	268
9195	5018	273
9197	3239	390
9198	2132	340
9199	1538	306
9202	2952	506
9205	2579	310
9207	3341	534
9207	3341	532
9208	2027	343
9214	1991	486
9218	2338	295
9218	2338	300
9226	4131	325
9226	4131	308
9226	4131	344
9227	2123	594
9231	1866	289
9233	5313	253
9233	5313	396
9235	2539	486
9237	2202	302
9237	2202	185
9238	2027	369
9239	3257	556
9241	3964	523
9243	1410	351
9244	1602	200
9249	2041	416
9250	3643	260
9250	3643	288
9251	2224	529
9256	3146	553
9257	2599	347
9260	2727	445
9261	2009	243
9265	3322	468
9266	3036	549
9267	1678	370
9268	1020	250
9269	1568	249
9270	2640	690
9271	2497	224
9271	2497	311
9275	1941	243
9275	1941	226
9280	2424	326
9280	2424	316
9281	895	273
9283	1957	288
9286	1753	564
9287	2156	365
9288	3161	334
9288	3161	454
9290	4118	778
9291	2467	200
9292	5375	302
9293	2906	336
9293	2906	444
9299	1144	185
9300	2488	474
9301	2443	486
9309	2208	343
9310	1821	278
9312	2531	361
9314	1446	226
9315	2246	344
9322	4416	476
9323	4298	490
9324	1489	266
9324	1489	290
9325	1738	312
9325	1738	172
9326	1859	376
9328	1885	259
9332	1875	385
9335	2175	565
9338	1819	457
9340	2493	162
9340	2493	264
9341	858	275
9342	1968	340
9344	2209	511
9346	1569	200
9348	1750	331
9349	2364	355
9351	1040	293
9352	1952	428
9354	2007	185
9355	2326	362
9355	2326	356
9359	2002	185
9359	2002	242
9367	1967	286
9370	1992	386
9371	1158	282
9372	1927	459
9374	2629	404
9376	1529	284
9382	2042	135
9382	2042	164
9383	3896	467
9383	3896	545
9386	3319	221
9387	2692	519
9388	1941	206
9388	1941	303
9392	2074	333
9393	1374	442
9395	1618	399
9397	2612	146
9397	2612	143
9397	2612	305
9399	1649	165
9399	1649	329
9404	796	278
9407	1834	327
9412	1740	222
9413	935	230
9415	2559	369
9416	1889	319
9418	2050	232
9419	3775	342
9431	1539	278
9431	1539	250
9432	1386	336
9433	2582	317
9433	2582	386
9434	2116	298
9445	1433	313
9447	4261	368
9447	4261	354
9450	2309	493
9453	2455	352
9454	2639	349
9455	1641	347
9458	1198	261
9459	3287	409
9459	3287	570
9462	2047	326
9463	1610	358
9471	2759	306
9471	2759	304
9474	2344	285
9474	2344	321
9475	2004	586
9479	2338	311
9485	1517	323
9487	1108	297
9488	2110	292
9488	2110	173
9489	1676	377
9490	1874	346
9496	2277	364
9500	1250	386
9507	4632	509
9507	4632	521
9508	2478	200
9509	932	260
9510	3313	512
9513	1201	287
9518	2044	354
9518	2044	270
9520	1997	303
9521	2558	295
9528	1025	313
9530	2071	271
9531	1676	233
9533	2566	339
9534	1683	215
9535	1651	243
9540	1623	269
9543	3402	342
9544	2057	360
9551	2129	339
9553	1554	185
9555	1701	291
9556	1996	222
9562	2244	283
9564	1286	486
9565	3001	331
9565	3001	256
9568	2111	257
9568	2111	264
9575	1365	241
9579	1358	279
9581	1988	291
9590	2279	313
9590	2279	289
9597	1328	275
9602	1958	358
9603	1886	321
9607	1339	242
9608	1661	286
9609	5404	533
9610	1701	294
9616	4961	441
9618	2655	230
9618	2655	353
9619	1901	215
9625	3324	297
9627	2200	173
9628	1411	290
9630	2917	283
9630	2917	227
9632	2060	363
9634	5408	559
9634	5408	330
9636	2893	360
9641	2803	447
9643	3106	496
9645	859	321
9649	2270	538
9651	2585	335
9652	3013	528
9660	1620	499
9662	2234	339
9663	2600	305
9664	2580	500
9665	2056	324
9667	1441	368
9673	901	245
9674	2215	485
9675	2163	271
9677	1145	206
9681	2910	505
9681	2910	316
9684	2253	281
9688	4596	555
9690	4607	518
9692	4354	439
9692	4354	492
9695	1345	200
9696	1900	272
9696	1900	298
9697	3752	310
9700	1686	206
9704	2183	213
9704	2183	346
9709	4217	344
9709	4217	378
9719	1398	309
9720	2899	572
9725	1473	291
9726	3547	496
9727	3035	348
9727	3035	315
9728	2433	567
9732	1526	292
9733	2409	342
9734	3254	639
9735	1402	222
9743	1660	421
9746	3581	415
9757	3331	469
9760	1199	243
9764	1037	238
9765	2483	491
9768	2791	380
9774	3972	244
9777	1986	404
9785	1763	335
9790	1798	460
9791	2527	320
9794	3632	405
9794	3632	383
9795	2127	346
9800	2212	519
9801	2156	587
9805	1197	403
9812	4162	260
9814	1515	288
9818	1521	222
9819	3236	373
9819	3236	377
9820	2379	353
9824	5096	489
9825	4570	401
9825	4570	441
9826	2382	380
9830	3102	284
9835	2196	523
9836	5156	556
9836	5156	652
9838	1388	296
9839	1267	258
9846	2458	422
9850	1410	251
9851	2002	448
9853	3245	356
9853	3245	328
9854	1613	527
9857	2554	442
9864	5424	538
9864	5424	518
9867	1863	626
9870	1284	403
9871	3303	185
9872	1360	185
9873	1871	323
9875	1907	488
9878	2560	375
9880	3423	655
9882	3714	267
9884	862	310
9885	1980	351
9888	2263	300
9890	2497	521
9900	3272	342
9901	1602	363
9911	2193	546
9920	2537	572
9923	3899	333
9925	1820	544
9926	715	232
9927	2780	420
9932	1913	584
9943	2926	410
9964	713	302
9968	3304	350
9969	2433	162
9969	2433	241
9970	4170	777
9973	1793	332
9975	3479	598
9984	2280	221
9985	3086	375
9989	2459	229
9989	2459	363
9991	2810	411
9991	2810	414
9992	3186	541
10004	2120	378
10006	2296	447
10008	2494	528
10014	3097	442
10017	2057	337
10019	1957	234
10019	1957	198
10020	1827	436
10021	4041	708
10022	2434	507
10025	2943	506
10026	2984	215
10027	4551	333
10027	4551	304
10029	1297	464
10030	2160	496
10032	3381	561
10033	2705	440
10036	5013	757
10037	2560	555
10038	1175	296
10041	2756	544
10042	1086	328
10043	2556	550
10047	1665	313
10050	3589	434
10052	1679	314
10053	2733	753
10054	1849	481
10056	2136	308
10061	1415	328
10062	1468	756
10067	2585	372
10071	1727	498
10074	1789	372
10075	2891	456
10076	3299	367
10076	3299	271
10086	3198	564
10088	2859	298
10088	2859	243
10090	2787	591
10093	3569	294
10095	3146	343
10095	3146	532
10097	3190	231
10097	3190	228
10097	3190	269
10099	2840	435
10100	2509	444
10104	1882	465
10108	2067	618
10109	1795	429
10110	2169	357
10111	1804	286
10112	2631	372
10116	2057	331
10116	2057	198
10117	3452	547
10119	2739	489
10125	5172	666
10133	1500	232
10138	2566	222
10140	2121	312
10140	2121	128
10141	2904	339
10146	1978	337
10148	3368	388
10148	3368	185
10150	2215	571
10152	3598	499
10155	2179	569
10156	1618	411
10157	3164	638
10159	2870	446
10161	5629	653
10161	5629	640
10170	2331	537
10173	2282	336
10173	2282	278
10176	1552	185
10180	3924	439
10183	1995	437
10184	1788	309
10188	1509	488
10189	1978	222
10190	3822	391
10193	3095	465
10195	1899	330
10197	1674	436
10199	2191	579
10203	1410	256
10205	1306	185
10206	4516	222
10206	4516	599
10207	1027	185
10211	1886	345
10213	2195	348
10216	1943	262
10216	1943	293
10217	3534	470
10217	3534	437
10218	1360	248
10219	2235	488
10219	2235	233
10220	2384	533
10220	2384	248
10221	1983	542
10222	3713	574
10222	3713	285
10223	3578	535
10227	4053	547
10228	3537	525
10234	2548	563
10238	2208	341
10238	2208	261
10239	2434	447
10240	1943	289
10241	2655	289
10242	2105	215
10242	2105	279
10245	5315	461
10246	2948	332
10248	4164	326
10248	4164	215
10251	5042	447
10252	2145	335
10254	2379	329
10256	1497	317
10257	1692	330
10261	2409	372
10265	2507	383
10269	1784	319
10270	1544	263
10271	1406	131
10271	1406	129
10272	1422	320
10273	3631	358
10273	3631	487
10274	2203	379
10277	1163	256
10278	2256	386
10279	2021	211
10283	3224	154
10283	3224	127
10293	2625	397
10299	1552	587
10300	1951	324
10301	2035	430
10304	1211	185
10311	3373	566
10316	2297	267
10317	3791	531
10318	2853	516
10321	3643	497
10325	2204	493
10327	4200	324
10327	4200	344
10329	1327	291
10334	1637	331
10335	1719	352
10336	1774	215
10339	2771	553
10340	1660	373
10347	2639	390
10348	3785	633
10348	3785	353
10357	1818	374
10359	2595	716
10360	1876	285
10360	1876	227
10364	3860	550
10364	3860	390
10365	2248	185
10366	2342	319
10366	2342	314
10367	2055	340
10369	4963	560
10370	1892	431
10373	2882	552
10373	2882	241
10376	2016	338
10377	1621	343
10383	1953	185
10385	3203	633
10386	1878	325
10386	1878	299
10387	1936	227
10392	4766	211
10395	2172	563
10397	1646	319
10399	1273	265
10401	2566	579
10403	1681	400
10404	2304	306
10405	1605	349
10409	1853	375
10411	4254	552
10412	1879	289
10413	2470	274
10413	2470	250
10415	1814	308
10415	1814	260
10420	2215	470
10421	3576	334
10421	3576	256
10421	3576	282
10422	2091	311
10423	3709	211
10424	2744	254
10426	4186	807
10430	2405	464
10431	2460	345
10431	2460	210
10432	3253	531
10433	4658	185
10434	2039	353
10434	2039	177
10435	1994	411
10439	1753	217
10439	1753	233
10443	2137	346
10445	1545	172
10445	1545	261
10446	2518	363
10446	2518	170
10451	2153	330
10452	2136	346
10455	2186	222
10459	1248	200
10460	952	266
10461	3324	590
10462	1621	354
10463	3119	363
10464	1588	345
10465	5321	512
10465	5321	401
10470	3088	355
10472	1966	269
10473	1683	339
10473	1683	359
10476	1191	377
10478	1868	360
10479	1304	333
10486	3630	304
10486	3630	233
10487	2169	372
10489	1802	402
10490	2494	461
10491	1737	185
10495	1943	370
10496	1840	240
10496	1840	372
10498	2443	422
10500	1204	376
10507	3606	256
10507	3606	221
10508	4790	312
10513	2230	508
10514	2788	238
10516	2239	354
10516	2239	172
10517	2291	558
10518	1899	499
10519	1956	390
10520	1780	317
10521	4224	580
10523	3437	170
10523	3437	181
10523	3437	220
10528	3379	476
10529	2363	580
10532	2554	247
10532	2554	273
10534	2542	227
10535	1847	244
10535	1847	360
10537	3761	357
10537	3761	260
10538	1781	493
10539	2033	353
10543	5545	185
10543	5545	504
10545	2723	391
10546	1678	433
10547	2114	359
10547	2114	262
10550	1652	351
10554	2498	344
10554	2498	196
10557	1455	140
10557	1455	372
10560	4797	576
10561	1549	352
10565	1870	280
10569	2469	533
10571	1859	263
10574	936	354
10579	1861	394
10585	2882	400
10587	1810	378
10588	1382	366
10589	4369	272
10592	1405	306
10597	1835	346
10598	1999	464
10600	1814	279
10600	1814	272
10605	4785	339
10605	4785	253
10609	1335	489
10612	2474	398
10614	2460	425
10615	3817	291
10615	3817	185
10618	5302	455
10619	1944	554
10622	2519	508
10626	2650	278
10630	1326	185
10633	1757	311
10634	2745	530
10636	2672	348
10636	2672	315
10639	2937	405
10641	675	265
10642	2125	500
10643	1052	316
10644	1914	318
10644	1914	145
10645	1857	261
10646	2352	309
10653	2136	332
10654	2737	380
10660	1419	260
10660	1419	269
10661	1586	399
10662	2104	282
10662	2104	320
10663	2523	538
10664	2667	333
10664	2667	211
10665	5649	642
10668	1517	317
10669	3816	466
10669	3816	506
10670	2108	334
10672	3021	251
10673	2281	279
10673	2281	320
10678	1426	267
10679	2151	227
10679	2151	360
10681	2030	365
10684	2525	365
10685	1779	346
10689	1864	354
10690	2604	181
10690	2604	567
10693	2204	364
10697	2359	363
10697	2359	369
10698	2406	340
10699	1995	341
10699	1995	283
10701	3242	604
10703	3701	236
10703	3701	537
10704	2121	549
10705	5508	415
10710	2150	548
10711	2190	263
10711	2190	321
10713	2746	323
10713	2746	185
10714	2626	578
10716	1815	473
10718	1998	395
10719	2269	361
10719	2269	235
10722	1984	447
10723	3205	598
10726	2788	491
10727	2873	546
10731	3674	491
10733	3448	342
10734	2428	535
10737	2766	293
10737	2766	256
10738	2980	463
10738	2980	501
10739	2854	315
10739	2854	307
10740	2677	549
10743	1884	222
10744	2340	251
10744	2340	289
10746	1780	238
10750	2022	499
10752	3467	579
10755	3959	384
10755	3959	559
10756	2834	519
10756	2834	227
10757	2204	553
10759	3267	683
10762	1884	326
10763	2963	433
10767	1353	360
10769	2574	211
10770	2313	590
10772	1859	526
10774	3117	318
10774	3117	215
10775	1579	346
10776	4566	431
10776	4566	511
10777	2293	324
10777	2293	181
10780	2321	304
10783	1885	440
10784	4182	509
10790	3352	447
10793	3862	337
10793	3862	507
10794	4153	187
10794	4153	650
10797	2501	590
10798	3221	274
10799	3192	211
10804	2467	220
10804	2467	325
10805	2045	583
10806	1736	200
10808	2317	338
10813	3087	644
10815	1912	337
10816	4040	723
10822	5205	505
10822	5205	530
10826	3413	485
10828	2366	600
10829	1829	548
10832	3614	580
10833	2603	325
10835	2342	348
10837	2245	232
10837	2245	379
10843	3529	543
10843	3529	348
10845	4704	237
10846	3261	567
10847	1762	393
10848	5044	579
10848	5044	391
10851	2831	353
10855	2535	532
10857	2392	264
10858	2184	286
10858	2184	341
10866	1294	377
10867	3645	257
10867	3645	440
10869	2324	350
10870	2533	498
10874	4400	495
10874	4400	508
10878	2416	625
10879	2845	560
10880	4585	553
10881	3043	445
10882	5366	576
10883	1965	453
10884	5227	322
10884	5227	591
10886	2515	719
10891	3143	603
10892	4196	560
10897	2295	545
10899	4112	350
10899	4112	558
10900	3401	487
10902	3505	511
10902	3505	396
10905	2724	525
10910	2443	185
10912	2881	321
10915	2755	617
10916	3637	571
10917	3356	392
10919	2666	510
10921	4591	540
10921	4591	602
10922	2380	235
10922	2380	234
10924	2526	546
10925	3913	445
10925	3913	573
10928	1861	206
10930	3780	446
10930	3780	348
10931	3111	587
10934	5464	503
10938	4672	492
10940	2900	232
10944	4620	325
10947	1996	567
10951	2095	308
10952	1755	402
10956	2753	401
10957	1613	352
10959	2896	586
10961	2828	394
10962	3022	200
10964	4193	475
10966	3446	667
10971	3549	559
10972	3402	405
10977	2284	412
10980	3853	328
10982	3157	542
10985	2522	558
10987	2214	493
10990	5125	331
10990	5125	185
10992	3332	517
10993	2587	544
10994	2075	345
10995	3458	488
10998	2538	383
11000	1612	431
11006	3069	524
11008	4518	575
11008	4518	476
11017	1997	315
11019	4856	569
11021	4217	526
11021	4217	422
11022	2306	186
11022	2306	180
11025	2752	504
11028	3158	494
11029	2413	454
11033	5351	387
11033	5351	315
11035	4389	554
11036	3047	568
11037	3228	501
11038	2609	439
11042	1576	554
11043	3764	549
11043	3764	488
11045	2789	211
11048	1945	423
11050	2555	298
11051	2367	362
11051	2367	363
11053	2577	433
11054	5327	457
11054	5327	534
11057	4943	451
11057	4943	519
11058	977	200
11059	4740	556
11059	4740	430
11060	1460	361
11061	3490	399
11063	4105	563
11068	1964	332
11070	3401	354
11071	1678	222
11072	3789	601
11076	1113	360
11078	1778	385
11079	1373	360
11086	2639	381
11089	1765	199
11089	1765	209
11092	1881	361
11095	1884	307
11096	2881	200
11100	2144	382
11101	2504	360
11112	2540	226
11114	4757	492
11114	4757	655
11116	3531	409
11116	3531	560
11117	2595	386
11119	2272	344
11120	4268	583
11122	3654	308
11124	2222	459
11127	4090	583
11127	4090	440
11131	2597	408
11131	2597	285
11135	2859	386
11138	2365	389
11142	2852	564
11143	2530	293
11147	2908	527
11151	3149	584
11153	1963	227
11154	3881	294
11155	4303	782
11159	5052	400
11159	5052	495
11162	2643	238
11163	3502	455
11163	3502	593
11169	2410	611
11171	692	211
11175	2091	238
11180	4432	556
11180	4432	267
11182	4253	362
11184	2798	473
11187	3391	371
11187	3391	559
11190	2533	579
11192	3224	595
11193	2439	368
11194	3565	587
11195	2728	285
11198	1264	332
11199	3003	531
11200	4079	501
11200	4079	423
11201	1985	216
11205	3351	437
11207	3813	323
11208	1524	202
11208	1524	189
11209	1369	345
11212	1642	411
11215	1981	451
11216	2797	417
11220	2312	589
11222	1978	408
11224	3067	496
11224	3067	380
11225	1900	185
11226	4180	610
11231	3013	335
11232	3929	545
11232	3929	290
11235	5233	233
11240	2114	399
11243	4709	607
11250	2780	511
11252	2481	258
11252	2481	346
11253	3374	439
11258	3478	467
11258	3478	356
11259	4835	551
11261	2365	513
11268	4544	546
11271	2709	352
11272	3260	471
11276	2648	480
11278	2279	310
11280	3104	598
11282	4367	645
11283	2072	323
11286	1414	479
11288	1082	206
11289	2836	351
11290	1511	349
11293	2751	471
11294	2797	563
11296	4466	577
11296	4466	185
11300	2354	329
11301	2314	266
11308	2041	434
11309	4860	558
11311	2588	490
11311	2588	337
11316	3229	531
11317	2801	547
11318	1598	230
11323	589	211
11326	1572	436
11327	1624	254
11328	5044	642
11328	5044	408
11330	2496	459
11339	1066	255
11343	4526	499
11343	4526	327
11346	2381	391
11348	2163	516
11349	1158	254
11354	1535	463
11357	3358	535
11357	3358	181
11359	2177	512
11360	1057	338
11362	2573	322
11363	2034	329
11363	2034	201
11367	5010	481
11367	5010	599
11374	4640	552
11374	4640	487
11377	1682	336
11383	2032	401
11390	4746	488
11391	2797	299
11391	2797	217
11392	2788	410
11393	4256	191
11393	4256	134
11393	4256	568
11398	1932	661
11399	2721	529
11400	1440	174
11400	1440	235
11402	4494	456
11402	4494	478
11403	2137	489
11404	1732	382
11406	1863	326
11407	2020	596
11412	1762	286
11415	1666	374
11416	5416	672
11420	2085	474
11421	2110	295
11421	2110	357
11422	3981	608
11423	3802	553
11423	3802	400
11424	2424	294
11424	2424	353
11430	2784	256
11431	2395	335
11432	2657	393
11436	2615	526
11437	1484	318
11438	3176	434
11438	3176	454
11439	4294	267
11439	4294	500
11441	2974	711
11443	3752	604
11448	2865	439
11448	2865	433
11449	2614	612
11450	2463	559
11451	1671	227
11456	3676	457
11456	3676	529
11457	3032	457
11458	2953	271
11458	2953	187
11459	2853	362
11460	2520	246
11460	2520	400
11461	1568	258
11461	1568	303
11463	1543	345
11464	2233	304
11464	2233	255
11465	3333	519
11466	2800	510
11468	1747	532
11470	1092	290
11476	3332	517
11478	3354	467
11481	1950	279
11482	2402	306
11483	1867	245
11485	1868	542
11486	1904	342
11487	2910	500
11494	2024	518
11496	1879	402
11497	3097	804
11499	2991	449
11499	2991	351
11502	2582	424
11503	1884	388
11507	1872	491
11510	2579	346
11510	2579	371
11511	2240	185
11512	3060	409
11512	3060	454
11515	2906	324
11516	1893	200
11519	3408	494
11519	3408	298
11520	1420	297
11521	2224	322
11523	1869	272
11525	2457	408
11527	4390	512
11527	4390	517
11529	3772	333
11529	3772	185
11532	1292	307
11541	1031	272
11546	4082	599
11551	2764	516
11552	2704	260
11554	2769	387
11555	1225	280
11556	2240	474
11558	1185	317
11561	2451	305
11561	2451	281
11566	2333	330
11566	2333	370
11567	2767	293
11568	1928	460
11569	1601	286
11570	1606	263
11571	5088	552
11571	5088	242
11572	2372	332
11573	2012	266
11573	2012	234
11574	2057	348
11577	1911	281
11581	5114	762
11581	5114	682
11585	2212	136
11585	2212	420
11589	1618	239
11590	4025	581
11592	2845	359
11598	2450	545
11599	2994	304
11602	1877	370
11603	2145	490
11604	2034	450
11613	1908	338
11617	1699	357
11619	2506	250
11620	2056	308
11620	2056	217
11623	2391	349
11626	1854	458
11627	3688	344
11627	3688	156
11627	3688	293
11633	3109	810
11639	2445	569
11640	3581	440
11641	1285	291
11642	1578	211
11643	2179	275
11646	2729	338
11647	1470	226
11648	3366	271
11652	3774	524
11652	3774	222
11653	2207	518
11656	1725	185
11657	2640	557
11659	3070	267
11663	3405	366
11663	3405	458
11664	2276	312
11667	5479	548
11667	5479	499
11669	2811	555
11670	1385	274
11677	1569	185
11678	1774	292
11679	2685	590
11684	1502	277
11686	1878	289
11687	2297	566
11689	941	338
11691	2602	229
11691	2602	337
11698	1923	435
11700	1365	176
11700	1365	136
11701	5431	202
11701	5431	377
11701	5431	310
11704	3622	454
11704	3622	347
11715	3038	557
11719	1827	185
11722	3173	296
11724	1726	358
11725	2000	402
11727	3082	380
11728	3756	445
11729	1335	356
11731	1220	334
11734	2743	347
11737	2723	492
11745	4147	512
11754	2742	444
11755	3440	496
11760	4637	565
11760	4637	492
11761	1676	332
11764	2215	331
11765	2022	538
11766	4141	268
11766	4141	269
11767	1466	252
11776	2633	638
11777	1362	536
11778	3270	548
11779	2487	446
11784	933	278
11786	722	440
