0	19844	24196
1	3149	554
2	1461	302
6	1995	376
7	3355	506
7	3355	495
8	2623	335
8	2623	344
12	1961	458
13	3124	384
13	3124	370
23	2908	641
29	666	205
32	2836	392
39	2497	627
43	2516	553
44	3629	461
45	1963	221
46	1812	185
47	3692	508
47	3692	206
48	962	131
49	3077	471
51	2784	494
52	3120	380
52	3120	251
55	3012	329
60	2210	428
61	2307	498
62	2031	589
63	3387	583
63	3387	534
69	2712	339
70	2913	618
72	1756	236
81	3276	524
81	3276	143
81	3276	427
82	2275	559
83	927	306
86	2023	372
87	2274	594
92	1737	573
97	2505	460
98	2409	376
99	2633	311
100	1809	313
101	2450	589
105	822	371
106	2136	311
107	1896	297
112	2588	215
113	3094	545
116	3024	662
117	1347	402
121	3148	653
123	1780	445
124	1578	293
126	2227	329
129	2215	615
130	2841	532
132	3016	356
132	3016	357
134	2010	505
135	1265	301
137	1968	586
139	2940	421
142	3124	605
143	2081	272
147	2977	581
149	2511	651
150	2983	211
151	2310	397
152	2854	406
152	2854	275
156	2447	607
160	2387	320
161	2845	380
161	2845	386
166	3192	444
167	2915	290
174	2882	254
175	2385	512
176	2051	535
179	2617	410
180	1933	349
181	2335	584
184	1874	357
186	2587	585
188	3019	398
188	3019	364
189	3032	388
191	3365	603
196	2016	678
197	2488	177
197	2488	229
200	2367	637
202	2374	361
204	2717	334
209	2921	293
213	2571	618
215	2049	386
217	3149	645
218	3273	626
219	3928	627
226	2610	329
228	1483	185
229	1825	396
230	3529	379
233	2865	244
234	2178	389
235	3051	335
238	3059	326
239	2263	355
239	2263	366
240	2797	406
245	2221	543
255	2241	332
257	3880	479
257	3880	591
265	1110	291
266	1535	336
269	2476	413
271	2239	359
272	3371	200
275	1761	590
279	1617	249
282	2865	227
290	2290	430
295	3077	626
296	3418	340
296	3418	289
304	3182	546
304	3182	284
305	2789	318
312	1821	401
313	1868	159
316	1941	297
319	2311	300
319	2311	363
320	2730	185
320	2730	316
325	2302	338
326	2598	355
328	3610	430
328	3610	235
329	2890	592
335	1093	306
342	3023	384
346	2548	383
346	2548	307
347	1651	249
355	2439	214
355	2439	160
356	2226	188
356	2226	163
356	2226	161
358	2952	542
360	1921	289
366	2991	417
372	3569	391
372	3569	337
373	1916	597
375	1737	185
376	2015	250
378	1970	360
383	1858	377
384	2631	587
398	2661	598
401	1908	365
402	2204	499
404	2095	519
416	1835	200
419	2070	245
420	2054	591
421	2367	200
422	1375	314
423	3593	206
424	2087	312
424	2087	306
426	2843	572
427	2751	531
429	1848	310
430	3620	556
430	3620	481
434	2294	544
437	2424	388
437	2424	314
439	2239	375
441	2225	442
450	2219	430
451	2375	353
452	1606	292
453	1319	332
455	2236	369
458	1561	366
459	2397	571
461	2244	570
462	2978	386
465	2532	479
467	2771	611
471	1561	556
472	2372	388
473	3138	477
474	1918	552
481	1653	481
482	1883	545
483	2768	335
484	3564	156
484	3564	192
487	3390	472
488	2358	331
491	2291	206
492	1681	200
496	2345	416
499	2550	492
500	3458	520
500	3458	518
502	1296	200
503	1706	463
508	3895	628
509	2585	304
517	652	200
521	3285	185
523	1924	381
528	3932	547
531	2676	405
531	2676	262
533	2970	395
535	3709	384
536	1800	594
540	1714	327
541	3069	560
542	2131	286
548	1733	458
550	2119	298
550	2119	320
553	1664	655
554	2411	378
555	1556	227
562	1722	499
563	1294	203
573	1612	329
575	2239	477
583	1909	501
585	2129	346
585	2129	354
586	1388	354
588	2230	381
592	1490	306
592	1490	299
597	1945	352
598	2136	382
600	3942	425
601	1877	536
604	2021	300
605	2849	287
605	2849	339
606	2209	275
607	1467	222
609	1900	272
611	1565	276
615	763	211
621	1503	371
622	3644	351
622	3644	292
624	1783	346
625	2913	339
626	3162	375
627	2648	361
627	2648	398
630	2205	178
630	2205	189
631	1077	200
632	2707	358
632	2707	390
634	2722	200
634	2722	297
643	2505	633
644	1619	540
645	1938	397
646	3843	290
646	3843	356
646	3843	200
647	1551	250
649	907	348
655	1196	334
660	2785	420
662	2236	306
662	2236	341
663	2030	368
666	3120	638
669	2355	362
669	2355	381
670	3914	359
670	3914	234
671	1976	341
674	1839	245
675	1493	344
678	2035	443
679	2116	200
680	2218	417
683	1403	347
685	2160	596
686	1856	185
687	1705	377
688	2955	408
690	2629	372
690	2629	320
692	2419	538
698	2269	358
701	1733	539
706	1777	326
708	2474	250
708	2474	284
709	1649	321
710	1404	171
710	1404	177
711	1962	582
713	1105	268
717	2493	344
723	2463	510
724	1611	444
725	1688	334
727	2647	459
728	3403	556
731	1596	487
734	1787	415
736	3114	571
739	1307	333
742	1556	354
744	3573	327
744	3573	255
746	2915	433
752	2313	276
752	2313	300
753	1630	293
758	1443	390
763	2480	519
764	741	299
771	1844	277
773	1617	367
776	2242	374
779	2098	383
780	1656	431
783	980	399
788	1880	422
789	1404	344
793	3339	581
798	2693	200
799	1968	494
803	1570	282
806	1705	324
806	1705	375
809	2944	229
809	2944	132
809	2944	611
811	2054	275
812	1695	521
813	1887	369
813	1887	350
815	1856	398
822	1826	340
822	1826	312
830	2036	497
832	2438	546
834	1860	302
839	2602	377
840	890	185
846	689	278
848	1382	280
851	2993	339
851	2993	356
852	2554	332
855	1954	309
858	3704	585
860	1120	227
862	1261	361
866	3220	144
866	3220	209
871	2108	182
871	2108	195
872	2507	500
876	1377	331
880	3004	319
880	3004	278
881	2915	181
884	3292	410
885	2181	473
886	3837	609
893	1415	253
894	2010	589
897	1782	311
897	1782	328
898	2717	326
898	2717	252
900	2253	342
900	2253	256
904	1843	619
906	3524	200
907	1317	285
908	1649	535
909	1721	436
910	1770	317
914	2213	580
915	2064	291
915	2064	368
916	3044	185
918	3952	313
920	1623	306
925	2294	396
926	2275	416
927	2275	325
927	2275	258
932	2540	518
935	3714	173
943	1619	367
945	3228	606
947	1763	308
952	1676	548
954	2670	279
954	2670	265
961	799	333
964	3046	479
968	2629	228
968	2629	356
969	869	298
971	2535	341
973	1962	145
974	2218	339
975	2219	523
977	1032	494
989	1420	357
994	1890	399
996	2193	361
996	2193	314
997	2233	589
998	979	211
1001	3807	564
1003	3284	638
1003	3284	459
1007	1965	362
1008	2135	260
1009	2323	538
1010	2047	584
1011	2192	549
1017	1902	509
1020	1236	248
1025	1989	357
1036	2056	544
1037	1451	200
1039	1599	311
1040	1625	307
1041	2411	556
1044	1615	394
1046	1276	343
1054	1267	255
1055	1817	325
1056	2579	442
1057	1670	200
1058	1832	516
1064	1654	549
1066	3746	185
1066	3746	569
1070	1767	392
1071	803	261
1075	1328	249
1076	1821	322
1077	2057	438
1078	1407	311
1079	2070	211
1082	1387	303
1083	1342	303
1084	2949	570
1085	1608	343
1086	2479	524
1087	1115	230
1089	2331	270
1089	2331	158
1090	1832	295
1092	1176	272
1100	1628	366
1103	1340	298
1104	1648	452
1105	1861	575
1106	2560	542
1108	1803	329
1110	3605	234
1111	2323	341
1111	2323	358
1112	2581	349
1115	2226	523
1116	1536	261
1119	2974	628
1120	3279	648
1121	2799	571
1122	1339	342
1132	2476	556
1135	2232	428
1139	1202	285
1142	1836	439
1143	1369	417
1144	2625	589
1146	1915	185
1149	2069	589
1155	1980	282
1159	1377	211
1162	2797	324
1162	2797	303
1170	1665	332
1172	2845	444
1175	1699	317
1178	2867	544
1180	2254	360
1184	2795	327
1184	2795	327
1188	880	266
1191	2396	607
1194	2675	553
1195	2083	603
1197	2448	551
1199	1844	591
1200	2111	271
1205	2443	614
1206	1945	363
1207	2602	372
1207	2602	395
1209	1770	405
1212	1015	340
1213	3337	238
1214	1762	370
1216	3406	510
1216	3406	471
1217	2133	350
1224	1841	268
1227	3126	185
1228	1429	306
1231	2012	460
1234	2213	467
1236	2557	355
1246	2088	184
1246	2088	257
1247	1692	256
1260	2432	167
1260	2432	430
1261	2773	312
1265	2448	497
1271	2015	520
1273	2871	365
1275	1774	373
1279	3578	535
1279	3578	282
1281	1356	354
1282	1962	419
1287	2038	432
1289	1826	533
1290	1854	373
1298	2591	358
1298	2591	316
1301	2651	433
1303	1650	387
1305	1906	478
1309	2726	462
1313	2347	555
1314	1916	456
1315	2072	388
1319	1635	440
1321	2895	232
1321	2895	185
1323	3096	497
1323	3096	272
1330	1996	379
1334	2295	304
1335	3117	330
1337	3015	354
1338	3406	570
1341	2202	333
1341	2202	223
1344	2358	624
1347	1584	226
1352	1280	292
1354	2282	361
1356	3474	390
1356	3474	494
1358	1339	206
1360	2441	266
1360	2441	462
1361	2657	562
1364	3038	423
1370	2503	337
1370	2503	265
1374	2164	200
1377	1979	308
1380	1442	405
1383	2200	620
1387	1862	230
1388	1939	286
1389	2361	317
1389	2361	355
1390	1461	323
1394	1546	265
1395	1718	448
1397	3033	165
1397	3033	384
1399	1343	321
1401	2200	486
1403	936	380
1404	1892	577
1405	1325	328
1406	1306	318
1408	3793	391
1418	917	243
1419	1293	227
1423	1178	216
1424	790	289
1425	2610	607
1427	1097	283
1436	3024	527
1437	1555	323
1439	1497	222
1440	1345	342
1442	1623	336
1444	1881	353
1444	1881	223
1445	2236	638
1447	2329	274
1447	2329	332
1450	1011	185
1451	1906	330
1454	1601	215
1455	2371	206
1457	1865	329
1459	1941	297
1466	1421	200
1470	1571	453
1471	2468	460
1472	1776	422
1475	1866	407
1476	1994	241
1477	2131	200
1479	1422	293
1488	2411	502
1493	1885	541
1503	2709	570
1504	2462	364
1510	2205	601
1512	2887	503
1512	2887	541
1515	1862	550
1516	1360	286
1517	1542	200
1518	1745	371
1521	1770	539
1523	2158	500
1524	3222	161
1524	3222	125
1524	3222	346
1528	1977	479
1530	1778	325
1531	2577	305
1531	2577	331
1533	2440	461
1534	2037	319
1534	2037	193
1538	3435	258
1538	3435	554
1540	1390	331
1543	1503	554
1544	1812	538
1546	1850	271
1548	1745	343
1552	1595	529
1553	1878	185
1553	1878	259
1556	1799	335
1561	1885	326
1563	1215	480
1565	2428	185
1568	1608	448
1570	1771	273
1571	2273	346
1573	2048	312
1578	3207	380
1578	3207	411
1583	2649	521
1588	1645	342
1590	2319	551
1591	2148	606
1594	2516	425
1595	1728	344
1596	3492	552
1597	1578	384
1600	2237	177
1600	2237	392
1602	3219	545
1602	3219	488
1604	3236	278
1604	3236	524
1608	2517	505
1610	974	310
1614	1856	270
1615	2662	610
1619	1817	543
1620	1061	185
1621	1988	398
1633	3498	627
1634	1682	548
1636	1883	358
1637	2078	537
1639	3960	313
1640	3761	573
1641	3407	545
1642	2906	359
1642	2906	339
1643	1634	602
1644	3140	320
1645	2774	668
1647	1906	370
1650	2557	380
1651	2291	433
1653	2710	255
1654	2844	639
1655	3090	608
1657	3016	406
1658	1632	247
1659	2755	238
1664	3125	411
1665	1945	362
1668	2965	541
1671	2768	426
1672	2497	327
1675	2656	420
1680	2367	236
1681	1970	419
1686	2210	544
1687	2467	211
1688	2232	298
1691	1796	368
1692	1255	312
1695	2100	267
1696	2498	551
1699	1960	362
1702	3155	663
1708	2062	390
1709	3165	546
1712	2535	281
1713	1136	200
1715	2279	548
1716	2251	633
1719	2841	316
1720	2151	314
1722	2315	291
1723	2999	539
1726	2349	375
1728	2221	303
1730	3671	373
1735	2380	237
1736	3431	200
1736	3431	180
1740	3881	524
1740	3881	505
1741	2880	185
1742	2797	419
1749	3888	615
1750	3539	616
1753	1443	341
1754	2593	495
1755	2478	570
1756	2079	336
1758	3145	647
1759	2085	273
1760	3443	293
1762	2396	374
1763	2252	569
1769	2056	396
1771	2649	658
1773	1485	360
1774	1304	328
1775	3205	321
1775	3205	403
1777	2071	358
1780	2869	311
1781	2230	278
1782	2600	417
1783	3087	475
1783	3087	612
1786	2464	421
1790	3032	579
1791	2084	482
1794	1906	283
1804	4079	529
1804	4079	298
1805	2953	479
1807	2307	333
1807	2307	391
1808	2940	525
1811	2280	328
1812	3503	498
1814	2938	433
1815	1997	315
1817	2281	509
1818	1520	590
1819	3795	238
1822	1639	265
1826	3504	574
1826	3504	416
1830	2655	416
1831	2576	343
1836	3687	567
1838	1002	185
1843	1733	381
1846	1971	355
1859	2101	637
1860	3414	586
1872	2236	268
1873	2999	320
1875	1704	432
1878	2054	261
1878	2054	312
1880	2061	386
1881	3105	200
1882	2395	304
1883	2586	422
1884	3222	578
1886	1669	278
1887	3007	434
1888	2325	460
1890	2030	408
1892	2913	330
1892	2913	397
1895	3246	605
1897	1858	388
1899	3002	509
1900	2597	578
1903	3027	388
1903	3027	349
1905	2399	363
1905	2399	344
1906	1518	409
1911	1941	185
1913	1886	218
1913	1886	185
1914	1571	374
1917	2040	399
1919	2471	284
1922	2302	358
1924	2003	423
1926	1595	516
1928	4068	456
1930	1994	546
1931	3312	465
1934	3935	185
1934	3935	484
1938	2186	312
1938	2186	374
1945	2755	330
1945	2755	397
1951	3482	609
1951	3482	248
1954	2461	236
1955	1686	333
1958	1677	351
1964	2442	610
1965	2431	551
1969	2077	540
1975	1876	289
1975	1876	240
1985	2944	501
1991	2448	376
1992	1131	169
1992	1131	260
1993	2910	259
1993	2910	288
1995	3870	505
1995	3870	275
1997	2647	342
1999	1992	389
2000	908	200
2002	1905	332
2006	1774	367
2007	1733	446
2010	1797	200
2012	2804	347
2018	2802	520
2021	3218	334
2022	2859	490
2025	2509	405
2026	3536	288
2026	3536	380
2031	2314	392
2035	2119	185
2041	1913	579
2042	2603	305
2042	2603	254
2043	2119	327
2057	1629	303
2058	3768	370
2058	3768	185
2059	3195	244
2068	3012	439
2072	1039	227
2076	2338	340
2078	1954	245
2082	2627	426
2085	2192	241
2088	2173	551
2091	2000	397
2094	1666	448
2095	3153	548
2098	2273	401
2099	2251	571
2100	1830	292
2102	3227	604
2102	3227	295
2104	2186	274
2110	1986	377
2115	3220	577
2116	2272	268
2118	3071	347
2120	2328	289
2122	2799	287
2135	2668	589
2135	2668	315
2138	2340	334
2139	3110	272
2139	3110	423
2142	3009	434
2142	3009	200
2144	3591	575
2146	3288	227
2148	1705	458
2149	3776	650
2149	3776	587
2151	2474	481
2153	2610	583
2154	3125	402
2156	1866	211
2165	628	261
2171	1849	429
2172	2759	656
2176	2144	443
2180	3843	565
2182	3567	651
2186	1669	397
2187	2698	405
2192	3270	347
2196	1419	336
2199	1898	222
2199	1898	175
2201	2536	575
2203	3361	646
2206	3418	546
2206	3418	609
2208	2942	607
2215	2769	446
2216	2812	478
2216	2812	234
2220	3356	438
2221	2448	340
2222	2406	585
2223	2724	185
2224	1805	383
2227	1245	282
2230	2630	361
2230	2630	408
2231	2117	428
2238	2135	620
2240	1351	185
2241	2338	178
2242	2269	305
2245	1654	617
2250	1986	403
2251	2141	233
2254	3501	607
2256	2027	342
2257	1950	586
2262	1809	312
2264	1722	507
2265	2626	376
2265	2626	263
2267	1383	337
2269	3939	406
2277	2017	419
2278	2877	557
2279	1503	464
2285	1797	472
2289	2553	597
2291	2050	444
2293	1929	612
2298	4089	316
2302	2336	511
2303	2034	589
2305	2526	338
2305	2526	379
2307	4099	746
2310	2474	639
2312	2129	596
2316	1238	340
2317	2340	278
2317	2340	402
2318	3576	618
2320	2459	554
2322	2769	451
2322	2769	592
2327	2439	599
2328	2474	211
2329	3482	389
2331	2414	405
2332	2135	427
2334	1998	601
2338	2207	316
2341	2259	371
2342	2652	427
2345	2249	518
2346	2720	555
2350	3273	324
2350	3273	215
2350	3273	125
2351	1328	260
2355	566	244
2356	2811	510
2358	2824	348
2361	2110	639
2365	929	185
2366	1631	421
2372	2072	550
2376	1502	349
2377	2733	614
2379	1615	249
2382	1490	196
2384	3518	328
2387	1322	227
2391	2893	433
2393	2214	402
2396	3181	494
2401	3003	584
2402	3603	465
2403	3772	626
2404	2264	513
2406	1439	503
2409	2364	539
2413	1528	265
2414	1791	387
2419	3341	640
2420	1502	447
2429	1738	268
2429	1738	215
2433	2256	259
2435	2498	566
2436	2650	305
2436	2650	642
2438	4026	615
2439	4001	563
2442	3061	613
2445	2446	256
2448	1818	631
2449	1425	361
2458	2150	490
2459	2700	495
2461	1813	347
2463	3200	582
2463	3200	456
2464	2254	230
2466	2686	566
2472	1900	253
2476	1891	320
2476	1891	211
2479	2300	423
2480	1868	327
2481	2611	459
2488	2638	227
2489	1952	271
2491	2236	449
2499	1060	560
2501	2302	316
2503	1775	283
2503	1775	388
2508	2136	460
2510	2874	405
2510	2874	275
2512	2297	507
2513	1423	382
2514	2692	408
2516	2470	651
2517	2007	239
2517	2007	382
2518	2077	361
2518	2077	390
2519	1615	205
2520	3666	411
2520	3666	387
2521	2000	319
2525	2784	547
2530	2849	345
2532	2144	484
2533	1972	349
2536	3068	508
2536	3068	588
2539	3131	487
2540	1924	185
2544	1665	211
2546	3033	671
2548	2094	397
2550	2441	392
2552	2252	568
2553	3310	563
2556	3494	427
2557	2743	215
2559	1859	324
2561	2637	637
2569	2348	449
2570	2158	522
2572	3190	682
2573	2145	569
2575	1897	293
2580	1648	421
2589	1942	524
2590	1605	307
2592	2680	572
2595	1792	380
2596	3678	501
2596	3678	561
2597	1591	326
2598	3657	576
2598	3657	461
2600	2195	543
2601	3740	269
2601	3740	585
2604	2556	554
2608	2329	549
2613	3607	536
2615	3521	617
2615	3521	564
2627	1980	352
2628	4032	491
2628	4032	281
2629	2055	185
2630	2333	552
2631	1610	281
2632	2192	389
2633	1791	347
2634	3081	633
2639	1854	532
2640	2749	478
2646	2768	311
2648	2177	541
2655	2034	690
2656	3346	743
2658	3133	668
2659	1048	232
2662	2998	583
2664	2123	378
2668	3715	528
2668	3715	592
2674	1916	597
2675	2216	387
2676	2040	427
2677	2926	415
2679	2016	625
2680	2857	470
2680	2857	169
2681	1768	331
2683	2401	355
2683	2401	201
2684	2020	578
2688	3491	269
2690	2340	319
2692	936	293
2698	1372	331
2699	2405	260
2700	1886	318
2701	2773	603
2710	2000	489
2711	1311	301
2713	1936	250
2717	1383	549
2718	2030	308
2720	2948	376
2720	2948	363
2725	1365	250
2726	2977	574
2732	1977	306
2734	1751	200
2735	2643	347
2738	2560	542
2740	2512	371
2746	992	185
2747	2942	629
2748	3040	538
2750	1527	259
2751	1884	546
2752	1039	299
2758	2117	342
2763	2175	271
2765	2544	284
2766	2024	338
2767	1815	357
2771	3297	624
2772	1440	277
2773	1510	185
2776	1751	525
2778	2474	369
2780	3363	521
2784	2979	528
2786	2747	330
2789	1753	216
2789	1753	366
2791	1462	305
2794	2557	311
2795	2787	290
2797	2997	568
2802	3070	556
2803	3019	325
2803	3019	370
2806	1094	237
2809	2011	358
2812	3796	519
2812	3796	506
2818	2180	393
2820	1699	338
2824	1661	279
2834	2132	326
2834	2132	355
2835	2164	394
2838	2251	336
2840	2152	365
2843	1792	510
2845	2283	245
2848	1349	279
2850	2186	376
2851	2379	148
2851	2379	246
2853	1026	420
2859	2089	200
2859	2089	250
2866	1625	383
2873	2241	311
2874	1075	268
2877	2039	317
2877	2039	328
2878	2185	371
2885	1215	288
2888	1594	615
2892	1849	343
2896	1397	370
2897	2421	602
2899	1574	379
2902	2740	392
2903	1408	374
2911	1437	308
2913	2445	359
2914	2030	255
2916	1430	337
2917	1487	333
2925	2051	316
2929	2120	504
2932	1345	317
2934	1860	472
2935	1398	374
2936	2408	597
2937	1369	352
2940	2052	322
2941	1772	513
2942	2325	371
2945	1811	363
2947	2372	342
2947	2372	322
2949	2334	289
2949	2334	193
2950	1255	221
2952	1786	335
2952	1786	337
2953	3218	359
2953	3218	361
2954	2472	321
2955	2033	319
2956	2173	318
2956	2173	365
2959	1732	451
2960	2419	261
2960	2419	307
2963	1082	322
2965	1860	396
2966	3143	200
2966	3143	582
2969	2029	347
2970	1886	345
2971	1992	600
2972	2529	319
2976	3291	568
2976	3291	468
2978	1433	361
2981	2275	288
2983	1442	347
2985	1478	498
2988	1450	323
2989	1575	348
2991	1225	185
2992	2078	432
2993	2402	185
2996	1795	274
2997	2372	306
3000	1366	450
3002	1364	410
3008	1482	591
3009	2453	605
3011	2070	377
3018	2007	230
3019	983	222
3024	2639	545
3025	2201	215
3026	3008	398
3026	3008	345
3033	3146	285
3033	3146	356
3045	2333	264
3046	2196	538
3049	1057	329
3050	2323	227
3051	2130	356
3052	2863	395
3052	2863	560
3056	3690	522
3056	3690	562
3058	4043	222
3059	2337	296
3059	2337	375
3060	1973	373
3062	1525	233
3065	2022	425
3067	2586	316
3067	2586	366
3069	1950	554
3073	2177	566
3078	1217	345
3080	1819	427
3081	2012	372
3086	1092	352
3088	1219	346
3090	2658	378
3096	2890	358
3096	2890	288
3105	2745	500
3105	2745	558
3108	2336	412
3109	1883	495
3114	1257	397
3117	2973	394
3120	4034	591
3120	4034	200
3121	2217	422
3124	847	200
3125	2096	618
3129	2071	358
3129	2071	323
3136	1714	382
3138	1546	361
3141	2759	323
3149	2379	387
3149	2379	364
3151	2196	280
3151	2196	345
3152	2117	493
3153	1843	416
3156	2225	543
3158	1811	427
3159	2150	290
3160	1388	489
3161	994	243
3163	1455	353
3168	1535	368
3170	1354	342
3178	2260	272
3180	2716	468
3185	1815	200
3188	2056	485
3190	1367	296
3197	760	232
3199	3284	376
3206	1617	437
3207	2015	334
3207	2015	227
3210	1440	238
3223	2049	578
3224	2514	150
3224	2514	176
3225	2060	298
3226	2200	312
3235	1667	506
3237	2790	566
3240	835	286
3250	2404	273
3251	2127	349
3257	1680	547
3258	1320	330
3262	3140	344
3270	1507	215
3272	2413	185
3273	1477	364
3275	902	256
3276	1966	185
3281	1881	281
3284	2395	392
3284	2395	360
3288	1890	309
3292	1877	460
3301	1873	351
3302	1316	366
3304	3582	558
3304	3582	383
3308	1752	206
3309	2970	307
3309	2970	429
3317	2172	564
3321	1475	274
3322	2722	255
3322	2722	185
3323	2110	433
3324	2807	533
3326	2764	591
3328	1467	557
3329	1438	354
3333	3096	420
3337	1456	441
3340	2676	366
3341	2068	263
3341	2068	332
3344	3047	422
3344	3047	281
3351	2504	572
3353	3333	291
3353	3333	317
3354	1385	283
3355	1135	253
3359	2422	564
3360	1350	260
3361	2376	582
3367	1446	323
3369	1449	383
3370	1781	280
3376	2267	444
3399	2557	635
3400	2245	647
3401	3205	408
3401	3205	300
3408	1719	267
3410	3670	577
3410	3670	587
3412	1612	408
3416	2404	392
3420	2591	361
3421	1986	362
3424	1562	268
3425	2510	371
3426	2508	238
3435	1779	357
3436	1272	332
3437	1175	333
3439	2099	370
3440	2524	393
3443	1795	340
3448	1893	318
3448	1893	296
3449	2524	523
3452	1754	355
3456	2661	357
3458	1340	222
3460	1514	382
3465	2667	179
3465	2667	147
3468	2072	396
3475	2128	466
3477	2444	472
3481	2174	319
3483	2517	367
3487	1496	329
3492	1384	320
3495	928	248
3497	3118	665
3499	2083	682
3503	2663	322
3507	1596	232
3510	1865	510
3516	2428	258
3519	3118	324
3519	3118	405
3523	3486	454
3528	2258	317
3531	2191	185
3532	2859	676
3534	1584	372
3535	2264	630
3537	2066	478
3542	3446	297
3542	3446	188
3543	3334	508
3544	3428	578
3545	1922	565
3549	2122	322
3549	2122	268
3553	2018	243
3554	1314	204
3554	1314	173
3558	3236	298
3567	1922	490
3581	1347	488
3584	2347	524
3587	2130	654
3592	1207	185
3597	2071	345
3598	2402	368
3599	1573	353
3601	3233	381
3605	1274	380
3611	3054	341
3612	1578	320
3615	1749	319
3616	1352	345
3621	854	227
3623	1823	251
3623	1823	258
3627	3628	566
3629	2118	426
3632	1016	378
3633	1859	291
3635	2130	294
3637	2000	269
3641	2051	306
3645	3312	222
3646	1356	384
3647	2010	426
3651	2258	491
3655	1853	413
3661	2312	376
3663	2499	576
3665	2406	609
3671	1063	348
3675	1800	562
3677	928	243
3679	3586	566
3680	1911	287
3681	2937	497
3681	2937	430
3682	1969	388
3683	3107	249
3683	3107	286
3684	2383	416
3685	2376	340
3686	1439	366
3687	1766	380
3695	2082	561
3705	1728	294
3713	2295	408
3719	1865	566
3722	1816	467
3730	3157	254
3731	2984	271
3731	2984	284
3739	1619	230
3741	1791	394
3743	2288	555
3744	2262	363
3746	1639	311
3747	1283	233
3750	1770	316
3754	1536	420
3756	2520	564
3761	1300	507
3762	2287	262
3773	1255	422
3778	2489	442
3779	2020	185
3779	2020	360
3783	1859	360
3788	1197	305
3791	2911	407
3795	1804	301
3798	3227	255
3800	1757	375
3801	3634	607
3812	1249	185
3814	1297	317
3816	1834	372
3825	1972	320
3827	3239	308
3829	3388	550
3829	3388	305
3834	2180	284
3840	1894	334
3843	2095	308
3846	2327	410
3854	2253	390
3855	1794	185
3857	1673	361
3859	1075	288
3860	2786	543
3861	2178	354
3863	2722	295
3863	2722	361
3868	3384	524
3869	2750	640
3872	2107	337
3885	2635	483
3887	1802	277
3891	2153	601
3892	2830	411
3893	1508	354
3896	2108	328
3898	2291	381
3904	1842	350
3914	1651	364
3922	2003	284
3923	3069	433
3929	3706	544
3930	1653	371
3931	1995	378
3933	1852	283
3934	2543	606
3935	1895	532
3939	2462	585
3944	2024	595
3951	1788	280
3952	2533	343
3953	1894	412
3954	1522	364
3957	2701	200
3960	2334	489
3961	2918	586
3967	2968	584
3972	2532	577
3975	2117	312
3976	2142	367
3977	1493	444
3981	3120	337
3983	1548	294
3985	2263	449
3992	1884	386
3999	3152	350
4006	2197	610
4007	2591	561
4009	1883	215
4010	1988	417
4016	2656	487
4022	2149	505
4029	2374	331
4029	2374	410
4030	3104	352
4031	2134	280
4033	2523	549
4037	2258	287
4039	2067	464
4042	1900	635
4044	1179	343
4049	2761	570
4052	1846	185
4055	2208	222
4058	1985	207
4058	1985	253
4061	2223	562
4062	1965	468
4064	2716	358
4066	2875	426
4074	2691	477
4075	1926	215
4076	2238	357
4080	2392	646
4087	1744	497
4089	1878	388
4090	2023	433
4094	2858	572
4098	2963	255
4100	2378	359
4105	1625	532
4106	1953	534
4107	3458	365
4109	3024	566
4113	2907	445
4119	2768	293
4121	3252	221
4123	1938	581
4124	3109	595
4127	2065	559
4129	2493	358
4130	3649	576
4130	3649	580
4132	3031	427
4133	2068	272
4136	2194	277
4137	1466	181
4138	1789	185
4139	1011	335
4150	1884	546
4154	2193	360
4165	1737	284
4166	2060	467
4170	1799	558
4171	2828	499
4175	2246	232
4177	2264	503
4183	2396	563
4186	2415	278
4186	2415	362
4191	2535	568
4194	2838	488
4195	2182	589
4200	2071	540
4201	3722	615
4201	3722	533
4203	2004	275
4205	3319	515
4206	2022	351
4208	3521	578
4211	3111	480
4214	2837	316
4223	1841	273
4224	1965	463
4226	2564	305
4228	3019	290
4232	1742	454
4235	2463	553
4236	2140	301
4236	2140	315
4239	1888	347
4244	2002	311
4247	3719	577
4248	2700	504
4251	2277	598
4252	2980	560
4256	1740	266
4260	2040	496
4267	2073	579
4269	2926	283
4270	2144	506
4272	2361	460
4276	3010	487
4277	2327	346
4282	1611	553
4285	1784	498
4292	2382	631
4293	1504	384
4296	2484	457
4298	3419	584
4300	2499	602
4303	1436	506
4306	3350	376
4308	2346	640
4310	1904	453
4313	1592	302
4314	1837	622
4318	2556	569
4324	1572	310
4325	3547	421
4329	2569	576
4336	2240	185
4337	1818	522
4343	2569	509
4345	3700	622
4346	2511	322
4352	1851	414
4357	2313	434
4365	2601	408
4366	1734	481
4373	2202	528
4378	2323	342
4380	2232	534
4388	2196	464
4390	1699	338
4395	2432	559
4396	2748	558
4405	2892	418
4405	2892	500
4406	2537	527
4409	2170	396
4410	2436	265
4414	2856	269
4415	2388	554
4416	2778	624
4417	2009	316
4422	2622	478
4426	2990	562
4428	2521	255
4430	2069	384
4436	2131	613
4438	3319	284
4440	2950	266
4440	2950	231
4442	1557	386
4448	2054	542
4449	1971	347
4451	2067	254
4453	2624	230
4454	1186	298
4455	2397	290
4457	2283	644
4460	3324	595
4461	2388	382
4462	2443	306
4464	2068	522
4469	2131	303
4469	2131	319
4472	2096	495
4475	1896	206
4483	3091	185
4483	3091	562
4484	1960	366
4486	2798	551
4489	3670	562
4489	3670	327
4490	2480	589
4491	1500	330
4496	1662	296
4497	2742	480
4498	2666	562
4500	2511	344
4502	2580	348
4504	2616	510
4505	3466	653
4507	2555	323
4509	1704	586
4510	3302	380
4519	1623	185
4522	1430	326
4524	1819	316
4524	1819	230
4531	1401	200
4533	3194	470
4535	2978	294
4535	2978	351
4536	2289	292
4539	3102	620
4543	1564	250
4544	2348	422
4549	981	185
4551	1800	296
4556	3587	608
4557	1475	351
4558	1442	281
4563	2620	561
4565	1799	353
4568	1466	267
4569	1721	383
4570	2620	480
4576	2585	320
4576	2585	341
4579	2224	369
4580	1868	260
4581	2197	238
4585	3092	582
4586	1091	270
4591	1305	373
4598	1855	227
4598	1855	158
4603	1590	293
4604	3378	383
4604	3378	154
4605	1751	270
4606	2072	644
4609	1965	652
4610	3534	289
4616	3109	427
4617	1522	211
4619	1057	206
4622	2864	245
4625	857	307
4626	2260	316
4630	1804	306
4633	1370	271
4635	1354	323
4638	2257	416
4641	1872	254
4642	1790	248
4647	2568	502
4651	2518	487
4654	3646	312
4655	2291	185
4660	2035	350
4660	2035	171
4667	1711	264
4678	2199	522
4679	1044	259
4682	1791	364
4685	2627	406
4685	2627	318
4686	2454	568
4687	2512	215
4691	957	200
4694	1828	438
4700	1694	199
4700	1694	162
4706	2040	566
4708	1455	185
4709	1937	296
4710	1818	253
4721	2470	361
4724	1829	364
4725	3587	519
4725	3587	227
4736	2374	550
4743	2285	257
4744	1509	361
4745	2867	626
4746	2242	368
4747	2195	263
4748	2091	317
4750	3302	573
4758	2450	320
4758	2450	281
4759	2649	587
4760	1785	296
4762	1755	200
4770	2406	547
4771	1846	308
4775	3085	304
4778	3163	235
4778	3163	223
4778	3163	513
4787	1059	296
4788	2139	439
4792	1580	215
4796	2007	245
4806	3358	603
4810	1948	211
4810	1948	255
4812	2286	333
4822	1650	481
4823	3634	557
4826	1686	416
4830	1678	295
4831	1510	273
4840	1943	334
4841	1899	345
4844	2674	404
4847	1766	321
4848	1580	272
4850	2843	344
4850	2843	181
4851	2303	185
4853	2063	354
4857	1414	185
4861	896	254
4862	2988	442
4863	2602	564
4868	1810	249
4870	1208	319
4873	1287	272
4881	2139	520
4883	2069	249
4886	3558	450
4889	773	292
4896	2531	616
4899	2500	288
4903	2958	474
4909	886	261
4912	1846	295
4915	3660	427
4917	2743	582
4919	2412	400
4923	1612	376
4927	1725	310
4930	1050	243
4935	1287	200
4936	2175	185
4938	3465	572
4940	2659	531
4943	1501	379
4944	2212	415
4953	1758	327
4954	1072	200
4955	2355	440
4956	1659	301
4957	2968	595
4959	2094	326
4960	726	211
4961	2485	604
4965	2072	507
4966	1897	284
4967	583	206
4969	3043	299
4969	3043	225
4972	1384	314
4973	2160	395
4979	1564	222
4986	2348	587
4988	2160	631
4996	1641	191
4996	1641	185
4998	1972	200
4999	2017	295
5000	1470	190
5000	1470	150
5004	2247	357
5016	2193	589
5022	2247	597
5023	2112	346
5027	2011	270
5027	2011	273
5029	2432	527
5030	2219	317
5053	2332	601
5056	2633	241
5056	2633	330
5058	1533	541
5065	1676	394
5071	2494	393
5076	2227	313
5077	2226	206
5081	2453	589
5083	2257	289
5083	2257	309
5084	1726	265
5085	2383	309
5085	2383	326
5087	2711	354
5091	955	340
5094	2510	381
5096	1834	226
5096	1834	355
5097	598	200
5099	1407	326
5104	1517	221
5106	2132	491
5109	2197	542
5114	1439	320
5116	1748	185
5117	1934	477
5122	2822	393
5122	2822	366
5126	2054	384
5128	2340	358
5129	2504	338
5130	947	278
5136	1225	304
5139	991	374
5141	3000	470
5141	3000	461
5142	1778	366
5143	2113	370
5147	3155	347
5149	2761	295
5150	2149	413
5153	2768	477
5156	1966	286
5161	3464	380
5161	3464	307
5167	2232	185
5169	1120	322
5173	2381	562
5176	2089	494
5182	1681	368
5183	2031	185
5183	2031	280
5195	2881	290
5195	2881	331
5196	1117	227
5200	731	250
5206	3078	607
5207	1818	284
5209	1812	254
5209	1812	243
5213	2551	327
5214	2552	458
5217	2842	269
5222	1248	332
5224	1181	297
5230	2298	401
5230	2298	185
5233	767	215
5236	1190	330
5237	2104	346
5238	1924	523
5239	3027	370
5240	1947	516
5241	1619	352
5243	2174	294
5243	2174	290
5246	2992	549
5247	2385	297
5249	2195	211
5249	2195	400
5250	2440	431
5250	2440	230
5252	2994	200
5253	1728	560
5255	1865	335
5259	1293	321
5261	1617	268
5266	2584	377
5267	1658	268
5268	3626	437
5272	1990	333
5274	1847	393
5275	1987	320
5276	2124	276
5279	2434	438
5280	772	285
5281	2421	396
5283	1965	375
5289	3713	630
5289	3713	625
5291	2805	312
5291	2805	269
5292	947	354
5297	1683	494
5299	1654	382
5302	2969	497
5305	2139	309
5306	1250	332
5308	1545	222
5310	2640	534
5314	1930	315
5315	1188	120
5315	1188	157
5317	2329	322
5319	2640	561
5320	1880	351
5325	3484	599
5325	3484	447
5326	3296	618
5329	3724	255
5329	3724	588
5331	2839	293
5331	2839	454
5332	2178	600
5334	2524	591
5337	2940	334
5338	3757	577
5338	3757	444
5339	1461	256
5340	2444	362
5345	819	284
5347	1411	352
5348	1790	444
5349	2716	496
5352	2895	566
5357	1265	345
5359	1550	216
5360	1540	266
5362	1585	325
5363	1013	241
5364	3747	620
5364	3747	495
5365	2583	566
5368	2007	325
5371	2563	206
5372	3004	576
5374	904	185
5377	2510	609
5378	2518	613
5380	2738	493
5381	1370	332
5384	1653	305
5387	3348	562
5388	1765	370
5390	2575	373
5393	2559	238
5394	2177	576
5396	2231	403
5397	1696	565
5399	2162	629
5401	964	314
5404	1345	227
5412	1784	446
5417	2482	669
5418	2642	206
5419	2120	402
5422	2011	407
5426	2486	649
5430	1502	604
5432	1929	462
5434	1623	550
5435	1401	274
5441	2143	338
5442	1239	221
5444	2716	623
5445	2623	339
5452	1788	582
5453	2918	523
5453	2918	589
5459	1680	200
5459	1680	200
5460	1617	209
5460	1617	284
5464	1398	537
5467	3363	512
5470	1974	370
5473	2068	270
5474	3203	264
5474	3203	362
5475	2207	343
5475	2207	266
5477	2776	605
5478	2143	429
5482	2399	310
5482	2399	175
5488	2380	302
5488	2380	390
5490	2279	418
5491	2398	503
5492	2467	586
5493	1534	221
5495	2812	665
5499	2134	367
5500	2225	242
5503	1615	352
5504	1842	233
5509	2469	531
5513	3498	474
5513	3498	469
5515	3572	364
5515	3572	401
5517	3512	511
5517	3512	585
5523	3154	590
5525	2596	340
5525	2596	301
5530	2231	364
5534	2731	200
5534	2731	361
5535	2463	430
5535	2463	360
5537	1298	357
5540	2520	531
5541	1879	185
5543	2358	374
5553	1115	313
5555	1883	487
5560	1968	392
5562	1907	295
5562	1907	250
5564	2567	535
5566	2927	620
5570	1855	582
5572	1849	314
5572	1849	144
5576	1311	185
5579	2774	554
5583	3375	612
5585	2431	667
5587	3173	618
5588	1975	316
5590	2192	305
5591	2853	145
5591	2853	413
5592	2363	632
5594	3627	559
5594	3627	349
5596	1412	230
5597	1628	272
5597	1628	311
5602	2465	611
5605	1391	312
5612	1542	338
5613	1597	530
5614	3601	462
5622	2715	595
5624	1973	342
5627	2316	670
5629	2009	384
5631	3757	400
5633	2656	540
5635	1818	397
5639	1812	448
5642	1877	338
5644	2227	373
5645	2072	328
5649	1888	372
5651	2167	324
5654	1409	245
5656	2868	591
5659	1569	328
5661	3669	643
5663	2509	330
5664	2837	289
5669	1651	206
5671	2536	542
5676	3235	568
5680	2481	539
5685	2117	398
5689	1400	322
5690	1027	375
5693	1957	566
5694	1831	185
5696	1809	606
5699	1799	308
5700	2026	300
5703	2290	355
5707	2010	237
5710	1838	284
5711	1658	336
5712	2094	383
5712	2094	245
5715	1545	238
5716	2219	461
5717	1298	323
5719	1909	508
5720	1983	416
5727	2576	689
5729	2075	293
5729	2075	341
5734	2202	278
5735	2094	347
5744	1548	301
5748	2949	617
5750	2426	337
5750	2426	370
5753	2837	600
5754	2380	492
5755	1724	343
5758	2937	645
5759	2422	487
5761	2874	445
5763	2438	259
5763	2438	347
5764	2340	340
5769	1435	310
5770	2001	334
5771	3612	589
5775	1978	185
5782	1806	161
5782	1806	244
5786	2048	332
5788	1688	544
5789	1910	335
5790	2284	362
5792	2038	199
5792	2038	467
5795	1789	293
5797	3053	384
5800	2985	200
5800	2985	409
5801	1273	387
5804	2216	299
5811	1641	324
5818	2200	593
5821	1951	345
5821	1951	178
5822	3404	372
5823	3434	602
5827	1152	290
5829	1717	572
5830	1705	405
5831	1753	389
5832	2333	619
5833	2134	517
5841	2075	555
5843	2791	493
5846	2471	332
5846	2471	183
5856	2067	577
5859	1878	376
5860	1632	289
5862	1725	370
5863	1590	185
5864	1013	244
5865	1837	356
5869	1979	331
5870	1844	185
5872	1427	221
5873	1906	347
5874	2081	294
5875	2503	545
5878	1429	324
5882	2799	511
5882	2799	157
5882	2799	130
5884	1486	351
5888	2182	556
5890	1492	360
5892	2335	372
5892	2335	378
5893	1852	427
5894	3879	520
5894	3879	232
5896	3358	456
5896	3358	340
5897	972	340
5901	2328	345
5901	2328	363
5903	2533	359
5903	2533	368
5906	2160	185
5909	2338	289
5909	2338	311
5910	2233	615
5911	2003	587
5912	2118	346
5913	2426	390
5913	2426	285
5915	1435	284
5916	1808	377
5919	2131	206
5921	1883	215
5926	1612	356
5927	2764	272
5937	1978	371
5937	1978	223
5939	3287	609
5940	1861	516
5942	1932	299
5945	1538	320
5948	1815	323
5948	1815	329
5950	2904	522
5950	2904	657
5953	1220	293
5955	1631	200
5957	1494	339
5959	1965	329
5959	1965	185
5962	1323	299
5963	2651	323
5964	1835	284
5966	1869	347
5973	1587	274
5976	1627	200
5978	2846	592
5982	1048	265
5987	3797	640
5987	3797	504
5988	1007	307
5994	3659	334
5994	3659	550
5995	1312	295
5996	2379	571
5998	3055	381
5999	1734	356
5999	1734	209
6001	3386	628
6002	1758	305
6002	1758	289
6003	1749	584
6010	1741	132
6013	981	245
6014	1567	326
6015	2048	211
6016	2052	569
6018	3136	476
6019	1677	322
6020	1959	307
6020	1959	364
6026	1395	357
6027	1773	341
6029	1749	482
6030	2018	576
6031	3236	617
6033	2886	592
6035	1361	336
6040	1594	323
6045	1576	347
6048	1563	255
6051	1661	390
6052	1795	332
6053	1680	215
6054	3185	281
6054	3185	348
6058	2304	602
6065	3185	449
6065	3185	572
6066	1875	249
6070	2513	515
6074	2714	605
6075	1568	185
6076	1735	595
6077	966	211
6078	1915	564
6079	1491	285
6080	1798	288
6082	2028	275
6086	1399	370
6087	1089	185
6088	2133	577
6089	3881	312
6098	2625	381
6099	2187	485
6100	1862	314
6101	1937	404
6107	2753	570
6108	2465	314
6112	2207	289
6114	2736	636
6115	1762	522
6116	1676	556
6118	2461	457
6121	2925	605
6122	2580	597
6128	2516	332
6128	2516	183
6128	2516	333
6130	1650	261
6132	1842	298
6134	3643	543
6134	3643	483
6136	2145	595
6139	2417	343
6140	2185	529
6143	2369	266
6144	2366	331
6145	2597	416
6148	2473	387
6149	3392	591
6150	2726	216
6151	1193	320
6155	3253	512
6155	3253	239
6155	3253	347
6157	2330	291
6157	2330	372
6159	2444	185
6162	1969	343
6167	1970	169
6167	1970	294
6168	2409	382
6173	1812	297
6173	1812	351
6175	1417	340
6176	1920	311
6177	1832	469
6178	1426	215
6181	2073	373
6182	2235	606
6183	1776	299
6184	2502	501
6185	2381	427
6189	1983	471
6190	1100	307
6192	1676	367
6194	2945	623
6199	2198	358
6202	1023	211
6203	1416	185
6205	1956	603
6209	2387	412
6212	2462	551
6213	1477	397
6217	1407	351
6220	2549	345
6230	1810	273
6231	2039	502
6233	1740	334
6234	3195	640
6238	2435	495
6240	1669	570
6242	2041	358
6243	2030	191
6243	2030	344
6244	1891	380
6246	2675	615
6247	2716	238
6248	1411	185
6249	1190	232
6254	1740	335
6255	3471	481
6256	1143	271
6259	1707	211
6262	2221	294
6262	2221	338
6264	1499	362
6266	2166	333
6267	2152	326
6268	2640	592
6272	1768	651
6273	1511	213
6273	1511	246
6274	2216	565
6275	1869	392
6277	2362	321
6278	1555	138
6278	1555	198
6280	1628	347
6282	2384	641
6285	2005	336
6285	2005	273
6286	1759	331
6287	2116	559
6290	2081	438
6292	2326	222
6293	1708	383
6299	1800	211
6300	1430	227
6306	1316	277
6310	3113	399
6312	1861	554
6319	2282	285
6322	2580	531
6323	2415	334
6323	2415	350
6324	2100	341
6324	2100	316
6325	1381	267
6329	2043	259
6330	1678	509
6333	1650	302
6337	1543	357
6338	2465	529
6341	1735	462
6344	1826	311
6345	774	301
6347	3464	233
6352	1452	384
6354	1214	299
6355	2255	415
6356	2154	458
6358	1326	215
6360	1584	421
6362	815	243
6363	1958	338
6364	1736	238
6367	2215	241
6369	1577	200
6370	1251	185
6373	2056	384
6374	2574	601
6377	2105	601
6378	2917	521
6380	2144	402
6381	2974	592
6382	2172	361
6382	2172	278
6383	3541	261
6383	3541	406
6384	1615	366
6392	2183	185
6392	2183	375
6396	1821	230
6401	3726	667
6404	2186	318
6410	1364	185
6411	2007	360
6414	1110	296
6415	1839	363
6417	1467	232
6419	2625	238
6422	2993	683
6429	1776	269
6431	2254	394
6431	2254	333
6433	1393	222
6438	808	200
6440	1975	185
6440	1975	318
6441	1882	357
6443	2181	559
6454	3316	607
6455	2898	603
6457	2935	559
6457	2935	503
6463	2320	462
6469	1869	515
6472	2708	322
6476	2716	444
6482	3246	596
6485	1294	355
6488	1883	310
6488	1883	357
6490	2265	593
6494	2643	510
6495	1233	236
6499	2035	495
6500	3749	556
6500	3749	549
6502	3045	350
6507	1200	268
6509	3088	315
6513	2108	612
6518	1832	410
6521	2178	284
6522	1721	200
6525	1965	320
6525	1965	228
6529	1208	328
6531	1516	566
6538	1409	559
6541	3641	376
6542	1962	594
6545	2226	617
6547	1449	317
6555	2761	505
6558	1721	581
6560	2004	284
6562	1191	306
6568	2486	388
6570	2763	583
6577	2202	530
6582	1316	278
6588	3307	573
6589	1845	573
6591	2215	499
6596	2443	365
6601	2017	332
6602	1826	273
6603	1856	467
6609	2221	389
6611	1475	286
6612	2295	429
6617	2404	314
6621	1851	222
6622	1942	268
6623	1971	309
6624	1003	206
6626	1454	283
6637	3537	691
6638	3422	799
6639	1602	321
6642	2257	559
6643	2724	309
6649	2306	185
6660	1718	291
6663	1830	342
6666	1760	238
6674	1948	521
6677	1933	250
6679	1985	602
6687	2497	238
6690	1966	394
6695	1545	295
6697	2296	547
6698	3743	459
6699	2765	250
6701	1907	243
6703	2322	607
6708	1318	341
6710	1518	363
6711	1858	476
6712	2206	185
6717	1496	357
6718	2457	494
6720	1960	230
6725	3370	317
6726	2203	569
6731	2038	227
6735	2921	564
6737	821	422
6746	1618	372
6749	1194	306
6750	2109	586
6757	2379	265
6762	2355	515
6765	2307	446
6770	2908	635
6771	2308	559
6773	2368	278
6776	2257	381
6777	3065	433
6778	1915	608
6783	1771	396
6786	1822	468
6788	1707	562
6796	3449	323
6797	875	301
6802	1644	521
6811	2109	185
6812	2374	555
6813	3237	408
6815	1867	267
6817	1597	509
6818	1681	272
6824	3048	549
6827	1801	463
6829	2469	185
6833	1899	619
6834	1874	566
6835	1229	200
6838	1213	438
6845	2104	413
6847	2093	466
6851	2475	200
6855	1793	419
6865	3175	683
6866	3272	632
6886	2528	223
6886	2528	217
6891	2257	200
6896	2842	610
6907	2512	264
6908	1685	528
6909	2643	447
6910	2735	312
6910	2735	246
6911	2916	565
6914	1198	299
6917	3000	222
6920	2186	215
6924	2090	170
6924	2090	213
6930	2307	603
6931	2773	253
6939	2659	649
6940	2623	557
6944	1771	177
6951	1609	307
6953	3540	372
6953	3540	426
6954	1948	267
6965	2390	605
6968	2414	573
6979	2553	304
6985	2743	307
6990	2849	585
6991	2049	343
6992	2826	665
6993	1230	327
6994	2224	443
7003	2680	657
7004	1879	611
7006	1456	452
7008	3402	249
7008	3402	375
7018	2242	588
7019	2344	461
7021	2871	222
7024	2683	570
7025	1436	341
7028	2559	407
7032	2428	359
7034	3171	345
7037	1872	497
7042	2029	362
7043	3121	249
7049	2115	572
7050	1490	330
7051	3083	185
7056	1613	396
7066	2766	362
7067	3038	820
7068	3222	510
7071	1430	340
7080	1946	200
7082	2593	260
7087	2557	185
7088	2039	595
7090	2436	391
7092	2358	444
7096	1807	216
7100	2936	354
7105	1759	266
7109	1525	370
7110	3488	601
7112	2437	629
7113	3650	320
7115	1456	293
7118	2084	572
7122	1658	359
7123	1216	341
7125	3222	185
7125	3222	457
7130	1041	376
7131	2305	302
7131	2305	411
7133	1393	232
7151	2237	211
7156	1303	215
7158	2734	305
7160	2246	541
7161	1632	441
7164	1615	385
7166	2175	526
7170	2404	721
7171	1549	325
7174	1689	612
7182	2813	322
7183	1880	430
7187	1526	384
7188	1229	227
7199	1610	399
7201	1661	512
7203	2336	267
7205	1497	378
7211	1897	494
7226	1830	395
7235	2004	278
7246	1061	215
7247	934	284
7249	1711	185
7253	2134	586
7262	1160	420
7268	2953	621
7269	2163	520
7270	1670	404
7271	1829	401
7274	2324	653
7275	1971	248
7279	1686	332
7283	948	266
7296	2115	206
7306	1739	277
7309	955	264
7311	2853	232
7314	1008	429
7318	2124	383
7325	1612	281
7326	1356	410
7331	1829	478
7334	1811	506
7338	1689	362
7352	1881	421
7353	1702	325
7365	1409	312
7368	1591	211
7373	2364	438
7378	3180	642
7379	2389	265
7380	2466	467
7383	2089	525
7384	1714	185
7392	1947	211
7403	1898	633
7409	1821	282
7414	1998	517
7415	1522	371
7416	2154	656
7430	851	211
7434	1687	227
7447	1969	397
7460	1954	185
7461	2364	583
7466	1210	309
7480	2649	370
7485	1862	222
7494	1663	282
7496	2371	381
7503	2376	250
7510	1917	455
7512	1629	239
7519	1240	396
7521	2356	603
7529	1658	500
7534	2196	308
7537	2486	520
7538	1544	313
7540	1689	330
7541	1355	259
7545	1661	314
7552	1714	434
7560	1089	328
7562	1491	301
7563	1841	486
7565	2007	600
7567	2069	250
7571	2381	594
7584	2028	486
7586	1683	284
7590	3695	261
7590	3695	528
7591	2526	434
7595	1723	252
7595	1723	318
7605	1061	267
7606	2231	250
7609	1320	276
7613	2738	215
7620	2145	296
7621	2349	330
7628	1441	242
7632	2340	236
7635	1447	303
7637	1045	301
7641	1749	310
7644	1471	292
7647	2771	273
7656	2355	322
7658	1040	380
7668	400	206
7673	1599	546
7674	1799	185
7676	2294	466
7680	2793	338
7682	1893	455
7683	1648	290
7685	1534	386
7695	1955	417
7699	1003	272
7706	2501	206
7715	2561	317
7716	2761	355
7716	2761	177
7720	1752	327
7722	1918	573
7723	2101	466
7725	1508	428
7727	2621	355
7729	2377	334
7731	925	329
7735	2080	564
7739	2372	278
7739	2372	323
7744	2722	513
7749	2726	330
7760	2052	238
7765	1688	514
7769	1568	443
7774	1142	340
7775	1835	448
7779	2716	515
7790	2714	501
7795	1313	407
7806	1138	279
7807	2362	344
7814	2341	499
7824	3885	590
7824	3885	585
7825	1229	215
7828	1944	249
7828	1944	291
7830	2173	318
7830	2173	283
7832	2063	274
7833	2437	338
7836	1672	380
7838	645	216
7840	2441	323
7850	1613	234
7851	1828	307
7856	1709	264
7858	1735	365
7870	2491	327
7870	2491	246
7876	1597	185
7878	2774	447
7878	2774	232
7882	1481	278
7893	1806	334
7898	1693	238
7905	1215	346
7919	1612	206
7925	1005	206
7929	2055	211
7929	2055	311
7934	2977	412
7939	1176	353
7943	1528	276
7944	1579	222
7945	1280	185
7949	711	185
7958	1327	185
7963	1335	295
7969	2618	501
7978	2104	438
7987	1295	289
7993	2172	460
7995	1304	276
7998	2269	330
8000	676	200
8004	2357	525
8008	1567	397
8010	2906	325
8010	2906	185
8041	2361	276
8042	1289	418
8060	1365	239
8066	694	211
8073	2433	211
8083	1836	297
8106	2143	328
8134	1484	267
8142	1488	310
8143	1455	256
8158	968	342
8161	1351	250
8164	2462	363
8164	2462	235
8168	1470	298
8169	1641	242
8169	1641	221
8180	1214	263
8182	889	200
8188	1637	122
8188	1637	145
8212	905	215
8213	1310	185
8216	923	287
8220	796	227
8229	826	316
8232	1624	352
8251	1488	279
8252	1298	185
8270	1087	359
8272	1403	330
8276	947	185
8279	1715	542
8285	1414	219
8285	1414	231
8288	1541	258
8288	1541	181
8290	1346	257
8291	1020	235
8291	1020	131
8302	926	206
8308	2624	545
8316	1894	332
8317	1303	244
8322	1579	415
8327	1834	365
8329	1206	389
8348	1152	281
8351	1217	330
8357	1137	300
8358	1536	376
8364	1203	425
8367	1145	311
8371	1199	351
8376	1062	185
8379	1597	204
8379	1597	179
8381	1825	222
8385	2283	227
8398	2264	214
8398	2264	287
8399	1840	503
8400	932	331
8401	1021	328
8411	2955	425
8412	2193	596
8415	1390	297
8416	2098	241
8419	1644	314
8420	2942	344
8420	2942	252
8423	1927	405
8429	1910	424
8430	1654	355
8431	945	212
8436	1802	387
8437	1198	346
8438	2577	366
8440	1890	244
8441	2226	258
8445	1919	725
8448	2223	428
8448	2223	325
8460	2007	488
8462	973	200
8467	2877	489
8470	2181	399
8478	2313	421
8483	3754	326
8483	3754	435
8495	1285	448
8497	988	254
8499	1869	325
8507	2194	363
8535	1221	216
8538	1894	305
8540	2635	576
8543	1423	320
8546	3633	481
8546	3633	287
8548	962	222
8570	1870	470
8571	866	306
8573	1934	603
8574	2297	211
8587	1558	241
8590	1393	244
8594	2051	544
8616	2360	503
8619	1766	271
8622	1998	315
8631	1994	227
8641	2901	541
8647	2671	412
8652	1349	300
8653	933	222
8656	1374	254
8662	2023	618
8667	1374	331
8668	4308	741
8668	4308	798
8675	1957	376
8676	3039	218
8676	3039	559
8676	3039	187
8679	3877	419
8682	2511	439
8684	1457	278
8685	926	339
8689	2379	463
8690	2708	458
8693	1378	314
8699	1923	418
8699	1923	215
8700	1506	605
8701	2050	185
8702	2531	309
8703	2172	387
8717	1206	248
8718	1577	200
8721	2273	529
8722	2050	386
8727	2220	232
8729	1414	305
8736	2715	354
8736	2715	296
8737	1357	245
8747	1853	230
8759	2951	632
8766	2733	215
8768	1023	291
8780	1347	287
8783	2990	552
8789	3147	584
8794	4379	252
8800	3255	359
8812	2477	602
8820	2009	391
8821	3024	206
8826	2543	384
8828	4160	369
8829	1639	460
8830	3038	616
8831	3391	604
8833	2300	629
8836	2240	633
8843	2711	436
8847	2540	380
8853	2151	215
8855	1273	492
8866	2839	535
8866	2839	156
8867	1653	268
8875	2227	370
8876	2537	611
8878	917	297
8879	2017	710
8880	3058	499
8895	1999	305
8902	1916	290
8903	2226	516
8905	2091	568
8909	1596	560
8910	1467	227
8922	2301	708
8923	2476	346
8930	1290	298
8931	705	227
8938	1404	370
8939	2559	503
8952	1587	331
8954	2374	481
8964	2936	211
8965	1113	185
8969	2822	477
8982	1644	289
8991	1716	484
8994	3268	222
8999	2818	512
9006	2452	270
9006	2452	325
9021	1876	596
9022	2924	470
9024	1767	276
9025	1804	568
9027	808	211
9028	2340	234
9030	2757	547
9044	1783	324
9046	2609	630
9054	2730	711
9055	2295	185
9058	2301	577
9059	1618	550
9060	1305	471
9064	1420	538
9077	2358	287
9079	1547	502
9098	1961	612
9100	2554	464
9101	1937	354
9103	2276	643
9104	2963	562
9104	2963	543
9112	2286	380
9118	2167	459
9126	1311	333
9130	1610	364
9132	1540	238
9135	2521	524
9137	1506	233
9142	1472	339
9142	1472	216
9144	2012	363
9145	1266	116
9145	1266	116
9146	1687	349
9147	1819	246
9149	2413	275
9150	2764	278
9154	2245	312
9154	2245	369
9155	2076	471
9159	903	243
9177	1305	227
9179	1181	358
9181	2598	371
9182	1369	250
9187	2642	215
9190	1985	539
9194	3513	267
9196	3475	479
9199	2941	469
9201	3156	459
9204	983	239
9215	1560	368
9220	2891	461
9220	2891	449
9231	793	274
9242	1476	498
9250	2894	520
9256	2403	318
9257	1369	227
9258	2080	255
9266	2267	161
9266	2267	200
9285	2124	411
9300	2010	378
9301	2243	310
9302	931	216
9303	1975	476
9314	3026	293
9315	1911	540
9317	1790	462
9318	3291	420
9321	1561	200
9322	2308	385
9326	2359	612
9329	2140	211
9330	2458	556
9333	1692	251
9334	1076	269
9341	1328	481
9345	2188	221
9349	2081	305
9349	2081	273
9350	2692	292
9350	2692	290
9354	1754	285
9356	2400	579
9357	1901	280
9360	1523	364
9363	2014	674
9366	1733	200
9370	1846	291
9377	2344	287
9377	2344	284
9381	2513	200
9382	1943	410
9383	1563	311
9384	1708	270
9385	1451	323
9385	1451	340
9386	1938	292
9387	1836	604
9389	1768	569
9391	1655	454
9396	604	307
9397	3343	384
9397	3343	642
9398	2719	272
9398	2719	267
9404	2548	486
9408	2770	421
9410	2159	349
9413	1755	321
9415	2181	227
9417	2266	608
9418	1634	399
9420	1964	278
9420	1964	181
9421	1540	297
9422	2049	478
9423	1609	224
9423	1609	302
9426	2454	277
9426	2454	323
9428	2153	542
9429	724	355
9433	2061	306
9435	3151	536
9446	2292	432
9450	2882	427
9452	1367	200
9453	2162	423
9454	1374	376
9455	3154	544
9457	1924	609
9465	2054	363
9465	2054	188
9466	1788	371
9468	2090	491
9477	1719	582
9479	2260	185
9479	2260	370
9481	1343	206
9481	1343	217
9482	2294	282
9484	2184	592
9486	2445	593
9488	1715	475
9490	1979	342
9491	2842	547
9495	2785	457
9497	2469	337
9497	2469	381
9500	704	238
9508	1453	185
9511	1599	298
9513	2121	341
9514	2157	624
9516	3126	609
9518	2037	185
9521	2456	575
9524	2187	575
9525	1920	222
9527	1515	185
9528	1713	272
9533	2834	561
9534	3235	596
9542	1893	185
9543	1159	348
9546	3057	369
9550	3117	363
9550	3117	166
9551	2948	586
9554	1777	370
9555	2285	335
9557	2612	614
9558	1653	178
9558	1653	190
9561	2653	630
9562	1102	313
9563	2519	559
9568	2500	592
9569	2252	432
9570	2481	547
9578	2186	185
9579	2837	530
9580	1585	526
9585	2870	648
9588	2282	491
9589	2014	441
9590	2800	358
9590	2800	264
9591	2504	377
9592	1908	375
9595	2307	551
9599	2135	397
9600	1354	185
9603	2554	591
9604	1825	295
9606	1811	327
9607	2632	340
9609	1937	447
9610	2525	389
9611	2483	622
9612	1734	393
9617	3213	702
9618	2817	343
9619	2425	284
9620	2649	332
9621	2219	472
9626	1300	356
9632	2300	594
9633	1976	543
9635	2135	582
9637	2206	541
9638	1200	341
9640	3212	569
9644	2556	208
9644	2556	392
9647	2273	501
9649	1751	323
9650	1748	441
9651	3150	611
9651	3150	518
9654	2301	502
9657	3162	345
9657	3162	285
9659	3292	572
9661	3127	372
9663	2766	326
9667	1536	375
9668	3371	379
9669	1947	200
9669	1947	289
9670	2785	398
9673	3285	608
9674	2559	503
9678	1600	430
9682	2011	372
9683	2192	448
9689	2138	595
9692	1965	572
9697	2916	250
9699	1729	376
9700	2126	185
9702	2908	658
9703	2508	624
9704	2627	483
9705	1221	164
9705	1221	195
9706	2829	595
9707	2230	443
9709	1586	328
9710	2133	581
9711	1456	491
9718	2114	266
9722	2196	379
9724	2775	612
9725	2546	357
9725	2546	371
9732	2574	653
9733	2196	597
9740	3084	362
9741	1436	200
9744	1939	289
9745	1644	445
9749	2117	230
9752	2064	463
9753	1197	152
9756	1305	215
9758	2231	575
9759	2350	574
9760	2230	438
9763	2603	600
9766	1968	286
9767	1545	211
9770	2008	266
9771	2133	248
9771	2133	314
9772	1399	607
9773	1801	426
9774	1318	200
9780	2804	631
9781	2465	447
9783	2418	598
9787	2465	222
9797	1893	222
9800	1593	350
9804	3298	617
9805	2849	335
9810	1376	266
9812	2118	394
9813	2986	547
9813	2986	530
9814	2135	583
9815	2534	142
9815	2534	169
9817	1717	200
9819	2102	361
9823	2390	510
9824	1882	629
9825	3359	578
9827	2267	388
9828	2322	550
9832	3048	457
9832	3048	513
9834	1972	400
9835	1540	274
9839	2644	184
9839	2644	294
9842	1950	569
9845	2708	553
9846	2064	359
9848	3070	603
9850	2169	370
9850	2169	286
9852	3062	536
9854	3060	541
9863	2532	622
9864	2595	423
9867	1715	254
9872	1926	328
9875	1824	420
9876	1831	322
9879	2540	651
9880	3174	602
9881	2182	387
9883	1597	323
9884	1947	344
9884	1947	236
9885	2358	324
9886	2072	602
9888	2383	386
9889	1365	315
9891	1876	343
9892	3312	424
9895	1880	264
9898	2000	185
9901	1411	301
9903	1665	162
9905	1576	346
9912	2379	237
9912	2379	397
9918	2159	538
9923	1446	227
9924	1484	287
9926	2996	345
9928	1944	599
9932	3001	635
9933	1785	524
9950	1110	325
9953	3004	560
9953	3004	280
9956	1793	410
9960	2021	325
9964	1660	524
9966	2234	592
9967	1999	309
9971	1616	286
9973	2995	510
9974	1973	467
9976	2510	361
9979	1985	566
9980	2324	336
9980	2324	232
9981	2967	406
9983	1754	361
9990	2258	436
10000	1858	215
10001	1942	573
10005	1671	277
10007	1503	251
10008	1236	185
10009	870	304
10010	1633	331
10016	2496	593
10036	1314	365
10037	2876	599
10040	2093	344
10040	2093	154
10044	2980	249
10045	1725	337
10047	1759	326
10049	2619	615
10050	2864	609
10055	3343	626
10055	3343	435
10059	2258	272
10061	3026	577
10065	1502	352
10072	2224	242
10074	1198	340
10079	1114	305
10084	3028	341
10084	3028	524
10088	1642	334
10089	1312	280
10090	1644	360
10094	1958	660
10099	2143	313
10101	2014	364
10102	2005	416
10102	2005	177
10108	2017	270
10108	2017	355
10113	2687	519
10116	1842	211
10119	1687	248
10119	1687	296
10121	2330	517
10125	2893	381
10125	2893	332
10128	2843	322
10128	2843	322
10129	2110	509
10131	1980	570
10133	1847	380
10136	3308	567
10138	761	239
10139	2087	223
10139	2087	403
10145	1973	200
10146	1123	304
10153	2503	270
10153	2503	254
10155	2951	599
10156	1316	425
10157	2889	501
10163	2013	302
10163	2013	318
10164	1533	404
10165	1471	311
10167	2828	325
10167	2828	358
10170	1193	316
10178	2185	249
10180	1241	308
10182	1218	185
10183	2158	381
10186	3402	440
10189	2816	623
10191	506	249
10192	1887	382
10193	2616	378
10195	1562	364
10196	2018	470
10199	2661	290
10199	2661	159
10200	1111	250
10201	2277	364
10205	1895	441
10208	2098	453
10214	2065	380
10215	2339	339
10215	2339	204
10217	2289	563
10218	1375	300
10219	1719	393
10220	1916	349
10221	2516	559
10224	2205	211
10226	1738	185
10229	1910	410
10231	2335	527
10232	1945	345
10249	1623	412
10250	2148	593
10252	2282	605
10253	2986	544
10254	2895	582
10255	2568	266
10257	1222	320
10261	2357	312
10262	2886	589
10263	2518	365
10265	2304	409
10266	2271	560
10268	1868	262
10268	1868	141
10269	999	320
10274	2135	597
10282	3274	573
10284	1056	325
10286	1309	340
10289	1670	327
10291	2237	361
10291	2237	306
10296	760	321
10301	2473	333
10303	1817	584
10306	1238	300
10307	1451	364
10311	3376	714
10313	2235	422
10317	2497	464
10318	2746	415
10319	1828	358
10324	2125	364
10325	2342	588
10328	2360	620
10330	1961	292
10330	1961	178
10331	2037	533
10333	1739	339
10333	1739	263
10335	2647	456
10339	1964	270
10340	2064	315
10341	2560	481
10342	1776	284
10347	3182	605
10348	2027	420
10349	2121	357
10351	1436	269
10353	1934	513
10357	3066	605
10358	1988	301
10361	1602	559
10364	1798	397
10368	2676	575
10373	2567	514
10375	2342	591
10376	1367	272
10377	3256	508
10377	3256	526
10378	2165	593
10380	2077	539
10381	2530	322
10386	1915	487
10387	3270	501
10389	1982	411
10391	1795	357
10392	1597	215
10394	2983	200
10394	2983	335
10395	1942	478
10400	1341	227
10402	2409	531
10406	1803	523
10407	1619	415
10409	1572	289
10413	2104	619
10417	1767	339
10418	1579	215
10420	2564	250
10420	2564	305
10421	1437	288
10422	1473	378
10427	1784	291
10427	1784	353
10428	1147	383
10429	1643	311
10430	2243	288
10430	2243	314
10433	2236	185
10435	2325	344
10436	1190	392
10448	1974	326
10450	2862	572
10452	988	254
10453	2341	386
10453	2341	188
10454	1343	331
10456	2889	359
10457	2072	515
10468	1670	345
10470	2854	340
10470	2854	322
10472	1387	297
10474	1611	249
10475	1876	355
10478	1384	302
10479	1063	216
10483	1660	592
10484	1707	227
10484	1707	359
10489	1580	255
10489	1580	324
10494	1797	405
10495	2190	337
10496	2269	554
10497	2046	322
10499	1582	334
10501	1582	346
10504	1713	323
10508	3117	593
10510	3196	529
10510	3196	200
10511	2196	407
10512	1184	226
10512	1184	144
10516	2017	362
10519	2264	263
10524	1540	254
10529	2396	468
10534	2036	377
10534	2036	215
10541	1691	477
10542	1994	345
10544	3052	185
10545	1716	204
10548	2430	222
10549	2388	573
10550	1068	330
10551	2201	200
10551	2201	327
10552	2370	351
10553	3290	677
10554	2065	313
10554	2065	248
10559	1665	589
10560	1416	211
10561	1657	282
10563	1941	353
10566	2066	200
10570	1859	221
10571	2810	304
10571	2810	316
10574	1350	341
10575	2259	404
10576	2391	348
10578	1472	360
10580	1468	331
10581	2343	531
10584	1824	304
10584	1824	340
10588	2373	537
10590	2145	394
10591	2399	244
10592	2870	395
10592	2870	447
10599	2792	520
10606	2147	436
10608	1494	227
10609	2410	574
10613	1304	323
10614	1480	338
10616	2525	366
10616	2525	189
10617	2678	414
10619	1483	498
10624	3376	638
10625	1593	347
10632	2183	321
10632	2183	292
10633	1634	398
10641	2901	324
10641	2901	419
10642	2566	303
10642	2566	335
10644	1487	211
10645	1945	309
10645	1945	295
10647	1545	319
10648	1893	388
10650	2499	344
10651	1740	357
10651	1740	260
10654	1411	398
10655	2054	344
10657	2079	582
10658	1954	266
10660	966	291
10661	1977	385
10669	2612	321
10670	1877	238
10673	2623	306
10673	2623	366
10674	1984	234
10674	1984	314
10678	1770	238
10683	2046	517
10688	2453	330
10688	2453	306
10689	2193	382
10693	2090	326
10693	2090	248
10697	2129	462
10698	1560	301
10704	2660	439
10707	2061	262
10707	2061	354
10708	2155	244
10710	3072	376
10710	3072	454
10712	1518	286
10715	1161	185
10716	1598	342
10720	1604	211
10727	2135	543
10730	2136	287
10731	2463	360
10731	2463	358
10732	1747	587
10734	2558	312
10734	2558	327
10741	2405	307
10744	2629	222
10745	1417	371
10746	1634	603
10750	1327	250
10751	1056	227
10752	2034	684
10755	1903	356
10761	1409	297
10762	2835	463
10762	2835	551
10764	1181	292
10766	1715	258
10768	2188	597
10771	2535	461
10771	2535	188
10772	2006	343
10772	2006	356
10773	1441	327
10774	1748	382
10778	2166	472
10779	2048	364
10781	2521	407
10783	2643	179
10783	2643	349
10785	3054	595
10787	2017	369
10788	1742	185
10789	1521	393
10790	487	185
10791	1166	312
10795	1821	347
10796	2658	476
10798	1920	185
10801	785	310
10802	2513	616
10803	1756	357
10810	2439	645
10812	1303	353
10813	2113	598
10816	1244	363
10821	2444	390
10822	1659	312
10823	1514	338
10824	1139	555
10827	1790	344
10833	1834	243
10838	1456	334
10840	1200	285
10842	2623	430
10843	2525	398
10844	2221	523
10845	2308	581
10848	1559	308
10849	2340	384
10850	1948	652
10852	2142	287
10853	2740	574
10854	2051	233
10858	1759	361
10858	1759	200
10870	1775	347
10874	1495	295
10875	2346	333
10876	1311	200
10878	2888	368
10880	1893	276
10880	1893	201
10881	1600	352
10883	1140	321
10885	3345	451
10888	1207	303
10889	2289	583
10890	1483	298
10893	1026	321
10896	2922	600
10897	3029	614
10901	1116	368
10902	529	200
10903	1671	328
10905	1240	322
10906	2731	419
10908	2281	185
10911	1772	352
10913	1724	343
10914	1499	284
10919	1817	232
10920	1328	351
10924	1770	377
10925	679	244
10928	2588	520
10929	3026	547
10934	1786	268
10939	2117	319
10945	1445	458
10948	1798	371
10949	2037	175
10949	2037	268
10950	1809	389
10950	1809	274
10955	1894	491
10956	2503	315
10957	2909	369
10957	2909	278
10961	3069	524
10963	2291	305
10964	1517	185
10965	1219	185
10967	1338	306
10982	2791	525
10983	1525	553
10984	2167	444
10985	2475	508
10986	2215	407
10989	1755	321
10989	1755	337
10993	2246	539
10994	2418	483
10997	2857	293
10997	2857	352
10999	2088	348
11001	2487	419
11007	1614	300
11011	1685	187
11011	1685	319
11013	2687	574
11015	2182	366
11015	2182	284
11017	2720	368
11017	2720	423
11027	1950	509
11028	2135	271
11028	2135	350
11031	1725	227
11037	950	185
11038	2166	364
11039	875	307
11040	1623	432
11047	1630	526
11048	897	344
11051	2157	211
11054	1139	296
11058	876	280
11062	1172	365
11063	2424	413
11063	2424	199
11067	939	227
11069	965	272
11070	2354	375
11070	2354	274
11071	1609	254
11072	996	309
11075	839	241
11076	2570	261
11078	2252	261
11090	2374	351
11092	1195	297
11099	1198	309
11101	1517	331
11102	1787	361
11103	1429	230
11104	2751	335
11104	2751	185
11109	2157	425
11119	727	300
11120	1427	238
11122	2725	663
11125	1361	395
11126	1720	185
11129	1441	548
11131	2019	185
11133	814	185
11136	1221	475
11137	1635	306
11137	1635	370
11138	1348	324
11139	1512	311
11149	2263	267
11151	2114	593
11153	1109	243
11154	1952	297
11156	2429	339
11156	2429	294
11157	3005	318
11157	3005	381
11159	2326	373
11159	2326	327
11175	1760	406
11185	2056	470
11188	999	222
11190	2909	551
11195	2997	505
11197	2397	532
11198	2324	535
11202	1964	300
11203	1063	248
11204	3058	548
11205	1747	461
11208	1485	300
11212	1867	542
11213	2162	274
11213	2162	290
11220	2270	539
11223	977	206
11226	2153	222
11227	767	264
11228	3122	641
11235	1435	330
11236	1471	185
11237	1490	230
11238	1268	241
11238	1268	248
11240	2732	637
11243	2125	581
11246	2462	449
11247	2041	379
11248	1959	206
11255	1955	185
11256	2047	588
11262	1890	295
11265	1950	321
11265	1950	318
11267	1400	316
11270	1767	227
11270	1767	206
11275	1315	588
11277	2906	620
11282	2388	363
11289	1821	328
11289	1821	337
11290	1773	378
11292	2016	487
11294	1280	243
11295	2926	678
11298	2047	397
11299	3357	368
11299	3357	291
11302	2534	303
11304	1464	535
11311	2308	521
11313	2352	533
11317	1467	588
11320	1603	464
11324	2593	581
11326	1724	389
11342	3420	524
11342	3420	576
11343	3118	230
11346	2561	497
11349	1188	323
11350	2095	587
11351	2041	369
11355	2571	562
11357	1466	260
11362	3301	553
11363	2100	221
11364	2665	622
11374	2459	627
11378	1353	270
11379	1859	534
11388	2119	497
11389	2118	532
11390	1976	662
11397	2379	288
11407	2612	443
11411	2638	693
11417	2646	653
11419	3183	537
11421	2228	230
11421	2228	376
11423	2043	266
11424	1244	369
11425	3254	221
11425	3254	213
11434	1957	336
11434	1957	252
11437	1080	319
11440	1944	444
11445	1253	292
11454	2040	402
11456	2665	222
11457	2338	437
11458	2016	471
11460	1743	372
11465	1505	408
11467	2486	651
11475	1968	489
11479	1158	227
11482	2219	496
11483	2446	624
11505	1441	211
11508	3090	264
11515	2840	547
11518	2311	528
11532	1144	337
11534	2838	692
11544	2377	670
11547	2265	185
11551	2240	485
11558	1539	163
11558	1539	144
11559	2496	624
11562	2029	310
11564	1987	336
11567	1950	338
11576	1736	234
11578	1650	544
11589	2238	624
11599	1866	561
11607	2149	582
11618	1528	522
11619	2103	358
11628	1443	528
11632	1829	418
11634	2230	501
11639	2159	262
11639	2159	385
11640	2622	636
11644	1926	406
11646	3359	671
11647	2071	227
11650	1955	388
11652	1185	267
11659	3198	663
11662	1510	238
11673	1658	238
11683	1392	401
11695	1878	532
11726	1096	259
11745	2201	273
11745	2201	290
11746	1675	406
11756	1923	580
11764	2858	340
11770	1966	642
11773	1985	280
11773	1985	220
11774	1519	260
11776	2570	306
11779	1755	534
11786	1799	319
11787	2779	703
11799	1209	560
11800	1544	520
11806	1881	439
11809	1001	336
11816	2894	369
11817	1894	476
11819	1181	484
11820	1370	211
11826	1596	329
11827	2906	321
11834	2094	631
11836	1224	301
11839	1624	266
11840	1552	310
11841	2901	591
11848	2004	609
11853	1774	266
11856	1091	275
11857	3064	487
11859	1419	351
11860	1412	299
11862	1702	249
11863	2511	606
11867	987	313
11874	1673	400
11875	1427	241
11876	1815	427
11879	2017	429
11881	1245	303
11885	1590	274
11889	1708	343
11890	1523	521
11895	1462	465
11900	1878	353
11902	1682	316
11912	1314	313
11913	1262	227
11915	805	215
11921	3175	437
11928	2298	643
11929	2764	681
11930	1283	278
11933	1935	379
11938	1873	350
11943	2361	366
11952	2382	330
11953	3012	360
11957	1889	367
11960	2453	410
11962	2503	372
11963	1918	503
11968	1756	399
11970	2505	543
11972	1634	316
11973	1329	499
11977	1272	185
11980	3319	238
11982	2627	369
11988	1811	250
11990	1609	411
11991	2492	615
11996	2254	407
12001	2713	185
12002	2961	741
12004	2762	377
12006	2552	401
12012	2319	486
12027	2366	281
12027	2366	250
12033	2414	227
12036	1912	250
12038	3198	594
12046	2822	408
12047	1296	417
12049	2004	298
12057	1482	206
12058	1529	222
12061	2096	300
12062	2842	492
12070	1339	206
12078	700	227
12079	2241	368
12080	1725	222
12083	2612	387
12090	1326	401
12092	2429	558
12094	1003	315
12099	2332	311
12101	2256	340
12101	2256	139
12102	2318	385
12102	2318	336
12103	2679	618
12105	1318	280
12109	2401	279
12109	2401	269
12110	1532	388
12111	1984	616
12117	2249	344
12117	2249	293
12119	1775	206
12121	2276	329
12124	2035	366
12125	1084	278
12128	2073	579
12130	2508	308
12134	1974	407
12137	1876	364
12137	1876	339
12138	2621	317
12139	2519	503
12139	2519	289
12140	1949	456
12142	2567	630
12145	2849	423
12148	2393	310
12148	2393	370
12152	2476	634
12157	1195	488
12163	2142	278
12163	2142	200
12164	2228	563
12170	2267	574
12176	1367	318
12179	1920	578
12186	1123	221
12190	2534	238
12190	2534	315
12191	1823	273
12195	2162	266
12198	3340	334
12202	1398	300
12203	2685	356
12207	1978	234
12208	1974	361
12208	1974	338
12212	2643	345
12217	1405	339
12218	1169	249
12220	1156	343
12229	2920	357
12233	1653	327
12235	1839	444
12237	1826	356
12238	1950	259
12239	2200	310
12239	2200	268
12240	1123	299
12241	2523	562
12243	2009	287
12243	2009	138
12244	1058	274
12247	1210	313
12251	2783	302
12251	2783	374
12252	1573	309
12253	1326	326
12260	2618	553
12266	2545	601
12268	1972	336
12268	1972	369
12274	2232	528
12278	1090	367
12279	2367	324
12280	2200	578
12282	2202	466
12283	1096	200
12285	2689	494
12288	2672	645
12289	3239	718
12293	2955	633
12294	2602	174
12294	2602	415
12298	2040	414
12299	1311	238
12302	892	230
12305	1465	191
12305	1465	151
12309	2270	211
12311	2152	670
12314	1680	431
12323	1577	253
12324	2193	331
12325	1867	288
12327	1206	222
12330	2379	179
12330	2379	184
12331	2425	416
12332	1251	250
12334	1257	362
12336	1547	333
12336	1547	268
12344	2933	386
12346	1540	700
12348	2214	610
12352	1735	354
12355	1725	364
12360	1337	341
12363	1150	267
12365	2255	729
12368	2753	665
12370	2480	360
12371	1567	450
12378	2483	377
12378	2483	212
12379	2115	221
12384	2748	362
12386	1946	557
12388	1588	238
12390	2613	655
12393	2434	565
12396	2095	399
12402	1732	325
12404	3164	555
12408	3100	200
12408	3100	548
12410	1625	289
12411	2447	479
12413	2277	619
12419	1598	407
12421	933	256
12422	2368	200
12422	2368	326
12424	2815	635
12426	764	185
12427	1032	323
12429	2076	382
12430	2325	211
12432	1663	378
12433	2125	371
12433	2125	260
12436	2394	387
12436	2394	188
12439	2978	452
12440	664	211
12441	1758	415
12442	2108	322
12445	2811	656
12450	1913	391
12452	2282	433
12454	1140	350
12455	2750	585
12459	2892	646
12460	1616	335
12462	1278	227
12463	2214	420
12471	1860	495
12474	1988	417
12478	1942	409
12479	3442	273
12479	3442	266
12481	1587	402
12481	1587	187
12484	1510	382
12485	2069	611
12488	1930	468
12492	1318	230
12494	1721	363
12501	1559	319
12503	2836	494
12515	2892	686
12520	2716	584
12527	2319	332
12529	1740	331
12534	1464	185
12543	1950	438
12544	1992	531
12549	2629	273
12550	2286	376
12557	2067	314
12558	1507	517
12559	2842	243
12563	2614	587
12564	744	236
12568	810	261
12569	3022	498
12576	1623	287
12578	2662	442
12579	2177	298
12580	1852	358
12580	1852	195
12585	1984	234
12588	1975	149
12588	1975	236
12592	1252	308
12593	1765	200
12598	1854	305
12600	1880	321
12602	1796	299
12609	3416	307
12611	2305	408
12614	2508	521
12616	2647	200
12620	2233	531
12622	2369	283
12629	1971	405
12630	2195	345
12633	2050	356
12635	2742	649
12636	1528	349
12638	2110	414
12641	1289	222
12642	2405	369
12643	2268	612
12650	709	264
12653	2090	431
12655	1220	185
12661	2194	557
12667	1835	499
12670	2569	327
12672	1398	304
12679	2461	227
12684	1456	215
12687	2055	300
12688	2546	424
12689	1633	310
12693	558	304
12694	2196	572
12695	1736	185
12700	2081	389
12702	1570	258
12704	2345	319
12704	2345	365
12705	1789	276
12706	2622	551
12708	1541	405
12712	2053	268
12720	2428	289
12730	1958	417
12735	1219	330
12738	1664	251
12743	2419	561
12748	2333	268
12749	1600	357
12750	1002	215
12752	1580	369
12754	2681	455
12755	2088	614
12757	1388	440
12759	2140	438
12763	2121	507
12764	2136	311
12765	1282	257
12767	2332	533
12769	1853	573
12771	1397	185
12773	1522	318
12776	2014	299
12778	2071	541
12779	2293	661
12782	2681	492
12789	1989	227
12790	1408	477
12797	2038	345
12798	1798	516
12800	2710	266
12804	2772	318
12804	2772	290
12809	1795	222
12814	1459	227
12817	1070	306
12821	2096	526
12823	1507	349
12834	1603	430
12839	2034	488
12843	2444	366
12844	2615	399
12847	2668	530
12850	1035	490
12852	2045	510
12859	1867	459
12866	1352	409
12876	2263	227
12877	1746	302
12885	2401	580
12886	1630	284
12890	1119	185
12892	1286	356
12897	1628	411
12898	2214	383
12900	1186	309
12911	1121	344
12912	2164	571
12918	1967	441
12919	1606	653
12921	2661	673
12923	1026	453
12930	793	304
12937	1175	335
12939	2293	266
12939	2293	334
12940	2239	650
12946	2030	368
12953	1728	325
12954	1800	269
12956	1717	307
12957	2369	305
12957	2369	336
12958	1840	248
12967	1515	178
12967	1515	159
12970	2364	334
12971	1498	289
12973	1928	430
12973	1928	168
12984	2020	355
12984	2020	332
12986	1467	262
12988	2090	216
12988	2090	235
12989	1824	161
12990	2059	361
12992	2121	368
13002	1753	338
13013	2633	610
13017	1756	295
13018	1683	322
13036	2186	400
13037	1942	341
13040	2535	344
13040	2535	379
13048	1262	352
13050	1765	321
13055	2805	667
13058	1409	232
13060	2604	606
13063	2156	260
13063	2156	203
13064	3153	256
13069	1292	618
13073	1683	330
13075	1510	337
13077	3028	351
13084	2849	680
13086	3246	576
13088	2659	391
13088	2659	412
13090	1770	330
13092	1669	552
13099	2091	433
13101	2808	639
13108	1835	207
13109	1935	298
13112	1609	284
13114	2790	348
13114	2790	291
13115	1856	350
13115	1856	327
13119	2991	270
13119	2991	348
13121	1613	640
13125	2731	571
13126	1808	391
13131	2179	604
13133	1170	355
13136	1603	351
13139	3227	452
13141	1192	294
13142	2375	347
13142	2375	281
13145	1473	298
13148	1359	233
13149	1743	578
13152	1896	400
13159	1271	309
13163	1822	338
13166	2328	371
13167	1442	367
13168	1716	474
13169	1582	256
13173	2795	598
13177	2008	395
13183	2213	424
13185	2327	402
13189	2178	696
13192	2376	320
13194	1753	444
13195	1714	397
13199	2828	267
13200	1899	414
13201	1711	379
13204	2138	663
13206	3377	573
13206	3377	541
13208	2336	411
13209	1348	378
13214	2807	461
13216	1595	356
13217	1657	268
13223	3318	435
13224	864	215
13228	1896	403
13232	1140	309
13236	2604	419
13237	1741	286
13238	1781	316
13249	2146	408
13250	3068	632
13257	2289	332
13260	2888	558
13261	2382	340
13261	2382	570
13263	1880	343
13266	1846	369
13271	2731	268
13271	2731	270
13273	3016	347
13273	3016	305
13275	2061	413
13278	2941	570
13279	1239	334
13283	2192	369
13284	2504	248
13285	1995	463
13288	2850	422
13289	2225	558
13290	1802	303
13291	2486	597
13293	2108	435
13294	1322	185
13295	1233	243
13296	2230	633
13299	2635	269
13309	2181	253
13312	811	277
13319	2404	626
13320	2136	277
13322	2816	580
13323	1849	331
13324	2456	592
13325	2529	348
13330	2752	556
13334	1659	344
13334	1659	363
13336	2251	185
13336	2251	337
13338	2703	565
13339	3255	653
13341	2070	357
13341	2070	265
13345	3414	638
13347	1832	338
13351	2912	413
13353	2405	490
13356	2338	585
13358	1519	211
13361	1941	534
13365	1298	349
13366	1914	354
13368	1546	360
13377	2286	555
13378	1948	417
13379	1473	522
13382	2602	556
13385	2617	388
13385	2617	185
13387	2903	431
13391	2532	581
13393	1956	550
13394	1163	372
13396	1848	574
13398	1417	206
13400	2062	498
13401	2953	334
13401	2953	374
13405	1725	261
13406	2566	388
13412	1710	185
13414	2193	168
13423	2371	582
13424	2044	167
13424	2044	191
13429	3216	543
13430	1404	200
13432	1789	346
13433	3051	600
13434	2753	359
13438	2794	531
13440	1970	593
13445	1872	200
13448	2156	416
13454	1293	248
13455	2576	618
13459	2919	672
13459	2919	137
13461	1836	493
13462	3350	557
13462	3350	398
13463	2938	206
13465	2032	465
13465	2032	492
13467	2245	439
13469	1729	346
13474	1953	533
13475	1495	287
13477	1667	374
13477	1667	390
13478	992	407
13480	2145	314
13480	2145	336
13482	1389	600
13484	2296	287
13484	2296	335
13491	2226	440
13494	1307	222
13495	1115	290
13498	1338	448
13499	1615	383
13501	1469	185
13506	1805	330
13508	1712	417
13512	2709	643
13514	1297	185
13520	1913	420
13521	3061	290
13522	2171	509
13524	2578	563
13525	3116	446
13527	1015	285
13528	2662	474
13535	2001	264
13535	2001	270
13540	1739	248
13546	2081	497
13554	1204	249
13558	1843	294
13564	1716	283
13573	2094	283
13575	2043	421
13577	1685	484
13580	1972	372
13584	2233	605
13594	2016	441
13599	1471	357
13599	1471	304
13602	1939	238
13604	999	342
13605	2264	459
13610	1645	536
13612	2128	691
13614	2146	330
13615	2612	222
13619	2111	356
13621	2308	387
13622	1611	344
13626	2504	383
13626	2504	380
13629	2337	565
13635	1692	200
13636	1298	211
13639	1832	396
13640	1532	383
13651	1530	206
13656	1803	557
13658	2462	215
13662	2122	688
13666	1819	211
13667	3251	492
13668	3222	653
13670	3036	449
13671	2353	185
13672	1679	354
13673	3633	575
13673	3633	712
13678	2936	250
13679	2245	539
13681	1933	324
13683	1727	145
13683	1727	199
13687	1220	369
13691	2610	417
13693	1618	296
13694	2564	264
13696	1724	253
13698	2373	237
13700	1855	578
13701	1223	185
13705	2560	695
13712	2558	614
13724	1756	237
13727	1702	352
13729	2138	265
13732	2476	435
13732	2476	279
13740	3765	668
13743	3354	644
13744	2883	610
13745	3564	626
13747	1181	185
13749	2734	439
13750	1829	178
13750	1829	158
13750	1829	206
13753	1525	339
13754	1840	538
13765	2241	368
13766	3636	327
13768	3269	552
13768	3269	544
13771	1753	405
13773	3150	367
13775	1557	380
13779	1664	347
13780	1538	404
13781	3005	463
13787	2052	697
13789	1961	406
13791	2418	547
13797	1587	405
13803	1755	587
13804	3383	491
13806	3161	540
13808	2251	200
13810	2559	338
13812	2246	574
13815	2649	206
13817	2463	508
13818	2524	684
13827	1721	442
13828	2074	674
13832	2219	609
13836	1811	412
13837	1320	291
13840	1673	316
13843	2528	417
13843	2528	328
13845	2045	285
13849	2694	470
13850	2680	749
13852	1798	537
13854	932	300
13856	1677	306
13857	3678	504
13858	2821	149
13858	2821	190
13859	3432	377
13859	3432	232
13861	2754	406
13862	1715	357
13863	2369	485
13866	1973	633
13877	1379	284
13878	2680	543
13879	2438	514
13883	1525	359
13888	1699	200
13891	2029	185
13892	1952	185
13893	2596	501
13895	3125	261
13897	1991	492
13905	2521	537
13907	1864	362
13908	2219	612
13912	2323	467
13915	2350	649
13916	2334	211
13917	1532	406
13918	3437	594
13920	1935	275
13921	1998	295
13924	1168	289
13928	1936	316
13930	1574	340
13942	2026	440
13944	859	311
13949	1577	285
13953	3307	494
13958	1549	317
13958	1549	184
13965	1859	359
13971	1822	295
13972	1917	557
13974	2026	339
13983	1994	486
13987	2073	301
13992	1873	314
13994	1927	185
13995	1900	417
13996	1927	454
13998	2072	559
14001	1665	486
14004	1749	634
14005	2678	518
14008	1762	254
14009	3365	540
14012	2333	185
14017	1596	316
14020	1570	375
14021	2612	222
14022	2752	357
14026	2347	269
14026	2347	159
14028	2671	543
14031	1567	459
14033	3144	475
14033	3144	543
14034	1626	145
14034	1626	130
14039	1937	619
14042	1552	252
14044	3354	552
14045	1917	590
14047	2884	395
14047	2884	383
14048	1889	216
14053	1820	359
14053	1820	278
14055	1578	185
14058	1696	261
14062	2146	185
14066	2448	395
14068	3072	326
14068	3072	226
14070	1593	518
14074	2253	597
14077	2927	426
14082	2812	427
14082	2812	332
14088	3471	528
14089	1518	483
14095	2484	397
14095	2484	435
14096	2014	338
14105	1901	533
14107	1428	505
14113	2316	185
14114	1604	284
14116	2507	488
14117	2064	560
14120	2825	402
14124	2681	488
14126	1492	570
14128	2347	418
14130	1493	395
14131	2675	232
14133	2373	631
14135	3528	390
14142	2473	191
14142	2473	357
14143	1990	394
14151	2514	511
14160	2701	510
14162	1897	343
14163	2975	658
14164	2538	387
14175	2225	641
14184	1701	445
14185	3597	295
14185	3597	375
14190	2668	527
14191	2015	364
14198	2363	350
14198	2363	262
14203	2595	531
14207	1893	616
14219	2728	608
14223	1851	386
14226	1312	185
14228	2960	314
14230	2265	227
14231	3260	555
14231	3260	679
14232	2832	456
14233	2308	334
14234	2061	579
14235	2246	522
14236	2408	653
14238	2933	570
14245	2471	414
14251	1770	419
14255	1584	264
14256	2165	509
14257	880	321
14258	2560	575
14262	1868	659
14265	1822	417
14266	2111	364
14269	2861	481
14273	2562	561
14280	3779	605
14285	2310	369
14286	1866	604
14288	2187	590
14295	3559	328
14297	1489	464
14300	2699	635
14301	2644	519
14302	1454	158
14302	1454	381
14303	2160	333
14304	2842	672
14307	3480	469
14308	2379	305
14317	2342	240
14317	2342	268
14318	2166	673
14319	3593	576
14320	2268	500
14321	2011	371
14322	2605	529
14323	2038	573
14324	1230	292
14328	3032	664
14329	3718	529
14336	2942	360
14336	2942	392
14338	969	350
14340	3321	608
14344	2124	640
14350	1908	535
14353	2042	380
14354	1816	215
14355	2495	467
14356	1268	356
14358	1610	404
14360	3610	469
14360	3610	460
14363	3165	608
14370	2168	206
14374	1694	211
14380	2171	579
14381	2577	340
14382	2339	445
14386	1142	315
14391	3240	606
14392	1693	621
14394	1860	332
14399	3179	607
14401	2889	601
14401	2889	365
14404	1889	334
14409	1979	573
14418	2713	551
14420	2751	476
14426	3208	505
14427	2099	633
14429	2299	249
14430	2824	421
14431	1992	365
14439	1032	227
14440	2814	549
14441	1845	442
14442	1919	357
14454	2297	361
14459	2271	399
14461	1976	381
14462	2198	439
14463	1816	514
14465	2477	336
14468	2396	607
14475	2363	369
14475	2363	342
14479	2535	267
14479	2535	405
14482	3284	651
14484	2941	467
14485	1836	332
14487	1860	518
14488	1447	200
14489	1981	292
14499	2062	600
14500	2305	456
14502	2039	392
14503	2167	565
14504	1820	609
14506	3090	513
14507	2773	630
14510	1588	293
14512	1378	206
14513	1123	573
14514	2135	152
14514	2135	141
14515	3553	326
14515	3553	243
14515	3553	233
14516	1728	185
14520	3326	652
14524	2493	512
14525	2539	495
14527	2200	497
14529	3291	472
14530	2914	571
14530	2914	325
14532	3388	239
14533	2197	574
14535	3577	481
14537	2823	586
14538	2152	596
14540	2226	520
14542	1880	607
14553	2900	512
14554	2025	421
14558	2948	587
14559	2737	654
14566	1766	239
14568	1626	249
14570	3325	558
14571	3233	684
14579	1431	477
14585	3663	579
14589	2404	592
14590	2769	394
14591	2034	519
14602	2116	424
14604	1288	400
14605	3055	548
14607	2239	297
14609	2069	443
14611	2702	460
14613	3153	637
14616	2363	313
14618	2746	374
14625	1922	494
14628	3460	244
14629	3573	594
14630	1421	173
14630	1421	150
14632	3131	254
14633	2404	538
14642	3240	573
14644	1425	362
14647	1627	463
14649	1700	657
14653	3394	576
14653	3394	310
14654	2539	481
14655	3078	307
14655	3078	363
14657	1478	622
14660	2629	514
14663	2796	678
14668	2838	540
14669	2347	215
14671	2257	337
14672	1489	410
14674	2306	215
14674	2306	313
14675	1939	534
14676	1358	235
14677	2347	385
14682	2058	290
14683	2785	599
14684	2492	167
14684	2492	234
14686	1940	402
14688	2300	185
14688	2300	394
14690	2654	708
14699	2251	654
14700	3391	499
14701	3662	422
14702	1812	442
14705	2060	292
14706	2411	444
14707	2198	434
14711	2664	238
14712	2029	233
14713	3091	618
14715	2654	372
14717	3044	227
14718	3698	536
14725	1822	624
14729	2224	185
14731	1406	452
14733	2177	174
14733	2177	163
14739	1416	600
14740	2578	446
14743	1934	303
14744	2410	233
14749	3396	585
14750	3723	399
14751	2373	227
14752	3079	532
14753	3040	403
14754	3278	389
14754	3278	588
14755	2478	621
14758	3509	428
14760	2233	442
14763	1767	230
14768	2435	294
14768	2435	304
14769	2844	681
14772	2536	459
14776	1962	371
14778	1501	571
14779	2436	352
14785	3073	645
14787	2975	587
14790	1596	299
14802	1294	325
14807	2778	398
14810	1963	405
14815	2127	356
14816	2746	508
14817	2820	280
14817	2820	248
14821	2750	508
14829	3763	553
14830	2341	390
14832	1801	353
14833	1530	255
14835	3376	547
14836	2127	284
14838	2324	338
14839	1732	450
14842	1798	544
14847	2118	348
14851	1566	354
14856	3033	185
14856	3033	478
14857	3495	468
14859	1278	310
14866	2720	583
14868	2416	382
14869	2708	478
14874	1137	324
14875	1655	295
14880	2517	474
14880	2517	280
14881	2968	435
14881	2968	321
14882	2377	713
14885	2181	420
14887	2929	618
14888	2010	249
14889	2604	528
14890	2920	354
14890	2920	169
14892	2572	334
14898	1519	389
14901	2411	697
14902	1935	399
14903	1577	393
14909	1236	348
14911	2143	578
14916	3212	508
14919	2626	606
14925	1919	336
14925	1919	277
14931	2729	567
14933	1901	359
14936	1380	266
14942	3665	621
14942	3665	526
14951	2295	183
14951	2295	175
14953	3004	607
14955	2709	242
14958	3239	431
14958	3239	579
14959	1779	489
14962	1900	227
14965	1927	388
14966	2984	394
14966	2984	206
14967	1720	609
14970	2991	291
14971	2040	559
14972	2014	342
14973	2148	429
14974	2323	495
14975	2392	371
14977	2817	568
14978	2962	389
14984	1877	529
14985	1660	298
14986	1626	593
14989	977	316
14990	1474	504
14999	2357	489
15002	1903	423
15005	3171	522
15007	3454	291
15009	2404	288
15015	1146	542
15019	1665	457
15021	2371	230
15034	2577	308
15035	1963	353
15035	1963	264
15038	733	339
15039	2631	592
15041	2604	509
15042	3139	510
15044	1422	384
15048	2557	281
15048	2557	200
15051	1850	361
15051	1850	185
15055	2288	199
15055	2288	294
15061	1806	573
15064	3461	515
15066	2374	605
15067	2632	269
15070	2356	353
15073	3126	667
15077	1747	463
15079	3236	611
15081	2492	222
15086	2390	631
15091	2297	663
15092	1687	364
15093	2373	255
15096	1748	317
15098	1592	395
15100	1615	253
15102	2546	310
15104	3712	539
15104	3712	654
15108	2236	155
15108	2236	281
15109	1991	286
15111	1503	550
15114	2016	609
15116	2578	582
15119	2391	522
15123	1126	334
15130	1581	430
15132	2084	370
15134	1391	338
15135	2535	232
15136	1664	427
15137	1869	594
15139	2450	688
15141	1243	239
15144	1383	345
15145	2328	364
15148	1761	355
15150	2023	185
15164	1643	410
15173	6432	445
15178	1302	221
15182	2013	494
15185	2120	222
15186	813	211
15190	1510	321
15191	1266	237
15195	3413	477
15196	1764	221
15199	2178	451
15201	962	250
15205	1232	405
15210	527	200
15214	1871	489
15219	1409	323
15219	1409	268
15223	2082	482
15228	2070	334
15231	1290	303
15232	1707	239
15235	1938	269
15239	2195	197
15239	2195	421
15240	1844	185
15245	1426	260
15246	1492	461
15250	1432	506
15253	1641	303
15254	1277	238
15257	1315	260
15259	1462	215
15260	1142	242
15261	1666	303
15264	2528	293
15265	1276	242
15266	1233	320
15268	1498	211
15271	2094	489
15273	1246	232
15277	1080	255
15279	1630	286
15280	1990	296
15282	1992	267
15282	1992	274
15285	1373	258
15288	1457	436
15289	3893	478
15289	3893	500
15293	1941	289
15300	1587	286
15301	1476	185
15302	1616	482
15304	1073	271
15311	2921	416
15312	1510	268
15316	2752	412
15324	2662	200
15327	1541	338
15328	1734	327
15335	2139	527
15336	1675	545
15337	1908	294
15338	1018	325
15340	2946	408
15340	2946	304
15343	2199	293
15352	3150	280
15353	1596	412
15355	947	273
15357	1969	239
15361	2521	548
15361	2521	260
15364	1618	591
15370	2613	299
15371	1766	462
15373	2278	354
15375	1434	369
15377	2947	462
15377	2947	464
15378	3017	257
15378	3017	534
15382	2150	302
15384	4215	620
15385	1539	185
15386	2396	412
15390	1516	499
15393	3750	411
15393	3750	533
15398	2396	302
15401	3035	380
15403	2930	598
15412	2985	211
15414	2155	366
15416	2525	366
15418	1298	216
15419	1939	367
15422	3283	435
15423	2423	345
15423	2423	255
15426	2297	335
15429	1725	445
15435	2015	409
15440	2900	300
15443	2318	454
15444	2252	308
15444	2252	260
15445	2605	459
15446	3844	475
15446	3844	449
15452	3294	589
15456	2315	503
15458	2545	185
15458	2545	307
15460	2689	662
15466	2846	636
15467	2028	470
15473	2659	455
15474	2532	338
15476	2637	338
15476	2637	307
15477	1376	384
15478	3099	473
15487	1998	666
15489	2325	416
15494	2169	423
15500	7775	595
15500	7775	570
15502	2594	454
15507	4060	638
15507	4060	318
15510	2375	608
15514	1867	449
15516	2575	525
15519	1572	346
15520	2046	280
15524	3334	266
15525	4239	273
15526	1473	287
15526	1473	267
15529	1778	252
15531	3624	574
15532	2250	385
15532	2250	361
15539	1891	180
15539	1891	438
15544	2378	375
15546	1832	680
15547	1955	333
15551	2059	249
15558	3827	670
15558	3827	312
15562	2782	251
15563	1761	409
15564	1395	238
15567	2345	481
15568	3049	695
15571	3098	601
15572	2697	471
15572	2697	328
15576	3324	225
15576	3324	191
15580	5334	642
15580	5334	615
15581	876	222
15583	1940	257
15584	5357	609
15584	5357	591
15588	2843	397
15588	2843	227
15593	1802	233
15597	1830	337
15603	1492	374
15609	1965	427
15612	4447	206
15617	1888	386
15623	1754	185
15624	2247	306
15626	1545	366
15628	1397	258
15630	2005	687
15633	1270	206
15641	4213	645
15647	1183	185
15652	2461	436
15653	4576	241
15653	4576	395
15658	1858	408
15659	3014	608
15661	2015	342
15661	2015	425
15662	1970	429
15667	1145	371
15673	2011	665
15676	1231	267
15683	2842	605
15688	2309	599
15699	2680	605
15701	3493	227
15702	3259	534
15711	2279	398
15719	3385	472
15719	3385	575
15722	2030	222
15723	2621	667
15725	5130	264
15727	1501	185
15728	2478	483
15731	2673	220
15731	2673	217
15732	2661	644
15734	3542	536
15734	3542	313
15735	1444	185
15736	3108	529
15737	1486	307
15739	1757	413
15740	2021	333
15745	1992	344
15746	1992	486
15747	1477	426
15750	2623	361
15759	2907	749
15762	3276	665
15764	1606	211
15766	4688	746
15767	2495	662
15768	3671	629
15770	2526	368
15770	2526	386
15771	5165	720
15771	5165	314
15775	2122	552
15776	3445	550
15776	3445	631
15780	2963	565
15783	2437	396
15783	2437	201
15784	2644	604
15788	1884	317
15789	1409	313
15790	2641	585
15791	2695	334
15791	2695	375
15792	2463	435
15798	1503	242
15799	3391	553
15803	1541	365
15804	1923	232
15806	2319	682
15810	3247	698
15810	3247	380
15814	2560	346
15814	2560	131
15815	3730	396
15815	3730	666
15819	2996	427
15820	2214	368
15824	1635	319
15825	2300	266
15826	2734	386
15828	2383	323
15830	1462	422
15834	2116	462
15836	1308	183
15837	1120	352
15841	1937	238
15847	1472	402
15848	3438	604
15849	3484	351
15850	1513	421
15853	2239	380
15854	1376	370
15857	2565	400
15859	2643	446
15860	3497	653
15861	2152	217
15861	2152	444
15863	3861	504
15865	1671	382
15867	2167	303
15873	1843	357
15879	1922	405
15882	5029	409
15882	5029	639
15884	1941	238
15884	1941	285
15885	4144	697
15890	2532	249
15890	2532	382
15891	2268	607
15893	2410	647
15895	1622	185
15900	2033	486
15901	1706	286
15913	2233	230
15914	4385	508
15914	4385	553
15918	4299	589
15918	4299	713
15925	2470	584
15928	1592	377
15928	1592	151
15934	2302	598
15935	4096	279
15936	2468	400
15937	2444	609
15939	2400	362
15939	2400	381
15940	2704	316
15941	3037	644
15941	3037	184
15943	2768	395
15943	2768	288
15950	1867	401
15954	1841	460
15956	2345	569
15958	3628	614
15959	4476	627
15963	2172	445
15964	2816	396
15964	2816	366
15966	1720	349
15967	1421	331
15968	1908	406
15971	2358	391
15971	2358	278
15973	1993	272
15983	1867	284
15987	2096	307
15987	2096	200
15988	1391	457
15991	852	328
15996	2690	376
15998	1512	274
16006	2530	341
16010	1932	251
16011	1409	419
16021	1471	185
16024	1376	414
16026	2146	514
16029	2423	516
16030	2798	369
16032	1756	583
16034	2153	550
16035	2026	328
16039	2242	319
16044	1261	227
16046	1852	369
16046	1852	318
16050	2767	296
16053	2245	365
16061	1672	431
16065	2607	574
16069	2724	431
16073	2059	431
16074	1883	291
16074	1883	300
16075	981	200
16078	2625	479
16082	2165	284
16082	2165	281
16086	1904	279
16092	2290	459
16096	1433	298
16097	1411	305
16099	2321	508
16101	1858	427
16108	1869	446
16109	1100	200
16110	1328	506
16113	1511	238
16115	1891	303
16118	1779	319
16119	1435	291
16120	1921	569
16125	1255	280
16126	1867	229
16132	1177	280
16134	1361	278
16136	2421	357
16140	1560	273
16141	1877	544
16147	2478	254
16149	1427	389
16150	1565	309
16153	1841	464
16154	1606	276
16158	1432	319
16164	1474	313
16166	1544	219
16166	1544	331
16168	1793	391
16169	885	206
16171	1395	300
16176	1436	322
16177	1640	339
16179	1417	276
16183	1465	375
16185	2483	440
16185	2483	194
16188	1109	293
16189	1318	302
16190	1429	215
16190	1429	312
16193	1085	318
16198	1713	200
16199	984	238
16203	1827	341
16204	2021	365
16206	2668	250
16211	1773	280
16213	2014	434
16214	950	314
16217	1692	305
16222	1439	312
16224	2711	364
16224	2711	323
16227	1387	222
16228	1002	259
16229	1523	302
16233	1377	287
16233	1377	359
16237	2755	472
16239	1694	230
16239	1694	237
16240	1242	297
16241	2601	319
16246	1574	185
16249	1550	308
16254	1238	223
16254	1238	335
16256	1988	306
16258	1341	274
16260	2048	310
16260	2048	307
16263	1096	344
16264	2126	331
16264	2126	261
16265	1847	245
16269	1601	439
16271	2806	521
16271	2806	413
16272	1975	310
16274	2446	553
16277	2068	351
16278	1446	249
16282	1289	226
16283	2301	323
16284	1229	411
16285	2293	206
16285	2293	451
16288	1729	284
16288	1729	304
16290	967	216
16295	1234	325
16298	1357	398
16302	1898	443
16304	1213	200
16309	1959	324
16309	1959	358
