0	17601	25509
1	976	232
4	2157	513
6	2585	525
7	1930	318
8	3084	211
8	3084	299
10	1381	436
11	1699	206
12	2342	342
15	2402	544
16	1311	281
17	1694	319
19	3011	400
20	1394	214
20	1394	179
23	2541	306
26	1286	185
32	2640	546
33	844	168
36	1711	277
37	1263	249
39	1211	215
45	1666	254
48	2032	264
48	2032	269
49	1938	347
50	1569	169
50	1569	203
51	2721	484
53	1591	340
54	1900	594
55	2329	473
60	2584	299
70	2639	502
74	1672	282
76	2210	321
79	1776	277
81	1980	494
82	2036	451
83	2270	339
84	2108	253
90	3167	301
90	3167	461
92	2980	349
93	1772	399
95	2125	448
97	2851	184
97	2851	305
98	2169	200
99	1628	461
103	1841	177
103	1841	277
104	1267	311
105	2901	449
106	2151	254
106	2151	282
108	1697	327
111	3155	535
112	1544	423
113	2034	441
115	2338	418
117	2491	572
118	2692	417
118	2692	439
125	3084	470
125	3084	187
126	1544	335
128	1691	175
129	3212	191
129	3212	241
133	1756	453
134	3156	403
134	3156	549
136	3006	406
137	3103	627
138	1602	453
144	1073	239
151	2737	285
151	2737	337
154	2221	293
157	1752	423
160	1695	441
161	1836	295
162	2284	411
168	1934	448
170	1408	498
171	2331	299
172	1181	315
173	1770	292
175	1821	233
175	1821	285
178	1495	348
182	1712	473
183	1600	289
187	1124	211
190	667	287
198	2042	429
203	2226	321
204	2973	436
205	2697	354
205	2697	369
206	2353	285
208	2285	483
209	2539	676
214	1496	278
215	2630	185
216	3178	614
218	2322	497
219	1633	439
220	2911	501
220	2911	418
222	894	232
226	1925	268
227	1604	277
228	1048	288
233	2937	401
240	2130	497
241	2640	473
244	3618	486
244	3618	469
246	1959	312
247	1348	323
251	2577	508
261	2635	391
261	2635	447
264	1531	495
267	3208	512
271	1055	215
274	1642	361
278	1815	334
281	1562	314
281	1562	193
282	1626	375
284	2539	543
293	4020	475
293	4020	528
294	1578	423
295	757	296
304	2955	531
306	1522	248
307	3078	516
307	3078	187
308	2457	347
310	2562	304
310	2562	304
315	5398	523
315	5398	185
320	2763	433
322	5104	241
322	5104	185
323	3424	656
326	3421	379
327	2236	338
328	2225	377
333	3161	523
333	3161	340
334	1729	211
336	2542	255
338	2058	180
338	2058	357
341	2517	185
343	2394	515
345	3348	515
352	1850	185
355	3063	532
360	1619	283
362	2293	291
363	2751	200
367	5019	340
367	5019	245
371	1271	185
395	4589	413
398	1936	374
399	2141	471
400	3718	389
401	3649	471
401	3649	135
401	3649	185
402	5147	308
403	1696	490
404	1987	299
404	1987	200
405	1531	295
407	3362	537
410	3233	233
412	2197	544
416	1846	375
418	2964	455
418	2964	481
419	1557	238
420	2583	408
420	2583	383
421	2849	389
421	2849	449
424	2214	610
427	3127	449
431	1883	250
432	3552	459
436	1702	191
436	1702	179
438	1675	211
440	2281	387
446	2580	440
447	2928	522
451	1341	475
455	3127	332
455	3127	477
456	2906	185
460	1991	322
463	2449	310
464	3057	571
465	1542	216
466	2565	458
468	4162	527
468	4162	185
470	2463	565
471	2744	233
471	2744	396
473	2985	469
476	1725	475
478	1924	238
480	2651	495
481	3751	186
481	3751	455
483	1973	478
484	2902	478
485	1476	483
490	3869	491
490	3869	185
492	2160	470
499	1927	446
500	1624	211
503	1956	200
504	2025	518
507	2033	453
512	1565	211
513	1397	322
516	1820	297
519	1905	434
520	2820	360
521	2124	452
524	1236	254
526	2593	358
527	1626	456
530	1629	211
532	1489	259
536	974	185
537	1927	301
540	2380	568
542	1551	137
543	1427	482
548	1481	412
550	1991	227
551	2410	320
556	1479	473
566	1399	270
567	2412	366
569	2854	561
570	1626	309
576	1600	329
578	4111	185
580	3904	465
580	3904	521
583	1953	397
589	2117	501
593	1850	452
594	1848	248
600	1740	227
600	1740	175
604	3138	275
604	3138	435
605	2013	466
613	1914	410
617	1756	345
620	2032	480
621	2641	442
622	1344	206
624	2706	560
629	2968	538
632	2944	239
632	2944	277
632	2944	436
633	1595	328
634	3304	495
635	1930	227
636	1669	283
637	3025	497
638	2509	440
641	1692	463
643	1882	429
644	1845	373
646	2612	491
647	1643	287
652	2023	460
655	2306	402
656	1792	474
657	2989	413
657	2989	316
658	1449	222
660	1936	254
663	3016	444
667	2268	511
668	2027	430
671	934	254
674	1537	232
678	2852	485
678	2852	468
680	2381	275
681	2602	416
682	1576	409
684	2527	412
684	2527	212
688	1856	255
689	1251	297
696	2035	401
698	2389	441
699	2832	453
701	2190	428
708	1514	267
709	2116	448
711	1182	436
712	2662	416
715	4453	640
715	4453	673
716	2435	347
716	2435	444
721	1250	262
722	1509	243
724	1572	309
726	1779	200
727	2947	459
729	2143	440
730	1791	493
732	2883	390
733	3548	471
733	3548	378
734	1404	238
735	1636	253
735	1636	293
736	2045	468
739	1544	275
745	2864	446
745	2864	293
753	1134	326
755	1781	280
758	2134	460
759	2134	430
761	1303	314
762	744	200
765	2488	489
765	2488	434
766	1140	285
767	1454	257
772	2227	461
774	4997	450
774	4997	329
774	4997	463
777	2413	468
783	2274	479
785	1375	357
786	1159	211
788	1400	315
789	1759	411
790	2029	405
792	2218	254
793	2152	255
798	1899	211
798	1899	218
800	1668	185
801	968	185
803	1727	232
804	3150	260
805	1311	272
808	2386	505
810	1765	326
811	1216	326
812	1625	355
813	2831	347
814	1888	281
814	1888	257
820	2496	549
826	2713	550
829	2235	407
829	2235	312
830	866	237
831	1669	274
835	1718	200
837	1756	277
839	1814	322
839	1814	248
840	1594	289
842	1843	409
844	1853	292
844	1853	274
845	2254	358
849	1700	372
850	2551	446
855	2319	420
857	1178	211
860	2855	415
860	2855	399
861	2594	481
862	1252	296
863	1989	270
863	1989	250
864	2667	313
864	2667	401
865	1659	310
867	3245	711
868	1851	304
870	1704	441
873	1664	446
874	3279	443
874	3279	360
876	1658	302
877	1871	244
879	1879	476
884	1618	285
890	3684	457
890	3684	495
891	1778	256
892	969	349
893	1046	206
896	1788	343
898	1763	374
899	1664	289
900	1459	465
901	1423	185
903	857	294
905	1596	400
906	1692	255
909	1636	195
909	1636	234
910	2478	482
914	1503	414
917	2545	588
920	1980	440
922	2568	453
925	2156	500
927	1439	215
930	2339	473
930	2339	214
931	1939	484
936	2530	527
938	2829	204
938	2829	477
940	2412	487
945	1108	341
948	2483	506
950	1821	369
953	1733	287
954	1360	238
954	1360	180
955	1456	317
956	2597	305
956	2597	244
957	2113	524
958	1668	378
962	4484	263
962	4484	521
964	1480	254
965	1204	254
968	1834	385
970	1686	327
971	2567	552
976	2006	445
977	1760	266
978	1926	440
979	1936	513
982	1667	345
985	1778	185
987	1779	415
988	1295	297
989	1649	238
993	1486	464
994	2521	183
994	2521	376
995	2009	381
996	2565	437
1002	2184	524
1006	1147	271
1007	1795	271
1009	2270	427
1012	2277	481
1013	1549	300
1014	1768	318
1015	1802	336
1018	2434	458
1019	1810	332
1021	2267	494
1022	2146	384
1023	1593	470
1024	2450	308
1024	2450	359
1025	1455	239
1029	1814	387
1032	2178	596
1033	1598	379
1035	2510	510
1037	1912	459
1040	1964	243
1041	2641	393
1041	2641	477
1043	1883	244
1045	3253	411
1045	3253	443
1046	1582	310
1047	1555	459
1051	1816	396
1053	2825	643
1057	1841	447
1059	2039	436
1060	3534	479
1062	1633	397
1065	3979	478
1069	2299	515
1070	2833	432
1074	2017	466
1075	1800	179
1075	1800	249
1077	2752	479
1077	2752	138
1077	2752	140
1078	2853	196
1078	2853	484
1079	1001	215
1081	1630	503
1082	1739	265
1085	2789	527
1087	3656	403
1088	1501	355
1092	1056	227
1095	1982	310
1096	2518	230
1100	2494	490
1100	2494	143
1103	2868	371
1103	2868	288
1108	1648	296
1109	3173	439
1109	3173	373
1110	1601	413
1111	1416	267
1114	2528	336
1114	2528	384
1118	1781	380
1119	2222	439
1120	2218	393
1122	1557	390
1130	1133	200
1131	2199	216
1131	2199	298
1135	2223	442
1140	2274	282
1141	2707	553
1142	1461	490
1146	2352	274
1146	2352	334
1149	1328	227
1156	1952	441
1157	1649	355
1158	3137	449
1158	3137	237
1159	1793	267
1163	568	226
1165	2138	593
1166	5194	433
1167	1922	438
1168	2428	462
1170	2673	464
1171	2633	327
1172	1381	469
1173	1907	206
1176	1781	447
1177	2438	629
1180	2945	362
1180	2945	430
1183	3013	500
1184	2563	344
1185	3295	185
1186	1850	399
1187	1618	230
1188	1868	263
1191	1534	286
1193	1927	254
1195	1771	388
1198	1551	254
1205	1292	403
1209	2089	469
1211	1530	283
1212	1533	343
1215	1766	372
1217	2718	490
1218	942	222
1219	2448	310
1219	2448	334
1222	2490	333
1224	1608	286
1226	1614	227
1227	1329	429
1229	1157	200
1231	1264	276
1232	3158	447
1233	1949	517
1234	882	185
1235	4616	324
1236	1672	402
1239	1998	545
1240	2276	386
1244	2842	361
1247	2817	426
1249	2021	233
1251	2474	536
1252	1571	274
1253	2099	250
1253	2099	222
1255	3272	454
1255	3272	465
1257	1752	355
1259	1710	294
1260	2744	454
1261	1749	331
1262	1401	284
1264	1197	185
1271	2304	277
1273	2997	510
1275	1636	288
1277	2185	189
1277	2185	358
1279	1271	250
1283	921	232
1284	2091	336
1284	2091	278
1285	3197	392
1285	3197	383
1286	2449	178
1286	2449	321
1287	2215	332
1288	2035	301
1288	2035	308
1290	2576	343
1290	2576	156
1290	2576	151
1291	1804	527
1293	2146	220
1293	2146	234
1294	1221	253
1297	1876	374
1298	2176	626
1299	2187	279
1304	1868	288
1305	1505	372
1307	2306	258
1307	2306	390
1311	2175	481
1314	2408	417
1315	1991	462
1318	2173	185
1318	2173	369
1322	1380	394
1323	1280	354
1326	2409	430
1329	1441	304
1330	2809	232
1330	2809	420
1334	1410	402
1335	1820	343
1336	1863	260
1337	2090	307
1338	1550	384
1340	1553	185
1341	2335	529
1345	1903	354
1346	1283	305
1347	2021	410
1350	1290	314
1355	1997	214
1355	1997	253
1357	1617	368
1360	1934	232
1360	1934	238
1361	2280	467
1361	2280	191
1363	1694	424
1364	1850	430
1365	1611	266
1367	2228	503
1368	1961	470
1369	2523	393
1370	1539	259
1372	1508	440
1379	1649	249
1380	1835	257
1382	1892	505
1384	1730	301
1388	716	238
1392	1855	249
1393	1756	289
1396	1265	200
1397	1743	312
1399	1859	277
1399	1859	185
1400	1802	211
1401	2649	461
1405	2881	413
1405	2881	322
1406	1555	398
1412	1197	216
1413	2888	320
1413	2888	406
1414	1736	302
1415	2293	206
1416	2498	434
1419	1138	227
1420	1564	307
1421	2069	350
1424	2492	467
1426	1334	268
1427	1665	510
1429	1899	308
1434	1718	462
1436	1561	442
1439	2253	427
1442	2198	274
1443	3084	480
1443	3084	293
1448	3069	354
1452	1704	285
1453	1411	211
1455	1017	263
1456	1693	394
1460	2150	383
1461	2294	243
1462	1628	272
1464	3075	245
1465	1675	232
1466	2307	395
1467	2763	512
1469	1394	458
1471	1439	200
1478	1719	222
1479	3088	485
1479	3088	453
1480	1683	440
1481	1901	248
1481	1901	185
1486	4259	349
1496	2415	690
1498	1431	215
1499	2239	364
1502	958	232
1504	1570	404
1510	2097	232
1511	1461	380
1513	3420	265
1517	1300	354
1518	1335	317
1520	2913	408
1520	2913	458
1523	1237	254
1529	1680	377
1532	1524	222
1534	2000	355
1541	1947	255
1549	2539	250
1550	927	185
1555	1744	475
1559	952	300
1560	1999	409
1561	1637	238
1562	821	290
1574	1744	222
1579	2612	273
1581	2087	206
1582	1484	283
1592	1782	452
1597	1433	253
1603	1644	185
1608	1781	211
1610	1200	132
1610	1200	114
1618	1844	251
1622	916	185
1624	2759	395
1624	2759	303
1629	2670	511
1632	1728	435
1635	2092	243
1642	1653	336
1645	1565	239
1646	1347	328
1655	1691	215
1657	1653	387
1658	2558	409
1660	602	234
1668	2122	382
1678	1870	278
1678	1870	223
1681	1360	261
1685	1530	280
1686	2955	450
1687	2080	271
1688	2147	238
1691	2508	416
1691	2508	301
1695	2238	486
1700	2029	400
1701	2024	428
1702	1460	384
1703	2742	608
1715	1689	216
1715	1689	214
1720	1815	445
1723	1530	273
1724	1312	372
1725	1353	273
1726	1555	211
1727	2154	408
1728	1678	432
1735	2542	658
1736	523	206
1740	1732	444
1742	1978	482
1744	3381	458
1744	3381	315
1745	2725	508
1747	1974	427
1749	3173	434
1749	3173	400
1750	1791	243
1753	1750	355
1755	957	266
1756	1608	342
1760	1649	211
1762	2248	417
1763	1573	245
1766	2244	406
1767	1271	308
1770	2346	398
1770	2346	286
1774	2309	431
1775	2330	425
1776	1674	246
1779	2948	306
1783	1448	295
1790	2273	686
1791	2320	329
1792	2694	450
1793	1497	185
1795	1415	469
1797	4292	448
1797	4292	501
1798	1226	456
1803	1473	215
1807	1854	275
1808	1275	236
1811	2100	419
1812	2434	434
1813	1632	453
1815	2202	450
1816	2104	267
1816	2104	272
1817	1914	327
1819	1842	447
1822	1307	200
1828	1603	185
1829	1743	272
1831	2550	309
1831	2550	258
1836	1321	365
1837	1900	428
1838	1702	400
1839	994	271
1842	1668	459
1844	2050	374
1849	1552	258
1849	1552	246
1854	2311	263
1855	1824	349
1858	1824	309
1860	3565	511
1863	2039	219
1863	2039	201
1865	3644	480
1865	3644	397
1867	1876	237
1869	1817	292
1871	2138	247
1871	2138	487
1872	1697	245
1873	1255	414
1876	3180	448
1876	3180	202
1882	2246	507
1885	1890	287
1886	1833	268
1887	1562	206
1892	2271	321
1893	1414	150
1893	1414	147
1895	1844	238
1897	1633	250
1899	4655	651
1901	1042	230
1904	2909	214
1904	2909	258
1908	2037	185
1909	3901	504
1917	2948	227
1917	2948	167
1918	2843	502
1920	1655	227
1922	2406	185
1924	858	211
1928	1693	224
1928	1693	196
1938	3104	490
1942	1815	328
1944	2879	289
1953	3112	407
1956	2376	487
1958	2002	185
1959	2905	500
1962	1050	302
1963	1910	439
1966	1524	211
1969	1861	504
1971	2412	544
1973	2009	185
1980	1396	275
1983	1086	271
1984	2889	327
1984	2889	312
1985	4151	540
1985	4151	514
1986	2029	293
1987	1346	256
1990	1442	363
1998	2156	405
1999	1589	293
2000	1202	320
2001	2104	349
2002	3218	273
2002	3218	415
2003	2127	423
2004	1773	290
2005	4274	298
2009	3640	261
2009	3640	308
2010	1973	390
2011	2230	475
2014	1592	185
2015	1952	284
2024	2688	511
2030	2628	491
2034	869	243
2037	1700	200
2038	1703	524
2040	1837	459
2041	3534	454
2045	2865	185
2045	2865	494
2047	2541	465
2048	1682	372
2050	2111	267
2050	2111	305
2051	2236	577
2052	2077	360
2054	2006	465
2060	2570	442
2060	2570	111
2062	1521	185
2066	2849	215
2066	2849	239
2067	1931	255
2067	1931	262
2069	1275	290
2070	4623	271
2070	4623	455
2071	2410	510
2076	2467	385
2077	2128	422
2083	3250	527
2087	1882	293
2088	1548	445
2092	1504	311
2096	1349	230
2099	1640	449
2101	1500	332
2102	1496	185
2104	2823	492
2105	1948	439
2106	1778	407
2108	2922	200
2111	2704	294
2114	1816	446
2118	2697	551
2120	4012	698
2122	1564	249
2122	1564	224
2123	1413	255
2125	2268	292
2126	1050	395
2128	1285	448
2132	1205	227
2133	1978	474
2136	2512	212
2136	2512	355
2140	1922	392
2141	1228	383
2151	4842	446
2151	4842	318
2153	2569	475
2158	1166	386
2159	1473	442
2165	3442	210
2165	3442	139
2165	3442	264
2171	1252	215
2187	1675	298
2188	2468	210
2188	2468	399
2195	868	200
2196	5232	187
2196	5232	257
2196	5232	211
2202	2003	388
2206	3487	421
2206	3487	406
2207	1639	148
2207	1639	133
2208	2665	436
2209	1429	413
2212	2126	227
2215	2970	393
2215	2970	283
2217	3262	426
2217	3262	377
2220	1451	185
2223	3178	389
2223	3178	369
2229	882	315
2233	1618	352
2237	2265	465
2242	2201	200
2248	3165	366
2249	2188	185
2251	2138	449
2252	1194	178
2252	1194	271
2254	537	185
2257	1482	250
2258	2225	233
2258	2225	271
2260	2502	217
2260	2502	390
2263	1741	292
2266	1341	259
2267	1691	464
2271	977	211
2274	1983	243
2275	1713	364
2278	2476	588
2280	1570	206
2280	1570	285
2285	1645	429
2287	903	270
2288	3043	328
2289	4043	282
2289	4043	238
2292	2106	432
2293	2366	444
2298	857	138
2301	1740	393
2303	2092	444
2306	2150	414
2307	4589	478
2307	4589	444
2309	1634	290
2310	1247	359
2311	1027	185
2314	998	378
2331	3002	348
2332	1954	306
2333	1929	402
2334	1463	446
2337	3029	376
2337	3029	210
2338	2800	675
2343	1993	363
2352	1650	272
2355	2577	466
2355	2577	246
2356	1865	248
2358	2593	505
2360	1982	378
2363	1495	372
2365	3150	299
2367	1899	266
2368	2081	684
2371	1943	304
2372	2293	505
2375	1175	237
2376	1599	425
2379	2507	443
2379	2507	224
2381	1828	249
2382	2029	384
2383	2756	412
2383	2756	143
2384	1982	351
2385	2311	459
2386	1632	421
2387	1925	458
2388	2668	220
2388	2668	336
2390	1361	420
2394	2129	426
2396	1581	395
2399	1784	238
2412	2521	404
2414	1944	185
2417	2403	177
2417	2403	214
2421	2767	365
2435	3355	531
2437	2055	426
2438	1805	465
2446	2138	455
2452	1110	310
2453	2389	441
2455	1838	418
2457	1497	227
2464	2384	692
2466	1327	429
2469	2586	437
2471	1577	358
2473	957	262
2474	1404	298
2476	2153	386
2477	1497	300
2478	1157	243
2482	1476	397
2483	1509	312
2486	2010	312
2487	1455	256
2489	1600	429
2496	1282	269
2497	1914	360
2503	2403	289
2503	2403	245
2505	2925	437
2505	2925	383
2507	2375	455
2512	1664	318
2521	1681	368
2522	2842	431
2522	2842	378
2525	2871	354
2525	2871	437
2526	1971	243
2529	2989	444
2529	2989	364
2530	2467	433
2531	1203	234
2532	1652	295
2534	2273	442
2537	2476	321
2537	2476	458
2539	1932	278
2539	1932	201
2542	2654	628
2547	1692	372
2553	1803	284
2553	1803	220
2559	1741	215
2560	1866	441
2562	1789	374
2564	2103	297
2566	2135	496
2567	2990	219
2567	2990	183
2568	1377	278
2569	2246	418
2570	2270	413
2574	1424	216
2576	1691	278
2578	1753	384
2580	1813	256
2580	1813	272
2580	1813	122
2583	1041	185
2584	1435	452
2586	2524	310
2587	1383	211
2588	1524	461
2589	2021	255
2589	2021	254
2590	2941	357
2590	2941	264
2591	3866	460
2594	1649	239
2594	1649	250
2596	2628	486
2597	3214	395
2602	2253	247
2602	2253	210
2603	1761	267
2604	1533	244
2605	1562	280
2608	2123	262
2608	2123	318
2609	1683	362
2610	1576	237
2610	1576	270
2611	1738	256
2613	2164	368
2614	1817	267
2617	2179	471
2619	1719	410
2620	1806	350
2621	1597	185
2627	1507	222
2629	1466	238
2631	2093	238
2633	2562	211
2633	2562	222
2634	1960	284
2636	1549	342
2639	1618	368
2644	2171	500
2648	3082	450
2652	2508	211
2655	3101	510
2656	2047	246
2656	2047	216
2657	2168	354
2661	2067	261
2664	3708	421
2664	3708	491
2666	3760	605
2670	2400	389
2675	2699	256
2675	2699	321
2677	1964	504
2678	1766	277
2684	1878	286
2685	1947	250
2686	2115	267
2686	2115	238
2688	1735	239
2689	1371	321
2690	1372	292
2691	2401	457
2692	2260	382
2693	2883	300
2700	2662	469
2701	1944	262
2702	1925	472
2704	2216	243
2704	2216	253
2707	1598	327
2708	1717	400
2711	1374	286
2720	1975	312
2721	1532	245
2723	2047	200
2729	2398	412
2731	2137	274
2733	2850	475
2734	2863	348
2736	2132	265
2738	969	226
2741	2205	428
2749	2040	261
2752	2297	185
2755	1379	260
2758	2159	434
2760	1437	305
2763	1775	431
2776	2025	290
2785	2573	494
2787	1405	384
2789	2725	351
2789	2725	407
2796	3554	227
2796	3554	274
2798	1963	379
2800	1374	398
2805	1900	445
2811	1930	277
2812	2435	582
2817	1750	200
2818	2028	324
2822	2187	497
2828	2131	453
2833	2112	369
2836	1756	442
2837	2189	264
2838	2772	239
2839	2049	269
2839	2049	282
2843	1598	355
2845	2946	386
2845	2946	355
2846	1658	264
2848	2916	282
2850	2223	464
2851	1632	185
2852	2201	251
2853	2076	495
2854	2451	468
2857	2731	427
2862	2635	652
2871	2527	232
2872	1649	259
2873	1919	441
2874	1783	277
2874	1783	208
2875	1510	200
2879	2117	323
2881	3005	388
2882	2569	438
2884	3490	449
2884	3490	237
2885	3644	398
2885	3644	478
2887	1825	429
2889	1360	357
2890	3728	460
2890	3728	338
2893	2597	328
2894	2903	200
2894	2903	211
2895	1997	475
2897	2617	436
2898	2703	338
2898	2703	387
2901	1793	452
2904	2202	315
2905	2954	560
2911	2237	271
2911	2237	248
2913	1694	334
2916	2057	575
2922	1914	421
2926	1235	443
2934	1789	392
2936	2038	415
2943	2742	501
2944	2609	394
2945	2115	391
2949	1085	289
2952	1838	309
2953	3742	439
2953	3742	369
2954	2186	513
2956	1433	442
2957	1699	410
2958	2921	472
2959	1982	272
2959	1982	185
2960	3192	245
2964	2027	233
2965	3617	302
2966	2051	304
2967	1425	261
2969	2383	268
2971	1846	476
2978	2346	481
2979	1785	341
2982	1682	244
2986	1669	233
2989	1777	298
2990	2534	427
2992	1608	305
2997	2409	362
2999	1819	238
3004	1956	268
3004	1956	238
3006	2753	426
3007	2913	449
3012	3040	337
3016	3174	481
3016	3174	341
3022	1089	211
3027	1196	227
3030	1847	497
3033	2464	491
3040	1858	315
3041	3567	347
3043	2462	397
3043	2462	403
3048	2142	262
3048	2142	278
3049	1813	435
3054	2256	172
3054	2256	185
3055	1449	222
3056	1531	227
3058	2569	274
3060	2870	440
3066	2285	211
3067	2360	283
3067	2360	291
3069	1764	227
3071	1789	328
3072	1474	244
3074	2099	502
3081	1099	200
3084	3842	158
3084	3842	503
3085	2931	446
3090	1242	358
3092	1866	458
3094	1989	481
3096	1495	310
3097	3303	400
3098	2966	426
3111	1312	400
3114	3114	439
3114	3114	421
3115	2651	279
3116	1532	320
3120	2151	294
3121	3356	451
3121	3356	483
3122	1120	291
3123	989	237
3124	1811	324
3130	1453	328
3131	1936	477
3132	1971	325
3133	1815	488
3135	1831	492
3136	1895	273
3138	1671	317
3139	1900	185
3143	2524	185
3145	1876	266
3149	1769	273
3150	2847	310
3150	2847	222
3152	2413	381
3153	2355	198
3153	2355	287
3154	2893	487
3157	2063	262
3157	2063	200
3161	1438	383
3165	1627	296
3167	1963	406
3169	1679	196
3169	1679	228
3174	2505	399
3174	2505	328
3175	1417	261
3178	3268	206
3178	3268	419
3183	1649	323
3187	2672	397
3187	2672	399
3193	3361	452
3193	3361	506
3198	1424	461
3199	2122	410
3200	952	276
3201	1543	373
3203	1951	349
3207	1687	330
3208	2560	456
3212	1316	262
3214	1885	232
3214	1885	303
3215	1998	457
3216	2268	445
3217	2103	559
3218	788	206
3219	2629	484
3225	1855	273
3227	1231	495
3230	1081	222
3232	1930	420
3234	2225	444
3237	3096	474
3237	3096	341
3242	2588	458
3247	3268	465
3247	3268	295
3252	2147	423
3253	1938	495
3256	2763	259
3258	1263	200
3265	2281	408
3266	2555	422
3267	1411	295
3272	2098	460
3276	2679	282
3279	1172	222
3282	2257	359
3283	1316	284
3285	1742	312
3286	1897	284
3293	2270	200
3297	1153	273
3299	1377	250
3300	2098	488
3302	3208	290
3302	3208	282
3303	1949	434
3304	1770	228
3304	1770	226
3306	1597	413
3307	2195	365
3307	2195	171
3308	2263	330
3309	2360	512
3313	1133	246
3322	3506	416
3322	3506	328
3323	1388	288
3324	2110	497
3330	1573	227
3333	1310	211
3337	1497	230
3342	2216	255
3346	1705	206
3347	2002	479
3348	1250	265
3353	2071	455
3355	3238	453
3356	2419	388
3360	1700	258
3361	2564	370
3363	2506	445
3367	2124	518
3369	3843	414
3369	3843	350
3370	2427	514
3372	1805	380
3374	1295	252
3377	1835	450
3378	2246	233
3379	2413	477
3381	1289	243
3382	1944	404
3383	3207	378
3385	2766	400
3385	2766	402
3387	1543	222
3390	2160	489
3394	2819	242
3394	2819	490
3396	1452	222
3397	1614	554
3398	1474	232
3403	1674	257
3404	1771	276
3404	1771	258
3408	1559	446
3410	2770	518
3411	1942	408
3412	3178	556
3413	1804	436
3415	1715	191
3415	1715	224
3419	2661	276
3420	2010	391
3424	2069	442
3426	1311	298
3427	2166	200
3427	2166	321
3429	1505	243
3432	3058	286
3435	1940	244
3440	2129	164
3440	2129	205
3445	1786	314
3452	1556	261
3454	1593	260
3455	2472	395
3457	1366	227
3459	1473	222
3466	2911	468
3467	1601	394
3469	3118	388
3469	3118	382
3470	1722	200
3472	2742	444
3478	1985	289
3481	1383	351
3484	2389	459
3485	2764	302
3485	2764	289
3486	1237	359
3488	2126	360
3491	2028	478
3492	1970	461
3495	1383	222
3498	1405	211
3499	1788	227
3500	1739	445
3501	1640	280
3503	920	200
3508	807	222
3510	3092	402
3510	3092	454
3515	1812	316
3516	3249	395
3516	3249	487
3518	1819	132
3518	1819	408
3519	2080	272
3519	2080	217
3520	2615	419
3521	1982	267
3524	1810	244
3525	2348	454
3528	2351	283
3529	1431	275
3529	1431	179
3531	1258	394
3533	1251	227
3535	1282	250
3537	2987	417
3539	1915	337
3542	1812	185
3548	1799	433
3549	3036	418
3549	3036	472
3553	1856	296
3558	2286	330
3561	2016	314
3563	1499	216
3565	2700	261
3565	2700	444
3570	2135	276
3571	1681	270
3572	2189	260
3572	2189	398
3573	1509	185
3575	932	200
3577	1972	468
3579	1670	372
3582	2292	412
3583	3174	469
3583	3174	447
3584	2214	335
3586	1974	217
3586	1974	198
3587	1853	298
3589	1721	297
3592	3221	520
3593	1616	280
3594	1184	250
3597	1620	432
3598	3028	412
3601	2833	527
3603	2029	222
3604	2696	379
3604	2696	389
3605	1715	346
3607	1874	301
3611	2152	248
3611	2152	231
3612	2681	518
3614	2651	525
3615	1640	269
3621	3196	444
3621	3196	313
3625	2146	258
3629	2159	227
3629	2159	306
3631	2433	419
3637	2300	449
3639	1893	427
3641	1880	319
3642	2830	444
3642	2830	308
3643	1828	485
3647	2017	329
3648	2143	458
3649	1438	261
3653	1222	250
3658	1869	276
3666	1872	363
3668	2167	213
3668	2167	228
3670	1843	248
3673	1650	472
3675	2920	397
3676	2028	276
3677	1694	248
3686	1937	200
3691	1885	453
3692	2260	255
3695	2402	418
3698	1834	233
3705	2922	291
3705	2922	409
3710	1195	268
3712	3497	430
3712	3497	470
3719	1876	298
3720	1713	266
3720	1713	255
3724	1157	237
3725	2129	326
3728	2510	445
3730	1841	455
3731	2974	409
3733	1927	426
3734	1710	261
3742	1535	324
3743	2467	234
3748	1657	314
3749	1234	273
3751	3739	316
3751	3739	545
3752	1430	313
3757	1239	294
3761	2052	404
3770	2100	185
3772	2842	273
3775	2235	292
3776	1948	204
3776	1948	318
3778	2469	211
3788	1972	243
3790	1918	459
3793	3074	580
3797	1272	230
3798	1535	243
3805	1608	307
3811	2464	238
3812	1416	230
3827	2131	350
3828	2961	323
3832	2049	482
3833	1521	258
3837	2020	268
3838	1636	444
3842	1908	226
3845	1379	447
3846	2787	247
3846	2787	309
3850	1946	265
3850	1946	244
3851	3210	297
3851	3210	316
3852	1919	492
3854	1311	330
3859	1243	333
3861	1695	289
3865	1656	418
3868	2338	204
3868	2338	292
3882	2475	420
3886	1511	317
3888	1810	287
3888	1810	193
3892	2527	276
3892	2527	318
3896	1323	264
3900	1378	300
3912	1874	250
3913	2925	580
3921	2683	616
3926	1636	232
3928	2774	300
3929	1314	232
3933	1758	200
3938	1824	443
3939	3342	489
3941	1822	242
3942	1462	227
3945	2006	206
3949	2211	453
3952	3061	521
3953	1956	299
3955	2751	275
3955	2751	418
3957	3084	527
3962	2003	243
3962	2003	290
3964	1379	272
3968	2011	432
3970	2222	297
3975	3758	463
3975	3758	500
3977	2913	632
3987	2313	294
3991	2161	229
3991	2161	156
3995	2854	477
3998	1811	428
4000	3268	179
4000	3268	506
4004	1501	414
4007	2658	263
4007	2658	470
4013	2446	232
4013	2446	257
4015	1597	471
4019	1466	256
4021	1222	390
4026	2165	541
4027	804	232
4028	1519	227
4029	1122	278
4036	1317	284
4037	1768	319
4039	1247	200
4043	2664	185
4050	2865	453
4050	2865	348
4053	1518	423
4055	1352	255
4057	853	222
4060	1435	381
4062	1671	362
4064	2273	407
4065	1439	222
4066	2215	272
4068	2167	333
4069	2339	516
4071	1498	289
4074	1907	504
4081	1868	309
4082	1643	307
4083	1221	227
4084	1531	266
4085	2209	206
4085	2209	178
4089	1438	167
4089	1438	154
4093	2349	220
4095	2489	467
4099	1694	220
4099	1694	144
4102	1938	436
4104	2507	409
4111	1271	307
4114	1365	286
4118	1707	308
4120	1559	221
4125	972	211
4128	1728	281
4131	2782	492
4133	1396	475
4134	2518	558
4135	1132	277
4138	1741	266
4139	1163	262
4141	1980	429
4142	1735	477
4145	4631	472
4147	1600	245
4150	4042	375
4150	4042	484
4153	2103	297
4153	2103	300
4154	721	211
4155	2136	277
4156	2538	214
4156	2538	173
4157	1609	401
4161	1486	260
4164	1998	493
4166	2990	381
4168	3610	355
4168	3610	501
4170	2196	429
4172	1815	185
4176	1006	255
4177	2260	233
4177	2260	281
4183	2127	382
4184	764	221
4185	2306	350
4188	1559	312
4189	3032	345
4189	3032	423
4191	1795	445
4197	1497	314
4198	3371	431
4198	3371	521
4200	1392	276
4204	2586	449
4205	2081	492
4207	1161	218
4207	1161	246
4210	1936	446
4211	2029	384
4214	1825	200
4215	1326	293
4216	1746	445
4217	1801	286
4218	2045	471
4220	1952	447
4231	2206	272
4231	2206	262
4234	1931	400
4236	3180	415
4236	3180	447
4238	851	221
4239	2694	428
4240	1736	235
4240	1736	274
4241	1895	442
4242	1450	227
4243	2737	500
4247	1153	243
4249	807	185
4250	1272	498
4251	1360	254
4253	2253	488
4258	932	268
4263	2703	399
4263	2703	415
4264	1917	308
4267	1893	249
4268	1473	219
4268	1473	230
4270	1592	335
4273	2058	245
4273	2058	199
4280	1209	226
4289	1339	263
4290	1754	239
4292	1073	238
4293	2121	238
4296	1507	255
4296	1507	189
4299	682	267
4300	1270	334
4303	2759	420
4303	2759	340
4316	2299	510
4318	1812	489
4324	1703	295
4325	1619	262
4325	1619	249
4326	2606	542
4329	1576	407
4337	1084	273
4339	2223	499
4341	1914	372
4342	2992	355
4347	1696	317
4352	3675	647
4353	1923	165
4353	1923	146
4354	1061	248
4355	2133	211
4357	1969	432
4360	1254	211
4361	1286	418
4364	1042	239
4365	3558	420
4365	3558	442
4366	2919	628
4367	1140	254
4370	3580	229
4370	3580	510
4372	2594	310
4372	2594	502
4373	1470	185
4377	1027	250
4379	1109	251
4381	1831	503
4385	2551	461
4386	1544	227
4389	2336	357
4390	2006	482
4391	1943	339
4393	1901	279
4393	1901	276
4397	1686	268
4397	1686	247
4402	1649	206
4403	1687	254
4404	1441	200
4405	1495	260
4406	1012	267
4407	1575	222
4407	1575	263
4408	1650	419
4412	2298	408
4414	2139	238
4418	2626	313
4419	1700	200
4419	1700	272
4420	1574	350
4422	2155	270
4424	1776	306
4426	2397	462
4427	2283	416
4435	1890	189
4435	1890	286
4438	1791	455
4440	2701	455
4440	2701	319
4441	1671	265
4441	1671	220
4444	1538	470
4446	1659	233
4448	2013	416
4456	1468	356
4457	2204	498
4458	2872	422
4458	2872	223
4458	2872	116
4461	2855	252
4461	2855	295
4462	2010	185
4466	1864	280
4466	1864	265
4467	1849	453
4468	2449	316
4468	2449	212
4469	1945	318
4470	1484	312
4472	1901	362
4472	1901	207
4473	949	250
4474	2206	442
4479	2606	250
4479	2606	291
4480	1340	244
4482	1560	272
4484	3465	463
4484	3465	337
4487	1274	412
4491	1132	211
4492	1405	283
4494	3041	507
4494	3041	273
4496	2168	454
4500	947	245
4503	1161	398
4504	1928	260
4504	1928	268
4505	1973	211
4506	3185	603
4508	2364	275
4508	2364	279
4509	1168	230
4512	2638	471
4513	1830	490
4514	2612	445
4517	2708	439
4517	2708	199
4518	1347	408
4520	2445	518
4522	1864	288
4524	2589	475
4526	1251	385
4528	2280	436
4530	1273	448
4531	2634	331
4531	2634	424
4538	2961	286
4538	2961	284
4539	2109	440
4540	2355	307
4540	2355	263
4546	4271	692
4547	2202	260
4549	2532	523
4553	3131	464
4553	3131	409
4555	2274	505
4560	1463	501
4561	4061	341
4561	4061	522
4562	1039	230
4563	3038	477
4564	2735	468
4565	2332	425
4567	638	222
4568	924	185
4569	1915	282
4571	1597	109
4571	1597	209
4572	1719	232
4575	2472	261
4575	2472	236
4585	2049	445
4587	3419	502
4588	1740	184
4588	1740	284
4590	1659	439
4591	1187	212
4591	1187	240
4593	1487	463
4599	1618	230
4601	1555	481
4604	3374	447
4604	3374	125
4604	3374	65
4605	1406	303
4606	1137	200
4609	1521	233
4609	1521	280
4610	6070	340
4612	2158	444
4614	1866	438
4615	2540	379
4619	1859	185
4622	1776	185
4623	1732	463
4626	2998	479
4626	2998	435
4628	1571	436
4631	2673	448
4632	3409	351
4632	3409	576
4633	1474	450
4634	1821	417
4637	2833	391
4637	2833	334
4639	2529	534
4640	2363	477
4641	1695	410
4644	1836	445
4649	1110	206
4653	1948	271
4653	1948	254
4654	1383	238
4654	1383	274
4656	1552	269
4657	1507	504
4660	3303	411
4660	3303	423
4661	1852	418
4662	3166	135
4662	3166	120
4663	3352	521
4663	3352	377
4665	1392	487
4667	2050	475
4669	1175	211
4670	2075	452
4671	1792	480
4675	1769	243
4677	1878	340
4679	2018	384
4680	5984	477
4680	5984	366
4680	5984	461
4681	2846	377
4682	5484	488
4682	5484	185
4685	1231	259
4687	2607	224
4687	2607	327
4689	3254	486
4689	3254	509
4690	1495	191
4690	1495	135
4691	1477	375
4695	3146	486
4696	1778	185
4699	1586	302
4699	1586	243
4700	1342	259
4703	1394	255
4704	2054	282
4705	1173	261
4709	2067	266
4711	2093	440
4712	2473	408
4715	1790	458
4718	3105	466
4719	1048	299
4722	1742	185
4723	2940	297
4724	1770	448
4730	1650	301
4731	3247	435
4731	3247	469
4736	3023	215
4737	2828	334
4737	2828	432
4739	730	185
4742	1074	226
4745	2472	485
4747	2054	274
4750	1604	470
4755	2061	317
4756	2039	505
4765	2099	252
4765	2099	159
4768	2732	459
4769	5594	200
4769	5594	314
4769	5594	305
4770	1466	232
4771	2797	455
4773	2330	323
4783	1998	256
4785	1687	222
4786	2871	341
4786	2871	326
4790	2109	313
4791	1972	357
4792	1704	491
4793	1901	355
4795	2370	248
4795	2370	49
4795	2370	315
4796	780	286
4797	1784	267
4798	1165	243
4802	1059	222
4805	1370	295
4806	2058	243
4806	2058	256
4807	2165	361
4811	1123	200
4812	1632	331
4815	2021	528
4816	1147	185
4817	1183	244
4818	943	273
4822	2297	405
4823	1420	251
4824	2509	309
4824	2509	254
4828	935	302
4831	1698	423
4834	903	211
4835	1903	335
4836	1471	305
4838	2181	211
4841	2310	533
4843	2298	259
4843	2298	288
4845	2212	613
4851	1659	464
4853	6849	250
4853	6849	522
4853	6849	404
4854	1644	283
4855	3400	506
4855	3400	585
4856	1175	215
4857	2271	435
4861	2052	215
4863	2869	348
4863	2869	268
4867	2829	288
4867	2829	512
4869	1387	185
4871	2408	283
4873	1861	340
4874	1940	415
4876	2195	304
4876	2195	269
4877	5259	272
4877	5259	343
4878	3153	563
4883	1901	475
4884	2545	545
4885	4267	288
4885	4267	519
4886	2217	291
4887	897	260
4888	1672	257
4888	1672	256
4890	1806	523
4892	984	185
4893	2675	529
4895	1817	322
4900	3280	510
4901	2294	472
4903	1260	435
4905	3556	463
4905	3556	460
4906	2024	410
4907	1502	293
4912	2194	479
4914	1331	200
4916	2073	296
4917	1007	206
4919	2167	451
4920	2653	268
4921	2920	484
4927	1291	200
4929	1257	310
4936	1584	485
4943	1613	259
4945	1578	255
4946	3126	348
4948	1719	324
4949	2225	479
4950	1712	298
4951	1178	185
4953	2112	185
4960	6245	308
4960	6245	291
4964	1993	350
4965	1506	183
4965	1506	260
4969	4034	447
4969	4034	336
4970	7326	471
4970	7326	430
4971	1124	185
4972	3524	447
4973	1520	297
4976	2191	240
4976	2191	275
4982	1390	436
4983	1700	124
4983	1700	274
4984	6725	438
4985	2566	445
4985	2566	332
4986	1567	397
4989	3821	395
4989	3821	477
4990	1280	332
4996	2459	185
4996	2459	315
4998	1377	270
4998	1377	155
4999	2243	681
5001	1369	224
5006	776	237
5007	2801	391
5009	1535	263
5011	1449	256
5014	1873	234
5017	2085	443
5019	1100	227
5020	4115	390
5025	1615	456
5026	1643	275
5029	2274	241
5029	2274	243
5032	1688	357
5033	2213	556
5034	2566	161
5034	2566	431
5036	1981	341
5038	1019	261
5040	2423	259
5041	4546	501
5044	2761	373
5050	1660	314
5053	1926	265
5053	1926	239
5055	2759	429
5056	2591	433
5058	1495	256
5061	2254	487
5063	1654	276
5068	2366	415
5069	2480	415
5070	1578	410
5071	2385	651
5072	2327	327
5073	1732	249
5073	1732	244
5074	1153	259
5076	1396	271
5078	1641	262
5080	1802	318
5089	1785	262
5090	2669	300
5093	2604	395
5093	2604	478
5094	3712	496
5095	2892	279
5095	2892	436
5096	1553	266
5097	2633	318
5097	2633	142
5099	2411	441
5101	1611	380
5104	3949	484
5105	1619	360
5108	1881	439
5110	1072	276
5113	1917	200
5116	1627	255
5118	2306	278
5118	2306	255
5120	2530	356
5122	3612	396
5122	3612	445
5127	1544	284
5128	1752	365
5129	1901	473
5130	1586	314
5133	1546	333
5134	4724	551
5134	4724	510
5135	2562	300
5136	1829	426
5138	1795	312
5139	4636	570
5149	3205	389
5149	3205	351
5151	1972	398
5152	2893	444
5152	2893	425
5155	1284	262
5156	1887	185
5157	1952	285
5160	791	248
5165	1500	185
5167	929	226
5169	1724	482
5170	2249	488
5173	2343	422
5176	4046	538
5177	1548	254
5178	4124	305
5179	2300	334
5181	2700	668
5190	1575	429
5191	1548	239
5193	964	248
5195	1574	438
5196	1926	430
5197	2143	355
5198	1144	277
5200	1855	311
5201	1925	316
5202	1806	350
5203	1191	206
5204	1629	403
5207	1891	358
5208	2527	307
5209	3537	501
5209	3537	211
5212	1753	498
5214	3077	606
5219	1803	309
5222	1650	200
5223	1994	470
5228	2778	430
5228	2778	338
5229	1262	239
5231	1589	272
5235	1387	222
5238	1662	447
5240	1891	360
5242	1751	435
5244	1316	245
5248	6572	368
5249	1616	457
5250	1319	369
5251	2451	425
5252	3105	454
5255	2699	535
5256	2474	447
5258	6856	350
5258	6856	227
5258	6856	418
5260	1970	508
5262	1915	338
5263	2732	262
5263	2732	294
5267	2849	462
5267	2849	177
5268	2227	456
5269	3291	471
5270	2020	516
5273	3392	270
5273	3392	248
5274	2579	621
5283	3307	408
5283	3307	302
5284	2178	295
5284	2178	200
5286	1318	374
5289	2730	544
5293	2043	211
5294	1931	462
5296	2386	445
5296	2386	303
5297	1306	304
5299	2720	444
5302	2328	206
5303	2496	480
5304	4447	259
5304	4447	404
5305	1723	390
5309	2495	452
5311	2289	319
5311	2289	251
5312	1797	403
5314	1949	477
5322	2187	378
5327	2166	390
5328	2150	401
5329	1628	279
5330	1854	227
5339	3417	318
5340	2562	144
5341	1721	429
5344	3503	545
5345	2231	241
5345	2231	418
5346	1596	259
5347	3590	539
5355	1823	275
5358	1106	423
5364	1186	326
5365	4675	243
5365	4675	233
5367	2862	320
5367	2862	474
5368	2073	478
5370	2228	371
5372	2921	345
5372	2921	198
5374	1820	355
5378	2343	429
5379	1613	456
5380	1735	319
5383	2517	354
5383	2517	340
5384	1249	341
5387	2516	424
5388	4795	185
5388	4795	407
5393	3479	496
5393	3479	455
5394	2176	415
5399	2842	184
5399	2842	546
5400	3465	455
5400	3465	448
5401	1267	185
5402	2563	364
5402	2563	494
5404	2533	472
5404	2533	319
5405	1271	409
5408	1911	264
5409	1243	260
5411	2807	485
5413	2036	443
5414	1054	466
5417	1729	200
5431	2199	412
5432	3039	613
5433	2075	297
5434	1830	432
5435	918	222
5436	1704	471
5439	3243	545
5441	2324	314
5442	1914	376
5444	1335	390
5445	2809	439
5450	2293	406
5460	2164	417
5461	1175	239
5463	1648	582
5466	1534	271
5466	1534	153
5470	2994	356
5473	2630	453
5474	1845	413
5475	1835	409
5479	1672	433
5481	1163	206
5482	4763	576
5482	4763	643
5487	1396	455
5488	1641	359
5489	914	222
5490	1418	327
5491	1632	440
5493	2946	274
5493	2946	395
5495	1561	432
5497	1553	365
5498	2416	207
5498	2416	368
5500	1689	242
5502	1553	430
5504	2718	501
5507	1935	490
5508	1668	244
5508	1668	266
5509	2321	436
5510	1507	185
5516	2508	548
5518	1447	413
5519	1818	200
5521	1176	227
5526	2711	455
5526	2711	368
5528	1601	269
5532	966	233
5533	1345	336
5534	1197	368
5535	3953	512
5536	2719	399
5536	2719	408
5537	2091	501
5538	3278	415
5539	2238	466
5540	1489	404
5542	2232	444
5543	2222	427
5544	1377	315
5545	1326	431
5547	1289	250
5548	3015	366
5550	2461	480
5552	1096	267
5553	1274	215
5555	2084	185
5558	1867	383
5559	1283	211
5562	1708	270
5563	3325	546
5566	1191	234
5567	1905	293
5569	1587	287
5571	1930	409
5573	2070	360
5574	1416	185
5579	2234	185
5583	1855	417
5587	1378	251
5589	1799	248
5590	1238	267
5591	1240	377
5593	2653	416
5593	2653	443
5594	2936	491
5602	2122	413
5604	2531	386
5604	2531	365
5608	1467	390
5609	1943	419
5611	2794	639
5612	1386	318
5616	1993	376
5619	2542	322
5622	1601	323
5623	1345	337
5624	1757	272
5626	1455	263
5627	1448	227
5631	1667	185
5634	2243	336
5635	3073	330
5635	3073	391
5636	1491	382
5639	1562	413
5642	1684	221
5649	2069	478
5653	1999	210
5653	1999	207
5654	1798	388
5657	2429	455
5659	1282	279
5663	2236	434
5664	1251	222
5665	1527	226
5666	1276	342
5668	1526	268
5669	2662	279
5669	2662	345
5672	1653	275
5676	2117	238
5680	1681	262
5696	3312	425
5696	3312	430
5697	1394	280
5700	1795	289
5701	1563	323
5708	2349	500
5710	1076	200
5721	1368	312
5723	2725	536
5725	1564	131
5725	1564	129
5728	1275	296
5733	1394	227
5735	2393	543
5737	2176	495
5740	2138	624
5744	1476	433
5747	3106	301
5747	3106	450
5748	2505	464
5748	2505	246
5752	1663	288
5753	1622	408
5756	2059	185
5756	2059	211
5758	3251	481
5758	3251	210
5760	2352	566
5761	1409	244
5762	3420	439
5762	3420	414
5763	1139	267
5765	2019	238
5770	3477	353
5770	3477	362
5771	1706	329
5774	1349	427
5776	2345	356
5777	2827	512
5778	2233	311
5783	1476	464
5784	1806	286
5785	1916	373
5787	1384	227
5790	1878	262
5790	1878	231
5793	3392	540
5794	3216	508
5796	1945	264
5798	3516	466
5798	3516	426
5800	4020	695
5801	3587	374
5801	3587	94
5801	3587	361
5804	2521	466
5808	2699	469
5811	2485	303
5812	2117	353
5814	1655	342
5816	2227	407
5818	2791	477
5822	1817	393
5825	1496	233
5828	3356	350
5828	3356	354
5830	2666	532
5831	2351	524
5832	1906	216
5832	1906	498
5833	1644	440
5839	1793	501
5843	1030	285
5845	3084	500
5846	3080	508
5848	1981	538
5851	1610	341
5855	1366	262
5856	1575	330
5859	2419	497
5862	3454	389
5862	3454	423
5868	1675	481
5872	3213	432
5872	3213	309
5875	2364	275
5875	2364	471
5877	3353	472
5877	3353	442
5878	1356	301
5879	1595	298
5881	3157	521
5881	3157	472
5882	1689	405
5883	1867	311
5885	1979	444
5886	2515	513
5888	1167	334
5894	2684	686
5899	3428	318
5899	3428	330
5905	1942	317
5906	2256	274
5906	2256	260
5911	3307	492
5912	1581	398
5913	1560	359
5916	1909	474
5917	3441	501
5920	482	185
5922	3863	310
5924	1550	476
5925	3772	488
5927	2363	444
5933	2011	312
5934	3289	485
5935	1974	287
5936	1046	244
5937	2270	442
5940	3362	519
5942	2484	398
5948	1331	268
5949	1850	502
5953	1036	200
5955	3263	459
5955	3263	331
5955	3263	194
5958	3931	427
5958	3931	425
5960	1610	318
5964	888	200
5965	2216	439
5968	2571	404
5969	3819	717
5973	1745	226
5973	1745	220
5974	3124	532
5977	3483	561
5978	3019	215
5978	3019	185
5983	2373	375
5984	3146	511
5985	3642	229
5985	3642	545
5988	3484	527
5991	1361	285
5992	1455	185
5996	1994	421
5999	3715	531
5999	3715	353
6000	2152	445
6001	2011	312
6001	2011	295
6002	2266	427
6003	4053	440
6003	4053	297
6006	1532	475
6007	2631	451
6008	3059	622
6010	2610	483
6010	2610	404
6011	1973	265
6012	1675	405
6013	2143	436
6015	2634	447
6015	2634	427
6016	3718	412
6016	3718	374
6017	3480	261
6017	3480	274
6018	3001	345
6018	3001	375
6020	2708	448
6025	2601	605
6026	2384	511
6028	2228	326
6039	3167	451
6040	2256	469
6041	3046	447
6042	3054	295
6042	3054	356
6044	1690	357
6047	2435	647
6053	2843	349
6055	2626	380
6055	2626	453
6056	2518	346
6058	3512	334
6060	3964	450
6060	3964	497
6062	2201	412
6063	2262	347
6065	3000	174
6069	1681	264
6070	2784	280
6070	2784	494
6075	2701	609
6077	2718	472
6081	2710	346
6084	3108	430
6084	3108	408
6085	3725	479
6085	3725	459
6088	1430	266
6090	1668	267
6093	2840	322
6094	2397	434
6095	1980	292
6096	2069	570
6098	2237	526
6101	1933	520
6104	3685	483
6104	3685	495
6108	2184	476
6109	2382	527
6112	4102	237
6112	4102	539
6116	2245	304
6122	2017	222
6127	2858	486
6131	2888	655
6133	2018	200
6141	1476	242
6143	3400	649
6149	1088	230
6154	2754	485
6154	2754	298
6155	2124	417
6170	1445	267
6173	1679	403
6176	2369	518
6177	3521	525
6180	2497	501
6181	4107	482
6181	4107	493
6185	2560	251
6185	2560	311
6185	2560	65
6187	2230	279
6190	2197	412
6191	3215	472
6191	3215	395
6192	1797	347
6193	1888	510
6194	1983	324
6196	4095	548
6197	2192	516
6198	3775	494
6199	2390	435
6201	2282	540
6202	3457	468
6206	2885	479
6209	4135	297
6210	2361	309
6211	1760	496
6213	1988	405
6214	3668	319
6214	3668	475
6216	3252	492
6218	2072	315
6220	1645	261
6221	3898	423
6221	3898	481
6224	1803	452
6229	2603	256
6230	4187	255
6230	4187	490
6231	1857	316
6234	2392	392
6236	3399	421
6237	1837	329
6239	3521	523
6241	3395	478
6246	3101	215
6247	2076	517
6249	1813	295
6250	1625	370
6253	2841	267
6254	1778	311
6255	1568	368
6256	2953	556
6260	3279	278
6260	3279	478
6261	3998	478
6261	3998	397
6263	4143	486
6266	2460	339
6268	2153	537
6275	2069	330
6276	3448	492
6277	3957	481
6277	3957	499
6280	2318	431
6283	3383	705
6285	1751	471
6286	1709	511
6287	2545	637
6290	2443	323
6294	1894	478
6295	2652	467
6296	2913	442
6299	2864	493
6301	2651	523
6307	2627	519
6310	2706	412
6313	2539	483
6314	2487	273
6317	1915	298
6321	2661	364
6321	2661	455
6322	1549	385
6324	2253	455
6325	2311	273
6328	2584	238
6332	2264	438
6334	2644	322
6334	2644	355
6338	2211	357
6346	2728	441
6346	2728	191
6353	2497	306
6353	2497	261
6354	2650	342
6359	1767	260
6365	1563	341
6370	2160	729
6372	2580	460
6374	2162	200
6380	2441	286
6380	2441	247
6386	1733	484
6394	2494	482
6395	1994	461
6400	1705	327
6401	1510	263
6402	3327	509
6402	3327	305
6404	2452	444
6408	1094	227
6414	2601	449
6416	1892	508
6421	1611	462
6426	3182	439
6426	3182	519
6428	2499	454
6430	2790	335
6434	3433	525
6434	3433	419
6437	1962	432
6439	1404	416
6441	1815	186
6441	1815	263
6442	3109	393
6442	3109	458
6444	1525	262
6445	1084	276
6449	1816	292
6451	1913	360
6452	2292	407
6453	2935	440
6453	2935	250
6456	1930	289
6456	1930	227
6457	2240	469
6460	2914	423
6460	2914	286
6461	3038	336
6462	1442	182
6462	1442	124
6466	2919	465
6467	3059	493
6467	3059	463
6468	2455	468
6469	2331	442
6470	1531	381
6474	2130	304
6478	1770	227
6480	1827	392
6481	3213	462
6483	2123	462
6485	1207	257
6489	1494	185
6490	2457	386
6491	3059	495
6496	1598	211
6498	1816	337
6500	2529	334
6500	2529	240
6503	4125	416
6503	4125	482
6505	1539	360
6507	1502	322
6510	1598	392
6514	2103	445
6515	2034	323
6516	1888	488
6518	1057	211
6519	1799	470
6522	3277	237
6522	3277	424
6523	1409	185
6524	609	232
6525	1737	244
6528	2222	399
6529	1956	307
6532	1393	305
6533	2660	457
6535	2708	654
6536	3154	191
6536	3154	169
6536	3154	424
6541	1200	239
6546	1882	422
6547	2265	300
6548	2401	515
6550	3046	205
6550	3046	200
6551	1958	406
6551	1958	250
6552	1891	428
6553	1199	356
6554	1447	325
6555	4183	391
6555	4183	469
6556	2206	425
6560	2414	512
6566	2494	493
6567	1299	332
6570	1846	328
6572	1874	275
6574	1993	420
6576	1349	227
6581	1271	200
6583	2672	429
6584	2610	260
6585	1870	254
6585	1870	294
6590	1778	238
6591	2893	272
6591	2893	503
6592	3425	211
6592	3425	418
6596	1812	253
6602	1906	346
6605	1643	281
6607	3295	452
6607	3295	506
6609	1688	211
6610	1875	253
6611	1606	392
6617	1996	423
6621	1994	460
6624	2642	315
6624	2642	217
6626	1397	298
6631	2757	477
6633	2129	420
6635	1764	336
6641	2152	455
6644	1193	249
6646	3529	691
6646	3529	248
6647	1192	255
6651	1490	253
6659	2647	211
6659	2647	379
6660	1727	239
6661	1908	172
6661	1908	221
6662	3446	686
6664	1566	348
6667	3473	500
6671	1584	294
6673	1991	373
6679	3162	461
6679	3162	313
6680	1587	360
6685	1476	357
6691	1449	281
6693	2374	350
6696	1526	276
6697	2052	356
6698	3010	584
6699	2173	301
6701	1975	406
6704	3127	450
6711	815	211
6714	1533	252
6715	1364	375
6716	1685	200
6717	1743	242
6720	2278	461
6725	1277	251
6727	3362	414
6727	3362	421
6730	2818	419
6730	2818	459
6733	2828	419
6733	2828	373
6739	1089	295
6741	3925	481
6741	3925	400
6744	3105	459
6744	3105	452
6745	1121	185
6756	3272	374
6756	3272	251
6760	2163	261
6765	3874	255
6765	3874	436
6766	2659	473
6769	2482	462
6771	1852	290
6772	4001	492
6772	4001	281
6773	1397	341
6776	2210	420
6780	1680	367
6781	1462	185
6784	1943	410
6790	1537	292
6794	1716	300
6795	2397	267
6798	1861	438
6800	2536	185
6801	2839	297
6801	2839	455
6804	2837	311
6810	2848	447
6810	2848	216
6814	1803	267
6815	2880	343
6815	2880	362
6819	2226	390
6821	2870	322
6822	1541	392
6823	2064	281
6824	2145	315
6826	1767	464
6828	2036	166
6828	2036	299
6829	2155	457
6831	2684	399
6831	2684	431
6832	1384	409
6833	2763	200
6834	1732	463
6842	2151	293
6843	1151	367
6846	2534	338
6852	1529	291
6856	1859	475
6859	2547	493
6861	834	211
6862	2358	375
6865	1596	410
6869	2672	445
6873	3131	459
6873	3131	433
6877	2182	462
6878	1034	253
6879	1424	267
6881	2232	389
6884	1475	340
6887	2854	428
6891	1435	338
6894	4141	711
6899	1163	244
6900	2503	424
6903	1313	399
6904	1748	260
6905	2534	323
6908	2092	378
6912	2178	413
6918	2624	367
6918	2624	414
6920	1683	335
6921	1658	272
6925	1882	403
6929	1765	191
6929	1765	270
6930	2095	302
6931	2205	414
6934	2817	460
6935	2229	434
6938	1652	440
6942	2874	702
6944	2463	557
6945	3679	187
6945	3679	388
6946	3000	445
6946	3000	384
6947	2755	293
6950	1272	254
6957	2388	503
6959	2303	299
6961	2720	382
6964	2039	408
6966	2834	331
6966	2834	434
6973	2531	490
6975	2599	458
6978	1031	248
6986	1626	286
6987	2495	334
6988	2489	380
6993	2612	565
6994	3457	689
6996	1902	396
6997	2143	458
6999	1530	424
7001	2043	185
7002	2092	410
7008	2442	200
7014	4021	699
7014	4021	244
7022	2918	454
7025	2242	418
7027	2968	507
7031	3070	506
7032	1473	185
7037	2049	442
7046	1115	266
7047	2579	363
7047	2579	387
7048	2628	475
7051	3437	320
7051	3437	96
7051	3437	336
7052	2162	341
7056	3082	509
7063	3518	711
7068	1975	297
7076	2811	477
7076	2811	215
7078	3340	233
7079	2048	243
7081	1371	185
7086	3444	571
7086	3444	281
7090	2555	461
7092	2130	610
7093	2408	472
7100	1142	185
7140	1884	310
7151	1932	244
7153	1413	360
7161	1236	262
7165	2191	291
7170	1285	252
7174	1561	266
7176	1110	185
7184	1983	238
7185	1753	206
7189	1915	309
7194	1858	227
7194	1858	273
7202	1466	232
7207	2155	382
7208	899	290
7210	1860	286
7212	1365	236
7221	2137	250
7221	2137	206
7222	2188	288
7228	2151	185
7232	2228	298
7232	2228	429
7239	2499	355
7239	2499	375
7240	2358	363
7241	2322	270
