0	20642	17427
1	2030	536
3	3145	344
6	3200	522
9	1803	323
10	3511	588
12	1415	185
13	1849	299
18	1867	370
19	2313	598
22	2195	527
24	2417	568
25	2811	164
25	2811	277
29	3539	191
29	3539	475
34	2033	562
35	2255	237
35	2255	311
37	2221	528
38	2276	442
44	3062	602
45	3078	640
46	2293	338
49	2075	302
50	3103	609
51	1847	200
52	2478	326
57	1953	394
58	2455	290
61	1751	215
64	2177	296
68	2054	206
69	2223	400
70	2814	243
72	1936	403
74	2614	273
76	3338	232
80	2059	355
81	1661	265
82	2044	332
83	2298	362
84	2358	326
91	2011	480
96	1639	310
97	2305	519
98	2367	318
99	2933	311
99	2933	185
101	2193	200
101	2193	303
109	2095	211
111	1886	261
113	2531	275
113	2531	263
114	2230	345
114	2230	163
120	3050	280
120	3050	268
125	2167	331
131	2934	351
134	1327	269
136	2692	304
140	2829	310
142	2330	238
146	3611	639
148	2440	315
151	2792	453
152	2074	302
152	2074	271
156	1045	185
160	2460	327
163	1896	265
168	1765	185
172	3296	431
175	2100	311
179	1850	290
182	1363	211
185	2438	337
186	1674	301
190	2195	322
192	2248	272
194	1814	222
196	2571	283
198	1742	564
199	3381	171
199	3381	293
205	2539	347
205	2539	290
210	2109	312
211	2435	459
212	2502	375
213	1049	311
217	2807	346
217	2807	304
224	2909	400
231	1919	229
231	1919	214
232	1857	263
232	1857	293
234	2310	267
238	1840	170
238	1840	367
240	2715	225
240	2715	383
251	2886	392
252	1468	284
253	3012	276
253	3012	308
254	992	315
255	1433	340
257	1810	323
260	1434	248
263	2226	319
265	2443	278
265	2443	293
267	2086	271
272	1663	336
273	2261	254
273	2261	345
274	2990	339
274	2990	323
275	2373	541
277	2270	254
278	2813	315
279	2064	266
281	1870	293
282	2275	297
284	2360	224
284	2360	299
286	1704	315
286	1704	208
290	2155	527
292	1544	278
293	1438	200
295	2007	541
298	2051	185
300	1968	206
301	2337	200
302	2784	173
302	2784	183
308	2498	321
308	2498	267
310	2437	397
312	1969	417
314	2091	504
317	1843	334
318	1315	243
319	1628	242
320	1677	292
322	1822	239
322	1822	152
325	2458	322
328	2260	397
329	1610	253
330	1418	319
333	1426	222
339	2074	243
343	1818	422
349	1742	222
350	1444	141
350	1444	147
351	1716	310
352	1529	230
353	1278	260
355	1631	310
358	773	227
362	1636	323
363	1670	334
367	2372	470
368	2014	478
369	1676	266
373	1852	329
374	1955	461
376	2364	285
378	2738	381
378	2738	191
380	2522	599
382	2124	486
385	2516	332
385	2516	285
386	2160	393
389	2687	538
394	1272	278
400	2763	418
400	2763	435
402	1888	241
405	1601	249
406	2300	169
406	2300	383
407	1629	200
410	3192	505
417	1988	239
422	2170	463
425	3142	503
426	1724	398
427	1973	342
428	1636	416
429	2425	413
437	1748	335
439	2196	401
441	2090	397
445	1772	208
445	1772	171
446	1846	433
448	1399	465
450	2359	294
450	2359	334
451	2272	501
453	3565	358
453	3565	456
454	2944	491
457	1609	292
458	3167	700
459	1863	173
459	1863	323
461	2587	338
462	1819	469
463	2080	287
464	820	243
467	3448	442
469	1873	270
470	2249	234
471	2264	568
475	2944	419
481	2713	499
485	2319	547
488	1373	288
489	2475	306
489	2475	269
490	2682	344
490	2682	270
494	1926	293
499	2015	455
500	1814	474
505	1520	256
506	1193	185
518	2191	317
524	2255	375
525	3174	495
527	1306	289
528	2094	482
529	2020	353
531	1678	229
532	1508	430
536	2391	449
537	2806	579
538	2837	412
539	2204	408
541	2411	505
542	1890	280
544	2517	321
545	2045	360
549	1595	448
550	3570	773
560	1919	537
567	2277	510
570	1615	442
574	1377	295
575	1905	507
576	1567	316
577	1822	260
578	2065	315
582	2781	507
583	2397	305
584	1715	483
586	2118	238
587	1731	308
587	1731	193
589	2375	266
589	2375	346
590	1678	365
594	2375	288
599	2303	446
600	1350	185
604	2580	367
608	1873	386
610	1809	222
612	3346	329
613	2129	277
617	2633	423
619	1317	269
623	2792	549
624	3201	479
630	1883	250
630	1883	312
632	2349	459
634	2409	493
638	1281	245
640	1421	304
643	1574	405
644	798	232
645	3338	495
648	3127	479
649	3550	752
652	2266	469
654	1873	238
655	2147	304
657	2506	659
660	1560	503
662	1749	473
664	2074	243
666	2333	454
668	1929	297
671	2037	430
672	2261	709
674	1679	436
677	1797	456
678	903	226
679	1863	127
679	1863	172
681	1257	257
682	2100	434
683	1809	540
687	2449	342
687	2449	221
688	2458	371
690	1911	185
691	2535	185
692	2702	317
693	2147	410
694	2183	378
695	2209	388
699	2235	185
700	2142	658
701	1092	206
702	638	222
703	2848	484
704	2110	281
708	2469	618
710	1615	457
712	1940	413
722	2064	185
722	2064	263
731	1669	268
731	1669	240
732	1196	216
733	3398	481
735	1012	185
738	3019	314
739	1351	185
742	1926	354
746	1476	462
747	1849	285
749	1763	393
751	2761	470
752	1113	185
753	1706	369
757	2528	252
757	2528	273
758	1925	233
762	1868	375
765	2949	341
765	2949	247
766	2097	491
769	1737	249
774	1898	460
775	1797	334
776	1598	320
777	3341	475
777	3341	487
778	2003	503
782	741	238
788	3129	256
788	3129	351
789	1386	463
790	3072	485
792	1004	274
793	2356	390
795	1416	395
797	1775	185
803	1500	200
811	2659	500
812	1374	241
814	1076	237
815	1736	493
819	2257	234
820	1936	322
824	2216	345
825	1675	313
830	2241	293
831	2199	381
835	3496	230
836	1654	297
839	1567	296
839	1567	184
840	1760	206
842	2043	238
842	2043	274
846	2335	309
847	2082	237
848	1950	472
851	3670	473
851	3670	421
852	3315	227
853	2268	326
854	1785	250
855	1773	453
858	1821	205
858	1821	242
862	2154	400
865	3382	490
867	1754	365
870	2440	285
875	1845	368
877	1697	290
879	1495	427
881	2939	618
887	1113	261
888	2069	270
888	2069	262
891	1695	406
892	2437	292
892	2437	246
895	2416	211
898	1826	222
898	1826	185
899	1434	251
901	2023	553
902	1584	256
903	2129	440
904	1557	360
905	2360	339
910	2081	379
911	1507	405
915	1387	415
916	1140	222
919	1517	351
920	3106	518
923	2470	671
924	1972	389
928	1813	310
929	1641	253
932	1216	222
933	2723	266
935	2139	563
937	1587	267
938	921	255
939	985	245
940	2314	370
940	2314	435
943	1345	386
945	2024	256
946	1610	285
947	1838	295
948	3468	288
948	3468	350
949	906	347
955	2033	336
955	2033	150
958	2012	223
958	2012	307
959	1368	357
964	2079	491
969	1556	342
971	1473	316
972	2238	226
973	1176	185
974	1910	473
976	1081	295
978	2652	432
979	2001	185
982	2046	304
986	3127	360
990	2025	520
992	2204	481
993	1675	248
997	1758	373
999	1453	238
1001	1915	228
1001	1915	245
1002	2619	481
1006	1156	206
1008	1483	243
1009	1942	468
1010	3130	480
1012	1210	283
1015	2980	505
1018	1128	220
1019	3556	273
1019	3556	184
1020	1711	411
1021	2126	502
1022	1416	441
1028	1482	220
1028	1482	219
1029	1119	304
1031	2942	233
1031	2942	331
1032	1683	383
1034	2022	242
1034	2022	263
1038	2052	427
1042	2929	450
1043	1813	206
1045	2471	490
1053	1437	227
1064	1233	267
1069	3873	200
1069	3873	264
1069	3873	236
1071	1761	320
1072	2742	442
1081	3728	559
1081	3728	192
1090	3713	487
1090	3713	433
1092	3226	471
1094	3365	329
1094	3365	216
1095	2118	269
1097	1760	360
1098	2164	250
1100	2133	471
1103	2535	548
1105	1576	185
1109	2010	238
1111	3391	388
1112	3134	502
1114	2594	440
1119	4124	480
1120	2469	455
1124	3349	392
1125	2941	585
1128	1325	297
1131	2194	539
1134	2159	476
1136	2992	341
1136	2992	344
1140	3131	466
1141	2131	551
1142	1944	544
1143	2402	278
1145	4219	471
1147	4001	594
1149	2766	531
1152	1428	505
1160	1860	222
1161	3213	480
1163	2216	227
1169	3893	484
1169	3893	357
1170	1796	323
1172	2165	532
1173	2143	334
1174	4080	406
1177	2036	469
1183	2382	474
1186	1269	227
1187	1646	471
1190	3599	488
1191	1885	255
1192	2025	508
1193	2860	573
1194	2812	561
1195	2400	522
1196	3143	514
1206	2236	185
1210	2003	244
1213	2626	383
1214	1416	302
1226	2343	508
1227	3374	293
1227	3374	521
1231	2444	411
1239	1659	503
1242	2152	400
1243	3216	552
1247	1567	185
1253	2338	567
1256	2122	588
1257	2548	372
1268	2436	241
1271	3056	625
1275	3428	558
1278	2157	462
1279	3056	607
1281	2311	400
1283	3938	185
1284	3388	574
1286	2789	295
1286	2789	249
1287	2031	478
1288	1860	553
1291	1996	409
1292	2894	185
1295	2917	409
1298	2407	469
1299	2496	314
1301	2002	460
1302	1500	473
1303	2014	506
1304	2986	509
1306	2681	301
1308	2609	408
1309	1825	304
1310	2529	185
1311	4177	582
1311	4177	388
1312	1569	287
1316	1490	250
1317	3119	561
1320	2412	371
1321	1820	524
1327	2299	300
1331	2492	512
1335	3598	589
1336	2585	547
1337	2496	483
1338	3042	185
1340	2673	599
1342	2292	298
1347	2345	503
1348	3435	491
1350	2679	422
1351	1736	397
1352	3557	528
1364	1956	237
1364	1956	345
1373	3617	433
1375	3406	397
1377	2957	227
1379	2582	517
1385	2353	564
1386	1417	238
1387	3060	540
1389	2429	787
1390	1653	289
1391	2519	410
1393	3014	317
1394	3276	328
1394	3276	184
1399	2653	489
1400	2795	519
1408	3366	525
1411	3051	253
1421	3213	467
1423	2934	526
1428	3955	396
1428	3955	496
1429	1818	337
1429	1818	328
1436	1948	256
1440	2039	196
1440	2039	155
1441	2866	498
1445	2088	337
1447	3067	371
1455	1374	250
1457	1670	185
1463	3059	592
1464	1883	434
1470	4322	315
1474	2802	292
1478	2012	357
1479	2035	249
1480	3289	275
1484	4317	534
1485	2314	324
1487	2646	256
1490	2774	382
1493	2986	368
1493	2986	297
1494	2177	351
1500	1855	374
1502	1626	274
1506	2823	506
1508	2726	401
1509	2806	252
1514	2038	221
1519	3522	200
1525	2551	315
1527	1222	255
1528	2601	200
1531	2811	379
1535	1510	211
1537	3841	255
1539	2165	285
1548	4236	459
1548	4236	510
1549	1869	346
1551	2346	399
1557	2280	428
1565	2594	555
1568	2175	464
1570	3160	200
1571	4046	568
1577	2801	407
1579	3268	495
1582	1876	312
1597	1851	419
1600	2408	523
1602	2276	501
1603	2788	455
1604	3083	442
1607	3315	553
1609	2877	336
1613	1562	479
1617	2309	493
1620	3068	506
1625	2455	374
1626	3305	382
1631	1696	200
1639	3055	339
1646	2460	596
1647	3283	599
1654	1009	238
1658	1367	309
1664	3303	317
1673	4245	520
1678	2569	227
1679	3298	307
1679	3298	320
1683	2557	356
1685	1239	233
1686	3193	438
1687	3686	510
1688	2173	320
1691	3357	534
1696	3013	546
1698	2365	562
1700	1683	301
1701	2351	459
1712	2208	211
1715	2579	604
1717	2061	514
1721	2948	304
1722	2804	238
1724	1185	294
1726	2999	592
1727	3187	488
1732	3033	416
1733	3468	259
1736	2606	238
1751	2840	227
1751	2840	268
1753	1780	273
1765	4098	283
1765	4098	310
1765	4098	339
1769	2369	488
1771	3534	510
1774	2336	372
1779	2893	544
1784	2487	470
1786	3223	350
1791	1841	266
1797	2424	347
1800	2447	615
1805	1833	215
1808	1549	362
1819	3054	577
1823	3233	488
1823	3233	531
1825	2155	242
1825	2155	215
1826	2468	386
1829	2485	336
1838	1160	287
1839	1845	324
1840	2842	396
1844	4143	233
1844	4143	251
1844	4143	337
1848	2906	222
1848	2906	213
1851	1843	281
1852	2569	255
1855	3971	540
1855	3971	250
1857	1773	278
1858	1844	211
1865	1580	325
1867	2172	387
1867	2172	284
1868	2466	312
1871	2374	196
1873	2081	345
1874	2606	393
1876	3570	318
1876	3570	270
1877	2147	382
1879	2823	344
1879	2823	326
1880	1686	375
1881	3553	440
1881	3553	312
1883	1590	289
1900	2653	249
1902	2508	290
1904	1337	324
1905	3240	290
1906	2363	308
1912	2412	274
1913	2981	220
1913	2981	312
1915	1393	252
1917	2699	494
1918	1331	185
1921	1417	280
1923	3395	476
1924	2157	412
1925	2216	160
1925	2216	364
1926	1666	335
1931	2576	459
1933	2907	367
1935	2802	487
1937	2349	215
1940	3743	462
1940	3743	549
1943	2261	227
1944	2142	321
1946	3396	342
1950	2209	291
1953	2375	503
1954	2540	185
1956	2359	549
1958	1677	294
1961	1460	185
1963	3609	294
1965	2057	355
1966	2083	511
1967	3355	510
1968	2602	371
1974	2167	302
1976	2447	403
1978	3142	527
1980	2274	650
1981	2091	553
1982	1497	262
1983	2359	273
1991	3117	281
1993	2036	274
1993	2036	298
2001	1652	185
2005	2082	278
2006	3884	567
2006	3884	424
2008	4288	513
2008	4288	511
2013	3531	504
2013	3531	208
2015	2948	498
2017	4020	341
2018	1419	261
2022	2723	302
2022	2723	255
2026	2500	451
2027	2335	333
2029	3269	328
2029	3269	332
2031	3186	746
2032	3134	215
2032	3134	463
2034	2368	285
2036	2194	324
2040	3564	519
2042	2445	438
2044	3225	543
2047	2094	221
2049	1831	235
2050	2100	185
2052	3369	487
2054	1715	255
2055	2114	377
2056	2512	345
2057	2485	475
2062	1225	492
2066	2217	356
2068	2802	457
2069	2121	343
2070	2100	388
2071	3509	511
2073	2305	284
2074	3073	332
2074	3073	266
2078	2789	508
2082	2496	326
2087	2032	425
2090	1970	385
2091	2471	611
2094	2697	280
2094	2697	248
2095	2103	288
2095	2103	331
2107	1862	432
2108	1468	268
2109	2294	514
2111	1653	534
2115	3502	664
2119	2908	403
2120	1758	238
2124	2411	243
2125	2835	474
2127	4072	509
2127	4072	348
2130	3967	528
2131	3752	282
2131	3752	441
2133	2159	461
2135	2476	477
2137	3204	388
2138	3055	258
2138	3055	375
2139	2609	332
2140	3304	508
2140	3304	191
2142	2990	227
2145	3775	535
2146	1895	483
2149	4099	268
2151	2258	287
2153	2817	508
2154	2699	538
2156	1881	334
2157	2159	352
2161	3631	446
2162	3923	471
2163	1962	263
2164	2701	514
2165	2607	569
2167	1878	476
2169	3094	271
2170	2405	311
2170	2405	131
2176	1939	500
2178	1746	200
2180	2212	556
2181	2533	289
2183	2952	570
2184	4079	560
2184	4079	239
2184	4079	266
2185	1916	434
2189	2202	396
2192	2029	486
2193	3360	287
2193	3360	276
2193	3360	184
2194	2271	508
2199	3163	527
2200	2338	526
2203	1735	527
2205	2780	503
2206	1648	391
2209	1646	147
2209	1646	111
2210	2821	473
2214	1700	200
2216	2206	521
2218	3043	508
2221	2587	411
2222	2506	185
2226	3148	281
2226	3148	450
2227	4310	640
2227	4310	497
2230	2028	255
2232	1938	387
2233	1768	200
2235	2309	514
2236	3527	486
2236	3527	451
2238	1667	407
2239	1776	306
2242	2516	362
2248	1838	269
2249	3271	412
2249	3271	428
2251	2843	458
2254	4417	519
2254	4417	497
2255	2155	431
2256	2306	272
2258	1875	521
2259	3555	466
2259	3555	321
2262	2730	552
2266	2672	402
2267	2071	396
2268	2064	316
2269	1736	607
2273	4416	511
2273	4416	400
2280	3379	434
2285	1666	216
2286	2103	493
2287	1445	317
2289	2303	320
2290	3397	497
2290	3397	470
2291	2631	471
2293	1887	494
2296	2516	342
2297	1557	222
2299	2510	352
2300	2289	515
2301	4427	416
2301	4427	510
2302	2210	244
2302	2210	130
2303	2168	272
2305	2113	245
2306	1924	501
2308	3668	545
2308	3668	181
2312	1792	477
2319	1811	289
2330	2340	487
2333	2305	314
2334	1952	461
2335	1264	271
2344	1839	333
2345	3558	461
2345	3558	375
2346	2665	492
2349	2264	319
2350	2538	474
2351	3191	540
2354	3724	636
2354	3724	393
2355	3495	601
2356	1701	273
2357	1914	485
2358	1948	356
2360	2221	472
2362	3463	525
2369	2486	499
2370	2521	393
2373	1904	291
2374	2201	199
2374	2201	278
2375	1711	281
2384	4243	211
2385	2946	351
2385	2946	363
2386	2600	468
2390	1140	290
2392	1759	327
2393	2633	263
2394	2757	471
2399	1726	316
2400	2405	269
2404	1787	509
2405	1586	326
2406	2593	250
2411	3406	275
2411	3406	339
2412	2258	211
2413	1765	229
2419	1969	360
2421	2834	313
2421	2834	315
2422	2528	302
2423	2542	532
2429	2107	286
2430	2277	279
2432	2201	411
2433	2429	288
2433	2429	185
2435	2224	383
2436	2668	534
2440	1996	141
2440	1996	157
2442	2045	491
2449	1940	317
2456	2142	227
2456	2142	376
2457	2338	185
2458	2559	525
2460	2130	245
2461	1713	298
2463	2395	232
2467	1813	281
2473	3614	533
2475	1280	215
2476	2838	547
2477	2104	185
2482	2213	210
2482	2213	303
2484	3036	373
2485	2720	638
2494	2253	564
2496	2129	399
2499	1501	385
2501	2078	329
2501	2078	292
2505	2107	343
2512	1423	237
2514	3738	410
2514	3738	322
2517	3271	754
2518	2015	256
2518	2015	224
2522	2674	320
2523	2149	419
2524	1861	370
2526	2600	350
2526	2600	311
2527	2799	174
2527	2799	117
2542	3889	542
2546	1729	335
2547	1917	317
2548	2270	394
2553	2766	368
2556	2167	457
2557	1620	486
2563	2583	529
2566	2255	234
2568	1760	211
2569	2638	576
2570	1445	185
2571	1461	469
2573	2391	227
2579	2187	296
2579	2187	255
2581	4408	634
2588	2361	295
2589	2011	486
2599	3881	464
2599	3881	414
2600	3717	235
2600	3717	538
2605	1942	441
2606	2286	269
2609	1430	234
2611	1962	428
2612	2024	519
2613	2046	238
2618	1805	415
2619	2454	237
2622	2149	526
2626	1894	325
2627	2789	392
2627	2789	155
2627	2789	163
2628	2373	553
2630	3237	469
2631	2229	222
2633	1464	268
2636	1878	299
2638	2699	313
2638	2699	189
2645	2604	226
2647	1894	548
2649	2308	314
2650	2075	355
2652	1974	483
2654	2509	536
2655	2383	232
2657	1459	340
2658	2546	322
2659	3516	316
2665	2478	435
2666	2559	489
2669	2375	571
2675	3286	237
2675	3286	604
2677	2751	500
2680	1613	493
2681	1400	211
2683	1850	536
2685	1824	519
2690	1809	227
2691	1421	274
2692	1790	264
2692	1790	221
2693	1760	323
2694	2410	443
2697	2781	555
2700	3382	504
2706	1595	436
2707	1485	268
2709	2703	492
2712	1252	262
2713	4058	477
2713	4058	499
2715	1482	206
2716	2015	345
2716	2015	472
2718	2124	444
2723	2049	310
2725	2581	531
2726	2242	234
2727	2341	253
2728	2599	516
2729	1315	266
2730	1749	422
2734	2399	379
2735	1688	150
2735	1688	122
2739	1402	468
2740	2392	458
2741	3921	521
2741	3921	498
2742	2174	526
2744	2933	206
2745	2615	483
2747	1938	344
2748	2979	439
2749	4123	516
2749	4123	157
2752	3466	437
2752	3466	530
2755	2178	507
2765	3332	305
2766	2896	462
2771	2974	551
2773	1604	185
2774	2475	326
2777	1510	270
2780	2712	463
2783	1488	272
2786	2314	285
2786	2314	200
2795	2329	270
2796	2281	185
2797	1600	126
2797	1600	362
2803	1433	316
2805	2238	433
2807	2134	268
2811	2313	385
2812	2021	465
2813	2150	326
2813	2150	354
2815	767	233
2818	2388	544
2834	1566	431
2835	1545	386
2836	4911	510
2837	1554	516
2840	2159	185
2841	1186	221
2842	3569	222
2842	3569	391
2849	1932	290
2852	3666	617
2852	3666	163
2854	1521	288
2860	2096	509
2861	1791	364
2862	1483	564
2863	1500	498
2864	3313	255
2864	3313	396
2868	1843	440
2869	884	293
2872	2422	211
2875	1445	185
2877	2295	146
2877	2295	306
2881	2520	681
2882	1600	222
2887	2861	557
2888	1622	300
2892	2740	185
2893	1920	289
2895	2097	351
2896	1177	467
2897	2098	317
2898	2197	494
2899	5582	484
2899	5582	548
2902	1981	371
2904	3367	204
2904	3367	589
2906	2606	448
2910	2153	563
2918	5592	731
2918	5592	675
2921	2241	439
2923	2271	200
2925	2781	510
2926	3405	778
2927	1673	185
2930	1049	200
2931	2444	387
2932	3531	438
2932	3531	290
2936	3759	388
2936	3759	497
2938	2100	517
2939	2293	526
2942	1801	234
2943	1781	423
2948	5093	781
2950	2184	234
2950	2184	271
2951	3249	313
2953	1891	494
2954	1942	524
2956	2300	191
2956	2300	246
2957	1114	185
2958	3627	524
2958	3627	541
2959	1723	331
2959	1723	323
2964	1977	503
2971	2561	549
2973	1924	290
2975	1955	540
2979	1257	291
2984	2206	456
2985	1978	414
2986	2440	502
2990	3979	410
2992	1167	300
2993	1763	442
2995	2329	269
2998	1170	211
3000	1569	297
3001	2364	613
3004	2488	532
3007	1503	347
3014	2051	521
3019	1392	253
3020	864	378
3025	2051	264
3025	2051	216
3027	1303	290
3030	1098	248
3033	1603	261
3043	3758	267
3043	3758	274
3049	809	237
3055	2105	255
3057	2406	367
3059	1462	414
3060	2158	300
3060	2158	244
3062	4757	134
3063	2288	491
3065	1910	423
3066	1532	185
3068	2089	408
3071	1590	514
3072	2452	467
3074	1943	387
3076	3182	470
3080	3587	436
3080	3587	520
3083	1566	466
3084	3358	211
3091	1745	311
3097	1307	374
3098	3068	606
3098	3068	301
3102	2507	294
3102	2507	363
3103	2976	405
3103	2976	408
3108	2209	358
3109	1466	385
3110	2122	248
3110	2122	222
3112	3193	537
3113	1575	274
3119	1474	271
3121	2281	551
3124	1915	258
3124	1915	480
3125	1623	318
3133	1924	475
3135	1020	419
3137	3672	751
3137	3672	546
3145	1483	276
3146	2681	368
3152	1523	291
3154	1341	400
3155	2826	704
3156	1406	221
3157	1954	552
3158	2345	266
3162	1977	290
3168	1628	507
3170	1824	324
3171	2111	483
3172	2036	453
3177	2513	507
3181	3023	550
3184	1515	294
3186	2061	422
3188	2670	500
3190	1228	474
3193	3499	284
3193	3499	409
3197	1700	227
3204	2053	463
3208	900	250
3212	1428	471
3213	2249	200
3213	2249	366
3215	1888	320
3215	1888	183
3219	3031	539
3220	2689	419
3223	687	211
3231	2424	432
3232	1750	345
3235	1942	446
3241	1656	289
3244	1818	451
3250	1872	291
3254	1257	269
3257	1416	258
3263	2327	298
3266	1858	323
3269	2844	413
3276	1611	272
3287	1730	185
3288	2357	526
3315	1400	292
3329	2321	326
3342	2651	326
3346	1854	200
3348	1318	460
3351	2325	200
3359	2437	253
3359	2437	373
3362	2823	294
3368	1532	313
3371	2588	211
3381	2185	312
3383	2505	487
3386	2555	317
3386	2555	352
3387	1177	200
3389	523	203
3393	4266	593
3394	2909	311
3409	4412	529
3409	4412	614
3410	2206	354
3411	1539	329
3412	1700	278
3423	2379	536
3433	2439	262
3434	2824	563
3436	2115	467
3441	1967	487
3445	2897	538
3458	1074	222
3466	2842	332
3466	2842	222
3467	1822	345
3470	2396	232
3470	2396	289
3471	2425	428
3474	1500	496
3486	2698	200
3487	3671	489
3487	3671	175
3488	3399	431
3502	2639	454
3512	2170	237
3513	4176	227
3521	1957	236
3521	1957	272
3525	2568	499
3536	2048	509
3537	2877	442
3540	1559	279
3553	674	238
3561	1945	353
3566	2272	312
3577	1797	255
3594	1686	367
3598	2816	222
3604	2632	281
3606	1216	275
3613	2198	325
3622	2083	226
3623	3567	491
3624	2899	322
3631	2158	475
3650	2290	211
3657	2184	289
3657	2184	385
3666	4071	389
3666	4071	510
3668	2624	542
3673	2535	400
3675	2661	210
3675	2661	245
3676	2231	464
3677	2659	289
3681	2321	470
3684	2465	392
3693	1334	462
3696	1921	560
3703	2707	286
3704	4087	467
3708	2210	206
3713	1696	383
3724	4024	227
3725	1342	211
3726	949	200
3729	1354	423
3735	1794	136
3735	1794	296
3751	1314	216
3754	1846	306
3768	3442	222
3769	2818	580
3772	2608	200
3778	3689	470
3778	3689	222
3781	2162	444
3789	2099	243
3790	2268	567
3792	2160	266
3795	2343	333
3809	2693	469
3811	3743	499
3812	3836	441
3813	3382	216
3814	1918	255
3815	3283	436
3819	2750	316
3828	2931	185
3835	2951	566
3838	3550	365
3841	2985	427
3847	3397	374
3847	3397	365
3854	2215	412
3856	2476	285
3858	4044	545
3858	4044	515
3863	1711	312
3866	1446	185
3868	2636	447
3872	3628	544
3876	1730	398
3879	3179	414
3885	2022	185
3887	2472	327
3889	2584	272
3889	2584	297
3893	1945	348
3897	1922	522
3899	4172	222
3903	1891	309
3919	3549	469
3924	3048	285
3925	4058	521
3925	4058	517
3927	2284	538
3931	2108	285
3941	2082	374
3947	1109	262
3951	2307	255
3956	1487	255
3975	2283	275
3989	1789	211
3990	2563	278
4002	1865	477
4005	3784	467
4011	3159	492
4016	1640	296
4020	3259	539
4023	2918	514
4026	1977	202
4026	1977	313
4027	2131	500
4034	3141	298
4035	2153	260
4036	1595	281
4040	1306	298
4041	1973	403
4049	2612	243
4049	2612	305
4052	3184	576
4055	1658	291
4056	1975	321
4057	3101	469
4058	2213	390
4065	1756	206
4067	1965	276
4069	1371	370
4070	3522	434
4072	1644	248
4074	1634	402
4075	1990	399
4082	2309	200
4083	2333	403
4105	3069	345
4107	3540	179
4107	3540	178
4109	4495	416
4112	2680	350
4118	4271	364
4124	1495	289
4126	2719	236
4127	2639	401
4129	2610	346
4139	915	245
4144	2891	527
4149	4024	422
4150	3665	505
4150	3665	479
4152	2786	335
4158	4115	462
4161	3776	490
4164	2747	506
4166	2316	285
4167	2785	233
4167	2785	199
4171	2297	445
4174	3840	473
4177	1438	362
4178	3693	550
4188	3350	300
4188	3350	516
4189	4094	332
4193	1314	252
4194	1830	498
4195	2634	457
4199	2445	557
4205	1423	383
4206	2400	200
4207	3814	492
4207	3814	422
4210	1784	406
4212	2455	406
4214	2029	470
4215	2556	222
4218	1532	317
4220	1200	452
4226	1545	331
4227	2468	379
4228	1969	402
4230	2209	467
4231	1869	287
4235	1745	341
4236	2576	152
4236	2576	163
4239	2380	367
4239	2380	455
4240	2713	165
4240	2713	127
4243	1732	325
4244	2876	455
4245	2251	473
4246	2994	445
4247	2540	330
4248	2304	233
4250	3215	359
4261	3053	200
4261	3053	200
4266	2609	200
4271	2021	260
4272	4130	315
4272	4130	253
4274	3401	287
4274	3401	278
4281	2252	345
4283	2234	467
4289	1251	227
4298	3354	285
4298	3354	289
4305	3143	200
4309	2296	321
4311	3239	335
4323	3268	216
4324	2352	237
4324	2352	278
4334	2009	322
4338	1625	259
4342	2667	312
4351	2054	309
4353	3019	282
4353	3019	289
4357	6288	222
4366	2240	206
4370	3020	262
4375	2540	299
4377	3030	310
4377	3030	317
4382	1457	200
4384	1726	226
4387	2156	497
4396	1440	268
4399	4581	481
4399	4581	477
4416	3132	569
4430	3987	239
4435	4683	280
4435	4683	266
4444	2677	237
4452	3360	367
4462	3950	227
4468	3332	335
4468	3332	233
4480	1844	321
4492	4223	328
4492	4223	211
4498	3108	298
4507	2705	339
4512	1558	304
4513	2727	316
4517	1822	361
4518	5770	278
4523	2213	211
4525	7879	211
4527	2850	251
4527	2850	298
4532	10075	250
4535	3504	473
4537	6448	227
4537	6448	270
4539	1923	222
4542	2040	409
4547	7200	271
4552	1316	250
4553	4610	368
4553	4610	423
4555	3575	521
4557	3508	491
4564	2115	250
4569	3931	423
4573	3285	278
4580	6788	227
4584	2109	283
4588	1710	215
4600	2883	255
4601	2455	404
4617	1442	254
4618	1383	238
4619	3026	227
4619	3026	216
4620	1849	239
4621	2180	267
4642	5548	445
4645	3893	443
4646	2804	413
4649	1554	200
4651	9417	253
4651	9417	360
4651	9417	398
4655	2672	332
4659	3734	330
4661	1776	243
4662	4828	239
4662	4828	325
4664	3136	351
4666	2765	222
4674	12534	372
4697	2599	389
4698	6786	237
4710	3284	267
4716	3388	401
4717	1664	206
4720	2617	531
4722	1955	341
4727	2594	308
4732	1802	211
4735	2152	341
4737	2037	361
4738	1865	185
4739	2555	438
4740	2256	298
4741	2203	486
4747	2028	287
4749	3619	538
4753	3998	532
4756	2550	533
4757	2618	524
4759	2363	337
4761	2004	360
4763	1781	293
4764	5182	530
4764	5182	464
4765	2873	526
4766	3067	330
4769	1695	238
4774	2599	316
4775	2350	313
4779	2066	289
4781	2368	278
4784	2488	537
4791	2252	480
4793	1390	433
4794	4101	455
4796	2147	466
4799	3316	540
4807	3645	360
4807	3645	306
4809	4915	357
4809	4915	601
4810	3809	377
4812	2626	546
4813	2890	384
4814	2698	245
4815	5311	553
4815	5311	482
4817	2362	268
4821	2876	513
4828	3517	352
4829	1760	311
4836	2409	475
4837	2039	479
4838	5518	158
4838	5518	148
4842	2142	516
4845	3847	533
4846	2580	314
4846	2580	325
4848	3621	273
4849	3447	401
4853	2074	388
4854	2000	379
4858	1590	508
4862	5335	497
4863	2631	238
4864	1520	257
4865	3426	449
4866	1732	222
4867	2016	356
4875	2646	347
4882	3233	200
4884	2835	520
4887	4274	473
4888	3582	552
4896	1374	185
4899	2243	339
4901	3570	428
4904	3179	649
4906	4586	526
4906	4586	504
4909	3157	393
4911	2850	538
4912	2574	277
4917	4426	573
4918	2564	355
4919	1510	243
4925	2198	159
4931	2705	523
4932	3484	658
4935	4717	376
4935	4717	372
4940	2559	275
4943	2130	455
4944	2511	348
4945	4822	309
4950	2729	206
4951	2980	284
4955	1443	423
4957	3092	350
4957	3092	378
4965	1599	238
4968	2534	340
4968	2534	305
4973	2925	222
4974	2101	380
4975	2511	651
4984	1891	200
4985	3527	247
4985	3527	271
4997	2561	586
5001	4179	416
5001	4179	521
5008	2085	256
5013	3068	544
5017	4545	401
5017	4545	594
5026	2162	617
5030	2527	227
5033	1819	211
5040	2757	379
5043	2865	215
5046	1584	296
5054	2273	548
5060	2623	283
5066	3163	400
5069	4079	398
5074	2438	446
5074	2438	294
5076	3628	620
5078	1907	485
5081	3432	433
5085	3436	570
5088	1578	282
5089	3046	348
5094	1418	308
5095	2471	334
5101	2086	211
5102	4411	454
5103	3638	371
5104	2419	455
5115	3675	524
5116	4051	287
5117	4328	206
5118	2577	630
5121	4181	575
5125	3539	403
5126	2149	553
5130	2465	442
5133	2902	478
5136	2123	498
5138	3725	520
5142	3853	454
5142	3853	587
5144	3001	381
5145	2693	337
5145	2693	262
5149	3402	648
5150	2695	558
5152	1715	200
5153	4198	425
5153	4198	635
5157	3197	443
5160	5127	510
5160	5127	568
5161	4395	534
5161	4395	275
5165	4249	464
5165	4249	412
5167	2147	282
5169	1764	427
5172	1985	432
5173	4587	376
5174	3428	494
5175	2023	379
5176	3640	559
5180	3063	446
5181	2050	303
5191	1990	302
5192	1099	285
5193	2977	502
5194	2901	435
5197	2197	540
5199	2428	527
5201	3110	367
5205	5478	590
5205	5478	225
5206	2193	607
5207	2889	390
5207	2889	475
5210	4427	540
5212	3120	340
5214	1612	222
5218	3706	553
5218	3706	551
5223	2516	410
5225	1789	301
5228	2563	529
5234	1237	268
5239	4011	131
5239	4011	526
5242	2618	400
5244	4475	557
5245	1751	200
5246	3908	605
5250	2528	529
5253	2765	385
5255	2546	335
5255	2546	324
5256	2673	426
5258	1836	283
5259	1474	422
5260	3896	284
5262	2910	336
5264	2815	422
5265	1514	289
5269	5531	546
5269	5531	200
5270	2302	200
5271	4676	560
5271	4676	281
5273	2880	469
5278	1710	185
5283	1516	230
5285	1934	350
5289	2630	300
5292	4864	356
5292	4864	314
5293	2244	455
5301	1834	232
5302	3922	458
5304	2176	216
5305	2545	375
5311	2905	185
5311	2905	313
5313	1670	185
5315	2195	273
5316	2392	357
5316	2392	247
5319	4089	476
5320	3868	567
5322	3402	347
5323	2352	395
5324	3211	315
5324	3211	359
5326	3216	266
5327	2466	305
5327	2466	227
5329	2720	128
5329	2720	346
5333	1122	248
5335	3487	307
5337	4302	211
5338	2534	199
5338	2534	365
5341	2188	230
5342	2232	385
5344	2654	289
5344	2654	315
5345	1336	263
5349	3086	244
5351	2045	276
5353	1856	337
5357	5023	238
5357	5023	266
5361	1911	259
5363	2318	185
5365	1516	328
5366	2374	206
5366	2374	263
5369	1403	367
5373	1763	266
5375	1767	296
5376	2069	249
5377	2455	255
5378	1439	302
5386	1989	315
5389	1990	227
5393	1916	211
5394	2306	315
5398	2354	301
5406	2292	252
5410	1592	311
5411	1884	325
5412	1737	285
5417	2608	200
5420	1566	227
5422	2850	297
5425	1577	308
5426	1554	336
5427	3115	244
5427	3115	208
5429	2143	428
5430	1808	200
5433	2724	244
5438	1873	364
5439	1161	267
5441	2591	316
5450	1738	279
5452	1674	263
5456	3781	301
5456	3781	311
5458	2312	317
5460	2183	292
5461	2483	319
5467	2092	222
5471	2215	340
5475	2424	369
5481	2657	248
5481	2657	316
5485	5192	295
5486	3985	495
5487	1617	262
5495	2282	296
5502	3312	426
5506	2217	340
5508	2438	427
5509	3013	560
5510	2269	310
5513	4569	336
5519	1586	211
5525	2536	187
5525	2536	368
5528	2662	365
5529	2502	375
5531	1396	185
5532	2715	200
5536	3543	293
5536	3543	281
5539	1829	257
5540	2562	160
5540	2562	360
5543	2632	507
5547	3884	558
5549	4250	178
5549	4250	520
5553	1903	227
5555	2679	351
5556	3213	513
5558	4922	553
5558	4922	417
5562	2380	185
5563	4666	438
5563	4666	513
5565	4854	557
5567	2066	292
5568	3080	185
5570	2787	206
5571	1660	447
5573	3738	656
5574	3143	504
5575	2884	577
5576	3165	238
5577	2993	324
5587	4545	185
5590	2332	511
5595	2634	185
5596	3999	755
5599	4100	578
5605	2462	306
5606	1682	346
5609	3385	473
5612	2896	510
5613	1817	460
5616	2723	288
5616	2723	290
5619	1940	454
5621	4043	215
5625	3517	397
5625	3517	314
5628	2357	348
5632	4323	535
5632	4323	174
5632	4323	125
5633	3266	114
5633	3266	308
5637	2927	408
5640	2455	306
5641	4327	469
5643	2931	298
5650	4769	545
5650	4769	529
5652	2141	526
5656	2064	438
5657	1931	215
5658	1782	355
5659	2887	248
5660	3821	349
5661	2824	459
5665	1374	270
5666	4419	323
5666	4419	362
5669	998	243
5672	2475	350
5673	2776	319
5680	884	215
5682	2167	508
5685	1631	200
5689	1842	200
5693	3456	293
5697	1706	400
5698	2665	367
5701	2188	297
5706	1641	293
5708	1595	206
5710	1872	408
5711	2264	264
5716	2388	278
5717	2323	274
5717	2323	185
5719	2626	233
5720	1944	394
5722	1316	334
5725	3199	421
5726	1664	535
5727	2252	395
5771	3412	414
5805	2278	261
5816	2588	247
5817	3121	420
5818	2982	188
5818	2982	254
5824	4021	238
5832	2734	250
5844	1106	185
5845	2900	301
5847	2243	200
5850	2808	216
5851	1515	222
5852	3550	185
5855	2437	233
5906	2547	365
5940	1078	245
5943	3077	211
5946	2694	185
5947	3655	285
5952	1867	291
5960	2255	249
5961	1050	185
5964	3072	238
5966	3710	266
5966	3710	216
5967	3061	215
5967	3061	222
5970	2678	185
5986	2574	326
5991	2762	398
5992	7313	250
5992	7313	247
5998	2160	200
6007	2956	211
6018	5171	410
6018	5171	365
6019	2400	261
6027	3077	413
6031	1568	249
6035	792	200
6038	2031	211
6040	1703	249
6043	3079	215
6050	954	293
6066	3119	291
6078	2733	216
6085	2929	320
6106	5340	410
6106	5340	392
6114	7223	272
6114	7223	342
6137	2265	221
6141	3733	200
6161	2379	484
6173	1250	227
6179	3232	227
6181	2608	421
6196	2919	206
6206	3366	226
6221	3065	417
6228	2931	233
6250	3329	387
6254	2282	586
6255	2383	296
6258	1225	279
6261	2738	447
6263	2542	492
6265	2942	485
6265	2942	345
6269	1852	408
6272	1769	296
6277	1885	302
6285	2497	505
6286	1920	467
6287	1801	255
6288	2832	238
6288	2832	458
6289	1973	354
6291	4589	221
6293	2489	528
6296	2359	546
6297	2899	518
6306	3255	520
6308	2035	242
6313	2427	384
6314	2456	572
6319	2191	459
6322	3095	437
6323	2357	368
6325	5099	354
6327	2455	530
6332	4054	211
6332	4054	318
6338	1944	392
6339	1984	362
6343	2847	340
6347	3915	484
6347	3915	514
6348	3749	378
6348	3749	429
6350	1962	338
6356	3297	560
6361	3596	487
6366	2003	405
6368	3094	484
6375	2037	553
6377	1680	250
6382	2881	521
6384	2616	513
6387	2272	508
6393	2415	539
6397	2512	567
6404	3569	195
6404	3569	268
6405	2681	527
6409	2703	226
6410	2164	286
6412	2210	420
6414	3382	261
6414	3382	500
6416	1526	206
6418	1822	227
6419	2399	601
6420	3098	618
6428	2378	346
6431	2763	531
6437	1571	390
6440	1707	408
6445	1962	486
6446	2407	324
6447	1148	336
6450	1844	253
6452	891	185
6453	1726	369
6457	4769	460
6457	4769	555
6461	2396	357
6462	2433	452
6463	1549	363
6468	1358	251
6469	1202	200
6471	3990	185
6473	1580	309
6474	1894	340
6475	2665	473
6476	1794	406
6478	1724	292
6479	1419	411
6482	3080	546
6485	2470	243
6486	2154	287
6486	2154	344
6495	2015	381
6497	2091	421
6499	2338	430
6500	2770	273
6504	4080	547
6504	4080	348
6505	2050	312
6507	3009	487
6511	1784	185
6512	3262	553
6515	1917	272
6519	2250	392
6521	2490	461
6531	2559	452
6533	3392	540
6537	1552	311
6542	2413	251
6545	2486	244
6552	2717	531
6556	2287	200
6557	2074	501
6558	2168	470
6559	3197	215
6562	2055	301
6579	2295	520
6581	2787	534
6593	2170	267
6596	1648	340
6601	1818	349
6602	3826	561
6602	3826	521
6607	2114	279
6614	2190	301
6624	2389	483
6629	2692	367
6639	2650	211
6640	1515	295
6659	2532	578
6660	1683	245
6666	1221	243
6667	2001	538
6668	3825	568
6670	2688	313
6681	2788	200
6688	1945	526
6692	3779	610
6694	2466	251
6696	2709	467
6698	2856	445
6700	2778	401
6702	4543	645
6703	2179	443
6710	1992	499
6711	2307	520
6713	2351	432
6715	1277	272
6718	3971	423
6719	1970	451
6720	1460	200
6721	5023	567
6723	2200	512
6730	3399	558
6730	3399	134
6730	3399	157
6733	2934	514
6736	3778	482
6737	2113	248
6746	2731	412
6747	1982	253
6748	2882	552
6749	3499	457
6749	3499	326
6750	3584	525
6752	3898	426
6755	3067	491
6757	2182	443
6758	1871	527
6759	1499	325
6760	3852	645
6762	2935	462
6765	2156	430
6773	2351	302
6781	2226	270
6786	2654	469
6789	2690	434
6790	2237	521
6792	1815	453
6793	4665	522
6793	4665	529
6795	1285	227
6796	3369	694
6797	3567	499
6803	1675	327
6804	2121	238
6811	4423	179
6811	4423	145
6815	2482	550
6817	3624	512
6819	1833	443
6824	1746	363
6833	2486	317
6834	1748	353
6835	2037	335
6835	2037	285
6836	2264	398
6838	2507	538
6844	2996	257
6846	1863	315
6846	1863	177
6852	1602	274
6857	2927	546
6860	2811	487
6861	1740	338
6864	2711	459
6877	1839	445
6879	1754	543
6880	2125	386
6885	1610	312
6886	1620	393
6887	2132	524
6896	3369	430
6900	2713	482
6906	1743	191
6906	1743	215
6907	1906	308
6919	1749	422
6920	2883	549
6923	2109	336
6925	2787	185
6926	1630	185
6932	1619	185
6937	2779	259
6937	2779	360
6938	2378	522
6939	2073	245
6942	1913	303
6945	3345	468
6949	3850	437
6955	3310	421
6961	1930	470
6962	2814	554
6963	2015	272
6964	3764	512
6965	2120	267
6966	1841	484
6967	1245	250
6971	1810	449
6972	2197	238
6975	1830	460
6979	1719	507
6980	1578	185
6982	2988	551
6984	2480	426
6987	2002	308
6988	3271	502
6988	3271	282
6989	2299	561
6991	2924	402
6991	2924	452
6993	2302	317
6994	2250	347
6995	1943	435
6997	1464	208
6997	1464	217
6999	2666	477
7008	3211	534
7011	2568	485
7014	2603	291
7016	3054	479
7017	1447	301
7025	3127	330
7031	2067	279
7031	2067	193
7033	1714	275
7036	2149	427
7039	5106	474
7039	5106	445
7043	1014	284
7044	1842	465
7053	1934	215
7053	1934	299
7055	1372	234
7057	1249	436
7061	3087	333
7061	3087	358
7062	1782	464
7063	2256	185
7064	3144	554
7072	2479	234
7072	2479	193
7073	2921	427
7074	4588	587
7076	2269	290
7079	1068	390
7080	1455	448
7081	2634	477
7084	2216	297
7085	4677	427
7088	2093	379
7089	1883	470
7091	2135	503
7094	2421	555
7095	2534	500
7096	2624	522
7099	1956	550
7103	1917	250
7104	2350	549
7108	1919	382
7109	2586	279
7109	2586	354
7110	1956	603
7113	1199	239
7115	2753	322
7115	2753	404
7117	1507	287
7118	2203	542
7119	1221	185
7120	1735	245
7123	2192	328
7123	2192	303
7125	4115	518
7125	4115	510
7126	2640	608
7127	3390	425
7128	1502	318
7130	1205	200
7131	1617	516
7132	1301	345
7133	1795	489
7134	2359	368
7135	1850	354
7138	1447	403
7142	3007	454
7147	1448	313
7149	2145	524
7151	3564	563
7152	3461	343
7152	3461	501
7153	1578	302
7155	1843	484
7159	2174	334
7160	2663	455
7160	2663	372
7161	2671	499
7166	1170	290
7168	1861	358
7170	1107	442
7175	5110	547
7175	5110	460
7183	2400	359
7186	3252	758
7190	1458	461
7192	1285	558
7194	3178	715
7198	2166	254
7199	2280	407
7203	1880	188
7208	2088	510
7209	1742	268
7210	1703	517
7212	2732	185
7214	2254	492
7222	2101	476
7227	2530	211
7228	2713	353
7230	1837	316
7234	2312	417
7245	1711	257
7252	2713	460
7254	1661	318
7255	1691	515
7259	2818	295
7259	2818	518
7262	1987	226
7265	1741	254
7266	2498	342
7269	1202	332
7270	1272	116
7270	1272	116
7272	1959	236
7272	1959	269
7276	2203	535
7282	1142	211
7293	2026	283
7299	2497	289
7301	1600	411
7303	2284	259
7305	2639	517
7309	3389	297
7312	2428	200
7316	3260	211
7317	2206	307
7319	2380	185
7323	3504	431
7326	2513	361
7328	2214	421
7329	1963	310
7335	2750	397
7339	2398	303
7348	2634	389
7351	2665	493
7356	1804	334
7363	3175	206
7363	3175	292
7365	2833	222
7371	2116	444
7387	2746	185
7393	2063	390
7394	3287	319
7399	4595	413
7399	4595	351
7401	2819	482
7405	4627	458
7405	4627	311
7412	2526	436
7413	2743	285
7415	3621	430
7418	4547	467
7425	2257	354
7427	3559	451
7435	2921	255
7436	1929	226
7438	2891	312
7439	3138	256
7443	2353	248
7451	1921	479
7461	2614	399
7462	2428	249
7471	2584	389
7479	2591	267
7482	2553	304
7482	2553	200
7486	2781	431
7489	2314	336
7490	2830	426
7493	1358	298
7497	3972	443
7497	3972	348
7505	2223	226
7512	2491	397
7518	1740	379
7522	2382	206
7532	3987	375
7539	2118	185
7543	3175	429
7545	3438	358
7562	2204	262
7563	3461	211
7594	2334	261
7595	1908	345
7611	2989	325
7613	2512	206
7627	2737	451
7628	3488	359
7681	4467	474
7695	2491	405
7710	2660	200
7738	1859	255
7748	1764	254
7785	1774	414
7790	1516	185
7794	1854	265
7802	1254	185
7808	917	185
7822	3979	356
7824	2601	185
7829	2780	232
7829	2780	185
7834	3540	449
7845	2970	265
7866	2488	233
7867	1207	211
7869	2261	200
7871	1340	222
7893	2270	185
7904	3378	329
7910	1469	185
7915	2442	221
7915	2442	211
7917	1368	320
7925	4154	347
7932	2963	499
7975	2614	327
7980	4605	297
7982	1320	324
7984	2673	335
8006	1114	256
8011	2291	362
8015	3208	185
8020	3422	283
8022	1950	298
8043	2354	317
8048	3156	295
8053	3292	385
8058	2869	314
8061	1989	149
8061	1989	150
8069	2034	320
8071	2420	344
8071	2420	211
8073	2330	268
8075	2837	500
8076	2656	388
8080	3132	557
8084	2151	415
8085	1942	295
8087	1789	555
8093	4724	307
8094	2702	312
8096	3938	545
8097	3022	329
8100	2253	281
8101	2579	364
8102	2500	368
8108	3834	317
8108	3834	631
8110	2955	453
8114	2780	378
8114	2780	332
8115	2355	410
8117	2544	185
8120	2496	459
8122	3776	416
8125	2041	253
8126	3676	283
8127	3613	549
8134	2624	422
8144	2395	316
8145	2644	246
8145	2644	249
8146	3041	427
8154	2797	232
8162	2203	636
8164	2652	511
8166	3034	606
8167	2839	464
8168	1691	365
8171	3152	514
8172	4303	399
8176	2303	590
8184	1604	475
8199	4147	330
8199	4147	409
8201	5125	338
8205	3811	518
8206	3284	534
8207	6184	436
8211	2479	200
8214	2053	415
8218	3372	200
8221	3955	391
8223	2969	200
8224	3881	641
8227	3054	547
8230	3956	584
8232	2136	211
8237	5410	527
8237	5410	373
8240	3073	277
8240	3073	348
8242	2715	326
8243	3576	313
8245	3191	359
8245	3191	508
8246	2680	456
8249	5428	510
8249	5428	538
8252	2239	315
8252	2239	257
8255	2885	505
8256	2515	362
8258	1920	185
8259	2571	238
8263	2907	539
8269	2202	505
8272	5115	305
8272	5115	520
8274	3343	591
8276	4919	330
8276	4919	380
8279	2282	558
8281	3089	308
8286	2298	267
8286	2298	303
8288	3263	640
8290	3328	493
8291	3166	259
8291	3166	245
8293	4521	547
8293	4521	371
8294	3343	486
8295	4580	246
8295	4580	170
8296	4882	567
8297	4183	232
8297	4183	368
8298	3008	529
8300	3967	440
8300	3967	384
8301	5412	733
8301	5412	347
8302	2990	541
8306	3452	463
8307	4276	323
8307	4276	276
8307	4276	101
8308	1829	238
8309	1737	138
8309	1737	138
8312	3710	408
8316	2419	558
8321	3035	396
8323	2931	520
8327	3353	303
8329	2258	600
8335	4052	412
8340	4207	527
8343	2578	598
8346	4126	287
8346	4126	365
8348	2750	537
8353	4701	503
8354	2772	614
8355	2712	465
8356	2902	389
8358	2566	127
8358	2566	278
8359	1970	266
8360	3298	426
8361	2978	211
8363	3340	581
8364	1746	314
8366	2685	540
8367	3613	276
8372	2279	404
8374	4806	500
8374	4806	476
8375	3277	545
8377	2731	465
8378	2413	356
8379	4703	488
8379	4703	472
8383	1618	488
8385	5201	438
8388	2605	357
8390	1674	185
8398	2095	185
8402	3836	442
8403	2813	424
8407	3043	465
8409	2779	567
8411	2971	329
8412	1680	408
8413	2323	271
8415	2769	427
8417	3752	350
8418	2903	476
8420	3625	489
8423	4484	564
8424	1960	185
8426	2693	315
8433	2393	293
8435	2208	503
8441	2898	505
8449	3784	536
8450	1840	482
8451	3161	568
8453	2161	185
8458	4041	481
8458	4041	443
8460	2405	534
8463	2321	434
8466	4356	636
8468	3364	576
8472	2381	386
8473	3917	596
8479	1902	253
8479	1902	312
8481	2413	277
8491	2651	458
8494	3238	435
8495	3182	525
8496	2463	551
8503	2023	457
8504	2368	255
8505	3297	490
8506	3382	410
8507	3918	562
8508	2436	348
8510	3214	324
8510	3214	261
8511	2390	437
8519	2144	367
8521	2600	390
8522	3495	230
8522	3495	327
8523	1958	262
8527	2765	430
8537	3546	454
8542	1696	185
8544	2026	314
8548	3295	389
8550	2694	434
8551	3665	529
8552	3000	337
8552	3000	257
8553	2554	543
8555	2830	261
8559	1593	321
8560	2248	249
8563	2597	564
8569	1761	262
8576	1244	479
8577	1771	337
8586	2702	551
8591	3138	557
8593	4295	402
8594	704	249
8596	3654	353
8602	4898	592
8606	4023	206
8607	3010	257
8607	3010	388
8609	3702	501
8616	2323	248
8620	1259	261
8622	2295	402
8626	2881	494
8627	3571	460
8629	2002	284
8630	3607	286
8633	4126	536
8638	2957	274
8643	2508	544
8645	4080	185
8654	2566	325
8654	2566	192
8655	1838	185
8657	2153	511
8658	2389	384
8661	2992	551
8662	2021	282
8667	1957	284
8668	5062	576
8668	5062	135
8668	5062	265
8671	2414	605
8682	2480	497
8687	3629	427
8687	3629	385
8690	2080	445
8691	2774	515
8696	2377	424
8697	1902	337
8698	3167	471
8702	2499	547
8706	2774	504
8708	4904	508
8710	1858	307
8711	3518	513
8712	1227	319
8713	1189	161
8713	1189	184
8717	2619	448
8719	3934	550
8719	3934	365
8721	3774	396
8725	3247	258
8731	3187	257
8731	3187	336
8736	2318	312
8739	2759	343
8740	3241	483
8745	2942	290
8745	2942	316
8751	2712	472
8753	1731	513
8754	1475	263
8755	2598	370
8757	1904	185
8760	2213	245
8761	2854	317
8761	2854	360
8763	3658	459
8765	2021	232
8766	2929	349
8767	1750	361
8768	2507	264
8769	1483	302
8770	3542	461
8774	3142	185
8776	2979	500
8780	2305	247
8781	2484	284
8781	2484	281
8784	2949	425
8785	2145	238
8788	2349	232
8788	2349	334
8789	2363	326
8791	1383	322
8792	3093	262
8796	2357	290
8804	2058	301
8809	2935	550
8810	3366	513
8812	2881	401
8814	2035	302
8815	2102	259
8816	2445	566
8817	2312	313
8826	3163	277
8826	3163	326
8827	2162	185
8828	2721	485
8830	2020	528
8831	2010	280
8833	1446	283
8834	3252	429
8835	2595	161
8835	2595	134
8837	3147	530
8839	2822	280
8839	2822	284
8840	2793	329
8841	2328	339
8842	3568	457
8844	2635	357
8845	2239	489
8852	3334	248
8853	2975	355
8853	2975	341
8859	2641	446
8863	2855	362
8864	2489	250
8866	3830	543
8866	3830	356
8870	2267	341
8870	2267	285
8876	2033	365
8878	2705	535
8879	3277	460
8883	3255	294
8883	3255	460
8885	2632	495
8889	3881	481
8896	1286	496
8898	2567	509
8902	3332	303
8907	2605	381
8910	3631	526
8911	2593	509
8913	4138	446
8913	4138	346
8915	2559	382
8918	3031	437
8919	2933	775
8921	3978	230
8921	3978	469
8922	3790	359
8922	3790	559
8942	2389	378
8945	3880	534
8947	2522	472
8950	2257	509
8952	2183	398
8959	1767	392
8968	3428	623
8970	2446	515
8972	2071	221
8973	1562	404
8978	2047	332
8985	3797	298
8985	3797	514
8987	2496	259
8990	2180	574
8996	3076	548
9008	1575	365
9013	2705	548
9019	3601	412
9020	3188	326
9023	3669	542
9025	1663	299
9026	2735	633
9029	1412	238
9030	2466	482
9031	2217	492
9032	1522	511
9036	2956	260
9036	2956	367
9038	3047	476
9041	4056	588
9046	3226	565
9046	3226	284
9052	2381	558
9055	3366	478
9056	3505	708
9059	2223	419
9062	2392	329
9068	2345	374
9069	2684	483
9075	2565	304
9075	2565	154
9077	2361	436
9082	3186	482
9083	2221	227
9083	2221	143
9085	2842	617
9089	1485	261
9090	2419	371
9095	2312	222
9099	4377	663
9099	4377	66
9099	4377	354
9100	5191	358
9107	2634	262
9109	3314	568
9110	2658	581
9114	2725	302
9116	2615	401
9122	4215	406
9123	2348	298
9129	2526	391
9134	3630	576
9134	3630	228
9135	2308	264
9149	2178	316
9152	2999	501
9153	3133	354
9154	1896	291
9156	1217	273
9159	3116	522
9161	1628	232
9165	3225	478
9167	2197	313
9170	2257	255
9176	2676	428
9177	2205	507
9178	2082	367
9189	1841	291
9192	1877	467
9198	2028	444
9199	2544	485
9205	2419	419
9207	2280	479
9208	2625	391
9216	2118	446
9217	2343	471
9220	2813	443
9221	2944	483
9223	2083	198
9223	2083	140
9228	1487	227
9229	2185	531
9233	2650	282
9233	2650	403
9234	2987	349
9235	1995	274
9239	2379	453
9253	3015	200
9254	2348	506
9260	5738	488
9260	5738	832
9267	1931	163
9267	1931	151
9271	2116	346
9277	3868	375
9279	2348	311
9280	2534	158
9280	2534	385
9283	2674	231
9283	2674	199
9286	2507	430
9288	2471	381
9291	3065	495
9295	2855	499
9299	2983	556
9300	2405	424
9301	1842	287
9302	2548	464
9303	4803	324
9309	2866	200
9312	1246	292
9317	2491	396
9320	1791	546
9323	2864	349
9325	3933	296
9325	3933	370
9327	3539	272
9327	3539	532
9329	4143	579
9330	2838	476
9332	2259	311
9335	2758	330
9338	2016	524
9346	1295	294
9351	2995	465
9352	1925	341
9353	3196	259
9355	1642	185
9357	2556	261
9358	1990	287
9366	2724	321
9368	3904	250
9380	1979	185
9381	3115	593
9383	2672	470
9384	3205	497
9398	4343	475
9398	4343	504
9401	4644	560
9401	4644	308
9405	2403	476
9406	2562	316
9410	4365	364
9413	5966	830
9415	3518	534
9421	6371	832
9421	6371	654
9426	3253	540
9431	4165	742
9439	3226	505
9439	3226	301
9448	4242	628
9451	3179	348
9452	5868	495
9455	3159	283
9457	2664	478
9465	2458	445
9469	4861	211
9472	4589	390
9472	4589	320
9477	2490	488
9478	1706	271
9482	1892	485
9486	4112	245
9486	4112	154
9486	4112	282
9491	2779	543
9492	3009	381
9503	2587	549
9509	2408	443
9510	3040	273
9516	2822	498
9517	2733	336
9525	2716	501
9527	2860	263
9528	3522	251
9530	3718	520
9531	4078	511
9531	4078	373
9532	2635	495
9534	2954	446
9535	3563	401
9536	3238	273
9537	2179	256
9546	2755	200
9550	2320	529
9554	5262	809
9562	2157	200
9563	1986	556
9567	1629	250
9572	2863	501
9575	4490	531
9587	3087	548
9591	2903	329
9595	2243	211
9596	2598	311
9596	2598	299
9599	4784	462
9599	4784	465
9600	3095	371
9602	3464	395
9602	3464	198
9603	2309	185
9605	2989	486
9608	2485	351
9621	2381	556
9625	2498	581
9628	2106	502
9630	3074	507
9631	3276	351
9636	5541	185
9639	2964	298
9640	2801	402
9644	2075	241
9647	3144	537
9650	3104	424
9651	2926	473
9652	4079	539
9659	5133	486
9668	4522	446
9675	2991	227
9679	1427	468
9682	4484	567
9682	4484	565
9683	2761	361
9683	2761	315
9684	2686	291
9690	4479	534
9690	4479	467
9691	3032	499
9699	1411	378
9702	2891	371
9704	2617	498
9705	2232	373
9710	2931	607
9711	4110	528
9713	2093	351
9714	4416	400
9716	2456	397
9718	4239	448
9718	4239	477
9720	4503	508
9721	3154	353
9728	2181	200
9729	3987	539
9732	4143	294
9732	4143	360
9734	3538	455
9734	3538	207
9734	3538	170
9735	2311	547
9744	3586	406
9744	3586	291
9745	3331	807
9746	3395	474
9748	2648	376
9749	3855	483
9752	3828	477
9754	2901	558
9755	2126	278
9759	2223	397
9760	3070	243
9761	3120	431
9764	1969	392
9766	3916	335
9766	3916	263
9767	2770	455
9771	1723	234
9772	2546	447
9773	2187	491
9775	2234	305
9776	2754	337
9777	2733	330
9777	2733	276
9778	4566	443
9778	4566	513
9781	2360	515
9782	2153	211
9782	2153	191
9784	2849	354
9784	2849	328
9787	1753	370
9788	3641	396
9789	2509	512
9791	3454	500
9793	1945	418
9794	3182	388
9796	2615	351
9799	2099	248
9803	1530	348
9808	2135	536
9811	2743	483
9812	3113	577
9814	3001	400
9816	5382	592
9822	1829	211
9823	5455	388
9823	5455	507
9826	3034	315
9826	3034	334
9827	2201	283
9827	2201	150
9828	3834	584
9832	4949	565
9834	3039	284
9838	1649	376
9842	2146	440
9847	2517	270
9849	2854	574
9854	4000	584
9855	4640	508
9855	4640	428
9856	1780	324
9863	2146	216
9864	2440	295
9864	2440	311
9865	6471	408
9865	6471	405
9866	3685	286
9870	4870	811
9875	1982	389
9878	2314	326
9880	3600	416
9882	2480	384
9883	3988	537
9884	2658	379
9887	3007	542
9888	3076	581
9889	3832	499
9889	3832	252
9891	3661	592
9892	4083	854
9893	2234	276
9893	2234	220
9895	2108	280
9896	3743	581
9900	3253	559
9904	3861	255
9905	3368	549
9906	2114	346
9907	1616	274
9909	4055	475
9910	4444	603
9910	4444	481
9912	3426	315
9913	3688	502
9919	1334	385
9920	1843	459
9923	2587	429
9924	3134	468
9928	2450	356
9929	2801	557
9930	6211	453
9930	6211	565
9933	4771	663
9933	4771	386
9939	6185	495
9940	2940	452
9943	4304	691
9944	3549	549
9945	2866	216
9949	3029	482
9950	4928	326
9950	4928	211
9951	2006	334
9952	2225	388
9958	2675	291
9959	3126	592
9963	2602	405
9967	2545	483
9970	2220	375
9972	2324	558
9974	2634	485
9979	4245	387
9979	4245	550
9980	4071	719
9984	4904	700
9985	2931	560
9986	2367	200
9997	2350	394
9999	3884	365
10000	1500	441
10003	2089	447
10004	3527	526
10008	2379	185
10009	4386	515
10009	4386	156
10011	4541	556
10013	2425	537
10019	3114	472
10020	3750	583
10020	3750	341
10021	2983	500
10022	2922	311
10026	5986	865
10029	2341	244
10029	2341	243
10030	3833	605
10030	3833	437
10031	2604	211
10039	2665	534
10042	2333	501
10044	2763	306
10044	2763	337
10045	2553	529
10046	3177	346
10049	2308	227
10049	2308	215
10050	2393	339
10052	2235	503
10059	3589	524
10059	3589	401
10060	2254	270
10063	2274	434
10064	2136	421
10066	3627	471
10067	2253	496
10071	2514	529
10072	3111	447
10076	2330	259
10076	2330	196
10079	1687	467
10081	3141	476
10095	2482	487
10096	3638	440
10097	2888	245
10098	2995	565
10100	3380	619
10101	2591	238
10103	2542	481
10106	2372	475
10108	3558	522
10113	1977	430
10117	3683	779
10119	2059	442
10121	2922	543
10122	3316	517
10123	3639	775
10125	3637	487
10129	1362	197
10130	4127	671
10131	2917	527
10133	2573	244
10134	2838	244
10138	2278	205
10138	2278	259
10140	2253	296
10141	1997	493
10142	2473	423
10143	3155	521
10144	2688	481
10150	2580	396
10155	1926	494
10157	3417	406
10158	3437	564
10166	2442	513
10167	2732	573
10168	2158	316
10171	2703	382
10173	3503	424
10174	2600	533
10175	3732	312
10179	3058	714
10191	2623	502
10194	3432	390
10195	1343	185
10197	1952	457
