0	18248	26166
6	2204	396
8	2630	557
27	4031	358
31	2510	156
31	2510	134
33	1896	329
35	2934	515
36	3361	261
37	2383	495
39	2741	451
40	3238	534
43	2905	426
44	3967	371
46	4307	529
48	1455	467
49	5131	301
49	5131	264
50	2311	563
51	2758	399
52	4034	653
55	2821	211
59	5833	542
62	1770	372
66	2337	675
67	2548	567
69	2804	348
71	2307	341
74	1746	233
75	4949	288
75	4949	388
77	2883	273
83	4408	298
84	1448	349
91	5321	809
106	4810	387
106	4810	443
108	2448	576
112	1186	290
113	3251	386
117	2169	549
118	2491	185
118	2491	422
120	2712	562
122	3109	352
122	3109	188
124	3261	401
128	3090	503
134	3346	783
138	4198	384
139	4214	506
140	2091	335
142	1760	343
147	5766	257
147	5766	310
149	2324	557
153	2407	325
154	2988	415
160	3078	372
162	1106	463
164	3172	442
166	2481	466
167	5605	517
167	5605	556
170	3636	269
170	3636	389
176	3918	396
180	2288	355
183	3026	481
184	3038	538
190	3089	261
193	2282	352
194	5787	364
199	2228	337
206	4051	488
212	1551	325
215	3661	558
215	3661	572
217	1921	568
221	2298	624
222	2087	370
223	4111	262
225	1845	358
226	3659	554
227	5062	546
227	5062	468
229	2510	281
230	3734	454
232	3021	595
235	4263	346
235	4263	150
235	4263	221
237	2668	545
238	1807	369
244	3615	584
245	3510	237
247	2361	280
248	2347	248
250	3044	693
252	1210	315
254	3315	507
258	3172	534
260	3805	313
261	2422	226
267	3935	277
267	3935	461
268	2496	566
276	3110	584
278	1180	292
281	2625	312
283	2865	491
286	3817	461
286	3817	410
294	3331	547
298	3534	454
313	1814	554
319	2126	515
321	2222	422
323	1847	226
326	1864	498
327	2358	316
329	2363	545
330	3812	407
334	3404	708
339	1837	350
344	3548	371
347	4176	535
348	2195	589
349	5612	437
352	2745	574
355	5170	263
355	5170	259
356	1581	310
363	2915	349
366	3376	319
369	5171	185
370	3424	512
371	3318	587
372	2718	466
377	3150	856
388	1886	160
388	1886	203
413	3093	608
414	1304	185
423	2583	297
425	2475	350
425	2475	342
427	2303	415
429	2391	465
433	2074	276
438	1534	487
445	5564	422
445	5564	284
447	2335	336
453	3172	493
453	3172	516
455	1963	562
463	4661	497
467	5500	312
471	2320	215
472	3508	423
474	3776	303
474	3776	182
474	3776	146
475	2750	297
479	1657	508
480	1981	343
487	2183	622
488	4630	491
488	4630	451
492	2099	478
497	1924	418
499	2545	474
500	2284	296
504	2374	568
511	2208	323
512	3811	473
512	3811	430
514	2276	422
525	2544	429
529	1526	285
530	1924	272
531	3792	484
532	5702	442
533	2390	425
543	4757	507
543	4757	473
545	2494	285
551	2098	276
553	2550	299
558	2557	270
558	2557	314
570	2652	601
571	1807	296
579	2253	499
580	3817	468
584	3186	324
584	3186	283
588	1725	288
589	3289	641
593	2269	339
601	2002	306
602	2139	395
604	3109	232
604	3109	351
605	2048	293
606	4786	445
606	4786	346
610	2283	387
614	1633	232
621	4454	457
621	4454	408
624	2361	381
627	2020	238
632	1313	351
634	2104	340
647	2082	295
648	3088	389
648	3088	321
649	2223	250
650	2164	536
651	1838	244
654	2763	215
656	2912	395
657	2252	339
659	2238	244
664	2715	178
664	2715	167
667	5210	531
671	2682	370
673	894	258
675	4961	512
675	4961	520
677	2811	185
678	4264	534
681	2991	295
688	2499	380
691	1207	254
693	1671	200
694	1109	288
695	4956	401
699	2473	422
700	2288	477
704	4002	386
704	4002	185
712	1377	375
714	2129	264
714	2129	185
715	2358	305
717	3007	216
726	3856	254
728	2288	185
730	4755	185
730	4755	470
738	1832	366
741	3107	315
744	1830	418
760	1255	473
762	3838	206
765	3281	379
772	2608	219
772	2608	341
773	2409	400
774	3739	400
775	2440	539
777	2157	429
779	2307	452
784	3038	322
784	3038	126
786	3190	328
788	1627	501
800	912	233
811	1919	343
816	4672	604
819	2863	337
824	1820	576
826	1496	303
830	2567	345
834	2120	249
838	2015	333
844	3256	616
846	3112	402
851	2666	170
851	2666	412
852	3912	261
852	3912	343
856	1506	259
857	2643	559
865	3427	607
866	2122	492
868	1830	309
869	2246	185
873	2391	565
874	1705	332
878	2811	340
880	3668	366
880	3668	337
882	1910	358
885	1687	535
890	1926	580
902	3394	461
904	1876	328
906	2747	330
907	2118	227
915	2689	418
917	3301	557
919	3342	238
923	664	243
926	2542	409
929	3177	310
930	1606	382
936	2690	320
941	2601	310
942	1570	440
950	2252	364
957	3581	631
960	1177	340
961	2968	526
965	2434	554
970	2056	357
978	2707	200
981	2849	588
985	4373	295
987	4011	600
990	2740	493
998	2607	515
1001	4757	491
1007	2304	473
1010	2628	606
1017	1776	446
1023	1618	355
1029	4680	253
1031	4559	347
1033	3525	514
1035	3576	597
1037	3160	467
1043	3470	600
1048	2599	378
1049	2385	226
1057	3232	323
1060	3162	478
1062	2079	300
1062	2079	271
1066	1618	551
1070	2972	381
1090	2583	335
1092	1571	222
1094	2057	334
1100	2111	520
1103	4118	585
1103	4118	230
1105	2399	383
1106	2735	506
1111	1538	200
1113	3231	383
1118	3244	653
1128	2428	353
1129	1827	233
1135	3530	557
1142	2781	281
1144	1773	338
1146	3559	295
1157	2709	561
1159	1670	318
1167	3091	338
1169	3854	308
1170	2506	232
1174	3856	340
1179	1843	317
1185	2911	200
1185	2911	243
1189	2373	307
1192	2137	408
1196	1937	356
1198	4031	525
1200	2916	350
1200	2916	260
1212	2009	185
1216	4736	597
1218	4318	269
1220	3305	582
1221	2739	351
1226	2350	406
1229	2061	330
1237	1245	324
1243	2767	397
1245	3118	560
1246	2143	454
1249	2812	523
1253	2221	335
1256	1776	335
1258	1766	283
1259	3884	359
1259	3884	358
1262	2102	185
1264	2167	287
1271	2266	537
1278	1883	435
1279	2777	222
1281	2486	339
1284	2992	530
1285	2178	610
1287	2027	216
1289	2321	365
1292	2800	496
1294	2649	405
1296	4140	549
1296	4140	481
1297	2403	215
1301	3100	469
1303	1478	300
1304	2028	543
1309	4770	254
1309	4770	541
1310	2161	405
1311	3507	381
1312	3374	588
1324	1560	318
1326	2330	394
1333	2434	253
1336	2480	341
1336	2480	283
1341	4235	365
1343	2777	414
1346	2830	377
1351	2227	566
1357	2614	435
1360	2523	536
1365	2626	578
1369	2122	372
1380	3064	492
1382	4110	386
1385	2345	519
1386	2914	371
1389	3829	425
1391	2385	466
1393	2098	645
1396	1800	356
1403	2059	309
1407	4379	499
1408	3734	545
1408	3734	384
1410	2219	482
1411	1081	356
1416	1449	374
1419	2350	463
1421	3237	582
1424	1561	417
1433	3483	407
1438	2038	276
1440	2213	332
1443	3374	456
1443	3374	266
1444	3448	621
1449	4393	218
1449	4393	305
1451	2157	603
1452	1732	354
1455	2048	364
1456	3682	538
1457	2523	353
1459	1762	149
1459	1762	194
1463	2222	542
1464	2300	261
1468	4092	614
1468	4092	435
1473	3271	363
1475	2194	458
1476	2343	282
1480	2142	356
1481	2461	264
1482	3037	577
1483	2117	489
1486	3690	556
1487	3033	579
1489	3242	490
1493	1889	618
1494	2348	185
1495	4306	517
1498	3464	592
1500	2908	317
1503	2099	185
1504	2594	592
1506	2020	353
1507	2400	561
1508	2099	430
1517	3501	355
1519	1023	294
1521	2574	279
1523	2064	617
1524	2357	413
1525	4067	596
1529	2372	197
1529	2372	198
1534	1500	490
1544	1575	461
1547	1959	249
1550	2194	511
1554	2679	566
1558	2078	200
1561	2992	153
1561	2992	178
1566	1787	200
1567	1485	337
1569	3442	289
1573	3535	215
1578	2019	345
1580	2051	439
1581	2817	221
1587	3401	512
1588	1657	211
1590	1931	185
1593	3415	379
1596	4047	589
1597	1895	323
1600	1675	185
1604	1783	507
1608	2213	490
1616	1658	284
1617	2679	428
1620	2178	396
1621	1632	447
1627	2006	450
1634	1576	185
1636	3142	331
1637	2800	582
1639	1429	250
1640	2114	415
1645	3475	275
1646	2202	412
1647	2239	566
1648	2073	274
1650	2848	615
1656	2385	454
1657	1602	320
1659	2443	497
1666	2020	237
1667	1796	546
1673	3183	264
1673	3183	134
1673	3183	262
1676	4216	524
1677	1976	454
1683	2221	406
1685	3702	299
1685	3702	439
1687	2130	478
1690	2667	310
1692	3359	471
1695	3844	494
1695	3844	166
1696	1285	211
1697	2562	243
1699	1846	382
1703	2339	506
1704	1871	185
1705	1550	351
1706	2138	185
1707	3099	238
1708	2839	258
1708	2839	263
1709	2469	493
1710	3506	493
1710	3506	512
1711	1750	477
1712	2907	463
1714	2037	199
1714	2037	264
1715	1862	200
1718	1995	283
1719	2118	414
1720	3164	556
1721	1911	292
1724	3440	200
1726	2069	417
1727	2696	541
1730	1661	522
1733	2772	468
1736	3574	407
1736	3574	111
1740	3698	431
1742	2402	391
1744	2247	216
1757	2892	322
1757	2892	410
1758	4597	242
1758	4597	525
1761	1382	307
1763	1878	326
1765	1155	351
1766	1923	495
1768	2160	353
1768	2160	317
1772	3161	510
1774	2942	561
1775	1120	352
1779	1888	354
1783	2197	506
1787	2166	364
1791	4449	611
1791	4449	591
1793	2492	211
1801	3111	577
1802	2362	417
1803	2674	424
1804	4604	548
1810	1841	532
1813	4302	400
1814	3211	272
1814	3211	144
1820	3643	555
1821	3516	609
1822	1872	338
1823	2126	580
1825	2066	469
1829	3905	255
1829	3905	214
1832	3475	665
1834	2013	309
1835	2307	355
1836	1922	535
1838	3725	393
1839	2254	302
1840	3767	418
1844	1429	487
1846	2382	597
1847	1595	392
1849	1917	276
1851	1726	368
1853	2263	280
1856	3425	572
1857	2203	551
1862	3155	508
1863	2522	581
1869	1957	432
1870	1413	348
1874	1488	266
1875	2073	349
1876	2419	338
1878	2399	465
1882	4442	599
1882	4442	372
1883	3113	502
1887	2351	315
1893	1620	287
1895	2974	540
1899	1891	595
1900	2483	360
1900	2483	325
1906	1375	341
1909	3708	141
1909	3708	475
1910	4261	560
1910	4261	222
1910	4261	236
1912	2031	427
1914	2808	567
1915	3707	593
1916	2338	261
1918	1894	445
1933	1938	259
1935	2801	553
1941	2370	465
1943	2432	415
1945	2196	587
1949	1734	431
1953	1794	480
1958	2136	568
1960	2931	320
1961	2214	447
1965	2879	185
1966	3878	371
1966	3878	344
1972	2687	338
1975	2891	422
1977	1305	380
1980	3094	414
1980	3094	434
1984	3751	397
1991	1527	185
1999	2709	402
2000	2566	621
2020	3180	643
2021	2186	272
2024	3698	411
2024	3698	151
2024	3698	195
2025	2394	387
2026	2366	378
2032	3036	286
2038	2123	206
2039	2851	240
2039	2851	398
2040	4219	358
2043	2775	513
2044	2228	286
2050	2129	307
2051	3119	211
2053	2919	564
2058	2088	474
2061	2253	324
2062	2213	249
2063	2250	439
2067	1792	556
2073	2534	179
2073	2534	167
2074	3252	378
2075	4167	582
2081	4643	298
2091	2385	387
2092	1857	310
2095	1561	469
2101	3887	488
2101	3887	266
2104	1915	365
2106	2153	369
2114	1006	264
2117	3615	316
2117	3615	450
2117	3615	123
2118	2637	521
2120	2557	394
2121	2010	254
2122	1421	279
2126	1771	332
2129	3102	291
2134	2868	683
2139	2278	461
2140	1881	308
2142	3726	545
2145	1543	294
2147	3082	227
2151	2838	250
2158	878	335
2164	1905	430
2177	2669	341
2186	2823	287
2187	2507	330
2189	1909	371
2192	1597	268
2198	2378	599
2204	2561	321
2205	1716	537
2208	2129	524
2209	3121	442
2212	2632	512
2217	2461	340
2217	2461	293
2218	1742	387
2220	2620	227
2221	1787	289
2222	3098	352
2226	3414	299
2228	2236	350
2232	1843	332
2237	2919	532
2240	2422	577
2247	1803	230
2253	2281	430
2254	1738	226
2258	2451	277
2260	1878	419
2261	2329	483
2267	1890	334
2270	2343	613
2272	2589	580
2276	1690	490
2279	2058	532
2281	2980	436
2282	3128	563
2283	3280	252
2283	3280	389
2285	2616	543
2288	1542	275
2290	1996	410
2292	2122	486
2294	2860	517
2308	3057	398
2309	3064	189
2309	3064	217
2311	2769	211
2313	4006	834
2314	2424	320
2316	2489	615
2317	2285	217
2317	2285	239
2327	2223	549
2332	1897	498
2333	1468	410
2334	1516	490
2335	2248	253
2337	2800	486
2338	2830	379
2338	2830	348
2339	1872	310
2340	2059	339
2348	2917	442
2355	2762	276
2366	1746	200
2368	1663	216
2369	1030	273
2378	2231	496
2379	1758	255
2383	3946	545
2385	2338	309
2387	2401	439
2391	3022	430
2392	3169	577
2400	2585	487
2401	3065	797
2402	1960	417
2403	3015	550
2404	4450	648
2410	2833	613
2411	2701	704
2413	2531	600
2417	4304	579
2423	3789	583
2425	5378	254
2431	2887	603
2434	2018	552
2437	1857	185
2438	5902	359
2439	4853	411
2439	4853	589
2442	4777	244
2444	3855	404
2445	2128	390
2446	2115	574
2447	3005	430
2447	3005	223
2450	3097	603
2455	4177	500
2455	4177	412
2456	3278	367
2456	3278	314
2458	1881	475
2461	6857	378
2464	2082	565
2467	2088	513
2469	3798	378
2470	1963	521
2471	3854	582
2473	3123	578
2474	2736	532
2475	3073	487
2477	2263	429
2479	3412	233
2482	1954	185
2484	5635	509
2485	3667	602
2487	2556	200
2489	1776	466
2492	2536	576
2493	2995	259
2494	1499	375
2496	2165	232
2498	3170	404
2498	3170	327
2500	2126	335
2502	2343	185
2505	2414	230
2509	1775	413
2513	3341	469
2519	4445	410
2520	1664	246
2520	1664	247
2525	3617	603
2529	4837	272
2529	4837	344
2533	1762	384
2538	1330	324
2539	1847	293
2544	3809	324
2544	3809	238
2547	4029	592
2549	1457	238
2550	3368	623
2552	3395	607
2556	2987	437
2559	2400	594
2560	2423	546
2562	5199	347
2562	5199	365
2564	1898	475
2566	2161	572
2569	2007	440
2574	2606	404
2578	4363	602
2579	3765	557
2580	3566	362
2580	3566	607
2582	2191	387
2585	2032	598
2589	2835	350
2593	2182	601
2602	1767	515
2603	5426	261
2603	5426	623
2603	5426	323
2605	2665	667
2611	3600	527
2614	3855	211
2616	1660	410
2618	3401	450
2620	3354	589
2620	3354	285
2621	3451	519
2623	3751	427
2624	3412	424
2639	2000	200
2641	2423	448
2643	2144	275
2644	2559	602
2648	1871	416
2649	2101	410
2660	1967	372
2668	2239	382
2669	2948	526
2672	2921	576
2676	5918	341
2680	1570	440
2683	2999	519
2690	5828	555
2691	1787	373
2692	6523	279
2696	4004	443
2696	4004	320
2697	2398	237
2703	3771	574
2708	2823	607
2709	2850	545
2715	1616	783
2717	2300	350
2721	6224	468
2721	6224	500
2723	6672	556
2728	2026	282
2732	1744	394
2734	1919	400
2740	1460	348
2741	4438	432
2742	3623	603
2742	3623	225
2747	2702	213
2747	2702	216
2748	5071	328
2763	5328	495
2764	4630	496
2764	4630	344
2767	1313	543
2771	3565	583
2772	3049	792
2777	1814	333
2783	2776	406
2785	5426	211
2785	5426	491
2789	3688	343
2790	2829	265
2795	4334	827
2797	2278	593
2798	1962	431
2800	3470	746
2806	2470	617
2807	6002	303
2810	2395	343
2812	4383	317
2812	4383	627
2814	3615	539
2816	1375	200
2823	4611	519
2827	983	297
2831	2562	584
2836	5475	543
2838	2725	242
2839	6807	459
2839	6807	350
2843	1756	259
2844	3669	655
2846	6222	366
2846	6222	362
2850	2687	185
2851	5111	286
2864	5304	502
2869	4427	418
2869	4427	547
2876	5165	224
2876	5165	196
2877	2205	330
2877	2205	174
2885	2200	492
2886	1539	315
2889	3588	233
2893	1885	491
2900	4421	532
2902	1552	341
2904	2233	555
2905	3104	260
2908	2455	550
2909	3538	424
2909	3538	165
2910	3301	589
2912	2126	530
2914	3945	312
2915	3243	499
2918	1851	378
2921	1829	300
2925	2396	587
2929	2424	566
2930	5147	593
2931	1812	503
2933	6336	285
2935	2528	465
2937	4194	589
2939	2185	569
2941	2738	565
2944	2499	555
2948	1838	232
2950	1188	236
2952	2556	522
2963	2288	577
2964	2772	455
2967	4470	439
2969	1589	382
2971	4091	200
2972	2460	211
2974	4173	537
2974	4173	507
2979	6739	652
2979	6739	738
2981	2419	295
2982	3393	592
2985	3287	618
2989	2180	575
2990	2933	314
2991	5259	403
3000	6424	402
3002	1762	357
3003	1991	324
3010	1920	337
3011	2860	376
3016	2497	222
3017	3591	570
3023	4792	597
3029	2794	549
3035	785	211
3038	5227	422
3041	3358	366
3041	3358	265
3042	2597	266
3044	3432	290
3045	4636	298
3045	4636	305
3045	4636	560
3047	2711	392
3048	4295	322
3048	4295	415
3049	5002	673
3050	5114	593
3052	1661	211
3058	3101	339
3059	2545	451
3060	3320	389
3061	2428	341
3062	2965	305
3062	2965	528
3067	1715	453
3068	3854	525
3068	3854	234
3069	2585	383
3072	1879	185
3076	2955	321
3076	2955	221
3083	1796	600
3084	2521	278
3086	1805	561
3087	3997	277
3090	3135	422
3090	3135	511
3091	1499	326
3098	1105	206
3103	2530	316
3104	3346	333
3104	3346	335
3105	1675	356
3106	3336	280
3108	1568	381
3114	3974	400
3114	3974	184
3115	2311	351
3120	1924	272
3135	2588	514
3137	1907	470
3138	1859	370
3141	1328	308
3148	1696	349
3155	2814	368
3157	3022	391
3158	2342	337
3160	2052	370
3161	2558	338
3162	3108	610
3163	3241	589
3165	1468	409
3172	3550	200
3173	1795	313
3177	1561	202
3178	3615	380
3179	5015	390
3180	1462	387
3181	3270	332
3181	3270	289
3183	4802	544
3183	4802	333
3188	3816	531
3190	1748	318
3191	3246	355
3195	5618	271
3197	2389	504
3199	1539	315
3204	5405	200
3206	2339	511
3210	6201	275
3210	6201	392
3211	2706	200
3211	2706	185
3218	3134	387
3223	5787	583
3227	4305	329
3227	4305	372
3232	2434	375
3233	2257	510
3235	2560	312
3236	2269	577
3237	2706	593
3239	3213	599
3242	1237	335
3243	1228	233
3245	4190	620
3245	4190	411
3248	2244	362
3254	2139	450
3257	6372	367
3260	2438	227
3264	3344	608
3269	2326	200
3275	5877	357
3275	5877	365
3276	5340	261
3281	2551	364
3285	2203	284
3293	3961	582
3293	3961	569
3294	2569	603
3295	2234	341
3299	2157	527
3304	1510	245
3305	3505	338
3306	3240	394
3310	1383	360
3311	2508	434
3315	1083	222
3317	1465	243
3319	2071	356
3321	2084	353
3325	2883	200
3329	2585	372
3335	4252	251
3336	2704	488
3339	1399	200
3341	3355	282
3341	3355	480
3342	2539	588
3344	2364	308
3355	4935	309
3355	4935	523
3356	2390	295
3359	1668	371
3360	2073	409
3368	2105	402
3369	2931	200
3369	2931	395
3371	4860	545
3371	4860	473
3374	4098	581
3374	4098	577
3379	2081	255
3387	4602	345
3389	4753	474
3389	4753	278
3393	2368	344
3396	2705	477
3399	2390	443
3400	3845	378
3404	3765	211
3405	3923	506
3407	6838	334
3416	2384	416
3419	3082	238
3419	3082	384
3420	1629	324
3424	3318	564
3425	3191	555
3429	3261	211
3430	4500	276
3434	3085	147
3434	3085	200
3436	3274	496
3438	2637	640
3442	1989	390
3445	1632	399
3447	2175	382
3449	2044	433
3454	2129	308
3456	3227	348
3457	1853	516
3459	2315	468
3463	3394	567
3468	1931	324
3469	2499	307
3470	1660	317
3472	3417	322
3473	2011	366
3477	1993	343
3479	2546	522
3484	2883	576
3487	2912	607
3502	6759	627
3502	6759	234
3502	6759	243
3503	1982	322
3506	2301	381
3507	3843	510
3520	4546	564
3520	4546	417
3522	4646	588
3522	4646	463
3527	1928	567
3532	1624	364
3533	1440	364
3534	1839	508
3538	2290	396
3550	4850	542
3551	2361	185
3552	1785	482
3554	2292	539
3555	1758	216
3559	4895	457
3559	4895	297
3561	2423	515
3562	2063	530
3564	3354	165
3565	2974	273
3568	2204	428
3570	4092	561
3580	2715	445
3582	6359	820
3583	2862	230
3586	1958	503
3591	2151	397
3599	3869	295
3600	3737	497
3601	2294	276
3602	2260	384
3604	2216	520
3607	4122	529
3610	2422	530
3617	3641	585
3623	2880	363
3628	3224	303
3630	5448	325
3631	3420	604
3631	3420	211
3635	1699	578
3645	3238	483
3648	3160	376
3648	3160	200
3649	2597	532
3664	2432	559
3666	6642	603
3666	6642	215
3668	2715	576
3672	3297	593
3674	3005	268
3675	2780	353
3681	1831	307
3682	4303	321
3682	4303	372
3684	2165	436
3692	3513	419
3694	2182	576
3695	4558	330
3695	4558	613
3699	3812	456
3700	2137	548
3701	3860	805
3705	4536	563
3705	4536	221
3711	1232	200
3712	2657	588
3724	3831	263
3734	2310	248
3744	4140	846
3745	1586	588
3747	1139	343
3748	3219	388
3748	3219	201
3749	2191	200
3755	6711	573
3759	2618	593
3762	2991	386
3764	6351	358
3764	6351	471
3766	1844	575
3768	1873	561
3769	2098	261
3773	1600	290
3777	2733	316
3780	2375	206
3786	2887	327
3802	1217	308
3804	2929	510
3806	2780	381
3808	3449	388
3809	1534	337
3814	2034	329
3823	1662	261
3824	4435	630
3825	2302	517
3827	2072	233
3829	1950	232
3831	4955	538
3836	3698	351
3836	3698	300
3837	4099	360
3837	4099	509
3838	2290	512
3839	1527	289
3840	1386	364
3844	2369	405
3846	746	311
3848	2039	245
3849	2914	402
3850	4940	429
3858	2692	364
3859	2533	558
3860	2685	325
3865	1914	451
3870	3029	200
3872	2271	348
3878	4552	454
3881	2051	362
3882	1735	341
3883	2572	245
3883	2572	256
3885	2612	388
3885	2612	247
3888	1270	185
3893	2201	234
3893	2201	195
3896	1838	361
3903	3619	471
3906	2248	325
3906	2248	276
3907	1326	185
3917	2308	483
3919	4264	576
3920	2408	352
3929	4003	342
3934	1978	238
3942	3582	273
3944	2032	409
3945	1198	402
3948	1237	351
3950	2188	496
3951	2241	403
3955	1666	324
3959	4331	544
3960	2475	708
3962	1968	370
3964	3502	449
3965	2876	469
3966	3174	450
3967	1632	330
3968	3454	659
3972	1718	577
3973	2961	185
3977	3840	542
3980	1389	245
3984	3812	185
3989	4482	548
3991	3763	461
3991	3763	626
3993	1975	300
3994	1243	345
3995	1015	277
3996	2557	570
3997	1624	248
4000	2798	369
4001	3095	504
4001	3095	541
4002	2354	535
4003	3367	612
4004	3163	786
4006	2708	768
4009	3724	328
4011	4223	344
4015	4533	591
4016	2484	280
4018	1650	240
4021	4502	548
4022	3126	405
4023	3763	523
4024	1300	345
4025	3209	426
4032	2113	608
4039	2324	304
4040	2468	363
4052	2834	232
4054	1744	262
4059	4878	185
4059	4878	463
4063	2004	567
4064	2393	254
4064	2393	267
4066	2719	358
4067	2741	566
4068	1703	430
4070	3881	506
4077	5317	538
4079	2237	442
4080	1916	461
4093	2132	211
4111	5288	320
4112	2472	475
4115	3116	465
4116	3842	436
4120	2400	335
4122	1798	367
4126	2384	593
4132	2792	248
4133	1781	315
4136	2371	243
4137	1968	206
4142	3209	349
4144	2184	268
4152	3003	623
4158	3121	486
4159	3012	546
4160	4040	419
4160	4040	385
4164	2219	286
4168	2713	366
4169	4264	377
4169	4264	200
4170	2163	454
4172	1827	244
4175	4746	593
4176	1657	378
4179	4214	607
4180	2667	294
4183	2846	353
4187	4732	426
4188	2828	567
4191	3032	352
4191	3032	239
4194	3474	243
4197	3004	553
4202	3671	552
4207	4955	536
4209	4416	269
4209	4416	293
4210	2563	566
4211	4390	476
4211	4390	428
4214	1828	515
4222	3490	528
4223	2314	273
4225	2962	297
4229	5443	763
4231	1716	405
4232	2305	530
4233	2393	386
4236	1793	331
4242	1962	361
4245	2656	462
4247	2509	447
4248	2177	222
4249	1643	301
4254	2552	533
4258	3423	300
4258	3423	538
4259	1949	351
4264	5010	449
4270	1945	437
4271	2476	374
4274	1895	221
4278	3730	366
4278	3730	299
4279	1537	519
4283	2298	560
4285	2671	597
4287	2518	354
4288	2480	510
4289	2801	222
4291	2215	439
4293	2231	474
4296	4047	247
4297	2107	388
4299	4186	382
4300	2559	469
4303	2547	593
4308	2189	211
4309	5157	577
4310	2542	509
4313	3979	419
4317	3007	512
4326	3598	566
4328	1744	226
4329	2906	504
4335	3535	336
4340	2025	373
4341	4226	406
4341	4226	384
4344	1524	366
4346	4356	546
4348	1815	262
4355	4465	454
4355	4465	399
4356	4449	534
4359	4937	828
4361	1971	370
4361	1971	349
4365	2399	299
4367	1732	304
4373	3694	483
4375	3922	352
4377	2453	276
4378	2137	293
4379	4593	547
4380	1589	227
4388	2625	577
4390	2976	814
4397	2703	643
4399	2641	523
4401	1653	368
4409	2757	578
4419	3205	548
4421	5373	489
4421	5373	467
4423	2752	368
4423	2752	303
4424	3289	594
4425	5615	631
4427	4626	506
4430	1781	397
4431	2204	548
4432	2472	389
4433	2318	387
4438	2252	322
4442	2405	544
4442	2405	287
4444	2851	577
4446	1955	375
4447	2642	390
4447	2642	337
4457	4960	438
4459	1808	629
4460	3554	485
4460	3554	468
4464	1586	359
4471	2264	593
4473	2685	622
4474	2207	401
4475	1669	483
4476	3656	539
4480	3211	369
4488	2480	526
4490	2887	226
4494	2412	546
4497	2901	663
4499	3034	474
4513	1928	387
4514	2127	344
4525	3324	255
4526	2213	582
4527	2473	405
4529	2001	307
4529	2001	215
4535	2052	425
4536	2537	227
4539	5361	237
4539	5361	573
4542	1745	346
4546	2182	371
4547	2564	513
4548	3770	570
4551	3315	381
4551	3315	357
4552	2409	426
4556	4907	323
4558	1985	240
4560	5217	565
4561	2499	344
4562	4395	411
4562	4395	530
4564	2283	345
4566	1427	372
4570	2036	404
4572	2874	532
4573	2392	587
4580	4171	362
4582	4829	185
4582	4829	330
4587	3968	448
4592	1697	343
4595	4204	552
4598	2829	335
4598	2829	364
4603	1868	370
4609	3495	528
4611	4322	187
4611	4322	321
4612	1135	302
4613	2140	515
4621	2036	347
4624	1979	269
4626	1739	373
4630	4837	366
4630	4837	341
4631	2363	359
4633	2664	180
4633	2664	378
4635	2974	361
4638	2060	421
4641	2600	311
4642	2523	375
4648	2471	365
4650	3766	352
4652	3010	386
4655	4970	328
4655	4970	381
4658	3054	367
4661	1974	474
4665	4475	516
4666	1999	395
4669	2102	295
4675	1950	316
4676	2079	432
4679	5320	337
4680	4495	576
4685	3042	210
4685	3042	348
4686	1756	334
4688	1609	371
4689	3321	307
4689	3321	348
4692	2754	361
4694	1347	654
4696	2684	361
4697	2479	397
4700	2014	222
4709	2269	344
4713	1515	405
4714	3415	467
4717	2363	621
4721	1640	342
4724	3955	569
4727	2149	429
4730	2612	336
4733	1262	278
4737	2294	219
4737	2294	251
4740	2577	410
4743	3187	359
4746	1788	272
4748	2865	547
4754	3414	591
4757	2278	211
4766	1599	268
4769	1831	307
4771	1771	589
4777	3494	549
4787	2125	558
4790	1204	284
4792	4572	395
4794	2336	442
4798	1755	508
4802	3599	185
4805	4753	244
4806	3992	561
4813	3032	307
4816	3600	522
4816	3600	352
4817	3562	322
4819	3199	457
4823	3214	449
4826	4718	363
4829	2413	308
4831	2134	315
4832	1821	566
4835	5044	483
4835	5044	593
4836	1038	354
4837	1349	361
4842	2738	368
4843	5446	289
4846	2147	512
4850	1876	345
4857	3140	440
4861	2319	331
4861	2319	300
4862	1545	360
4866	3523	271
4867	4045	804
4868	2628	510
4871	2871	485
4875	1721	295
4876	1710	306
4878	2322	564
4880	2384	315
4882	2146	256
4888	2830	313
4892	1554	238
4893	1854	589
4897	1465	257
4912	3154	472
4912	3154	182
4915	3531	530
4916	2578	416
4924	4117	523
4928	3815	575
4929	2038	204
4929	2038	255
4930	2093	566
4936	2113	376
4938	2528	215
4940	2527	341
4946	1486	369
4947	3349	400
4953	2235	361
4956	2306	385
4957	2117	610
4962	3144	377
4963	2328	494
4967	5429	333
4970	2008	253
4971	2599	242
4973	1825	377
4980	1783	445
4982	4753	566
4982	4753	566
4984	2009	513
4990	3709	381
4992	3492	337
4997	1993	276
5002	2515	216
5003	1938	222
5004	4032	352
5006	2437	580
5008	2552	530
5012	1935	261
5031	5485	469
5038	4901	453
5040	2411	292
5042	1925	391
5046	1651	419
5052	3130	268
5053	1975	575
5057	2042	440
5058	3390	322
5060	2200	443
5061	3443	313
5062	3872	473
5063	2576	328
5070	1611	351
5073	3161	370
5078	2102	381
5088	2046	473
5089	5361	253
5089	5361	173
5094	3727	367
5100	3693	317
5102	2196	499
5119	1686	376
5122	1919	560
5124	2329	400
5131	3338	498
5134	1577	222
5138	2784	377
5140	3037	311
5140	3037	235
5143	4992	560
5149	1594	616
5153	1521	261
5154	1794	362
5156	2114	427
5159	1618	319
5160	3117	200
5166	2768	606
5168	2110	344
5170	1903	200
5173	3116	428
5173	3116	325
5174	3732	472
5177	2517	513
5179	2453	352
5181	2117	558
5182	3005	228
5182	3005	361
5183	3881	614
5184	4090	282
5185	4248	656
5192	1342	200
5193	4655	308
5198	2676	523
5201	2967	612
5211	2682	522
5213	2781	306
5218	1732	285
5220	2092	300
5224	3057	329
5227	2381	307
5230	2300	493
5231	2442	564
5233	2116	356
5236	2026	502
5239	1871	275
5243	3467	227
5256	1677	328
5257	4610	241
5258	2052	252
5260	3201	305
5260	3201	355
5263	2456	370
5268	5381	264
5270	2388	167
5270	2388	242
5271	3206	589
5272	1667	547
5274	3288	498
5274	3288	213
5276	3067	280
5281	2201	221
5281	2201	228
5283	3226	427
5286	885	211
5287	3282	583
5292	3830	469
5303	3603	320
5303	3603	282
5309	2930	338
5311	2270	337
5315	1901	510
5317	2011	366
5329	3309	403
5330	1731	546
5331	2452	455
5332	5148	607
5342	2778	477
5343	2108	455
5351	2408	448
5356	2814	485
5357	1407	243
5360	1855	303
5361	4129	294
5363	4258	383
5363	4258	550
5364	2411	372
5365	2662	540
5366	2638	216
5370	4953	561
5378	2447	547
5386	2181	558
5390	1518	275
5391	4375	360
5391	4375	518
5392	2119	566
5394	2840	432
5397	1675	508
5403	2683	300
5411	3270	547
5414	1763	247
5415	2484	451
5416	2642	498
5417	1930	299
5421	3669	457
5425	3125	382
5425	3125	561
5428	1706	358
5431	3044	308
5439	2617	261
5444	2008	357
5446	1785	294
5448	1927	408
5450	3158	580
5452	1371	370
5453	2653	601
5458	1606	334
5459	2259	318
5459	2259	320
5460	3342	527
5462	6684	633
5462	6684	300
5462	6684	657
5464	1871	754
5467	2455	378
5468	3760	468
5468	3760	481
5471	3018	522
5473	2259	260
5474	2157	379
5483	1950	211
5484	2605	371
5485	2375	366
5486	3071	501
5489	2722	339
5489	2722	353
5490	766	296
5497	2209	367
5499	1986	484
5501	2776	387
5502	2326	379
5504	1402	266
5509	2810	349
5514	1853	369
5520	2507	445
5522	1021	309
5523	2008	542
5527	3817	343
5527	3817	316
5531	3451	311
5531	3451	332
5535	2509	186
5535	2509	137
5538	1756	313
5542	4645	466
5542	4645	464
5543	1749	260
5549	1892	538
5553	1768	388
5559	1273	243
5564	1453	329
5568	2193	408
5570	1663	363
5573	4092	279
5573	4092	291
5582	1989	326
5584	2596	325
5584	2596	294
5586	1879	380
5589	2438	593
5591	4660	370
5595	1921	608
5596	3437	293
5599	1986	387
5601	1635	335
5605	1966	372
5608	2411	377
5610	2047	185
5614	2944	323
5615	1364	447
5616	4000	355
5616	4000	260
5619	2367	206
5623	2406	385
5625	3260	497
5626	1401	346
5631	4284	433
5632	4011	557
5636	1779	364
5640	1035	200
5642	4064	386
5642	4064	314
5646	4819	254
5646	4819	549
5653	2196	449
5654	2136	518
5657	1412	356
5660	3240	484
5663	2869	338
5664	4003	598
5665	4889	623
5667	3457	526
5668	1153	388
5672	3271	527
5672	3271	449
5675	1872	367
5677	4028	287
5677	4028	287
5682	2062	400
5684	2405	482
5689	4035	165
5689	4035	198
5690	1931	319
5691	2967	601
5694	1513	483
5699	3654	587
5704	2568	485
5705	3003	436
5709	2070	452
5710	2101	211
5712	1723	386
5714	5440	646
5716	3805	357
5717	3019	250
5717	3019	293
5722	5907	522
5722	5907	627
5725	2229	417
5730	3673	582
5731	3638	598
5732	2530	552
5735	5603	588
5736	2249	270
5736	2249	353
5740	2267	543
5741	3014	518
5745	1643	307
5746	2550	520
5747	1953	551
5748	5027	303
5749	2730	560
5752	2570	446
5754	4264	395
5754	4264	568
5756	2692	252
5757	7038	265
5759	7213	458
5767	3632	572
5767	3632	422
5769	7341	271
5773	2665	306
5774	5749	797
5774	5749	456
5775	4358	572
5780	1558	466
5781	3491	422
5781	3491	314
5785	2010	373
5793	2845	288
5795	2761	331
5795	2761	389
5796	2539	451
5808	1844	378
5812	3378	491
5814	2302	292
5815	2663	185
5816	4453	334
5816	4453	229
5818	5633	617
5818	5633	543
5822	1965	600
5824	1734	370
5833	4662	363
5839	3623	563
5843	7232	583
5845	1346	355
5846	2536	352
5847	1620	420
5851	5926	434
5851	5926	578
5853	1400	354
5856	2494	238
5859	4392	282
5863	1803	314
5868	2480	519
5869	2128	369
5880	1675	381
5881	3266	309
5883	2418	288
5883	2418	396
5886	1416	358
5888	3591	615
5894	3631	581
5895	1948	462
5896	2018	355
5899	6568	454
5907	4346	359
5910	2126	331
5914	1719	389
5916	3955	393
5923	2090	278
5925	5602	343
5926	4617	173
5926	4617	395
5928	1998	456
5929	1913	493
5930	3301	531
5933	3333	413
5934	4005	271
5934	4005	489
5936	2076	405
5938	3714	621
5943	3721	547
5944	2869	536
5945	2667	335
5945	2667	325
5946	5839	352
5946	5839	232
5948	2490	466
5950	1411	343
5952	3474	417
5953	2007	545
5954	1610	365
5955	2455	333
5957	2973	570
5958	2823	459
5967	1498	166
5968	1825	344
5971	2524	568
5973	4168	545
5979	5123	324
5979	5123	577
5980	1985	200
5983	2221	241
5984	2052	340
5985	4193	562
5985	4193	567
5993	2012	406
5996	4711	616
5997	4222	238
6002	2382	285
6003	4091	452
6003	4091	534
6005	5913	574
6007	2193	531
6008	1261	250
6010	2067	589
6011	1869	393
6013	2045	556
6014	2898	435
6015	2459	560
6020	4261	261
6020	4261	362
6024	3249	544
6027	3395	626
6028	2814	385
6032	1998	335
6033	2935	582
6034	2246	466
6035	5074	477
6036	2274	230
6037	2454	341
6039	2238	270
6043	3062	481
6046	2650	322
6047	1982	436
6049	2713	619
6050	3067	502
6055	1966	492
6056	3711	573
6057	1530	584
6061	2800	554
6063	1694	300
6066	2801	324
6069	5086	564
6069	5086	222
6070	2527	311
6071	2283	521
6074	6588	373
6075	1549	249
6077	2777	315
6077	2777	323
6083	3479	303
6083	3479	284
6084	3240	243
6086	1776	286
6087	2143	267
6089	5080	590
6094	2971	273
6094	2971	260
6101	2200	332
6101	2200	329
6102	3061	284
6103	1848	233
6105	1411	374
6109	4736	309
6114	1783	357
6118	1870	500
6120	1932	382
6121	2332	335
6123	2650	494
6131	1468	264
6141	2639	443
6142	2479	563
6145	2166	380
6146	1535	284
6157	732	297
6161	1861	416
6165	1712	379
6168	2913	180
6168	2913	411
6172	2461	519
6173	1828	280
6174	1986	472
6175	2191	385
6176	2514	332
6187	2911	358
6192	2628	131
6197	3024	506
6202	1978	326
6204	2434	532
6205	2866	345
6224	3440	507
6228	2334	550
6230	1724	425
6232	1720	233
6237	3124	353
6242	3312	463
6248	1949	227
6250	1811	406
6251	718	290
6253	1327	519
6268	4169	259
6269	1314	309
6272	2295	381
6273	1989	355
6274	6271	393
6275	2893	278
6277	2194	498
6278	4641	577
6279	2423	334
6280	2296	314
6280	2296	353
6290	2338	353
6291	6615	394
6301	1990	378
6303	1434	264
6304	3028	484
6305	3251	345
6306	2510	270
6310	2607	570
6313	3633	632
6313	3633	172
6319	3994	293
6322	2380	342
6323	2774	346
6325	1518	227
6329	4054	232
6332	7002	348
6332	7002	236
6338	5785	265
6338	5785	356
6338	5785	308
6342	1634	343
6343	3493	602
6347	3246	569
6349	7188	447
6361	4297	463
6362	3190	332
6369	1707	191
6369	1707	152
6371	3332	442
6374	2615	486
6382	2282	335
6386	2280	564
6390	6672	239
6395	5459	383
6397	3433	222
6397	3433	428
6400	1788	280
6402	2420	238
6402	2420	357
6403	5277	326
6405	4229	594
6407	4118	527
6408	1444	277
6409	5804	351
6412	6177	328
6412	6177	547
6412	6177	249
6415	1572	310
6422	2370	251
6423	2373	357
6424	4093	595
6427	1646	346
6430	1397	320
6431	1826	450
6433	2718	410
6434	4009	215
6437	3744	269
6438	2521	334
6441	2218	369
6445	1777	484
6448	3874	507
6448	3874	251
6449	3819	360
6450	1545	354
6455	6938	492
6455	6938	570
6456	2163	284
6461	2543	380
6466	5163	391
6475	3029	367
6475	3029	253
6476	3360	281
6477	1977	487
6480	3182	394
6480	3182	343
6485	4094	507
6486	2284	580
6492	1201	366
6495	1866	238
6496	2701	532
6497	795	295
6499	2504	324
6505	1913	328
6509	2083	294
6511	3789	524
6512	3589	232
6514	2818	629
6517	2089	355
6518	6634	663
6524	3871	597
6527	4120	419
6530	2579	405
6531	3392	185
6533	6114	324
6533	6114	372
6535	3478	368
6537	2940	392
6542	2882	490
6545	2437	459
6546	3015	367
6551	2838	300
6552	1835	344
6554	1546	462
6555	2938	226
6555	2938	549
6557	1760	519
6560	2913	524
6563	2072	248
6564	4653	222
6565	2434	525
6568	1729	322
6570	2582	261
6573	2782	530
6577	1968	509
6580	1937	402
6583	3891	602
6585	1515	270
6588	2636	542
6590	5761	340
6591	3072	550
6593	1858	319
6596	3633	555
6598	1941	392
6599	2704	325
6599	2704	414
6600	2343	330
6602	6189	531
6605	2506	369
6610	2678	619
6613	2383	378
6616	2040	388
6617	3779	593
6618	6635	498
6618	6635	479
6620	4771	636
6622	2044	279
6629	1892	388
6630	2614	292
6633	6070	359
6633	6070	338
6633	6070	337
6635	4878	465
6640	4236	495
6643	1587	381
6647	2848	272
6648	2936	511
6651	1897	211
6651	1897	214
6654	3559	569
6657	3718	552
6659	2188	291
6660	2014	536
6665	2401	407
6666	3882	534
6666	3882	334
6669	2499	278
6674	4118	592
6676	5280	375
6677	4863	342
6677	4863	270
6678	1797	412
6680	3590	412
6682	2445	584
6684	1596	267
6687	2299	508
6688	1983	412
6694	4068	402
6694	4068	418
6697	6708	636
6698	855	222
6704	3902	578
6705	2951	601
6709	1535	211
6723	1206	222
6735	2726	285
6736	2056	221
6737	4020	542
6744	1424	408
6746	3179	396
6750	2357	269
6757	2288	316
6767	2430	547
6772	1970	481
6775	3642	467
6776	4975	534
6776	4975	539
6782	1961	490
6797	3346	401
6800	4293	278
6804	2101	271
6807	1298	273
6808	1208	222
6811	3124	436
6825	1191	243
6826	1934	422
6827	2545	574
6836	3760	563
6844	4149	432
6847	1402	232
6852	1733	185
6853	1636	526
6856	1920	502
6862	2025	351
6863	2707	260
6864	3433	445
6865	2306	448
6866	2290	563
6874	1506	355
6875	1701	511
6877	2170	309
6877	2170	346
6895	2588	473
6897	1295	222
6899	1579	359
6900	2218	283
6905	2208	380
6906	1556	278
6908	1788	315
6914	1108	183
6918	2159	185
6922	1844	333
6926	2892	266
6926	2892	304
6932	1824	265
6933	1763	248
6938	3841	185
6940	1762	426
6942	1756	254
6945	1261	227
6946	2357	372
6953	2008	353
6954	4808	259
6954	4808	260
6957	2997	370
6962	1936	273
6964	1619	278
6974	1580	304
6984	1711	341
6991	1937	268
6991	1937	247
6993	1084	279
7000	2045	555
7001	2452	284
7001	2452	182
7003	3511	404
7004	1815	307
7005	1807	310
7008	2693	328
7013	3879	256
7013	3879	300
7017	1517	428
7018	1396	216
7020	2099	354
7023	1931	263
7026	3957	313
7030	1467	303
7034	2920	291
7038	2396	318
7038	2396	346
7041	2207	311
7042	2702	375
7043	2198	534
7050	2127	349
7053	1980	200
7058	4061	573
7060	2053	511
7067	1703	351
7074	1726	400
7076	4849	651
7077	1575	358
7084	1658	275
7086	2256	329
7086	2256	311
7088	2232	335
7088	2232	338
7089	1123	232
7092	3086	276
7099	2111	256
7099	2111	349
7107	1649	340
7112	3750	509
7115	1735	301
7125	2041	482
7126	1543	326
7127	1245	211
7141	1952	185
7144	2478	614
7145	2305	280
7146	2324	288
7152	2866	240
7152	2866	269
7153	1500	343
7154	2486	484
7156	2965	503
7162	2135	261
7162	2135	211
7166	2716	376
7168	2810	621
7170	1570	296
7171	1783	296
7173	1780	328
7177	1884	200
7177	1884	281
7179	3141	241
7186	3271	185
7187	2373	345
7191	1907	302
7192	2353	299
7195	3053	450
7200	2224	317
7202	1676	337
7203	1801	200
7214	1736	347
7215	1349	227
7216	2447	515
7217	1628	332
7218	1853	227
7220	2053	186
7221	2554	185
7232	1953	331
7233	2430	348
7235	2447	598
7240	1679	324
7240	1679	217
7253	3845	381
7253	3845	401
7260	1325	333
7264	2173	564
7267	3651	658
7276	1527	362
7277	3713	328
7277	3713	537
7280	1864	334
7284	2914	361
7286	3420	251
7288	1501	221
7291	3162	437
7292	4091	637
7294	1692	206
7295	2999	273
7295	2999	386
7300	3000	211
7302	2011	464
7303	1233	265
7304	1729	350
7310	2974	482
7312	4126	375
7313	1891	200
7314	1739	185
7314	1739	221
7316	1433	309
7318	2813	641
7319	4482	259
7320	1231	335
7327	1935	536
7331	2064	390
7336	2071	515
7345	1824	550
7349	2681	593
7357	3386	580
7361	3152	344
7361	3152	390
7364	2776	358
7367	2945	548
7371	4253	475
7371	4253	362
7372	1417	367
7375	1323	535
7376	4217	346
7380	2451	506
7382	2417	211
7384	2849	222
7385	2129	285
7391	2552	512
7391	2552	310
7393	2568	662
7396	1303	255
7398	1819	363
7399	3517	514
7399	3517	528
7401	3966	403
7401	3966	207
7402	1826	200
7404	3816	569
7408	1577	364
7409	1701	405
7411	1497	215
7414	1271	338
7416	3850	535
7417	2306	185
7420	2284	402
7422	3436	586
7422	3436	552
7424	1871	304
7428	2829	529
7432	1919	454
7436	2583	302
7437	2979	376
7439	1987	299
7441	1914	401
7442	3704	403
7442	3704	387
7444	1654	289
7445	2951	416
7449	2393	340
7451	2166	577
7453	2851	474
7461	2919	644
7465	2731	303
7465	2731	266
7467	4369	483
7468	3163	539
7470	2247	200
7473	2638	285
7486	1820	200
7490	3215	599
7493	2267	389
7507	2844	362
7508	2336	222
7514	3947	667
7517	2809	546
7517	2809	440
7525	3093	628
7527	2360	391
7528	4146	522
7530	1625	227
7531	3518	556
7532	2537	406
7534	2111	492
7536	2063	467
7539	4818	319
7542	3968	490
7543	2005	300
7546	1973	256
7549	1855	380
7554	1752	504
7555	4614	544
7558	3314	645
7563	3973	735
7568	3370	185
7568	3370	206
7570	2711	247
7570	2711	379
7572	2124	260
7574	3680	333
7577	2437	452
7583	2156	318
7587	2141	515
7590	2676	576
7592	2766	459
7597	3373	438
7598	4179	550
7601	4432	599
7601	4432	402
7603	3321	463
7606	2544	211
7608	2330	268
7615	2479	554
7617	3082	568
7623	2766	564
7627	3098	313
7627	3098	203
7633	2266	390
7634	2575	491
7639	2302	327
7648	3044	677
7653	1801	489
7654	2652	360
7656	3175	371
7663	2468	626
7667	1595	474
7680	4832	407
7680	4832	408
7682	2067	672
7684	2242	227
7690	2501	571
7697	1940	396
7702	1630	383
7704	2082	362
7708	1948	574
7709	3092	556
7713	2070	391
7714	3962	543
7718	2819	660
7728	4816	674
7730	3867	411
7733	1739	388
7736	2385	274
7736	2385	290
7738	3101	619
7744	2754	556
7750	2639	440
7751	4722	256
7752	2360	351
7754	2324	391
7757	1669	286
7758	2719	476
7759	1957	526
7763	3032	378
7765	3628	185
7769	2540	405
7770	1915	152
7770	1915	352
7772	2164	238
7773	4404	128
7773	4404	158
7776	1720	380
7779	2216	403
7781	3620	374
7781	3620	509
7785	2231	378
7792	4128	684
7797	2698	529
7798	2466	185
7812	1011	250
7814	2433	396
7821	3907	566
7822	1279	280
7833	2784	630
7834	2421	385
7835	2639	607
7836	4056	454
7840	3402	548
7845	1172	374
7846	1766	227
7847	1820	305
7851	3004	381
7862	2068	252
7866	2129	297
7871	2304	269
7871	2304	337
7872	2135	200
7874	2452	389
7878	2570	594
7879	1900	468
7881	4200	238
7883	1972	600
7885	1651	387
7889	2761	481
7892	2396	347
7893	2584	371
7893	2584	221
7894	2434	299
7896	1977	539
7898	2145	381
7899	1472	306
7908	2058	222
7910	4313	606
7911	3003	303
7913	2116	571
7915	4161	480
7915	4161	508
7925	1887	331
7940	2744	414
7951	5725	285
7952	2738	545
7956	2110	304
7958	1873	335
7961	1808	552
7963	2640	574
7965	2503	485
7969	4547	629
7974	2212	377
7975	1509	185
7979	2077	395
7981	2955	404
7982	1221	291
7983	2979	473
7984	3325	581
7995	3572	552
8006	5673	306
8006	5673	511
8007	1998	345
8011	2145	366
8015	1464	348
8018	4352	564
8019	1938	410
8026	2795	220
8026	2795	348
8027	3817	183
8027	3817	493
8028	4460	436
8029	6665	329
8037	1883	185
8045	2112	455
8047	2635	427
8048	2772	591
8053	7416	421
8055	3625	646
8057	3831	558
8058	2604	352
8059	2058	272
8060	2832	589
8063	1924	190
8063	1924	153
8066	2132	359
8068	1328	437
8076	3018	227
8086	5751	396
8087	2872	334
8087	2872	287
8088	2388	517
8090	1826	363
8093	7852	361
8097	3384	529
8101	3365	578
8102	2767	537
8108	3834	377
8111	3668	586
8111	3668	223
8112	3067	560
8116	2662	371
8117	2649	227
8118	2591	185
8121	2153	400
8127	2423	559
8128	2545	510
8131	2362	557
8133	2126	596
8134	2057	519
8135	4661	536
8140	2047	200
8141	3483	200
8142	2235	540
8144	3052	200
8145	2461	260
8146	1812	243
8147	3136	416
8149	2014	255
8150	3094	351
8152	3088	185
8155	2563	585
8161	1772	206
8162	2180	380
8165	2338	222
8167	2901	608
8168	2291	465
8170	2202	463
8172	5805	476
8174	2637	547
8175	4489	394
8177	1709	391
8182	2186	491
8183	1866	327
8186	2079	523
8201	7667	347
8201	7667	190
8202	5092	594
8208	1777	390
8209	5006	200
8211	2449	163
8213	4156	241
8213	4156	227
8215	1612	413
8219	4597	502
8219	4597	481
8227	2524	386
8236	3091	575
8239	2474	396
8242	3567	387
8243	2727	303
8244	2498	225
8244	2498	426
8248	2651	572
8251	2876	421
8252	1891	211
8257	2683	576
8259	4182	379
8259	4182	197
8261	2081	215
8267	2259	350
8268	3022	597
8269	3056	298
8275	3354	589
8277	5005	372
8278	4643	551
8281	2855	529
8287	3353	572
8295	2164	301
8298	1909	510
8299	3215	657
8301	2750	400
8303	3264	552
8306	2517	636
8307	1866	240
8307	1866	147
8308	1573	206
8310	1450	296
8314	2367	359
8323	2582	307
8324	1996	220
8325	2970	355
8326	2915	414
8330	3270	478
8334	1614	357
8336	3179	311
8339	1858	292
8341	1896	386
8350	2070	596
8352	2828	599
8357	3621	574
8358	1646	424
8363	2722	423
8365	2795	430
8366	3311	295
8369	5969	513
8369	5969	438
8370	2186	283
8373	1808	378
8375	2316	328
8377	2348	347
8386	2393	581
8387	3175	547
8387	3175	352
8388	1655	606
8390	3270	523
8391	2416	534
8394	4904	531
8394	4904	184
8400	1949	335
8401	2393	613
8402	3356	573
8404	2089	538
8408	6998	514
8409	2390	234
8409	2390	155
8410	1208	227
8412	2047	575
8414	3486	539
8415	2532	351
8416	2473	316
8419	2407	612
8420	3423	275
8421	5326	577
8423	3060	534
8425	2773	624
8427	2125	365
8428	1975	245
8429	5311	297
8431	6490	341
8431	6490	185
8436	2969	585
8438	1689	361
8443	2807	568
8444	2060	320
8447	2227	296
8456	2995	575
8460	1905	365
8462	3809	713
8465	5072	607
8466	2575	544
8473	4022	404
8473	4022	295
8475	2141	365
8475	2141	374
8479	3949	269
8480	3199	599
8481	3177	373
8482	2954	598
8483	1756	345
8485	4635	613
8490	2709	605
8491	2441	346
8494	4383	876
8500	3375	561
8506	1607	322
8507	3472	553
8513	4365	327
8513	4365	227
8516	4473	268
8518	4869	353
8519	2933	613
8522	2484	371
8523	3475	200
8526	2167	144
8526	2167	169
8532	5654	579
8532	5654	475
8533	1687	350
8534	1944	227
8536	5660	565
8538	2000	372
8539	2069	552
8548	3778	527
8549	3288	437
8554	1780	159
8554	1780	218
8556	4242	420
8560	2535	172
8560	2535	231
8564	3513	753
8566	2967	398
8568	3314	516
8569	2893	561
8572	2352	535
8576	3404	550
8578	3874	310
8581	1570	442
8582	4817	830
8583	3722	181
8583	3722	163
8585	6737	215
8585	6737	222
8586	2427	248
8590	2949	566
8592	2677	469
8594	1730	330
8595	3609	275
8597	2789	222
8600	1868	560
8605	3516	200
8609	2616	185
8611	2797	212
8611	2797	262
8612	3185	384
8617	3530	499
8618	2940	317
8623	1767	272
8627	2761	470
8633	1790	296
8634	3581	607
8636	2760	357
8637	1742	325
8645	4330	320
8645	4330	215
8646	6586	547
8652	3985	704
8654	7738	592
8656	2792	200
8667	2752	238
8670	6642	292
8673	1856	493
8675	3388	295
8681	4240	300
8686	5486	239
8688	4106	462
8691	2087	355
8696	4373	524
8696	4373	341
8699	3690	377
8699	3690	302
8700	2411	314
8702	2949	245
8704	3264	501
8708	5254	185
8708	5254	543
8709	2038	517
8714	5354	591
8716	7812	605
8717	3300	429
8718	5781	581
8719	7216	502
8719	7216	628
8720	2882	562
8725	2525	397
8726	2191	581
8727	3404	462
8727	3404	486
8729	3066	433
8734	2418	324
8735	3890	524
8735	3890	481
8739	3255	371
8741	1911	216
8744	3970	400
8757	7119	436
8757	7119	408
8757	7119	238
8763	2835	515
8764	1992	489
8765	3230	663
8770	3790	645
8773	3154	495
8774	3839	557
8783	2892	467
8784	2710	332
8788	3516	269
8792	2422	661
8794	2213	230
8795	2733	578
8797	1549	491
8799	3225	559
8800	3399	328
8801	6634	532
8805	2112	249
8806	2206	720
8808	1676	615
8813	3381	444
8813	3381	170
8816	2218	537
8819	3934	500
8822	3361	298
8824	2866	272
8826	2251	517
8828	3719	567
8832	3889	562
8832	3889	526
8833	2154	539
8835	3597	174
8835	3597	622
8836	2248	568
8839	2018	454
8840	4809	238
8840	4809	275
8841	3601	555
8841	3601	321
8842	2229	467
8844	4700	405
8845	2670	302
8846	3058	185
8848	2080	236
8851	3506	598
8859	1981	618
8860	3825	587
8860	3825	387
8861	2697	515
8862	1352	200
8865	7488	579
8865	7488	495
8865	7488	411
8866	5243	658
8866	5243	664
8867	2853	185
8869	2380	462
8870	3849	558
8882	3076	491
8884	3826	596
8885	3059	310
8886	2518	476
8888	2591	386
8889	2183	357
8891	2052	605
8896	2823	167
8896	2823	162
8897	2190	380
8899	3385	509
8902	2542	306
8904	1958	302
8906	3695	164
8906	3695	153
8906	3695	566
8909	3745	268
8909	3745	621
8911	1534	313
8913	3259	786
8914	2474	496
8915	2760	546
8915	2760	438
8918	5418	615
8919	2478	587
8920	3762	485
8920	3762	589
8922	3061	620
8926	3120	344
8926	3120	290
8928	2411	346
8928	2411	313
8929	3113	345
8930	2157	298
8936	7219	212
8936	7219	194
8937	3329	215
8937	3329	349
8938	7575	479
8938	7575	509
8944	7852	384
8948	2153	494
8949	2330	289
8950	3589	541
8954	3275	277
8956	4795	552
8961	2655	606
8962	1224	186
8964	2079	559
8968	2306	385
8972	6026	583
8974	4661	232
8975	1729	528
8978	3050	426
8984	4618	603
8988	4056	397
8988	4056	662
8989	3572	291
8990	2633	606
8994	2565	635
8997	2424	590
8999	1977	363
9001	2216	285
9009	4180	611
9009	4180	304
9010	1277	215
9012	2119	300
9014	1740	511
9015	2384	250
9016	4161	557
9016	4161	426
9022	3173	806
9029	2285	557
9034	6794	518
9035	2678	300
9039	5309	433
9039	5309	473
9043	5110	541
9043	5110	310
9043	5110	387
9044	3996	185
9046	2142	185
9047	1835	591
9050	1940	554
9051	2900	468
9052	3365	306
9052	3365	319
9053	4919	646
9056	4605	444
9056	4605	590
9064	3053	185
9065	6413	432
9065	6413	270
9066	2641	549
9068	2238	581
9071	4579	473
9073	2589	308
9075	4072	869
9076	1695	342
9081	2334	545
9083	2482	552
9085	5794	306
9085	5794	454
9086	2143	564
9088	1159	239
9090	7284	603
9090	7284	488
9092	2173	329
9099	1716	527
9100	7308	432
9100	7308	502
9100	7308	409
9106	1221	301
9109	3438	364
9112	2128	373
9114	3690	128
9114	3690	197
9116	1163	264
9119	2791	312
9122	6226	554
9122	6226	443
9123	1720	391
9124	7387	553
9124	7387	249
9125	3728	325
9127	2848	215
9129	3071	387
9130	5028	352
9131	3623	553
9131	3623	569
9135	3085	522
9137	1780	653
9138	1632	211
9139	3331	308
9146	3892	175
9146	3892	572
9149	6045	315
9153	2044	418
9160	2055	524
9161	2943	330
9161	2943	365
9162	6941	617
9162	6941	193
9162	6941	214
9164	2344	574
9166	2512	296
9166	2512	386
9168	2764	332
9169	6518	496
9170	3483	450
9173	2711	329
9174	3543	489
9178	1763	417
9181	2760	551
9182	4727	502
9182	4727	409
9184	1291	334
9187	2437	453
9192	2193	494
9193	1851	430
9194	6722	342
9194	6722	409
9203	3117	558
9203	3117	499
9208	3275	468
9209	2151	513
9211	3124	335
9212	2608	226
9212	2608	321
9213	3075	347
9213	3075	487
9215	6782	238
9219	3064	446
9221	2749	308
9221	2749	277
9223	2605	211
9224	6741	590
9226	2854	517
9231	2558	185
9232	2090	319
9235	1381	407
9238	2278	362
9241	2950	608
9244	2345	501
9255	2980	572
9259	1336	215
9264	1752	227
9267	1616	304
9270	1621	433
9271	1566	185
9272	3048	252
9272	3048	209
9275	1814	255
9277	1016	405
9279	953	185
9291	2010	282
9297	1874	278
9298	1086	215
9301	1651	353
9304	4091	281
9304	4091	303
9305	4038	291
9305	4038	267
9315	3655	206
9315	3655	439
9316	3359	525
9318	2707	360
9319	1195	222
9320	1505	385
9323	1210	425
9327	2740	302
9332	3078	589
9334	4207	401
9340	2725	268
9343	2512	471
9344	1982	290
9346	1655	325
9351	1195	216
9353	1756	181
9353	1756	328
9355	2250	320
9356	1548	502
9360	2384	356
9365	2982	524
9367	1054	257
9368	2700	289
9371	2597	240
9371	2597	307
9374	1841	287
9374	1841	278
9378	1542	436
9388	1387	185
9389	1542	261
9392	2943	556
9393	4036	513
9399	1769	185
9402	4297	577
9402	4297	325
9406	1901	227
9408	1619	211
9418	4174	362
9419	1981	606
9420	1899	265
9421	1357	316
9422	3053	403
9428	2412	419
9431	4374	261
9431	4374	216
9432	2827	511
9433	2212	338
9437	1566	405
9444	4253	545
9444	4253	489
9448	3100	350
9450	1653	502
9451	1753	215
9453	1738	303
9454	1970	314
9458	1359	458
9461	2871	337
9461	2871	547
9463	1454	286
9465	2008	259
9465	2008	224
9468	2393	375
9472	2356	241
9474	1895	286
9475	2341	462
9477	1650	302
9478	2342	373
9480	3061	437
9481	2921	548
9481	2921	259
9482	1948	382
9486	2714	345
9487	1390	328
9489	3353	603
9497	1692	520
9509	2626	505
9511	7772	611
9515	5898	402
9516	4046	339
9517	2843	566
9519	2817	356
9520	2836	392
9522	3247	488
9523	1877	641
9525	2678	488
9526	5316	579
9528	8908	378
9531	1486	538
9532	1765	390
9536	2256	597
9549	8489	535
9549	8489	405
9550	1528	490
9551	2160	579
9565	2550	388
9566	1468	332
9567	2542	624
9568	2832	222
9570	3614	455
9570	3614	408
9573	1963	586
9576	5795	606
9576	5795	398
9577	2049	511
9578	4093	398
9584	1870	275
9585	4478	309
9585	4478	329
9586	2379	429
9588	1958	471
9589	3292	362
9591	3433	512
9593	3441	332
9596	2564	185
9598	1876	586
9599	3624	605
9606	1554	339
9608	4655	531
9609	6765	398
9612	6015	614
9613	5290	397
9620	2035	299
9621	3802	297
9621	3802	571
9623	1969	351
9626	8006	273
9626	8006	364
9626	8006	375
9626	8006	476
9637	3666	468
9637	3666	452
9638	2020	541
9640	5243	349
9640	5243	596
9642	3939	583
9642	3939	501
9643	1791	261
9647	1761	359
9650	1250	365
9658	8433	388
9659	1788	303
9662	9362	342
9662	9362	358
9667	3203	414
9676	4783	376
9676	4783	225
9678	3806	493
9679	2249	542
9680	7600	327
9680	7600	333
9682	2648	386
9685	1504	468
9687	2664	579
9692	2848	626
9697	6458	389
9697	6458	610
9698	2719	200
9699	5088	485
9700	3890	250
9702	1613	206
9705	8361	373
9705	8361	384
9705	8361	222
9707	5979	338
9709	1493	361
9711	1521	307
9713	4276	360
9715	5503	453
9717	5059	277
9718	6342	263
9720	3060	584
9723	4448	335
9724	1806	206
9727	1762	278
9736	2564	378
9738	6203	478
9738	6203	435
9744	2248	295
9747	1999	380
9751	5590	410
9752	2484	394
9754	5067	579
9756	7823	189
9756	7823	232
9763	2829	343
9766	4304	206
9767	6624	560
9767	6624	515
9770	5554	550
9774	1916	337
9776	2561	467
9781	6921	345
9785	1959	486
9789	2222	338
9790	6703	611
9790	6703	227
9792	2657	428
9801	2374	402
9804	2172	509
9808	2982	319
9809	1672	200
9810	2673	538
9812	3447	513
9813	7708	563
9817	5607	400
9819	5916	332
9822	2639	441
9824	4445	236
9827	2780	360
9833	1908	594
9841	4133	445
9841	4133	452
9852	3670	337
9861	2026	328
9863	9404	358
9867	3661	486
9871	2811	541
9876	1937	312
9877	3221	488
9879	4057	537
9880	3461	550
9880	3461	353
9884	4328	516
9884	4328	200
9885	1403	291
9891	4020	709
9892	3356	179
9892	3356	227
9894	2381	378
9899	2026	308
9903	2779	525
9910	3030	532
9914	1874	376
9916	3742	523
9916	3742	517
9919	1689	264
9920	4763	621
9923	4428	375
9925	1904	200
9926	4270	493
9928	4021	401
9937	3034	522
9938	2241	272
9940	4640	234
9940	4640	249
9941	7747	376
9944	5979	378
9946	5780	274
9947	1595	481
9950	3426	523
9955	7697	466
9957	2430	302
9961	1828	426
9962	3713	248
9963	2295	363
9968	2961	542
9973	3120	343
9975	2724	522
9979	2317	587
9982	2216	372
9983	4473	737
9985	1545	418
9987	7266	367
9987	7266	589
9994	2384	440
9996	3822	363
10001	3485	306
10002	3612	556
10003	2117	403
10012	2452	524
10014	6246	290
10017	3808	366
10021	1919	605
10025	2949	557
10028	2436	370
10032	1365	233
10035	3461	573
10037	2843	380
10041	1513	230
10043	5952	499
10047	3532	174
10048	2789	547
10052	2029	262
10058	1654	232
10068	3084	251
10068	3084	355
10071	3917	612
10071	3917	584
10073	3179	385
10075	2384	286
10080	1567	351
10081	2971	497
10083	3123	574
10085	3288	632
10086	2072	475
10088	5577	501
10099	6538	391
10100	2954	258
10100	2954	309
10104	2595	277
10107	5123	350
10109	4392	201
10111	5015	278
10115	2146	178
10115	2146	238
10120	2094	185
10128	6140	259
10134	3267	344
10144	5148	353
10149	2575	447
10150	5688	577
10153	2034	385
10158	9198	492
10158	9198	346
10159	5397	365
10164	1773	428
10165	2110	551
10166	1980	373
10167	4436	564
10167	4436	251
10170	3545	398
10171	2151	581
10172	2203	439
10179	3431	200
10180	1705	286
10182	5329	353
10184	7928	206
10184	7928	581
10184	7928	382
10188	6708	587
10189	1777	392
10204	2201	587
10206	7054	535
10208	2332	367
10211	2553	370
10212	3226	508
10220	6068	639
10222	2199	243
10224	2065	309
10226	2571	206
10227	2155	316
10231	6099	266
10241	2328	311
10241	2328	311
10245	2231	248
10247	2977	381
10254	2624	265
10255	2521	350
10259	2918	185
10263	1229	432
10265	2100	578
10269	1926	579
10270	1674	211
10275	2158	148
10275	2158	126
10280	2265	433
10282	5707	590
10290	3992	617
10293	2890	556
10297	2605	413
10299	3813	311
10305	3893	309
10316	3027	284
10324	3760	711
10337	3216	391
10346	2406	449
10348	4219	574
10356	3210	616
10359	2867	200
10363	2379	227
10367	4498	408
10367	4498	544
10368	4222	502
10371	2568	383
10373	2087	242
10378	4145	352
10381	3624	463
10385	2269	272
10390	8175	230
10390	8175	405
10395	1924	317
10398	1217	421
10399	1741	215
10401	7107	572
10402	2545	185
10403	1676	443
10404	5239	294
10405	3000	185
10414	4194	564
10432	3904	439
10432	3904	299
10435	2818	261
10437	2757	185
10439	4022	222
10441	3659	357
10442	2131	391
10446	3040	483
10446	3040	364
10456	3102	229
10456	3102	244
10457	3092	557
10458	2433	414
10465	1942	339
10465	1942	281
10466	2826	559
10468	3114	299
10478	6688	507
10484	7167	349
10488	8888	349
10488	8888	305
10488	8888	572
10491	4287	267
10491	4287	200
10492	1646	280
10494	3950	542
10494	3950	458
10496	1820	503
10497	2905	265
10498	6460	260
10498	6460	531
10498	6460	574
10507	2583	345
10512	5646	494
10513	6085	345
10513	6085	407
10515	1580	484
10518	2968	552
10519	4173	588
10526	3334	440
10528	3540	555
10533	5894	563
10536	1395	380
10541	9296	332
10548	2616	471
10549	2636	348
10550	2424	544
10553	4854	232
10555	3295	298
10556	2608	440
10557	2606	544
10558	1795	332
10559	4294	743
10566	3267	309
10566	3267	357
10570	5981	414
10570	5981	325
10580	4100	523
10580	4100	478
10581	2396	509
10588	3065	569
10589	7259	523
10590	2753	387
10591	2975	407
10592	8241	409
10593	2308	347
10596	2598	279
10597	5989	302
10597	5989	331
10603	5610	596
10605	6528	552
10607	789	244
10609	7964	596
10609	7964	511
10617	3684	541
10621	2738	448
10628	2921	627
10633	6863	425
10638	1670	306
10642	5289	535
10644	1514	484
10650	1522	346
10661	2555	620
10663	1499	356
10678	2553	443
10685	2423	518
10690	2234	598
10699	3509	550
10703	4204	537
10707	1216	357
10708	2883	474
10710	1183	382
10715	1274	268
10717	3066	244
10724	2855	514
10725	1762	300
10726	2942	318
10731	2662	519
10732	5081	563
10732	5081	570
10734	2236	483
10735	2175	342
10737	4481	463
10738	2787	481
10742	3614	533
10742	3614	241
10748	2434	411
10755	3674	335
10760	3311	336
10763	5366	562
10767	1856	215
10770	2183	560
10771	3072	232
10773	2368	418
10774	2704	524
10781	3066	285
10781	3066	262
10785	2308	428
10787	2506	474
10795	2354	336
10796	3916	497
10803	2570	311
10805	1210	369
10811	1939	237
10815	2729	315
10816	3570	505
10817	2353	563
10818	4162	583
10822	3459	526
10822	3459	508
10825	3058	495
10827	2030	200
10829	5252	200
10830	3776	406
10836	2083	367
10837	1427	349
10838	4328	286
10840	3468	538
10847	2342	371
10848	2088	577
10850	2009	524
10851	3189	571
10852	3436	371
10859	3989	556
10860	2874	563
10861	2833	567
10863	2393	380
10864	3396	263
10864	3396	531
10865	2508	578
10868	3091	556
10871	2183	425
10872	2892	458
10874	992	233
10875	3245	306
10881	3087	513
10885	2910	536
10886	1924	265
10890	2520	365
10890	2520	419
10891	4634	513
10891	4634	409
10893	1964	395
10898	3280	323
10902	2424	185
10908	2820	570
10912	3507	459
10915	3116	814
10922	2097	425
10929	2280	539
10931	2366	369
10932	2059	376
10933	2996	346
10933	2996	183
10936	3032	592
10938	2778	451
10944	3687	185
10946	2229	275
10949	3275	588
10950	1757	357
10951	2303	383
10951	2303	289
10953	3365	321
10954	3208	501
10959	2328	406
10966	1816	506
10968	2049	375
10969	1669	513
10974	2287	360
10977	2391	563
10978	1695	306
10980	3356	612
10982	5291	359
10986	3808	492
10986	3808	503
10992	3264	575
10995	3585	185
10995	3585	472
11001	4302	531
11004	1941	358
11007	2112	549
11009	2177	269
11013	3174	482
11017	2414	282
11017	2414	396
11020	2672	528
11023	2696	577
11025	2536	428
11028	4649	526
11030	2700	450
11031	2223	549
11037	2265	445
11041	2760	317
11045	5276	691
11045	5276	664
11047	2248	271
11049	3446	738
11060	2132	352
11063	1534	314
11065	2056	519
11084	2814	387
11088	2804	582
11096	1701	478
11098	1982	519
11102	2837	410
11103	3809	452
11107	2660	568
11108	1833	227
11110	2901	286
11112	2910	420
11115	4689	533
11120	3491	586
11125	3190	480
11125	3190	197
11128	3995	504
11130	2847	291
11134	1950	311
11139	3103	775
11141	2405	260
11142	1509	553
11143	2519	319
11143	2519	310
11145	1824	302
11146	1760	255
11147	2307	293
11152	2382	587
11154	2543	584
11156	2116	551
11157	2526	515
11158	2927	570
11160	1606	328
11161	3234	365
11161	3234	342
11164	2222	562
11167	4261	608
11172	2474	569
11174	1907	329
11190	3898	610
11191	3435	589
11196	5566	589
11196	5566	387
11198	3202	488
11203	1923	377
11205	3437	492
11206	3267	564
11209	1824	312
11218	2111	268
11219	1868	227
11222	3746	581
11226	2964	373
11228	2449	500
11230	3496	215
11233	2770	185
11235	2588	257
11238	2627	540
11242	2067	619
11243	2780	448
11244	2735	248
11251	1754	343
11252	3089	517
11259	2268	355
11272	4711	266
11273	1700	368
11279	2574	620
11282	3942	538
11287	1998	397
11288	2168	335
11292	3439	243
11294	1165	335
11299	1647	211
11302	1963	502
11304	1685	185
11307	1992	370
11314	1564	485
11315	3548	454
11318	1541	185
11321	1986	569
11323	3580	420
11326	2519	139
11328	2226	329
11331	2525	601
11333	1767	520
11338	1725	262
11340	4566	491
11341	3715	386
11342	3978	568
11345	2040	572
11350	2043	292
11352	2284	385
11353	2594	558
11354	2728	627
11360	2794	551
11365	2187	288
11366	4076	496
11367	3639	514
11369	2162	497
11372	2270	634
11373	3135	479
11376	3409	306
11376	3409	315
11386	2270	413
11389	1878	390
11392	2028	385
11393	1641	230
11393	1641	180
11397	2110	441
11398	2410	337
11400	2134	492
11404	3155	408
11405	3875	546
11405	3875	278
11407	2056	402
11415	2693	707
11419	4314	543
11420	1453	260
11422	942	166
11425	2487	579
11427	2245	238
11429	3776	473
11429	3776	391
11430	2746	486
11437	2615	600
11443	2239	347
11444	1735	225
11447	1925	452
11453	3745	669
11454	2233	531
11455	1825	377
11457	1872	377
11461	2857	621
11465	3689	528
11466	3477	524
11466	3477	327
11470	2960	477
11472	1672	264
11474	2188	430
11475	3609	242
11475	3609	246
11485	3005	823
11486	2989	627
11494	2947	136
11494	2947	217
11495	2728	568
11496	2680	293
11497	1980	390
11501	3200	586
11503	2857	435
11504	4761	512
11504	4761	318
11506	3436	558
11512	947	200
11515	2236	590
11524	1768	592
11531	3711	441
11535	2190	624
11536	3601	260
11538	3058	369
11540	4983	577
11542	3735	667
11546	1716	236
11549	1905	555
11551	2937	670
11554	1965	355
11555	3862	266
11556	1999	575
11558	1813	262
11561	1864	521
11563	2228	593
11564	5182	526
11566	3500	215
11566	3500	500
11568	3268	590
11570	3117	615
11572	4508	555
11578	3371	295
11585	2370	411
11586	3724	348
11591	2940	614
11593	2271	535
11596	4276	869
11597	2898	520
11599	1957	544
11601	2102	578
11611	3084	559
11619	1786	567
11620	2831	568
11622	3310	320
11623	1468	155
11627	3191	583
11629	2348	425
11631	2830	268
11639	3782	598
11644	2252	291
11649	4434	352
11651	5128	181
11651	5128	217
11651	5128	570
11652	1805	262
11657	2832	299
11657	2832	206
11661	2019	519
11663	1939	495
11664	4429	424
11665	2764	444
11666	4280	582
11666	4280	580
11667	4266	281
11671	2483	443
11672	3536	299
11672	3536	403
11673	2697	585
11675	3662	365
11680	2558	552
11685	1697	185
11686	1339	306
11688	1442	377
11689	2761	408
11692	2558	517
11696	2990	253
11699	2398	454
11708	2001	345
11709	1982	594
11711	3391	341
11713	1926	249
11714	1348	391
11715	2306	534
11717	2874	484
11723	3162	604
11725	2467	511
11726	2901	349
11727	2334	517
11730	4203	233
11731	2197	417
11732	2182	441
11735	3195	752
11742	3861	555
11744	5121	589
11744	5121	507
11748	1615	400
11753	3251	290
11754	1852	266
11755	1524	378
11759	1314	266
11761	1820	244
11765	4552	328
11768	2686	558
11776	1308	297
11783	5136	536
11784	2653	259
11785	2655	447
11788	2540	222
11789	2275	370
11794	1677	316
11796	1225	375
11798	3008	561
11803	2354	515
11803	2354	324
11808	1775	329
11812	3033	336
11817	4205	490
11820	1371	279
11824	3513	495
11824	3513	455
11825	2020	380
11827	1551	325
11834	1502	281
11837	2211	268
11837	2211	265
11841	2400	533
11849	2776	582
11853	2570	519
11854	4785	351
11856	3231	366
11856	3231	303
11861	2225	377
11862	5229	493
11863	2284	206
11876	2769	465
11878	1749	244
11879	1983	282
11879	1983	337
11881	4287	458
11881	4287	312
11894	4040	322
11904	1728	334
11907	1664	581
11911	1598	363
11912	2428	328
11913	2216	363
11916	1500	367
11917	2431	463
11919	4233	526
11921	1191	345
11924	3466	602
11927	2806	185
11935	2650	647
11937	2074	264
11937	2074	325
11938	2330	541
11946	3198	354
11949	1974	185
11954	1395	367
11956	2262	185
11960	2457	570
11961	2656	600
11962	3322	179
11964	3178	346
11969	1884	385
11971	1789	373
11973	2801	244
11974	2522	398
11975	1486	318
11982	2758	298
11983	3401	280
11987	5059	340
11987	5059	215
11992	1636	310
11994	2691	483
12000	1803	338
12005	3178	351
12005	3178	248
12009	2151	306
12010	1000	303
12012	2710	293
12013	1917	338
12014	2431	397
12014	2431	339
12016	2899	539
12018	5253	429
12019	1390	262
12025	1369	337
12029	1738	268
12030	2745	279
12030	2745	325
12031	2401	354
12034	2063	476
12035	1714	200
12039	3399	268
12041	3820	338
12042	3558	555
12044	1665	200
12050	2256	312
12056	2127	354
12057	2194	300
12058	1909	370
12064	2350	440
12065	1973	306
12066	2011	464
12067	1363	395
12070	1701	283
12072	3230	340
12073	2122	261
12075	3390	360
12076	3202	330
12080	2180	394
12081	2308	267
12081	2308	206
12082	2073	248
12083	2335	529
12085	2361	331
12086	3248	416
12090	2971	552
12096	1273	215
12099	3068	538
12102	1974	355
12105	2640	608
12111	3544	462
12111	3544	405
12114	2008	383
12116	2197	551
12118	1541	215
12119	1876	554
12123	1881	321
12124	2541	353
12125	2404	562
12127	2273	518
12128	3080	623
12129	1990	386
12135	1463	360
12138	2193	468
12142	1435	260
12145	1785	554
12147	2158	351
12155	2461	238
12158	2103	245
12164	2555	261
12169	1365	200
12170	1393	339
12173	903	268
12175	2268	523
12176	2822	215
12177	3275	364
12180	2352	583
12191	3686	554
12194	2044	407
12195	2957	313
12202	2755	277
12206	5448	667
12206	5448	604
12209	3837	269
12211	2251	434
12215	2455	553
12217	2051	529
12221	2649	325
12222	1853	291
12227	1756	310
12240	1679	373
12245	1336	324
12247	2473	586
12248	1418	343
12250	1948	248
12253	2003	463
12255	2987	539
12260	1860	341
12262	5768	487
12266	1966	453
12267	2274	272
12267	2274	268
12268	2356	244
12272	2561	317
12272	2561	336
12273	1241	476
12277	2329	297
12279	2733	458
12284	1774	574
12285	1781	509
12290	1687	338
12294	2489	294
12294	2489	274
12296	2774	249
12303	2180	324
12305	2152	284
12311	2834	487
12313	2130	558
12314	2178	547
12316	1879	347
12318	2530	547
12323	2737	326
12326	2354	553
12327	5491	308
12328	1561	485
12329	2241	377
12338	1621	362
12342	2919	308
12342	2919	343
12343	3143	587
12344	2378	186
12344	2378	553
12345	2028	349
12348	1744	377
12349	1585	261
12352	2154	263
12362	3262	559
12367	3056	552
12378	2170	259
12383	3091	608
12394	3370	529
12395	1779	555
12401	1653	335
12402	2416	350
12402	2416	314
12404	902	444
12406	2498	546
12410	1682	249
12411	2319	502
12412	2285	464
12415	1298	349
12424	1897	417
12430	1425	348
12433	2896	545
12436	1896	432
12438	1428	381
12443	2223	466
12445	2016	295
12447	4361	296
12449	5307	233
12450	1529	389
12452	2171	390
12453	1701	292
12454	2944	449
12457	2697	221
12458	2454	483
12459	2689	206
12460	5249	261
12461	1718	200
12463	2400	624
12465	1087	185
12468	1747	556
12469	2013	347
12471	1955	486
12473	2215	651
12474	1358	445
12483	3432	304
12483	3432	459
12486	3217	800
12489	2074	333
12493	3071	326
12495	2349	309
12495	2349	223
12497	2439	550
12499	3007	543
12504	2113	468
12506	2155	309
12513	2643	607
12514	1951	332
12515	3587	410
12518	2742	551
12520	2628	524
12523	3278	428
12524	2893	415
12527	2175	336
12528	1791	550
12529	3478	442
12529	3478	275
12531	2250	436
12533	3854	552
12535	2482	509
12537	3472	545
12537	3472	303
12538	2630	354
12538	2630	404
12546	2051	302
12547	2387	185
12549	3494	308
12549	3494	227
12553	3265	567
12556	6249	564
12556	6249	640
12557	2473	158
12557	2473	154
12560	3356	336
12560	3356	258
12562	2355	415
12564	2546	459
12565	2821	439
12567	3553	476
12568	2774	533
12575	2902	593
12580	2718	543
12581	1839	367
12582	1417	475
12584	2192	520
12585	4171	523
12585	4171	246
12589	3726	582
12590	4645	237
12595	3036	211
12596	2752	507
12598	3366	526
12599	2716	441
12600	1965	450
12603	1968	483
12607	3810	557
12608	2930	460
12608	2930	338
12613	4000	552
12614	4791	519
12619	2206	276
12621	2155	463
12625	3473	165
12625	3473	537
12628	2812	421
12630	3304	504
12633	3094	622
12634	5262	555
12636	2684	611
12637	3271	527
12637	3271	170
12640	3964	624
12641	2055	450
12643	2027	525
12644	3975	604
12645	2431	347
12647	2170	314
12648	2351	531
12650	3056	604
12653	2000	514
12664	4199	586
12664	4199	532
12669	5527	623
12669	5527	200
12675	2942	592
12681	3132	565
12683	4789	361
12684	3011	481
12685	3383	548
12690	3623	301
12693	3318	237
12693	3318	536
12697	2110	491
12698	5247	569
12699	2077	482
12701	4943	564
12701	4943	556
12703	3984	583
12705	2451	592
12707	1915	493
12708	6235	339
12711	2016	363
12713	4042	475
12715	1954	343
12718	6518	185
12718	6518	589
12719	2556	631
12720	3453	513
12721	2411	543
12722	3254	715
12724	1850	393
12726	3976	289
12727	2081	340
12731	3085	507
12735	3744	345
12735	3744	576
12740	4754	306
12741	2129	505
12743	1917	264
12743	1917	215
12744	2768	377
12745	2503	227
12747	4473	398
12750	3456	544
12752	4706	440
12755	1667	233
12760	3011	185
12761	2961	413
12762	2740	524
12765	3860	816
12767	1537	277
12768	4584	349
12769	3796	188
12769	3796	517
12777	6216	464
12777	6216	290
12778	2451	540
12779	2134	559
12782	3942	425
12782	3942	469
12787	4038	804
12788	2745	253
12790	1955	387
12793	5796	594
12793	5796	296
12794	1481	307
12799	2343	556
12800	2064	356
12802	1421	238
12805	2652	514
12805	2652	366
12807	2001	434
12810	2943	447
12810	2943	172
12811	3513	424
12813	2082	232
12815	2510	542
12818	2471	537
12821	2168	559
12826	2647	374
12827	1897	539
12832	3944	258
12836	2782	220
12836	2782	257
12839	1868	537
12841	2835	285
12845	2189	521
12846	1964	323
12847	2626	402
12848	3424	578
12849	5149	496
12849	5149	533
12851	3264	338
12853	2980	326
12856	4687	399
12857	3256	394
12858	3553	442
12858	3553	454
12860	3544	519
12861	4508	571
12861	4508	509
12862	2301	545
12864	2694	365
12865	3841	364
12869	3517	805
12870	5051	215
12872	1839	354
12872	1839	297
12875	2890	230
12876	3413	604
12877	3217	799
12881	2274	211
12888	3094	194
12892	2130	612
12894	3130	418
12901	3107	321
12903	3342	547
12904	4888	555
12904	4888	230
12904	4888	165
12905	1818	497
12907	2608	632
12911	3607	413
12911	3607	211
12912	3177	390
12913	3208	558
12914	1893	410
12915	2184	304
12917	4144	351
12918	2095	517
12919	2399	158
12919	2399	328
12920	2204	446
12921	1092	301
12925	4476	477
12925	4476	443
12926	4386	550
12929	1704	529
12932	3122	373
12933	3937	571
12934	1827	433
12937	1728	238
12938	1575	327
12940	2968	546
12941	2286	516
12943	2788	587
12945	3841	560
12946	1537	526
12948	3029	148
12951	2283	287
12955	2839	343
12957	1456	575
12964	2334	605
12968	2588	327
12969	2209	185
12972	2356	592
12975	2485	344
12978	1950	367
12982	2388	460
12986	2078	464
12991	1802	359
12992	2479	486
12993	2086	546
12994	3878	261
12997	3245	489
12999	2408	324
13003	1723	332
13008	2223	388
13009	3642	275
13011	2362	237
13017	2814	302
13022	2962	312
13023	2339	369
13023	2339	227
13024	2275	241
13027	2211	540
13029	2371	317
13029	2371	144
13029	2371	193
13032	1709	378
13033	2762	400
13037	2467	361
13038	2801	326
13043	2280	212
13046	2432	373
13049	1579	357
13050	2033	357
13051	3689	445
13056	2943	380
13057	1950	544
13062	3181	386
13064	2176	443
13070	2108	211
13073	4594	359
13075	1502	259
13076	2438	375
13087	5690	809
13096	2313	476
13100	2623	344
13100	2623	340
13102	3248	657
13106	1594	185
13113	1775	227
13117	4241	455
13118	2434	343
13124	4403	523
13124	4403	569
13126	2731	305
13128	2888	394
13129	2678	343
13132	2035	335
13132	2035	308
13134	2266	352
13136	2155	398
13139	1771	286
13142	2111	451
13143	3469	510
13146	1919	215
13148	2342	453
13150	1671	381
13161	3429	337
13162	4020	465
13163	3207	385
13164	890	346
13168	4188	557
13169	6413	338
13176	2910	290
13178	2495	402
13180	2014	391
13184	1673	379
13186	5241	399
13187	2340	409
13190	1578	185
13191	3220	377
13193	1515	200
13194	2353	323
13195	6321	595
13201	2514	227
13203	2877	571
13205	3430	275
13207	1080	185
13209	2527	535
13213	4478	373
13213	4478	508
13214	2412	403
13215	2039	379
13217	3813	395
13228	2659	272
13229	3088	577
13234	4205	300
13235	3544	547
13239	2353	640
13243	2036	557
13253	2108	227
13254	3993	518
13257	2021	322
13258	2429	289
13263	1813	526
13265	1999	302
13270	4333	360
13270	4333	340
13271	3527	392
13276	2100	372
13278	2789	385
13279	2761	799
13284	1366	331
13287	2920	172
13287	2920	199
13293	2609	360
13301	2940	502
13303	3757	606
13304	2740	565
13308	1965	328
13314	2203	346
13315	1640	318
13316	4403	541
13317	1915	498
13319	3127	558
13323	1437	185
13325	4418	390
13327	4200	619
13331	2889	423
13332	2419	523
13334	3228	525
13335	2756	663
13338	1508	185
13341	2405	405
13342	3680	487
13344	2642	354
13344	2642	383
13348	2302	351
13348	2302	158
13350	2252	215
13351	1728	552
13354	2404	478
13361	3296	593
13363	5255	227
13372	3541	589
13373	3745	535
13374	2263	439
13376	2335	222
13384	2727	561
13385	3037	607
13390	1777	434
13398	1901	553
13402	2249	575
13403	2210	582
13409	1905	351
13410	3211	342
13412	4528	420
13412	4528	396
13415	2369	398
13416	4001	375
13417	2600	450
13418	1515	474
13424	2073	279
13426	2046	296
13428	2365	243
13429	4138	695
13433	3677	286
13433	3677	503
13435	1892	399
13437	1582	195
13437	1582	232
13443	2334	444
13445	1857	275
13450	5957	352
13450	5957	272
13453	1262	354
13454	2378	475
13456	2333	559
13461	2203	185
13461	2203	200
13463	1777	589
13467	2072	441
13469	2213	333
13483	4025	303
13485	1619	331
13488	2906	470
13491	2251	302
13493	1655	295
13496	3906	261
13496	3906	459
13497	1601	200
13503	2500	538
13504	2032	329
13510	1703	230
13511	3465	559
13515	2418	531
13518	3769	661
13519	2512	320
13527	1659	367
13528	2502	524
13529	2798	185
13529	2798	346
13530	4560	200
13531	2014	233
13532	3764	464
13536	1857	227
13537	3107	371
13543	2203	291
13544	2496	379
13550	1924	359
13551	3757	424
13552	3325	373
13556	2857	200
13561	2090	576
13564	2027	451
13567	2592	524
13575	2325	413
13576	3371	368
13578	1746	346
13580	3039	335
13580	3039	315
13582	1755	252
13583	2185	498
13584	2783	526
13586	2131	396
13587	1571	496
13588	1765	297
13590	4560	484
13593	3002	561
13595	2380	355
13596	2119	484
13598	5689	591
13604	1381	272
13607	4071	574
13611	2894	381
13612	2248	310
13615	1503	342
13619	2883	447
13623	1553	343
13629	2594	536
13632	1595	290
13633	4214	377
13636	2502	363
13636	2502	367
13649	2815	413
13651	1991	301
13655	3544	283
13658	2215	591
13660	2321	269
13661	2019	535
13662	3641	395
13667	2661	346
13672	3157	185
13672	3157	250
13673	2102	343
13674	2584	275
13677	3570	375
13677	3570	537
13678	1203	302
13681	2943	511
13682	3332	319
13686	3912	373
13693	2136	418
13697	1654	391
13698	1778	430
13706	1838	200
13709	5166	401
13709	5166	281
13710	2642	304
13711	1857	413
13713	1856	406
13715	1617	372
13717	3008	649
13724	4176	606
13725	1475	313
13726	1958	555
13729	2667	537
13730	2911	537
13731	2490	332
13738	2580	579
13739	6520	532
13739	6520	801
13743	2153	603
13753	4868	364
13759	6878	523
13760	6915	144
13760	6915	267
13760	6915	438
13760	6915	284
13761	5053	337
13765	3975	368
13770	5785	387
13770	5785	591
13773	3728	291
13774	4114	566
13774	4114	484
13780	5248	373
13781	3624	570
13784	3520	491
13785	3312	617
13787	1401	385
13788	2586	304
13790	2882	590
13791	2694	200
13793	3128	599
13797	3005	183
13797	3005	150
13799	2236	544
13801	967	267
13803	2968	292
13805	5398	572
13808	1300	224
13809	2528	355
13809	2528	258
13810	2899	606
13811	4074	444
13812	2471	406
13816	2515	543
13818	3726	442
13824	2438	375
13830	6119	368
13845	2334	379
13846	2091	261
13848	4850	568
13850	4730	551
13850	4730	526
13855	2420	591
13858	6455	400
13861	2857	355
13870	2166	359
13871	4142	500
13873	2840	645
13877	1656	533
13881	1948	408
13882	5912	266
13889	4578	201
13889	4578	167
13891	1044	269
13892	4627	513
13892	4627	655
13893	3199	467
13897	2535	339
13902	2471	446
13903	2064	348
13904	2598	362
13915	2310	458
13917	2574	185
13919	3185	594
13920	3305	587
13922	3922	396
13924	1939	408
13926	1338	349
13934	2256	554
13935	2278	269
13936	2632	614
13939	2875	270
13944	2674	627
13945	2916	442
13947	3904	465
13951	3265	521
13954	3211	425
13955	1926	332
13956	2177	620
13957	1540	185
13958	2065	335
13961	5503	297
13962	4137	470
13962	4137	605
13966	1892	553
13967	1039	290
13971	2990	409
13976	2796	552
13978	3663	362
13978	3663	579
13980	3027	592
13982	4019	370
13982	4019	262
13983	1917	377
13984	4226	339
13986	3570	485
13988	4656	573
13992	2617	538
13993	3073	483
13994	3228	484
13996	2625	498
14004	2532	185
14006	2599	546
14008	2095	262
14011	3162	444
14015	3285	349
14017	4909	618
14021	2663	402
14025	1587	309
14026	2374	528
14028	2426	593
14030	5037	402
14031	3271	601
14034	1895	386
14040	3357	567
14043	2753	430
14054	3949	504
14058	2864	323
14060	1960	250
14067	1931	185
14071	3520	411
14071	3520	231
14072	2407	267
14074	2719	510
14075	2532	451
14077	1767	404
14079	1581	383
14080	4369	556
14080	4369	567
14082	1733	349
14085	2289	341
14086	2949	587
14091	4603	433
14094	6474	533
14099	2128	421
14101	3024	440
14102	1973	255
14105	3466	575
14107	3046	388
14116	3966	440
14116	3966	561
14118	2253	330
14123	2180	555
14130	2740	161
14130	2740	519
14131	1820	363
14141	1128	206
14144	2375	524
14146	2355	495
14152	4222	343
14152	4222	494
14153	1673	639
14156	3444	566
14157	1656	523
14161	3541	562
14161	3541	570
14162	2258	400
14170	1900	528
14171	904	222
14175	2179	496
14177	2505	306
14177	2505	398
14179	2646	427
14184	2035	245
14190	1575	500
14194	2039	526
14198	6046	609
14198	6046	510
14198	6046	302
14199	3015	557
14202	2255	658
14206	3060	612
14208	2642	346
14211	3094	458
14212	1906	359
14219	3233	551
14220	6271	304
14221	2231	402
14222	1786	373
14226	1930	377
14230	2915	488
14231	1794	334
14235	1339	524
14237	1947	403
14239	2125	436
14242	2237	352
14245	6073	505
14247	2726	362
14250	2227	392
14251	2353	263
14252	1780	406
14255	2332	605
14257	2722	204
14257	2722	259
14260	2478	392
14263	1581	371
14264	2269	554
14265	2966	221
14268	2499	409
14268	2499	211
14269	2814	600
14271	1361	270
14272	1092	332
14273	2673	399
14289	1969	331
14290	3293	576
14291	2936	755
14292	4131	381
14295	3479	603
14296	3180	470
14296	3180	364
14301	3944	363
14301	3944	386
14311	1037	301
14314	4431	431
14318	1841	368
14319	4110	582
14321	1118	374
14324	1806	378
14332	3389	588
14347	3539	325
14348	1885	381
14348	1885	281
14349	2368	568
14350	3162	456
14351	2602	375
14352	3522	361
14352	3522	292
14356	1911	453
14357	2297	533
14358	1893	594
14359	2844	643
14360	1553	290
14361	1771	513
14363	2031	304
14366	2185	238
14368	2288	390
14372	1210	355
14375	841	304
14376	3034	627
14378	2243	621
14379	2147	633
14381	2206	403
14382	1960	352
14388	1979	200
14389	2057	376
14390	1353	361
14394	2326	612
14403	2213	546
14407	5367	531
14407	5367	232
14408	3460	611
14409	4141	538
14409	4141	227
14413	2669	425
14416	4187	449
14417	2364	391
14419	1374	377
14421	5799	380
14421	5799	433
14429	2056	370
14432	4389	200
14432	4389	383
14433	1705	606
14434	3509	490
14435	3876	306
14435	3876	324
14439	2272	284
14440	2811	564
14441	3372	415
14441	3372	180
14447	1924	422
14451	2766	609
14452	1967	600
14453	2536	356
14457	2488	316
14460	3409	475
14463	3346	433
14463	3346	624
14464	3526	255
14469	2175	331
14470	3059	523
14472	1900	262
14478	2828	507
14479	1509	376
14483	2355	327
14484	3145	536
14486	3473	601
14487	2041	356
14491	5517	500
14492	2430	600
14493	3793	313
14493	3793	623
14498	2993	386
14504	2661	539
14505	1772	377
14507	4635	385
14509	2290	646
14513	2319	328
14515	2636	595
14516	1580	244
14518	2447	442
14520	1927	415
14521	6148	274
14524	3737	568
14527	1867	367
14530	1610	371
14533	3167	358
14537	3678	273
14540	2343	584
14544	2725	560
14549	3368	397
14551	2099	410
14554	2286	379
14555	2511	361
14558	1012	371
14560	2592	525
14561	2270	622
14562	2696	382
14566	5514	395
14570	3724	511
14576	1896	185
14579	2363	156
14579	2363	177
14581	1450	586
14582	2228	290
14582	2228	192
14588	2594	342
14588	2594	310
14591	2383	483
14604	1633	336
14606	2773	536
14607	1911	437
14608	3172	543
14610	2018	304
14611	2819	491
14612	1934	555
14619	2865	521
14621	2291	318
14625	3175	303
14628	3144	566
14632	2860	328
14632	2860	384
14635	2920	474
14637	2458	581
14638	4564	617
14639	1943	347
14640	4473	608
14647	2526	398
14654	2445	479
14656	2168	607
14657	2488	398
14659	4333	425
14660	1721	371
14661	4062	304
14661	4062	611
14662	2682	643
14663	3224	356
14670	1841	270
14673	5156	188
14673	5156	223
14673	5156	243
14674	2441	357
14678	2047	434
14683	2952	579
14684	1615	272
14685	3497	244
14686	5182	357
14690	2262	613
14691	1539	404
14692	2206	368
14693	2866	506
14695	2304	582
14697	2422	364
14698	1365	368
14699	2307	582
14701	3778	588
14701	3778	520
14705	1953	516
14709	1756	361
14710	3559	547
14712	1586	364
14719	2128	367
14721	2039	350
14722	1607	337
14723	3928	556
14726	2257	273
14730	2573	378
14733	1079	329
14735	2897	174
14735	2897	156
14738	2803	238
14741	2506	246
14741	2506	222
14742	2451	399
14747	2163	332
14750	2122	284
14754	1528	232
14755	2553	279
14761	2135	380
14762	1910	374
14767	2100	471
14769	1143	234
14771	1869	590
14778	3480	580
14779	1267	308
14781	2955	228
14781	2955	315
14782	1820	352
14783	1639	329
14788	2330	599
14790	3029	335
14790	3029	161
14791	2142	621
14793	2153	624
14794	2604	628
14801	2731	211
14804	1914	373
14811	2591	495
14815	1896	467
14818	1189	333
14822	1685	167
14822	1685	161
14826	2662	224
14826	2662	177
14826	2662	267
14833	1726	233
14834	3151	475
14837	3351	206
14838	1584	273
14849	1260	363
14852	2330	380
14853	4808	318
14853	4808	378
14854	6878	322
14856	2991	568
14858	3770	185
14859	1812	403
14865	1588	492
14870	2123	479
14874	3765	279
14877	2608	536
14878	2313	294
14883	2115	342
14885	3494	621
14885	3494	199
14889	3279	596
14890	3006	471
14895	3189	415
14897	2868	586
14898	3332	360
14902	1753	526
14904	2180	285
14909	2658	477
14912	1984	368
14917	2126	350
14917	2126	348
14918	4386	661
14920	1458	282
14927	2009	424
14928	3466	522
14928	3466	387
14930	5559	301
14935	5202	330
14937	1605	203
14939	2315	476
14941	2092	509
14944	2494	574
14945	1145	321
14946	1437	155
14946	1437	200
14948	1568	499
14950	1488	266
14952	2935	255
14955	3347	539
14956	3397	198
14956	3397	210
14957	2561	208
14957	2561	361
14961	3119	561
14965	5020	264
14965	5020	427
14966	3202	269
14969	2400	368
14970	3099	262
14977	5992	327
14984	2089	416
14986	1743	243
14987	2783	570
14992	3957	595
14997	1977	343
14999	2690	464
15002	1466	365
15004	1868	263
15005	3011	490
15006	3484	389
15006	3484	539
15009	2608	423
15016	2409	641
15017	1379	519
15018	2560	441
15022	1956	248
15024	4645	369
15026	2454	185
15027	2560	594
15028	4279	317
15029	2362	227
15030	4875	564
15032	3165	323
15041	2190	621
15042	3348	556
15044	4750	355
15044	4750	623
15045	2412	380
15052	3151	592
15055	1539	211
15056	3255	351
15057	2898	504
15059	3318	337
15066	2293	525
15068	1983	392
15069	3092	435
15070	2413	573
15073	3006	575
15074	1765	523
15075	2710	303
15075	2710	299
15077	2606	499
15081	2583	416
15082	3543	417
15082	3543	556
15087	2461	200
15088	2124	363
15090	1954	225
15090	1954	288
15091	5063	528
15092	2348	461
15093	2603	555
15095	2276	560
15096	2599	313
15097	4040	482
15098	2917	431
15098	2917	419
15100	2160	600
15101	2471	422
15102	1905	259
15107	1416	373
15109	3703	315
15111	3437	461
15112	2012	299
15116	946	259
15117	2086	550
15120	2603	328
15122	6788	555
15122	6788	567
15124	2122	559
15126	3699	504
15128	3031	482
15129	1531	295
15130	2485	355
15133	2423	566
15134	3471	490
15138	1462	456
15142	1506	352
15146	1790	308
15146	1790	284
15147	2152	295
15148	2139	598
15149	1976	272
15157	3444	185
15160	1553	418
15169	1703	367
15171	2239	499
15180	1842	244
15181	2376	503
15182	1873	222
15185	969	321
15189	1964	545
15195	2100	542
15196	2203	185
15203	2590	285
15205	1975	529
15206	2863	393
15207	1814	273
15208	4668	185
15208	4668	495
15212	2967	499
15212	2967	355
15219	2315	353
15222	1521	322
15223	1952	267
15227	2030	447
15230	3120	340
15230	3120	385
15231	2104	487
15232	5357	539
15234	3347	369
15237	2799	419
15241	3599	778
15243	2751	437
15246	2148	543
15249	1733	325
15250	1730	327
15250	1730	281
15253	1708	331
15255	3200	360
15263	3427	503
15263	3427	185
15265	2476	324
15266	1077	221
15268	3065	266
15272	1838	391
15276	1735	429
15277	1319	256
15279	3113	474
15279	3113	497
15285	1686	449
15286	2859	335
15287	2118	479
15289	1640	292
15293	2501	247
15293	2501	177
15298	2279	320
15301	3894	543
15307	4044	485
15307	4044	452
15308	2592	427
15309	1517	445
15310	2753	493
15312	1791	221
15314	4173	343
15315	4437	502
15316	4170	483
15317	1633	251
15324	2141	556
15327	1119	239
15329	3872	541
15330	2484	337
15332	1458	334
15333	3220	275
15335	1631	496
15336	2015	279
15346	4596	511
15349	2800	506
15353	1871	522
15361	2664	185
15367	4311	445
15367	4311	541
15371	2814	487
15375	4187	646
15379	3198	488
15382	5349	300
15383	3929	370
15383	3929	446
15392	1820	410
15394	1362	230
15400	1980	330
15413	1117	185
15430	2015	273
15442	2102	325
15444	2576	564
15452	836	185
15453	2103	276
15454	2210	309
15459	3009	265
15459	3009	269
15464	1668	185
15466	2401	211
15475	2115	363
15477	1989	268
15488	1674	513
15493	5722	441
15493	5722	557
15495	1735	412
15500	5083	627
15501	5587	277
15505	3294	311
15508	2027	185
15509	1419	311
15510	1865	342
15513	3719	471
15514	5582	559
15518	3222	208
15518	3222	194
15519	4932	206
15519	4932	154
15519	4932	285
15521	1848	369
15522	3309	503
15523	2835	289
15527	1640	284
15529	2324	561
15533	1912	455
15535	1545	364
15536	2408	284
15537	2156	433
15546	4778	324
15546	4778	422
15548	3816	317
15548	3816	279
15555	3074	651
15559	1686	376
15561	3514	601
15562	2165	318
15562	2165	348
15563	2885	453
15565	4624	664
15568	2853	399
15568	2853	329
15573	1889	311
15578	2636	221
15578	2636	166
15579	2272	499
15584	4885	266
15587	5589	310
15596	2011	486
15600	1231	375
15602	2939	569
15603	1821	280
15611	3060	457
15612	3426	269
15614	1512	222
15630	1236	458
15634	2356	545
15635	2024	233
15642	4713	318
15648	2869	465
15648	2869	358
15649	3459	253
15650	2439	463
15650	2439	176
15651	2178	374
15653	2662	267
15665	2306	406
15666	1510	404
15674	2038	397
15678	6118	442
15681	4221	320
15684	2183	377
15684	2183	285
15687	3302	347
15689	4142	387
15690	5750	588
15692	1552	317
15704	1052	273
15710	1786	262
15716	4310	352
15719	1678	242
15719	1678	256
15720	3746	442
15723	2940	408
15724	3955	408
15725	1896	389
15727	1632	226
15734	1779	375
15737	2113	244
15739	3117	367
15743	1724	454
15751	2323	376
15754	2736	262
15758	2004	299
15759	2685	482
15760	2013	365
15762	4463	349
15767	3860	375
15770	2042	476
15771	1814	297
15779	1910	286
15781	1993	446
15782	2888	576
15784	1385	361
15789	1809	321
15802	2482	454
15806	1415	185
15808	2281	215
15815	3304	232
15815	3304	163
15822	3855	617
15825	4538	342
15827	2590	445
15833	2049	305
15842	1757	259
15844	1713	266
15845	3491	377
15848	2256	457
15859	2389	372
15859	2389	176
15861	3455	453
15862	3149	580
15865	2659	391
15869	3309	596
15875	2816	389
15878	4252	430
15886	2571	586
15889	4531	222
15891	5312	379
15891	5312	384
15892	5610	619
15893	1290	414
15897	5949	370
15903	2240	185
15903	2240	316
15908	2761	351
15910	6031	531
15910	6031	406
15913	5845	324
15914	2713	534
15916	1336	230
15917	6764	397
15919	2677	328
15920	3451	572
15920	3451	244
15922	1270	343
15931	1755	429
15942	1516	401
15944	2569	324
15948	6256	294
15949	5581	554
15952	3040	501
15965	3201	587
15969	2241	407
15974	3713	234
15981	3275	499
15986	4671	305
15988	1885	568
15989	2458	414
15995	2136	391
15996	6266	627
16000	6464	595
16004	2748	390
16007	6687	444
16009	6537	451
16009	6537	216
16010	3726	531
16010	3726	503
16011	2603	340
16012	5140	571
16020	2674	584
16022	5000	327
16026	2603	585
16027	2571	249
16033	2704	473
16034	4018	345
16036	3379	192
16036	3379	555
16042	4764	332
16049	1985	435
16051	6206	343
16054	3949	321
16064	6262	564
16068	5061	419
16071	3955	225
16074	2542	250
16080	5782	264
16085	3855	462
16086	2753	570
16096	2696	348
16099	2147	471
16102	3108	384
16103	2818	308
16108	2142	354
16109	4397	272
16113	3401	320
16115	3300	653
16116	2423	575
16123	3665	561
16128	5646	529
16128	5646	472
16131	2051	302
16139	2236	700
16140	2660	675
16145	2900	430
16148	1536	489
16149	2736	393
16152	1133	511
16153	1857	332
16155	5713	428
16156	1682	306
16158	3209	572
16160	1396	432
16161	2268	426
16164	1652	557
16165	3564	609
16181	5684	491
16187	1813	360
16188	2138	528
16191	3173	602
16193	2506	496
16194	3272	414
16197	2551	222
16200	1618	337
16203	2082	569
16204	6816	624
16207	4615	211
16208	2500	237
16210	4053	476
16214	1913	185
16222	2240	508
16229	3309	477
16242	2703	328
16242	2703	224
16245	1561	299
16247	2228	303
16249	4047	509
16255	2188	438
16262	2177	263
16262	2177	266
16268	1429	404
16270	1943	302
16271	3914	663
16277	2560	268
16283	1080	234
16292	2429	243
16294	3682	389
16296	1391	147
16300	2629	414
16304	2491	386
16306	2128	292
16317	2411	387
16319	3199	375
16321	1237	366
16326	2770	628
16328	1715	279
16331	3306	364
16331	3306	185
16334	3239	338
16339	1292	466
16340	1323	350
16342	1929	415
16343	3683	548
16345	4646	284
16346	2497	341
16348	1978	529
16351	3097	377
16352	2030	324
16353	2950	368
16359	2122	367
16363	6320	574
16363	6320	453
16364	2767	297
16375	2022	565
16376	2412	525
16383	4815	185
16386	2096	424
16394	3459	552
16397	1766	614
16399	2037	596
16402	1662	371
16407	1533	185
16408	1394	378
16409	2059	567
16411	3525	422
16412	4614	344
16413	2105	425
16414	2527	427
16421	2358	274
16421	2358	269
16424	3208	293
16426	1691	589
16427	2045	533
16428	3237	477
16428	3237	437
16429	1363	297
16430	4632	346
16431	1969	595
16434	3570	406
16441	4676	361
16444	2630	436
16444	2630	483
16445	2856	384
16446	1529	360
16448	1719	379
16452	2733	185
16453	1940	367
16455	4939	632
16456	1477	444
16458	5836	775
16459	2072	380
16461	2346	402
16466	2091	556
16467	2234	502
16468	5508	356
16469	1612	561
16474	1906	332
16475	5206	200
16476	2101	506
16479	1773	445
16485	1771	492
16486	3635	357
16490	2357	382
16496	4420	364
16497	3136	460
16503	2630	536
16505	6860	567
16514	3406	570
16531	2013	200
16532	3762	591
16534	3616	385
16536	1962	337
16540	2723	641
16543	2024	185
16545	1505	493
