0	19147	20933
3	2562	253
8	2351	362
10	2818	333
11	3792	511
11	3792	435
28	1374	199
32	1744	349
33	2194	255
41	1939	445
45	1593	394
49	1534	410
55	1959	298
61	2395	389
65	2588	283
65	2588	243
68	1472	410
71	856	335
76	2776	602
79	2195	410
81	2728	446
87	1841	260
88	1967	495
97	1867	382
99	959	390
102	2270	414
109	1709	566
110	2729	508
111	3001	232
113	3587	540
114	1828	500
117	1433	340
120	3108	211
120	3108	332
122	2918	470
122	2918	169
123	1733	506
127	1916	222
140	2437	413
149	1967	447
155	2793	238
158	1847	215
164	2904	850
170	11302	273
178	1959	362
179	2518	463
202	2296	222
202	2296	233
205	3005	348
205	3005	303
207	3186	402
226	3293	468
227	2765	158
227	2765	202
233	1595	227
234	3287	369
248	3432	464
249	1544	330
250	2453	566
251	3727	454
251	3727	441
253	2434	477
257	1725	533
260	2082	579
262	1646	389
265	2358	348
267	2880	470
267	2880	211
273	3827	259
273	3827	602
274	3059	330
274	3059	456
275	2734	522
276	1861	274
277	2389	433
277	2389	277
283	2307	373
287	2998	512
290	879	347
291	2454	466
297	2263	368
299	1454	336
301	1758	540
304	2332	582
312	1792	354
317	2260	524
318	1957	491
319	2290	492
320	2196	402
323	1721	310
330	1292	286
332	1787	566
337	2131	366
338	2031	304
344	2571	565
346	4471	745
346	4471	390
358	2143	503
358	2143	406
359	1931	275
365	2569	538
367	2260	522
369	1734	364
371	2659	677
372	2204	527
373	2315	425
374	2160	227
377	2172	505
379	2397	449
380	2654	740
381	1770	484
384	1311	206
385	2089	358
387	861	303
392	2100	491
394	2649	513
396	1520	185
397	2363	446
400	3096	622
400	3096	329
407	1929	482
408	1972	359
416	3059	470
416	3059	520
418	2343	426
419	3144	534
419	3144	158
421	2431	498
427	2451	452
430	1941	484
432	2431	328
432	2431	490
434	3410	195
434	3410	501
434	3410	473
435	3205	515
435	3205	376
436	2957	652
438	2485	525
439	3117	560
442	3082	532
442	3082	568
447	2925	549
450	2303	536
452	1473	303
453	1194	279
455	1323	327
457	1323	342
462	2104	278
463	1998	545
468	3607	788
469	2456	522
473	3720	566
474	2111	330
474	2111	169
476	3374	557
476	3374	240
476	3374	169
477	1733	243
479	2199	576
483	2808	392
483	2808	282
489	2180	753
491	3253	455
491	3253	454
492	1488	313
496	4668	441
497	2666	479
499	3028	501
499	3028	574
500	1621	254
500	1621	163
503	2352	279
504	2071	544
511	2383	621
512	2596	198
512	2596	131
512	2596	498
513	1980	595
517	3047	222
517	3047	496
519	4827	576
522	4141	323
522	4141	200
523	2633	519
523	2633	556
525	1444	337
526	2139	573
531	1886	480
532	1835	341
536	1591	367
537	2528	371
538	1905	582
539	2302	550
544	3275	498
544	3275	404
545	2789	512
548	2821	530
550	2587	325
551	2699	386
552	2932	547
553	2155	330
554	3072	385
554	3072	587
556	1962	150
557	2706	256
559	2386	485
564	2637	899
565	5769	567
565	5769	516
567	5443	382
567	5443	581
570	1547	330
572	1985	321
573	1023	375
575	1507	311
575	1507	165
580	2598	292
583	2501	283
583	2501	286
587	5893	706
590	2035	465
591	1524	286
593	2392	466
595	2847	227
596	1514	545
600	1508	383
601	1448	241
602	3858	409
603	3153	612
604	3168	613
606	1673	519
616	2522	455
623	3875	572
628	2447	569
630	4013	808
638	2417	568
638	2417	335
643	4314	541
646	1876	516
650	2293	549
653	2691	848
654	4652	503
654	4652	366
655	2139	266
656	1048	250
659	1655	546
660	7122	366
661	3341	566
662	2548	570
663	4259	651
664	2534	380
667	3186	498
670	2263	620
671	2550	284
673	3234	560
677	1874	427
678	2441	355
678	2441	367
681	2923	578
687	1950	450
688	3128	377
690	1635	349
691	4221	448
691	4221	352
691	4221	297
693	8385	383
693	8385	328
695	2833	482
699	3302	538
700	2594	565
702	3442	702
703	1951	370
704	2631	878
705	3294	533
705	3294	519
706	4631	334
707	3774	560
707	3774	534
708	6378	481
708	6378	277
708	6378	318
712	5449	556
721	4469	877
722	4415	518
722	4415	493
723	2394	329
724	3053	231
724	3053	591
726	4164	497
727	3846	570
728	4831	239
730	1571	331
732	3063	433
732	3063	602
734	3469	444
734	3469	272
734	3469	251
736	7004	595
738	2898	327
739	1531	185
744	3183	519
745	4064	244
745	4064	339
745	4064	145
746	5874	574
746	5874	295
746	5874	331
750	2179	782
751	2949	414
752	3695	552
754	1727	296
758	1948	291
759	2265	559
760	2195	350
760	2195	220
766	3010	383
770	2097	539
773	2749	594
777	1449	411
779	2936	604
781	8458	291
781	8458	518
785	927	308
790	2238	553
791	2082	419
793	4381	262
795	2298	248
799	1227	433
801	1349	480
802	3110	519
802	3110	459
803	1978	378
804	4655	343
804	4655	554
805	3059	463
806	5942	816
812	2563	548
814	1721	522
815	1712	255
817	3025	435
819	2634	451
823	2454	534
825	3342	507
827	8400	456
827	8400	493
833	2496	425
835	2141	365
836	3122	494
836	3122	480
837	2666	255
838	4388	272
838	4388	500
838	4388	287
839	2488	469
843	2342	378
844	3040	496
844	3040	584
846	3677	544
846	3677	563
850	3910	222
858	3749	138
858	3749	507
858	3749	459
862	7134	613
862	7134	355
866	5610	394
873	5753	534
873	5753	675
875	2700	633
877	2983	484
878	2953	402
880	2546	284
889	1541	583
892	5280	246
892	5280	482
893	2749	544
894	5240	523
894	5240	389
897	4143	360
898	2015	222
901	1227	365
906	7613	814
906	7613	455
907	2038	525
908	3275	653
911	2982	292
912	2067	532
913	3256	545
913	3256	502
914	10853	480
914	10853	532
914	10853	291
915	5420	547
916	3122	588
917	3251	558
919	2518	440
920	3826	527
922	2525	604
925	4064	594
925	4064	625
927	3059	591
930	2302	289
931	3233	541
932	6127	426
939	10578	528
939	10578	399
939	10578	457
939	10578	443
939	10578	575
955	2761	617
958	2466	574
960	3798	499
962	2624	375
964	3436	457
964	3436	279
964	3436	366
965	1768	508
968	4440	543
968	4440	371
969	2485	676
970	3247	609
972	1968	433
973	2603	573
976	2325	599
977	2105	291
979	6956	526
979	6956	191
980	2778	328
982	3662	424
982	3662	575
983	1910	470
984	4400	654
984	4400	423
987	2788	556
990	1764	348
992	2349	535
992	2349	211
994	1800	536
995	3448	507
996	2495	365
997	2483	389
997	2483	457
998	3503	534
998	3503	559
1002	3190	401
1002	3190	396
1004	4395	409
1006	2783	530
1015	1342	310
1018	1940	412
1019	3020	517
1019	3020	476
1020	2568	432
1021	1787	299
1022	2157	500
1025	2836	519
1025	2836	236
1027	1993	594
1029	2074	518
1030	1253	519
1031	7468	394
1031	7468	222
1036	5507	518
1037	2942	259
1039	3740	762
1040	2381	499
1045	2528	453
1049	4629	625
1049	4629	369
1053	4566	211
1054	3073	481
1055	2180	185
1055	2180	277
1056	2781	537
1061	2971	450
1063	3474	483
1063	3474	485
1064	2544	493
1068	2391	388
1069	2636	445
1072	2584	279
1074	2023	333
1076	2313	582
1078	3734	484
1078	3734	439
1079	1807	351
1080	8010	211
1081	2830	490
1082	5303	496
1082	5303	342
1082	5303	319
1084	2529	462
1089	1463	346
1090	2179	538
1092	2034	480
1097	3946	139
1097	3946	567
1102	1978	323
1106	2740	301
1106	2740	307
1112	2173	145
1112	2173	291
1113	3058	568
1114	3319	724
1120	869	109
1125	2067	273
1130	2269	288
1130	2269	266
1131	940	332
1134	1530	303
1136	744	268
1138	1437	367
1139	2409	366
1139	2409	434
1141	1360	211
1146	1749	273
1147	1227	273
1148	2532	318
1150	2865	461
1151	1227	347
1154	2478	418
1154	2478	370
1158	1763	263
1160	2331	420
1162	2105	469
1163	2933	429
1163	2933	117
1163	2933	172
1166	1641	445
1167	961	375
1170	1964	274
1171	2577	159
1171	2577	166
1175	1888	485
1178	2551	308
1178	2551	429
1181	2967	638
1182	2566	405
1182	2566	489
1183	2166	343
1184	782	242
1191	1279	221
1195	1557	405
1196	1582	220
1196	1582	256
1197	1909	461
1198	1786	383
1200	2623	587
1201	2568	707
1203	2939	192
1203	2939	661
1204	2183	496
1209	1878	191
1209	1878	387
1210	2886	476
1210	2886	371
1212	1626	427
1214	1159	250
1215	2019	445
1216	3056	288
1216	3056	603
1217	1503	394
1222	1001	260
1224	1424	273
1227	1190	185
1228	1853	397
1230	3066	451
1230	3066	385
1231	1673	244
1233	2435	451
1236	2417	433
1237	755	248
1245	2447	421
1246	1175	267
1248	2854	212
1248	2854	376
1252	1147	215
1258	1646	285
1259	1323	436
1261	1582	449
1262	2321	359
1267	1602	237
1268	1965	473
1270	1416	311
1273	1087	259
1275	1637	260
1277	2466	425
1278	1622	348
1283	1871	238
1283	1871	241
1284	2401	532
1288	1402	406
1292	1272	294
1295	1820	273
1296	1473	185
1298	1607	464
1305	2061	340
1306	1971	256
1306	1971	289
1313	1631	238
1313	1631	492
1314	1781	309
1315	1340	331
1316	1036	216
1319	1375	284
1321	2570	318
1329	1789	521
1335	1969	353
1340	2069	316
1340	2069	343
1341	1136	185
1344	1670	267
1354	1389	273
1355	3362	268
1355	3362	532
1363	1944	377
1364	2206	428
1366	2317	377
1369	2503	475
1369	2503	409
1370	1796	250
1370	1796	244
1374	2428	335
1375	6977	477
1375	6977	522
1376	2036	422
1381	2315	248
1395	3847	553
1395	3847	216
1397	4249	466
1397	4249	424
1400	4482	222
1400	4482	524
1403	3756	411
1404	2265	416
1413	1743	527
1418	1617	523
1421	2821	193
1421	2821	421
1426	1999	404
1428	2052	388
1435	1328	452
1441	2802	306
1442	1888	505
1444	3374	526
1448	5193	456
1448	5193	315
1451	1853	393
1458	1650	396
1464	2556	465
1465	4055	211
1469	3527	687
1473	1345	468
1483	1964	260
1488	2017	268
1490	1937	205
1490	1937	252
1491	2065	133
1491	2065	523
1492	2175	268
1497	3247	385
1500	1811	146
1500	1811	238
1502	1562	483
1519	1428	251
1520	1903	243
1520	1903	144
1523	1132	215
1525	2334	433
1526	1491	232
1528	1534	261
1531	1374	271
1534	3071	367
1541	1404	345
1544	2955	361
1544	2955	422
1548	2852	321
1548	2852	291
1556	2439	185
1561	1688	227
1563	1617	261
1566	2086	215
1568	2071	316
1572	3036	349
1573	2107	454
1575	1965	475
1575	1965	388
1580	1694	497
1581	1618	386
1582	1875	200
1590	1959	274
1593	2729	335
1593	2729	306
1596	1734	234
1596	1734	219
1597	2318	530
1600	2590	525
1600	2590	308
1601	1831	323
1603	1663	268
1609	2637	385
1617	2420	254
1618	2240	540
1621	2136	299
1626	2467	348
1627	2567	436
1631	1452	285
1639	1902	222
1644	2586	183
1644	2586	438
1648	1813	448
1649	1239	256
1652	2003	328
1656	2390	311
1658	1859	208
1658	1859	235
1659	2894	200
1659	2894	260
1662	1155	200
1664	1699	289
1667	2751	250
1668	2860	244
1668	2860	316
1669	1076	227
1671	2856	652
1672	2016	463
1678	1503	466
1679	1518	293
1680	2038	277
1682	2125	412
1684	1394	216
1685	1428	290
1685	1428	169
1689	2945	170
1689	2945	401
1690	2036	278
1693	2321	306
1697	1615	499
1700	1667	206
1701	1277	270
1702	1380	480
1709	1335	235
1712	1832	263
1712	1832	166
1713	1048	297
1714	1953	299
1719	1758	421
1722	1446	413
1724	4028	268
1727	1428	138
1730	1143	273
1731	2207	346
1741	3394	469
1746	2637	369
1746	2637	466
1747	1296	277
1748	2002	390
1751	1952	349
1758	2138	322
1758	2138	391
1762	1147	320
1763	1247	296
1763	1247	214
1766	2424	288
1766	2424	340
1767	1523	283
1775	1689	216
1777	842	234
1783	2171	530
1784	1838	303
1786	1713	394
1790	1672	271
1795	926	227
1796	2316	244
1797	3033	468
1797	3033	496
1799	1278	200
1803	2022	243
1805	2889	185
1807	1547	185
1810	3234	273
1812	2092	465
1814	2933	429
1814	2933	382
1815	1789	522
1816	1221	278
1818	3358	442
1819	1395	185
1822	2283	393
1823	1414	183
1824	1912	411
1825	1866	312
1826	2957	388
1826	2957	365
1830	1331	245
1832	2715	357
1832	2715	238
1834	2004	305
1836	1020	185
1837	1579	289
1838	1589	200
1840	1318	185
1841	2018	378
1842	1462	324
1843	1146	305
1845	2675	267
1846	1514	256
1852	2620	227
1855	576	281
1856	2166	304
1860	1288	305
1866	1473	466
1868	1073	211
1870	916	185
1871	1508	332
1872	1050	366
1876	1465	222
1877	994	255
1879	2336	454
1880	2407	250
1882	1559	249
1889	1697	307
1890	1661	249
1897	2352	331
1901	2083	335
1904	1397	227
1910	2080	185
1912	2080	294
1914	3459	367
1915	2718	255
1922	1293	331
1925	889	291
1928	2421	294
1930	2667	251
1930	2667	253
1933	1825	237
1933	1825	314
1935	1978	408
1936	2445	288
1937	572	200
1944	1191	279
1945	1932	344
1949	1727	488
1955	800	200
1956	1934	262
1959	1352	361
1961	1692	255
1962	1642	461
1965	1734	203
1965	1734	294
1970	1240	289
1974	1392	319
1976	1423	292
1977	1045	211
1981	2184	339
1983	1367	221
1987	2585	604
1996	1145	185
1999	1203	211
2002	3371	553
2006	1965	504
2008	894	278
2012	2760	379
2012	2760	241
2013	2641	365
2013	2641	516
2019	2801	427
2019	2801	497
2025	2929	391
2025	2929	473
2027	3119	263
2027	3119	510
2031	1859	200
2034	1374	463
2037	3566	494
2037	3566	449
2038	3002	499
2045	1283	312
2048	2506	369
2055	1657	418
2056	2325	471
2059	3332	530
2069	1926	250
2070	2452	444
2072	1242	324
2076	2951	485
2077	1370	284
2085	1854	291
2089	3401	528
2092	3061	255
2115	2216	155
2115	2216	308
2123	1751	256
2128	2898	227
2129	3280	303
2131	1461	227
2133	1741	286
2138	1533	290
2141	2076	511
2143	2697	476
2144	1563	442
2146	1044	221
2148	2013	410
2154	2696	461
2154	2696	396
2155	2092	275
2157	2318	405
2160	2596	653
2164	3303	296
2165	3551	421
2165	3551	454
2166	1808	215
2170	2579	479
2170	2579	279
2172	2286	308
2173	2204	296
2177	1388	271
2179	1901	279
2184	2971	495
2187	1957	315
2190	2458	437
2192	1843	328
2196	1745	203
2196	1745	188
2200	1783	452
2213	2365	370
2214	2304	465
2225	3000	337
2225	3000	479
2229	2859	461
2229	2859	353
2231	2514	500
2233	1665	276
2234	3087	323
2234	3087	250
2243	3413	390
2243	3413	328
2247	2409	470
2248	1306	273
2249	2406	325
2258	2098	454
2261	1569	452
2264	1564	284
2268	1289	259
2271	985	206
2275	2161	392
2276	2091	178
2276	2091	382
2278	438	222
2280	2661	435
2280	2661	230
2282	2073	469
2283	2351	316
2283	2351	338
2288	2537	349
2291	1277	318
2297	1636	484
2304	2303	363
2308	1569	387
2313	2418	535
2314	1413	325
2320	1880	266
2323	2319	459
2324	2998	452
2327	3080	452
2327	3080	510
2328	1150	200
2329	1825	330
2330	2787	338
2332	2111	496
2336	1517	297
2337	3243	488
2337	3243	494
2340	2678	489
2343	1679	496
2345	3406	368
2347	3375	493
2351	2159	494
2352	2838	454
2354	2718	463
2356	2150	301
2356	2150	234
2359	2335	419
2362	2024	377
2364	2086	396
2366	1636	285
2366	1636	304
2368	1763	466
2370	2042	251
2372	1730	259
2374	1216	294
2376	1625	226
2380	1886	230
2382	3021	421
2382	3021	481
2385	1226	270
2387	1859	388
2388	1639	299
2391	1738	274
2391	1738	269
2394	1864	343
2395	2128	536
2399	1868	331
2400	1521	291
2403	1010	200
2407	1924	530
2408	1645	427
2409	1096	273
2411	1504	243
2416	1651	206
2418	1511	346
2422	1269	283
2425	1199	310
2427	2368	530
2428	1805	304
2429	3081	466
2429	3081	471
2433	1366	318
2438	2295	403
2444	1155	200
2445	2296	526
2446	1204	173
2446	1204	181
2450	1475	222
2454	2002	343
2457	2052	485
2458	1668	227
2463	3130	558
2472	3012	512
2473	2069	519
2478	1916	497
2482	2213	578
2490	2107	396
2491	1977	255
2493	1876	249
2503	2137	631
2508	2325	243
2511	1621	304
2525	3023	315
2525	3023	507
2531	2651	557
2543	2457	683
2544	3209	516
2546	1067	256
2547	2832	496
2554	1524	312
2557	1859	336
2559	2686	468
2559	2686	294
2561	2276	294
2561	2276	229
2562	1171	278
2563	2924	481
2564	2238	427
2565	1108	185
2570	3175	363
2570	3175	172
2570	3175	388
2571	805	260
2574	1633	244
2575	1702	370
2581	1479	398
2582	2530	289
2592	1992	381
2593	2924	515
2598	2112	575
2599	1596	510
2600	1326	332
2601	1769	353
2608	2733	524
2612	1811	318
2613	2560	312
2614	1180	267
2614	1180	199
2617	2980	494
2618	3144	370
2618	3144	396
2619	1102	200
2620	2123	430
2620	2123	420
2621	2381	559
2624	1574	328
2628	2549	518
2632	2433	474
2633	1259	274
2640	1249	481
2641	1950	320
2643	3417	579
2645	1299	277
2646	1431	455
2649	1402	495
2650	2716	468
2652	3518	480
2654	2478	429
2657	1345	247
2657	1345	153
2658	1506	321
2660	1534	517
2661	3051	327
2661	3051	519
2662	1534	323
2665	1027	185
2666	1673	463
2668	669	326
2669	2399	501
2670	2547	437
2671	1590	333
2672	3131	501
2672	3131	298
2673	2318	526
2674	1765	279
2674	1765	305
2679	2816	498
2680	1773	316
2680	1773	270
2681	2586	500
2683	2359	336
2686	1574	257
2687	2125	228
2687	2125	330
2689	1941	432
2691	2004	477
2693	3058	329
2694	1329	234
2698	2343	480
2699	2389	565
2700	1657	376
2702	2697	437
2702	2697	474
2703	793	222
2704	1802	517
2712	983	206
2713	1455	343
2716	1497	494
2718	1536	369
2720	1941	298
2720	1941	333
2721	2237	288
2722	1873	314
2724	1517	277
2725	1090	185
2726	978	185
2728	2275	315
2730	2484	525
2732	2076	230
2734	1595	522
2740	1713	350
2740	1713	155
2742	1946	520
2743	2070	354
2745	1826	296
2745	1826	332
2749	2261	565
2751	2215	236
2751	2215	365
2756	1798	335
2757	2036	169
2757	2036	173
2759	2797	496
2759	2797	348
2760	1848	303
2760	1848	285
2763	1711	348
2766	1115	334
2768	1891	327
2769	1982	332
2770	1423	292
2773	792	200
2778	1711	337
2781	1836	213
2781	1836	245
2784	1250	277
2787	1538	283
2788	2083	295
2790	2003	295
2790	2003	333
2791	1938	529
2800	1566	384
2801	1084	283
2806	1743	321
2807	3237	227
2807	3237	402
2809	2116	249
2812	2916	379
2812	2916	454
2813	2454	623
2814	2385	549
2820	2394	185
2821	1447	304
2822	2235	568
2823	2116	541
2825	2373	584
2827	1274	292
2828	1107	328
2829	1421	212
2829	1421	172
2833	1682	185
2836	2582	327
2836	2582	339
2837	1061	327
2844	1733	388
2845	1407	331
2846	2159	300
2847	2672	420
2848	2141	453
2849	1763	304
2852	2322	356
2852	2322	274
2855	1301	254
2858	2169	187
2858	2169	352
2860	3045	315
2861	1694	397
2872	1317	295
2873	1798	293
2874	2518	547
2879	1125	222
2880	2142	277
2880	2142	293
2882	2053	308
2883	1844	373
2884	1300	297
2890	2337	254
2892	2844	359
2894	3557	556
2894	3557	307
2896	1919	340
2897	1810	244
2898	1599	238
2900	2019	587
2902	1893	324
2912	2177	565
2913	3535	579
2913	3535	555
2914	2346	185
2916	2237	378
2917	1657	369
2918	2280	306
2919	1342	278
2921	2462	416
2921	2462	530
2923	1620	477
2925	2475	348
2925	2475	551
2929	2169	272
2929	2169	320
2931	2867	665
2933	2369	538
2934	2605	568
2935	1610	561
2939	1736	488
2941	2088	297
2943	1819	127
2943	1819	341
2944	1987	413
2947	2091	489
2948	1601	435
2951	1654	330
2953	2849	709
2954	1374	287
2955	2552	301
2955	2552	331
2957	2370	746
2958	2251	282
2961	2669	264
2962	1993	518
2964	1877	334
2969	2616	200
2970	3505	543
2970	3505	499
2971	1579	298
2980	2192	320
2982	2425	662
2983	2725	275
2987	2338	581
2988	1557	459
2990	2873	433
2990	2873	575
2991	2649	321
2992	2719	498
2992	2719	286
2994	3442	445
2994	3442	528
2995	1494	326
2996	1663	311
3001	1310	309
3002	2313	343
3004	1189	256
3007	2311	261
3007	2311	308
3011	1624	561
3015	1326	414
3019	1431	211
3020	1343	211
3024	1684	331
3028	2508	554
3028	2508	396
3034	1564	335
3039	1980	523
3042	1953	625
3046	1345	496
3047	2109	185
3051	1530	290
3053	1466	312
3059	1526	384
3060	2640	522
3060	2640	278
3061	1827	206
3063	2381	678
3066	1611	420
3067	2901	551
3070	2303	578
3073	1773	329
3075	2548	790
3077	1853	476
3079	1559	462
3081	476	227
3082	2797	583
3082	2797	111
3087	1833	731
3088	2904	510
3090	1055	263
3093	2215	241
3093	2215	474
3094	1116	424
3096	2048	359
3097	3186	464
3097	3186	468
3098	2042	319
3098	2042	325
3100	2913	430
3100	2913	444
3101	3059	429
3101	3059	253
3102	1276	322
3108	1566	259
3111	1793	426
3112	1655	283
3115	2629	357
3115	2629	507
3119	2594	339
3121	1872	338
3121	1872	264
3128	1220	261
3132	1360	484
3133	2879	450
3133	2879	455
3136	1424	340
3138	1952	448
3142	2880	225
3142	2880	548
3143	1979	273
3143	1979	292
3145	3151	432
3145	3151	484
3151	2742	423
3151	2742	453
3152	1435	400
3155	1608	358
3156	1801	356
3156	1801	297
3157	2061	362
3159	2566	493
3159	2566	341
3162	2173	250
3163	1201	423
3164	2013	560
3164	2013	156
3165	3220	573
3165	3220	352
3166	2430	595
3167	2790	331
3167	2790	301
3168	1638	347
3169	1072	320
3170	1083	278
3174	1791	485
3175	1180	185
3177	2428	327
3177	2428	227
3178	1498	258
3178	1498	234
3181	1809	272
3186	1352	305
3191	2109	276
3191	2109	347
3192	1775	343
3193	2181	286
3199	1911	279
3200	3008	341
3206	2087	528
3210	1513	215
3210	1513	269
3211	2082	512
3220	1644	529
3223	1354	211
3225	1561	232
3228	1417	331
3243	1023	333
3246	1497	369
3249	3182	200
3251	1264	276
3256	1386	277
3256	1386	267
3259	1352	251
3262	3506	245
3263	1831	538
3266	3128	261
3266	3128	476
3268	3333	430
3268	3333	469
3269	1181	310
3272	1470	357
3273	1599	296
3275	1689	254
3280	1875	393
3281	864	160
3284	1834	329
3285	2118	520
3287	2715	450
3289	1354	432
3290	1563	296
3296	1625	365
3299	1848	185
3303	1391	351
3305	930	185
3307	1218	395
3310	2307	370
3311	1704	302
3311	1704	291
3312	2473	497
3317	1525	333
3320	1712	542
3322	1911	200
3326	1048	222
3329	1245	211
3333	1311	215
3335	2836	439
3335	2836	523
3338	2153	200
3340	1163	297
3342	3143	434
3345	1672	352
3346	1498	445
3352	773	211
3362	2688	470
3375	3494	486
3375	3494	528
3377	3102	465
3391	3059	460
3393	1719	128
3393	1719	231
3396	1696	350
3403	1490	390
3405	2002	355
3405	2002	240
3412	2214	238
3412	2214	325
3414	1387	211
3415	1175	376
3418	1227	206
3420	2147	584
3421	3001	117
3421	3001	132
3423	1317	221
3426	1235	221
3434	1304	244
3437	1607	377
3440	2050	401
3448	2014	605
3453	738	238
3456	1253	321
3461	941	309
3467	2744	299
3467	2744	441
3468	960	295
3469	1766	340
3474	2099	524
3481	2491	341
3481	2491	421
3482	1019	320
3483	1396	355
3485	711	238
3488	914	185
3491	2243	434
3494	645	185
3499	1806	328
3501	1149	243
3505	2967	289
3505	2967	386
3507	1470	301
3507	1470	282
3508	1186	341
3513	1221	297
3519	2795	412
3519	2795	377
3520	2148	528
3522	2318	678
3524	1538	207
3524	1538	226
3525	1548	343
3529	1331	179
3529	1331	277
3532	3244	515
3533	2652	396
3534	1681	518
3535	1449	328
3538	1881	395
3541	1214	235
3542	1968	472
3545	961	265
3554	1667	378
3555	2446	470
3557	1785	185
3557	1785	178
3564	944	200
3569	1464	243
3572	1098	185
3574	1704	554
3585	1938	375
3585	1938	230
3587	2275	617
3594	1362	215
3595	1190	299
3597	1135	317
3598	1627	256
3600	1025	279
3601	992	239
3602	3173	611
3603	1426	243
3604	1261	185
3605	2240	300
3605	2240	454
3607	1043	519
3608	2281	311
3609	2952	223
3609	2952	545
3610	1681	345
3611	2476	449
3613	3501	498
3613	3501	341
3614	1574	499
3616	1223	254
3618	1656	259
3623	1877	227
3624	1473	606
3626	1604	295
3626	1604	218
3632	1824	227
3633	1250	206
3634	2392	660
3635	1093	241
3636	2434	449
3636	2434	334
3639	3021	399
3641	1042	243
3642	3270	406
3643	1428	356
3644	1940	185
3646	2011	294
3649	3059	736
3653	2123	512
3656	1100	222
3657	1134	361
3659	1883	609
3660	2770	462
3660	2770	541
3661	1349	340
3662	1499	288
3663	1631	484
3665	2464	423
3665	2464	479
3668	1467	256
3675	2246	323
3679	2071	259
3679	2071	272
3681	1235	398
3682	1971	267
3684	2065	281
3684	2065	307
3687	833	306
3688	1340	292
3689	2321	360
3690	1212	293
3695	2532	351
3695	2532	504
3696	2194	328
3696	2194	185
3703	1298	251
3704	1416	261
3705	1807	276
3705	1807	248
3709	2470	238
3711	1354	522
3712	2685	508
3720	1513	308
3724	1215	200
3726	1956	315
3728	1006	311
3731	1741	200
3731	1741	292
3732	931	292
3735	2120	471
3736	1644	382
3737	1885	543
3739	1666	535
3741	2055	530
3743	1650	297
3744	2507	194
3744	2507	396
3745	1667	262
3745	1667	311
3746	1613	415
3749	1367	331
3750	2068	244
3750	2068	256
3753	2202	519
3758	906	165
3760	2978	526
3761	1974	415
3762	1566	426
3764	1192	419
3766	2468	410
3767	2339	185
3771	1756	235
3771	1756	168
3772	2035	481
3773	1852	317
3773	1852	321
3776	855	185
3779	1723	538
3783	1338	417
3788	1378	354
3789	2955	536
3790	1528	359
3790	1528	161
3792	1974	258
3795	3223	323
3795	3223	541
3796	1533	283
3797	1321	386
3798	1781	342
3799	2764	422
3799	2764	340
3802	1419	370
3805	1876	256
3805	1876	345
3807	847	279
3809	1132	273
3810	1655	440
3812	2612	521
3815	1883	511
3818	2010	321
3824	1716	255
3826	1947	303
3828	1701	247
3828	1701	311
3829	1189	340
3830	2985	294
3830	2985	358
3831	2201	211
3833	1969	559
3834	2426	656
3837	2446	397
3840	1754	553
3843	1749	200
3845	2406	385
3846	2075	316
3846	2075	271
3847	1010	307
3849	1804	125
3849	1804	279
3852	1570	527
3853	1522	643
3854	2278	426
3855	1756	216
3856	2364	292
3856	2364	199
3857	953	254
3861	3113	362
3861	3113	361
3864	1679	262
3866	2601	417
3868	2207	529
3871	1734	166
3871	1734	215
3872	2546	374
3876	1338	333
3878	2116	222
3879	1839	246
3879	1839	268
3880	1353	351
3881	1743	305
3882	2763	506
3885	1358	249
3889	3347	293
3889	3347	339
3891	1238	444
3892	1941	227
3895	2955	770
3898	3062	423
3898	3062	472
3900	2036	316
3900	2036	183
3901	1935	303
3902	1978	280
3904	1052	261
3909	1389	506
3911	2635	390
3912	1864	355
3919	1399	222
3921	2337	616
3928	1481	278
3933	5972	286
3933	5972	393
3934	1769	415
3936	4117	511
3936	4117	112
3937	3177	473
3937	3177	168
3937	3177	392
3939	1277	346
3941	2223	487
3943	1382	348
3944	1670	453
3948	1890	303
3948	1890	232
3949	2841	491
3952	1130	300
3953	1704	185
3956	1611	330
3957	2537	577
3960	1989	200
3962	1309	291
3964	1007	332
3967	1566	446
3970	1242	317
3972	2092	314
3974	1229	331
3975	1532	497
3976	1898	248
3979	1685	227
3983	1088	287
3984	1958	328
3987	1444	215
3989	2117	221
3990	2300	332
3990	2300	268
3991	1772	362
3992	1600	431
3995	2351	273
3997	1629	391
3999	1747	276
3999	1747	175
4001	1548	272
4005	1731	519
4006	1714	319
4011	1748	474
4012	1402	434
4013	1476	296
4013	1476	201
4014	909	242
4018	1575	334
4019	1025	269
4022	1745	185
4024	1636	428
4025	1130	339
4026	1601	384
4029	1995	318
4029	1995	268
4031	931	287
4032	2028	375
4032	2028	298
4036	1339	297
4037	3036	387
4038	911	363
4039	1416	291
4040	2037	288
4040	2037	309
4042	1587	353
4044	1335	266
4044	1335	252
4046	823	227
4050	1454	258
4051	2050	323
4053	1623	315
4058	1682	504
4062	3095	211
4063	1080	206
4064	1798	492
4065	1704	315
4069	3456	512
4069	3456	526
4070	1363	291
4070	1363	185
4073	1415	302
4074	2968	339
4075	1420	287
4075	1420	199
4076	2553	321
4076	2553	255
4077	1636	137
4077	1636	343
4079	2040	466
4081	1477	268
4091	1960	408
4094	1265	250
4095	2490	379
4095	2490	461
4096	1599	245
4096	1599	270
4097	1836	237
4097	1836	279
4098	1636	272
4099	1279	268
4100	1944	309
4100	1944	295
4101	3053	518
4101	3053	484
4103	871	173
4103	871	227
4105	1549	263
4106	1107	260
4107	1440	316
4109	1463	319
4115	2223	243
4117	2118	261
4117	2118	336
4118	3655	342
4118	3655	572
4119	1147	185
4120	1325	334
4122	1912	424
4123	1854	338
4123	1854	252
4125	1584	233
4126	2115	468
4127	895	210
4133	2627	581
4134	2688	504
4135	1406	185
4136	1667	450
4139	1156	177
4139	1156	134
4141	2404	554
4144	1398	525
4145	1664	234
4145	1664	366
4152	2001	261
4152	2001	325
4155	3202	737
4155	3202	407
4158	1715	307
4158	1715	304
4159	2490	451
4161	1480	268
4164	2780	227
4166	1669	283
4167	3400	438
4167	3400	185
4168	2058	458
4171	1766	338
4171	1766	282
4172	913	185
4173	2905	476
4174	1410	343
4175	3001	396
4175	3001	496
4176	3209	337
4176	3209	524
4179	1482	455
4181	1517	505
4185	1718	512
4187	1589	292
4191	1224	297
4192	3660	468
4192	3660	497
4194	726	233
4196	1568	531
4197	1488	261
4200	1964	331
4201	2051	471
4203	3212	497
4203	3212	455
4204	2410	448
4207	1255	206
4211	3250	297
4216	1913	300
4219	1772	485
4220	773	290
4221	2677	552
4222	1945	278
4222	1945	274
4224	531	261
4225	1816	409
4227	1744	375
4231	1740	479
4233	2443	610
4234	1241	293
4235	1865	248
4240	2798	499
4240	2798	543
4241	2164	483
4242	2064	538
4244	1873	456
4248	2723	326
4248	2723	413
4252	992	307
4255	986	289
4256	1514	453
4258	1999	200
4259	3053	449
4259	3053	303
4260	1950	238
4260	1950	248
4264	2737	543
4266	3427	509
4266	3427	380
4273	902	280
4274	1757	410
4276	1445	215
4278	3522	445
4278	3522	480
4280	1871	292
4280	1871	262
4281	2009	505
4284	4373	436
4285	724	244
4288	2455	530
4288	2455	394
4292	2406	556
4293	796	305
4294	4764	292
4295	1877	268
4295	1877	293
4296	2842	372
4298	1208	185
4301	4027	327
4301	4027	549
4302	1627	268
4302	1627	240
4306	1645	186
4306	1645	342
4307	1612	265
4309	1452	185
4310	2698	476
4310	2698	288
4313	2062	534
4316	2391	469
4317	1670	291
4321	1322	420
4326	821	237
4327	3279	303
4330	1617	361
4331	2252	358
4333	1307	460
4335	3164	486
4335	3164	209
4336	1712	376
4337	3469	447
4338	1552	301
4343	999	349
4357	2668	764
4359	1651	522
4361	1333	446
4362	2134	333
4363	1011	289
4370	1449	185
4371	2908	463
4374	1011	301
4376	1354	378
4377	4779	464
4378	1629	279
4378	1629	268
4379	2568	425
4379	2568	334
4381	5381	549
4381	5381	525
4382	2629	185
4382	2629	248
4384	4168	446
4385	2840	511
4385	2840	511
4387	2042	452
4388	2206	417
4388	2206	452
4389	976	273
4391	2059	282
4392	2978	396
4393	2838	437
4396	1757	459
4397	2781	531
4397	2781	265
4398	1339	156
4398	1339	135
4400	2149	442
4401	5660	505
4401	5660	214
4403	2380	368
4403	2380	489
4404	2627	382
4404	2627	528
4407	1266	311
4409	1887	540
4414	5609	540
4416	3060	491
4416	3060	496
4419	1475	357
4420	2801	754
4421	1347	300
4421	1347	281
4424	3096	360
4424	3096	415
4426	2740	324
4426	2740	341
4427	5639	606
4427	5639	445
4428	1374	262
4430	1714	462
4431	2322	463
4433	3660	381
4433	3660	496
4437	1803	370
4441	1899	215
4442	3223	375
4442	3223	602
4443	1358	362
4444	1060	304
4448	2314	616
4452	3360	529
4452	3360	347
4455	1467	330
4456	1355	435
4458	2532	307
4459	3411	525
4459	3411	359
4460	2456	324
4460	2456	430
4461	2636	199
4461	2636	565
4462	1277	501
4465	7917	538
4465	7917	450
4465	7917	594
4466	2841	554
4466	2841	243
4468	2648	273
4468	2648	605
4470	2844	510
4473	1659	277
4473	1659	268
4474	1670	396
4482	2326	451
4483	1571	206
4484	3141	529
4487	2463	470
4488	1586	293
4490	1900	282
4491	2234	416
4494	1891	446
4497	2136	559
4498	1973	722
4500	2176	493
4501	3328	748
4503	4591	544
4503	4591	619
4508	3391	429
4508	3391	472
4512	3857	448
4512	3857	447
4513	1133	314
4515	3122	432
4515	3122	515
4517	1039	291
4520	1792	316
4522	1230	330
4524	1582	268
4529	3379	376
4529	3379	498
4533	1726	487
4538	1950	211
4543	2668	487
4545	2161	290
4548	1316	216
4549	1462	421
4550	2089	330
4552	2926	138
4552	2926	571
4555	1835	407
4557	2420	352
4557	2420	403
4558	1425	386
4566	1501	235
4568	1820	375
4570	1822	238
4572	2127	467
4573	955	270
4574	1281	310
4576	3695	464
4578	4522	501
4578	4522	465
4579	1989	463
4583	2410	271
4583	2410	282
4586	1148	403
4588	2668	344
4589	1431	327
4590	2310	326
4592	2783	537
4593	1879	373
4594	2959	557
4595	1893	503
4596	1742	358
4597	2613	449
4601	1333	230
4602	1378	369
4603	1793	439
4604	1878	549
4606	1928	519
4609	2731	441
4609	2731	445
4610	2544	715
4611	1928	282
4611	1928	364
4612	4286	416
4612	4286	550
4615	1402	221
4616	1775	463
4617	2066	320
4619	1609	344
4623	2978	470
4623	2978	460
4625	3383	479
4625	3383	338
4626	2935	479
4626	2935	150
4626	2935	90
4627	1787	519
4628	1614	293
4629	1724	562
4630	2773	401
4630	2773	335
4632	1842	353
4633	1535	134
4633	1535	109
4637	1816	311
4637	1816	272
4643	2172	312
4643	2172	299
4645	2895	287
4646	3069	341
4646	3069	415
4649	1874	303
4649	1874	226
4650	2625	793
4651	4219	365
4651	4219	265
4651	4219	303
4653	3342	309
4653	3342	517
4654	1989	282
4654	1989	176
4656	906	243
4657	2727	475
4657	2727	326
4660	2264	328
4660	2264	239
4663	1337	287
4665	2100	523
4667	2429	521
4670	2755	513
4672	3106	291
4672	3106	541
4674	1306	296
4675	2022	471
4680	2014	284
4680	2014	176
4683	1999	271
4683	1999	217
4684	1157	266
4688	1870	246
4694	1881	284
4694	1881	262
4703	2296	339
4708	2063	484
4716	1028	332
4717	2823	554
4721	2628	455
4721	2628	452
4722	3415	476
4722	3415	541
4723	1068	295
4726	1234	275
4727	8400	571
4727	8400	547
4728	2642	494
4730	2554	538
4732	1454	354
4733	2646	572
4734	852	267
4735	1737	249
4736	1405	274
4738	4032	290
4739	2428	531
4740	3196	756
4741	1429	215
4742	2778	289
4747	8435	553
4747	8435	425
4747	8435	257
4749	2486	497
4750	1675	444
4753	2881	483
4755	975	242
4758	1971	538
4759	3978	574
4759	3978	549
4761	2281	584
4763	4096	578
4763	4096	583
4765	1982	500
4772	2095	211
4773	5338	589
4773	5338	614
4774	3135	529
4777	2343	463
4781	4166	494
4783	2575	491
4786	4068	507
4786	4068	489
4791	3463	398
4791	3463	403
4793	3336	562
4797	1658	358
4800	2638	642
4801	2862	241
4801	2862	216
4802	3957	403
4803	3449	382
4804	4688	360
4804	4688	310
4805	2200	507
4806	2906	211
4808	4503	602
4808	4503	529
4810	2147	454
4811	1836	531
4816	2962	604
4818	2651	371
4821	4755	797
4821	4755	632
4823	2149	495
4824	2619	326
4824	2619	221
4825	2187	311
4829	1715	318
4830	2904	423
4830	2904	433
4836	2516	511
4838	3595	643
4839	2306	219
4839	2306	319
4840	3762	535
4844	2046	453
4847	1965	302
4848	2464	521
4851	1867	359
4852	2409	321
4855	1385	343
4856	2266	465
4857	2078	366
4858	1252	303
4859	2119	185
4861	2318	310
4861	2318	234
4862	4984	539
4862	4984	575
4865	2949	538
4867	5099	473
4868	2735	497
4868	2735	185
4871	5573	528
4872	1832	332
4873	1738	351
4874	1936	445
4875	2015	301
4880	3729	341
4883	2218	416
4885	2040	484
4886	2453	548
4889	1899	399
4890	2952	513
4891	1615	343
4892	2571	347
4892	2571	315
4895	2121	278
4895	2121	306
4896	2869	490
4896	2869	511
4897	1677	356
4905	1923	320
4906	2134	533
4906	2134	302
4907	3570	566
4909	1983	512
4913	1372	238
4915	1661	347
4922	2932	564
4923	2741	513
4923	2741	255
4924	2962	497
4924	2962	217
4925	1234	335
4926	1743	569
4930	1976	412
4932	1371	348
4935	1656	433
4936	4434	294
4938	2862	439
4938	2862	455
4939	1639	344
4940	3921	532
4941	2484	472
4941	2484	272
4942	1515	427
4943	2061	482
4949	2558	519
4952	2375	238
4954	2105	484
4957	1106	353
4958	2684	543
4960	3158	409
4960	3158	494
4964	2138	477
4967	1785	360
4977	2344	636
4978	3234	533
4980	2604	574
4982	1399	512
4985	1607	453
4990	1253	233
4992	3002	490
4995	2087	319
4997	2094	331
4997	2094	166
4998	1559	368
5000	3011	482
5000	3011	366
5002	2544	465
5011	2237	395
5015	1305	318
5021	2498	329
5021	2498	276
5022	1582	267
5028	2133	296
5028	2133	303
5033	2207	365
5034	2157	536
5035	1971	223
5035	1971	286
5044	2719	430
5046	1393	369
5050	1833	320
5050	1833	205
5054	1722	489
5055	2769	256
5056	2392	466
5056	2392	200
5057	1530	309
5060	2226	423
5063	2177	427
5067	1665	325
5067	1665	313
5068	1575	429
5071	2101	484
5075	1472	513
5076	1635	250
5087	3849	734
5088	2503	618
5090	3817	512
5090	3817	382
5094	2425	418
5095	972	268
5097	3070	470
5098	1913	313
5098	1913	183
5099	1320	296
5102	1874	261
5104	1628	312
5106	5494	549
5107	1953	447
5108	3242	436
5109	1762	355
5112	1373	244
5118	2334	308
5118	2334	330
5119	1924	317
5121	2782	477
5121	2782	257
5122	2576	409
5125	5033	472
5126	1988	491
5131	2454	414
5131	2454	482
5134	1095	238
5135	2155	283
5135	2155	279
5137	2945	264
5141	1972	285
5141	1972	299
5144	1964	487
5145	2126	342
5150	2340	460
5151	1855	374
5157	4228	329
5158	2018	370
5165	7702	398
5165	7702	200
5165	7702	310
5166	4749	532
5166	4749	482
5170	2969	254
5171	1940	244
5172	1576	446
5175	3994	497
5177	1366	503
5180	2630	446
5181	2703	542
5183	2178	484
5184	2126	287
5187	2741	345
5187	2741	439
5189	2182	474
5190	5117	338
5191	2803	705
5195	1174	361
5197	2430	494
5199	2159	358
5200	3598	550
5201	3215	415
5201	3215	449
5203	2615	531
5204	2257	333
5213	2855	249
5213	2855	494
5215	1670	423
5221	2144	595
5227	2474	469
5233	1685	492
5234	3383	257
5236	2415	200
5238	1992	366
5239	3822	415
5242	2351	493
5247	2783	292
5249	3137	567
5252	1839	222
5252	1839	290
5255	1731	292
5255	1731	287
5257	1548	185
5258	2673	405
5259	2516	319
5259	2516	253
5260	2593	478
5261	2823	448
5261	2823	413
5262	1597	393
5267	1635	500
5269	1614	442
5272	1280	422
5275	1767	453
5278	1575	320
5281	2849	501
5284	1848	472
5290	1872	240
5290	1872	195
5292	3194	468
5294	2626	447
5295	1741	358
5297	1907	424
5298	1717	299
5298	1717	267
5299	2999	423
5304	2516	249
5304	2516	273
5305	2856	458
5305	2856	412
5308	3422	439
5309	3095	414
5310	4322	545
5311	2045	517
5314	2696	454
5315	3367	494
5315	3367	494
5316	4465	502
5316	4465	185
5318	2009	407
5319	1682	266
5321	1883	286
5322	2500	315
5324	1214	389
5326	3119	433
5326	3119	552
5327	1403	310
5329	1454	482
5331	2941	318
5331	2941	236
5332	1732	418
5334	2473	458
5335	1736	262
5340	2512	488
5342	3028	408
5342	3028	420
5343	2195	216
5347	1779	196
5347	1779	254
5351	2554	473
5356	2249	497
5357	1059	383
5360	2872	534
5363	1847	291
5365	3201	450
5366	1320	185
5368	3187	270
5368	3187	506
5369	2542	506
5369	2542	146
5374	2756	329
5379	4709	369
5381	1708	425
5385	2554	200
5388	993	233
5389	3928	480
5389	3928	446
5390	3291	476
5394	1984	329
5397	1619	245
5398	1818	238
5401	4398	388
5401	4398	310
5405	3245	608
5408	2144	514
5409	2003	409
5410	2824	596
5416	2894	589
5418	4157	185
5422	2427	490
5422	2427	287
5423	2998	515
5424	1772	421
5425	1851	249
5430	2048	414
5431	1870	313
5437	3159	415
5437	3159	466
5438	1468	472
5440	2099	234
5443	2788	443
5443	2788	274
5448	2008	436
5450	1836	201
5450	1836	307
5452	2617	406
5453	1052	263
5455	1717	390
5464	3498	552
5465	2059	213
5465	2059	485
5466	2169	324
5473	2833	475
5478	2198	532
5483	2876	502
5485	1947	296
5485	1947	199
5486	2326	450
5488	1193	299
5489	976	170
5489	976	178
5491	1255	363
5493	2540	302
5496	1708	499
5497	3103	454
5499	3096	206
5499	3096	364
5500	3517	427
5504	2150	406
5512	3147	518
5512	3147	191
5514	3088	491
5516	2321	509
5517	3948	724
5520	1850	493
5522	2781	449
5523	2036	401
5526	1940	471
5529	3399	445
5529	3399	433
5530	2374	439
5532	3041	483
5532	3041	475
5533	2671	487
5534	1393	460
5535	1982	455
5541	2460	289
5542	1960	414
5544	2334	441
5548	908	178
5549	1178	249
5550	1300	479
5551	1462	359
5554	1361	444
5555	1364	464
5556	1249	359
5558	2014	300
5561	2941	466
5561	2941	462
5565	4036	428
5565	4036	305
5567	4954	206
5567	4954	300
5568	1590	251
5569	2360	387
5571	1928	223
5571	1928	262
5572	1741	238
5574	1979	489
5577	2259	300
5580	2572	318
5581	3925	313
5584	2238	242
5584	2238	304
5586	1781	304
5587	1724	435
5591	7392	238
5591	7392	184
5592	2309	457
5594	2679	410
5596	1726	554
5598	2454	419
5598	2454	488
5599	2116	383
5600	1541	433
5601	1325	221
5602	2517	532
5605	2110	288
5605	2110	272
5606	5305	276
5609	2810	514
5610	1549	291
5611	1886	455
5614	1882	274
5614	1882	250
5616	2569	609
5620	2040	397
5626	2780	356
5626	2780	496
5627	2271	415
5631	1834	275
5632	2003	311
5636	1480	312
5638	1719	272
5640	1865	501
5641	7578	437
5641	7578	284
5641	7578	478
5641	7578	503
5642	2883	574
5643	3108	334
5643	3108	314
5644	2219	456
5649	1405	279
5656	4046	547
5657	2676	249
5659	3226	321
5659	3226	376
5666	1739	331
5669	2386	135
5669	2386	169
5682	1887	312
5684	1367	301
5687	1594	286
5689	1971	474
5690	1832	343
5692	1952	329
5694	2250	497
5695	3751	401
5695	3751	520
5696	2004	257
5696	2004	216
5697	2398	244
5698	2475	335
5699	1342	305
5700	1704	470
5703	2234	504
5710	1993	323
5714	1615	425
5715	3176	277
5718	2328	429
5724	2064	303
5726	3438	513
5726	3438	476
5729	6367	216
5729	6367	199
5729	6367	279
5730	1929	520
5732	3358	347
5735	3668	486
5735	3668	490
5740	2970	443
5741	2942	279
5742	1640	305
5747	1968	394
5750	1648	237
5754	3233	436
5757	2091	367
5762	2269	272
5763	4491	492
5765	2064	492
5766	2567	338
5767	1556	321
5771	2004	421
5771	2004	182
5775	1470	383
5777	1463	310
5778	1616	273
5778	1616	278
5779	1254	211
5780	1782	319
5783	1905	270
5783	1905	295
5784	2237	405
5787	2944	264
5790	1574	290
5790	1574	195
5791	3315	314
5791	3315	442
5793	1639	275
5795	2172	363
5800	2379	455
5801	2462	436
5804	954	185
5806	1659	314
5807	7144	493
5807	7144	491
5810	3327	462
5813	3091	491
5813	3091	185
5816	1284	185
5817	1968	286
5820	1493	317
5824	1874	269
5826	1662	269
5826	1662	275
5830	1748	367
5831	1749	297
5832	1813	230
5833	1659	333
5834	1697	239
5834	1697	295
5836	2624	498
5848	1845	384
5851	1841	276
5853	6717	546
5853	6717	367
5856	1913	211
5858	1464	272
5861	1956	452
5864	1896	463
5865	1789	301
5866	2570	431
5867	2788	519
5868	2298	287
5869	5022	450
5871	2997	478
5873	1495	294
5874	3465	461
5876	1549	441
5878	3104	463
5878	3104	368
5879	2971	437
5880	2425	448
5880	2425	303
5888	3846	420
5888	3846	465
5890	2227	285
5890	2227	262
5894	1998	460
5895	1638	295
5896	2006	420
5897	3457	498
5897	3457	133
5898	2439	350
5900	1520	250
5901	3103	498
5902	1804	379
5904	1531	420
5905	2996	648
5906	6723	515
5906	6723	230
5907	2705	312
5909	1562	361
5911	2254	280
5911	2254	285
5912	2935	406
5914	2184	300
5917	1141	354
5918	3361	558
5920	3464	474
5921	2071	460
5922	1828	259
5923	1838	276
5924	3511	348
5925	1606	465
5938	1311	265
5948	2112	310
5950	1604	227
5953	3799	395
5953	3799	164
5953	3799	243
5954	741	185
5958	2781	506
5962	2047	266
5964	3872	441
5967	2739	463
5972	2979	368
5972	2979	455
5974	1754	441
5978	3665	454
5978	3665	512
5979	758	185
5982	2728	337
5983	1391	274
5984	1821	290
5984	1821	291
5985	1941	222
5985	1941	217
5989	1319	302
5992	2820	286
5992	2820	275
5994	1583	286
5995	4743	328
5996	3961	483
5996	3961	495
5997	3683	390
5999	2093	321
6001	1040	284
6002	1911	212
6002	1911	214
6006	1692	297
6008	3759	222
6008	3759	407
6013	1923	274
6013	1923	216
6015	1290	262
6017	2568	649
6020	1800	302
6026	1269	283
6035	3036	254
6035	3036	244
6037	1297	254
6038	1408	393
6039	2431	241
6041	1734	185
6044	2110	267
6046	2639	354
6046	2639	454
6050	1425	295
6053	2789	234
6053	2789	198
6057	2220	310
6059	2345	267
6059	2345	261
6060	2181	438
6062	3240	414
6062	3240	423
6069	2135	494
6074	1589	273
6075	1986	313
6078	2750	385
6080	2079	496
6091	2899	478
6094	3471	401
6094	3471	256
6095	2318	316
6099	2147	455
6100	2509	285
6100	2509	280
6104	1710	307
6107	2502	304
6116	1552	255
6117	1951	188
6117	1951	280
6118	2279	404
6121	2456	192
6121	2456	208
6124	2228	283
6129	1780	324
6131	2062	275
6132	2451	309
6133	2813	248
6133	2813	253
6135	2489	331
6136	2797	450
6138	1880	274
6139	2499	456
6143	3041	227
6144	1400	261
6148	3262	215
6152	2099	271
6155	2129	297
6157	1363	285
6161	1952	347
6162	1365	249
6164	2000	313
6167	1783	305
6170	2613	311
6171	2670	274
6172	3382	286
6175	1562	243
6176	2517	302
6176	2517	145
6177	1557	242
6178	4613	300
6178	4613	182
6180	1337	234
6181	1564	262
6182	2063	305
6183	976	276
6189	3119	380
6189	3119	180
6192	4575	286
6196	1749	248
6198	3344	278
6199	4925	255
6202	3438	279
6202	3438	257
6206	1187	268
6210	2892	227
6212	1946	289
6212	1946	181
6214	2748	287
6215	1893	297
6216	2576	309
6219	851	446
6220	759	250
6227	1503	293
6228	2126	313
6247	1880	285
6256	1333	266
6261	1422	211
6262	2667	279
6264	1669	291
6266	1235	268
6270	1988	258
6273	1977	226
6273	1977	255
6274	2140	319
6278	2874	261
6278	2874	244
6281	2098	250
6283	1105	266
6284	3879	439
6285	3947	185
6289	1386	273
6290	1777	238
6294	1657	288
6294	1657	264
6295	5498	200
6295	5498	417
6297	1685	250
6301	7960	335
6301	7960	302
6301	7960	278
6305	1525	298
6306	4840	300
6312	2977	262
6313	4520	268
6313	4520	286
6313	4520	291
6318	1672	328
6319	708	227
6322	5150	513
6324	3331	292
6326	1163	200
6329	7102	337
6329	7102	237
6329	7102	305
6330	2312	355
6331	2050	319
6333	1409	266
6338	2500	518
6339	927	255
6341	1860	216
6344	2928	318
6348	1940	454
6349	3916	537
6350	2353	345
6351	1308	275
6354	2333	250
6358	2331	289
6359	3343	421
6360	1984	211
6362	2020	293
6365	1332	185
6367	2709	477
6370	1565	255
6371	2384	232
6372	4319	326
6374	2450	274
6374	2450	250
6376	3968	503
6379	1563	314
6380	1827	206
6388	1613	318
6388	1613	331
6389	2969	280
6389	2969	248
6391	1411	301
6399	1121	284
6404	1965	257
6408	1277	274
6409	1854	298
6409	1854	346
6412	1594	281
6413	778	232
6417	3812	357
6419	2728	293
6419	2728	296
6420	1446	305
6421	1827	446
6422	2489	185
6422	2489	302
6424	1543	280
6428	1122	281
6431	1158	328
6433	713	303
6434	1877	354
6438	2981	244
6438	2981	206
6440	2465	238
6441	1522	304
6446	1582	215
6447	3337	298
6449	1571	542
6454	1352	331
6458	1485	314
6464	839	300
6466	1875	292
6468	1440	350
6469	1171	347
6472	1437	321
6476	2924	547
6482	2698	488
6487	3183	506
6488	1204	273
6489	2244	366
6496	1244	472
6497	1591	459
6498	2811	328
6501	1824	486
6502	2406	259
6502	2406	420
6503	698	277
6506	1584	220
6506	1584	256
6510	2051	470
6512	3954	306
6512	3954	474
6513	3920	302
6517	1952	445
6518	4736	495
6518	4736	439
6519	2956	211
6520	1430	305
6522	3950	445
6522	3950	440
6523	2538	364
6525	1057	294
6526	1262	299
6527	2388	479
6528	2635	284
6530	1656	200
6534	1686	171
6534	1686	277
6537	1933	411
6540	2737	468
6541	1743	239
6544	1491	425
6545	2740	292
6551	2346	488
6552	1891	470
6553	2123	516
6554	2448	707
6555	1491	251
6555	1491	250
6556	1644	306
6557	2174	250
6558	1780	481
6561	1886	490
6562	1834	334
6562	1834	227
6564	1990	560
6565	1716	410
6567	1718	257
6568	2904	538
6572	2095	340
6576	1871	231
6576	1871	274
6577	2188	227
6578	2076	206
6578	2076	176
6581	2002	445
6587	2697	419
6588	1797	394
6589	2468	295
6590	4654	580
6597	1132	518
6599	1517	319
6600	2448	457
6601	2999	416
6606	2141	437
6606	2141	372
6607	1439	311
6609	2100	466
6611	4006	481
6611	4006	463
6612	4131	230
6612	4131	251
6612	4131	200
6616	1653	298
6621	928	302
6622	1724	536
6623	1500	297
6625	3494	532
6625	3494	502
6627	3261	506
6629	2033	435
6631	1744	457
6632	1811	574
6636	2132	422
6637	1331	310
6639	4039	405
6639	4039	185
6641	1894	501
6642	1615	227
6642	1615	313
6643	3634	447
6646	3020	507
6647	1970	234
6650	2101	469
6656	1771	462
6658	1385	359
6661	1238	227
6663	2795	263
6663	2795	385
6668	1622	252
6670	4727	192
6670	4727	376
6670	4727	202
6671	2460	435
6677	2207	491
6678	2617	496
6680	2930	469
6681	1981	423
6682	2706	399
6682	2706	500
6683	2867	522
6684	3029	428
6685	1618	418
6689	1391	222
6692	3118	655
6693	2372	451
6696	1787	272
6697	3064	462
6697	3064	465
6699	3029	472
6699	3029	442
6700	2753	550
6702	2052	433
6705	1419	299
6706	2959	456
6706	2959	268
6708	2482	448
6709	2923	497
6711	1531	410
6712	1378	185
6714	1601	424
6716	1308	404
6719	2055	272
6719	2055	299
6721	2300	484
6723	1472	469
6724	2483	259
6727	2020	514
6730	1161	267
6733	2209	307
6733	2209	431
6737	2051	518
6739	1301	249
6740	1618	439
6741	1347	238
6742	2125	451
6745	1930	547
6746	1139	222
6748	1368	360
6751	1738	238
6751	1738	294
6752	1184	332
6759	2764	584
6763	2734	491
6764	2172	515
6766	963	456
6768	2833	497
6768	2833	342
6770	1471	309
6772	1086	256
6773	3260	431
6773	3260	487
6776	2735	449
6778	1276	244
6779	1375	306
6780	1091	266
6781	2015	285
6782	1019	274
6785	904	304
6787	2162	490
6791	2203	432
6792	2660	185
6792	2660	459
6793	2246	248
6794	2321	227
6796	3197	429
6796	3197	496
6797	1697	459
6798	1979	486
6799	1276	263
6802	1229	277
6803	1187	313
6804	2184	449
6805	3845	659
6806	1424	310
6807	1862	542
6810	1207	318
6811	1167	308
6812	2473	457
6815	1960	248
6820	1561	233
6822	991	210
6822	991	237
6825	1533	302
6827	2580	206
6828	1597	437
6831	2780	391
6832	1452	420
6833	1515	291
6840	2245	464
6848	1871	321
6848	1871	264
6851	1959	512
6852	986	206
6853	1828	451
6857	2928	459
6858	1807	511
6859	1296	261
6868	1671	418
6870	1888	459
6871	1925	479
6872	2932	453
6875	1961	314
6876	3261	366
6876	3261	419
6877	2020	305
6878	2538	456
6879	1728	314
6880	2006	360
6882	2702	431
6882	2702	367
6883	1308	185
6887	2276	286
6889	1792	317
6894	1867	460
6896	1263	268
6897	2644	401
6897	2644	390
6899	3416	286
6901	2610	480
6902	2199	326
6903	1080	323
6904	1815	472
6908	2814	516
6908	2814	323
6914	1711	479
6917	1923	261
6919	1885	517
6920	1810	442
6921	2762	506
6921	2762	364
6923	2215	298
6924	2723	378
6924	2723	534
6929	1846	250
6929	1846	282
6932	1463	259
6933	1522	367
6934	1361	273
6935	4234	352
6939	1608	481
6941	1539	479
6942	2471	530
6942	2471	420
6943	3322	380
6943	3322	544
6944	3462	294
6945	1450	335
6946	2060	399
6950	1533	286
6954	1764	268
6954	1764	304
6955	2242	457
6955	2242	368
6957	1661	293
6959	1111	295
6960	1200	314
6961	3320	282
6962	1693	249
6962	1693	286
6964	1454	375
6968	2867	483
6968	2867	398
6970	1686	480
6971	2470	747
6974	2990	541
6975	3327	457
6975	3327	523
6977	1331	341
6978	1542	488
6983	1913	318
6985	2458	492
6985	2458	425
6986	2032	274
6986	2032	310
6989	1318	265
6990	1840	284
6993	3171	539
6995	3301	304
6995	3301	437
6997	1614	257
7000	1654	354
7001	2459	576
7004	1970	268
7004	1970	218
7006	1859	392
7010	2114	292
7012	1868	292
7017	1413	222
7024	2356	379
7025	1073	312
7026	2307	491
7029	1735	250
7029	1735	263
7030	3037	387
7030	3037	446
7031	1986	399
7035	2950	411
7036	1646	421
7039	1603	452
7042	2105	531
7044	1510	261
7051	1333	205
7051	1333	221
7054	4054	458
7054	4054	549
7056	1802	612
7057	2034	318
7058	2915	271
7058	2915	545
7060	2463	259
7060	2463	210
7062	2414	571
7064	2032	312
7066	4193	498
7067	1633	302
7067	1633	144
7071	3075	569
7071	3075	224
7072	1840	280
7076	1112	267
7079	2057	185
7080	3185	634
7086	1277	268
7087	2083	274
7087	2083	209
7088	2695	293
7088	2695	246
7090	2752	548
7092	4019	468
7092	4019	331
7093	743	274
7094	2190	287
7094	2190	269
7097	1296	227
7107	4564	580
7110	1262	323
7112	2100	297
7113	1590	351
7121	2211	271
7121	2211	281
7126	1743	311
7126	1743	269
7129	2282	166
7129	2282	269
7130	2569	510
7130	2569	178
7134	2527	512
7134	2527	420
7136	1171	306
7142	2307	355
7147	1588	303
7147	1588	154
7151	3399	359
7151	3399	399
7152	1574	456
7153	3640	232
7154	1447	302
7155	2864	517
7156	1918	357
7158	1630	294
7159	1759	260
7163	1367	323
7164	3333	546
7164	3333	373
7167	3215	317
7167	3215	259
7170	1029	200
7173	2058	280
7175	1749	557
7176	2652	597
7184	2131	491
7186	2044	278
7186	2044	178
7189	2757	388
7189	2757	486
7192	1090	185
7193	2423	660
7194	2342	329
7195	1969	196
7195	1969	287
7197	2524	552
7198	2064	239
7199	2505	697
7200	3843	444
7206	1087	305
7212	2140	243
7215	1856	328
7220	1971	496
7221	1276	200
7224	1751	478
7226	1916	233
7228	1578	446
7229	1922	491
7234	1580	291
7234	1580	251
7235	3135	419
7237	1063	227
7238	1830	334
7239	2315	338
7241	1301	499
7243	1159	279
7246	1774	315
7247	1950	249
7248	1667	352
7249	2714	452
7250	1405	328
7252	2043	248
7252	2043	245
7258	1531	281
7261	1935	308
7262	1208	390
7264	2697	398
7266	1318	284
7268	2541	521
7272	2003	423
7273	2065	262
7275	920	185
7279	3349	658
7280	3579	488
7284	3229	387
7287	2719	483
7291	2197	304
7293	1630	185
7294	2334	746
7295	1474	260
7297	3650	467
7297	3650	527
7300	2067	359
7301	1739	330
7305	1774	533
7307	1367	185
7312	1553	305
7313	1231	312
7316	3466	774
7319	1595	374
7320	2217	243
7323	1672	268
7323	1672	222
7328	3208	830
7330	1368	457
7331	1553	359
7332	3600	627
7332	3600	687
7337	1477	515
7338	5925	821
7338	5925	876
7339	1735	466
7342	1976	335
7345	913	200
7346	3050	598
7347	2135	441
7352	2427	384
7353	2169	362
7353	2169	370
7356	2895	346
7356	2895	510
7363	2548	582
7364	1889	269
7364	1889	305
7370	1546	281
7374	2368	431
7375	1995	513
7377	2065	430
7377	2065	459
7378	3685	501
7378	3685	496
7380	3022	867
7386	2221	543
7386	2221	215
7389	2737	549
7390	2264	394
7390	2264	323
7397	1650	475
7398	1246	433
7405	2709	487
7405	2709	314
7407	2282	398
7412	1305	363
7415	1256	310
7416	1444	451
7419	4250	582
7419	4250	523
7420	1320	222
7421	2415	321
7422	1986	351
7425	1231	366
7426	1457	430
7428	1022	250
7431	1823	441
7434	1581	470
7438	1815	414
7442	1759	320
7443	1514	489
7447	2331	505
7448	2581	376
7449	1332	285
7452	1665	348
7456	1896	522
7463	1886	267
7464	3818	731
7464	3818	718
7467	1848	443
7470	1798	340
7471	2107	527
7472	2515	266
7476	1620	285
7477	2731	471
7479	3544	586
7480	1778	418
7481	2164	380
7483	1598	297
7485	1934	515
7497	1915	515
7500	1238	308
7503	2468	484
7509	1468	368
7516	1527	253
7520	2845	739
7525	1998	745
7529	3417	183
7532	1916	335
7536	1480	548
7537	3482	444
7538	1573	479
7541	2174	851
7543	2206	541
7546	1992	298
7546	1992	170
7548	2754	553
7554	2176	618
7560	2961	271
7560	2961	498
7561	1370	350
7563	2228	206
7563	2228	145
7565	2040	211
7566	1673	259
7567	1490	184
7567	1490	351
7569	1775	371
7570	1429	215
7572	1723	211
7573	2710	689
7575	1638	206
7581	4221	725
7581	4221	419
7586	4341	369
7587	2813	529
7587	2813	398
7588	1862	309
7589	2153	518
7590	1192	323
7591	2354	175
7591	2354	177
7592	1957	435
7593	3846	777
7595	1355	283
7596	1359	200
7607	2340	871
7609	2492	321
7610	2693	331
7610	2693	283
7612	1302	298
7614	2813	414
7614	2813	496
7618	3667	510
7618	3667	331
7619	2035	373
7620	1028	215
7621	2190	599
7629	2641	329
7629	2641	218
7629	2641	339
7633	1063	375
7635	1618	550
7641	1346	455
7643	1634	347
7651	1245	436
7652	1338	401
7658	2012	553
7664	3781	640
7664	3781	486
7665	2190	589
7671	2683	499
7672	1245	185
7675	1122	277
7677	2991	157
7677	2991	612
7683	2288	563
7684	3822	532
7688	3655	443
7692	3131	322
7692	3131	572
7694	2277	554
7696	3143	556
7696	3143	577
7697	2349	848
7707	1506	411
7708	1338	249
7709	1753	315
7710	1516	533
7715	5654	878
7723	2613	530
7723	2613	489
7727	1259	241
7727	1259	151
7729	1330	185
7730	1449	366
7731	2246	337
7731	2246	383
7732	3670	536
7732	3670	515
7733	1979	420
7735	1421	375
7740	2964	764
7744	2211	562
7747	1951	438
7751	3503	879
7754	1947	382
7758	4902	541
7761	3182	837
7762	5235	221
7764	2665	361
7764	2665	519
7765	1838	144
7765	1838	140
7767	1390	272
7769	2190	618
7771	2614	464
7771	2614	379
7774	1074	331
7775	2472	732
7776	1545	406
7779	1979	185
7783	2078	185
7788	1947	274
7788	1947	334
7790	2377	312
7790	2377	153
7790	2377	239
7792	2140	865
7800	1512	524
7801	1318	185
7808	2041	400
7808	2041	384
7811	4929	317
7813	2290	568
7815	2217	408
7819	1419	250
7820	1541	502
7825	2357	295
7826	1657	430
7827	2429	575
7828	3090	468
7828	3090	544
7829	705	332
7830	1864	563
7832	1990	650
7834	1547	329
7835	1449	343
7837	1281	261
7838	2084	345
7840	2487	527
7842	1726	351
7843	1317	309
7845	3906	597
7845	3906	488
7846	3297	619
7846	3297	465
7848	3761	261
7849	1146	285
7858	1493	483
7860	1858	304
7860	1858	229
7862	1535	501
7864	2267	312
7867	3021	554
7867	3021	421
7871	3723	605
7871	3723	504
7873	3311	205
7873	3311	335
7874	804	243
7875	2089	726
7876	1899	425
7879	3270	616
7880	1743	477
7886	2753	623
7896	3434	653
7897	3725	524
7897	3725	583
7898	1450	378
7899	2133	608
7901	1193	264
7908	4596	589
7908	4596	607
7912	1984	284
7913	1648	302
7915	1614	367
7915	1614	291
7917	2565	858
7920	2249	685
7922	3007	543
7922	3007	484
7923	1780	280
7923	1780	249
7930	2604	641
7934	4147	211
7934	4147	699
7941	2649	693
7947	2040	441
7949	2841	185
7956	2969	266
7956	2969	286
7961	1227	259
7962	4294	485
7962	4294	206
7964	1481	280
7965	1508	275
7967	2147	288
7968	2311	412
7969	2125	512
7970	4775	205
7970	4775	173
7970	4775	617
7973	1747	287
7981	4044	581
7981	4044	603
7982	2105	406
7986	2718	376
7986	2718	245
7989	2322	503
7999	2415	366
8003	3560	509
8003	3560	616
8006	1673	433
8009	2627	323
8010	2158	529
8011	1007	237
8014	3391	477
8018	3663	378
8019	549	215
8023	3846	579
8023	3846	578
8027	3473	441
8029	1012	352
8030	1941	355
8035	2048	316
8036	1359	349
8039	1480	338
8047	1626	454
8055	1236	321
8056	1315	410
8068	5651	251
8068	5651	170
8068	5651	199
8069	1350	212
8069	1350	157
8073	5898	494
8084	1438	318
8085	1901	305
8085	1901	230
8088	1701	481
8089	1233	324
8090	2796	658
8091	1522	356
8093	2869	501
8096	1502	255
8097	1333	211
8100	1802	461
8101	837	232
8102	1031	273
8103	2244	494
8104	2363	408
8112	1442	256
8116	2003	468
8118	2742	394
8119	3120	483
8119	3120	328
8124	3220	547
8125	2763	185
8127	2190	358
8128	2954	281
8128	2954	392
8130	4233	548
8131	4518	592
8132	1381	237
8144	3006	468
8149	1908	432
8150	1447	506
8157	2185	582
8160	2487	501
8164	3244	200
8165	2478	554
8172	1920	641
8174	2043	317
8176	1909	351
8180	2427	593
8183	2284	613
8185	2265	340
8187	2917	592
8188	2679	390
8189	2267	402
8189	2267	492
8190	2994	568
8193	1667	365
8198	1719	272
8199	2315	367
8203	2066	595
8204	2306	527
8204	2306	206
8205	1591	250
8207	2491	517
8208	3215	490
8208	3215	411
8212	1830	227
8216	1710	462
8218	2838	574
8222	2687	592
8224	2429	560
8225	2349	185
8226	1920	185
8232	2404	269
8234	1597	376
8235	2108	180
8235	2108	166
8235	2108	195
8236	2169	222
8239	1765	542
8242	3342	608
8242	3342	348
8244	2167	537
8245	3035	283
8246	1350	412
8247	1704	382
8249	2149	565
8250	1564	216
8254	3045	312
8254	3045	355
8255	1212	250
8259	2767	244
8261	2540	185
8262	1225	238
8263	1204	458
8267	2561	495
8267	2561	521
8271	3511	487
8274	4174	574
8274	4174	556
8276	3918	299
8276	3918	267
8277	2306	555
8280	4371	418
8281	3527	254
8281	3527	457
8288	2577	482
8290	1781	147
8290	1781	146
8294	1789	287
8294	1789	220
8295	3204	510
8296	1809	518
8299	1569	200
8300	1358	254
8301	3042	407
8301	3042	355
8302	1601	226
8303	2648	316
8307	4957	556
8307	4957	512
8308	3913	378
8308	3913	578
8310	2203	365
8312	3363	530
8317	2092	448
8320	1823	200
8328	3695	576
8333	2965	436
8333	2965	536
8337	2829	412
8341	2123	558
8345	3310	418
8346	3453	537
8346	3453	491
8348	1799	270
8350	3168	531
8352	1779	200
8357	2339	304
8357	2339	343
8358	2068	534
8359	2016	314
8372	2512	530
8372	2512	403
8373	3533	277
8385	1319	279
8394	2351	343
8397	1536	185
8403	1688	403
8404	3757	865
8407	1438	312
8414	1733	330
8420	3617	427
8420	3617	557
8423	1071	352
8425	1920	525
8430	2303	332
8430	2303	365
8431	1530	434
8440	2765	290
8442	1703	281
8446	1489	258
8450	3389	515
8450	3389	572
8452	1701	285
8455	2265	426
8457	2318	558
8461	1746	280
8464	1521	185
8465	1432	302
8469	894	200
8473	5815	474
8483	1153	303
8485	1608	335
8488	2445	287
8488	2445	348
8502	1811	594
8509	5254	454
8512	5148	511
8516	3894	549
8516	3894	587
8517	1581	377
8524	2058	407
8525	1328	352
8526	2765	455
8532	2913	364
8536	2533	187
8536	2533	596
8539	2075	474
8541	2063	366
8541	2063	155
8546	2840	488
8546	2840	472
8550	2945	371
8550	2945	320
8551	2296	505
8553	1412	294
8554	3011	256
8554	3011	572
8563	1395	293
8564	1772	291
8569	1725	249
8569	1725	291
8570	3407	464
8570	3407	352
8573	3378	458
8577	1348	429
8578	2497	561
8585	2947	185
8589	1547	299
8591	2307	374
8594	2985	537
8595	1400	551
8596	3070	327
8598	3244	528
8599	1322	406
8609	2646	659
8613	1819	510
8616	1984	546
8620	2965	227
8621	2036	390
8626	1294	508
8645	3037	478
8645	3037	486
8647	2782	733
8660	2157	442
8661	2244	523
8664	1504	275
8670	1775	509
8671	1820	506
8672	2441	662
8673	1846	506
8677	1958	501
8680	2279	705
8681	2599	548
8683	2614	315
8683	2614	559
8684	3628	535
8684	3628	282
8685	2020	274
8689	1803	532
8691	2896	405
8691	2896	386
8694	1649	483
8699	3687	511
8699	3687	541
8701	3204	605
8703	1892	526
8704	1839	517
8705	2623	436
8706	1401	383
8707	1688	316
8707	1688	320
8711	1664	366
8713	3054	200
8713	3054	272
8713	3054	235
8715	1441	263
8718	1429	278
8720	2647	527
8722	1843	586
8723	1640	420
8726	1536	296
8727	2058	185
8733	1828	483
8741	1905	368
8742	2771	439
8745	1972	560
8747	2461	346
8747	2461	238
8753	2165	547
8754	3551	555
8756	2623	506
8759	1910	362
8759	1910	263
8761	2794	461
8764	3070	382
8764	3070	375
8765	3162	326
8765	3162	496
8767	1671	305
8769	1449	382
8771	1330	250
8773	3174	522
8775	1771	222
8776	2934	454
8776	2934	397
8783	1490	315
8787	1977	200
8789	3329	375
8790	1529	169
8790	1529	238
8793	1207	435
8796	2135	348
8799	2118	291
8804	1753	260
8807	2149	250
8809	2324	277
8810	1982	218
8810	1982	218
8813	2762	290
8814	1819	374
8817	1909	301
8818	1970	319
8818	1970	329
8820	1737	510
8821	2027	383
8822	1876	301
8828	1682	335
8829	1040	311
8836	2500	386
8837	2609	509
8843	1956	315
8844	1990	526
8845	2478	429
8845	2478	448
8849	1957	224
8849	1957	261
8854	3321	330
8854	3321	367
8855	1813	505
8857	1482	438
8865	2333	269
8868	2087	323
8872	981	249
8874	1480	234
8874	1480	240
8875	1297	211
8878	2309	346
8880	1756	255
8882	2650	455
8883	2418	408
8885	2299	305
8887	2660	419
8889	1613	260
8890	2466	439
8891	2927	206
8891	2927	315
8892	3033	331
8895	1449	360
8903	2863	342
8903	2863	516
8905	2449	275
8906	2216	185
8913	2520	231
8913	2520	281
8920	2712	377
8922	1218	326
8924	2126	439
8926	2398	427
8927	2265	347
8931	2780	530
8935	1693	200
8940	2711	564
8944	1959	472
8946	3034	579
8947	3223	356
8949	1654	292
8950	2955	355
8951	2583	255
8953	1251	331
8954	1206	461
8955	912	448
8958	2238	717
8961	1807	314
8962	1501	413
8964	1357	311
8966	2143	283
8968	2309	443
8969	1658	227
8975	2160	192
8975	2160	296
8977	4054	300
8982	922	374
8983	922	227
8984	2773	585
8987	1734	444
8993	3842	565
8997	2239	260
8997	2239	331
8998	1403	434
8999	1435	309
9000	858	285
9003	988	211
9007	3362	232
9007	3362	452
9009	3029	711
9011	1859	222
9012	1826	261
9012	1826	342
9013	2151	304
9013	2151	426
9020	1092	310
9022	1248	328
9023	2363	345
9027	2674	348
9029	1608	185
9033	1823	226
9034	1988	435
9038	1145	322
9039	1821	307
9039	1821	284
9042	1352	296
9046	1795	476
9048	2839	499
9049	2208	226
9049	2208	287
9055	3323	379
9055	3323	426
9057	1357	269
9058	1954	351
9060	2366	372
9061	3410	454
9061	3410	185
9063	1704	476
9066	2297	536
9068	1404	239
9070	1590	285
9072	736	256
9075	847	200
9082	1580	497
9083	2750	233
9086	1043	308
9093	1757	445
9095	1324	513
9097	2979	685
9103	2374	549
9104	2334	276
9104	2334	305
9106	1275	509
9109	1773	281
9109	1773	185
9113	1887	505
9115	893	168
9119	2389	235
9119	2389	320
9121	1893	310
9122	1506	347
9125	3117	465
9127	2498	443
9131	1349	311
9136	1136	316
9137	2151	283
9140	1303	248
9141	1852	413
9142	755	185
9143	3722	262
9144	2006	206
9150	1788	323
9152	2050	498
9154	2189	724
9156	1415	266
9156	1415	360
9158	1773	290
9158	1773	229
9162	1592	533
9163	2188	295
9163	2188	255
9165	1618	485
9167	1906	326
9169	1159	332
9172	3288	499
9172	3288	304
9180	4077	513
9181	3338	488
9181	3338	501
9182	2184	306
9182	2184	279
9183	3365	298
9186	1367	200
9187	3888	230
9187	3888	296
9187	3888	415
9188	1729	492
9194	3487	273
9194	3487	244
9197	2204	160
9197	2204	341
9199	1777	516
9202	1138	227
9204	1931	249
9204	1931	296
9206	2581	295
9208	1502	254
9208	1502	185
9209	3457	327
9210	1393	299
9217	1067	364
9221	2050	271
9221	2050	324
9222	1518	206
9222	1518	237
9223	1892	335
9224	1497	227
9228	1772	259
9228	1772	141
9230	1318	300
9237	1377	490
9238	1121	250
9239	2516	323
9244	1288	489
9247	1330	271
9248	1902	270
9252	2332	312
9252	2332	266
9262	2130	308
9263	508	226
9266	856	287
9267	1435	304
9271	2700	337
9271	2700	315
9277	962	335
9278	1588	517
9281	3388	531
9284	1634	273
9285	1135	185
9292	2944	321
9292	2944	309
9295	1065	242
9296	1336	302
9297	2662	314
9297	2662	227
9298	2144	301
9298	2144	343
9299	1924	415
9300	3632	326
9300	3632	298
9301	1669	379
9303	1789	339
9304	1173	232
9305	2766	705
9308	3530	332
9314	986	298
9323	2417	299
9325	2006	260
9325	2006	211
9327	2597	524
9333	960	285
9338	1703	377
9339	1845	342
9342	1136	253
9342	1136	230
9343	1757	215
9343	1757	296
9345	1356	303
9347	1646	313
9348	2248	319
9360	2560	293
9360	2560	314
9361	1180	268
9362	1946	322
9363	1796	227
9363	1796	209
9365	2050	361
9371	1880	297
9371	1880	186
9375	1095	238
9376	1959	300
9376	1959	318
9377	1494	211
9379	1931	260
9380	1645	318
9380	1645	198
9381	2183	315
9381	2183	278
9383	1873	526
9385	2321	268
9388	1866	496
9389	1925	457
9390	1880	141
9390	1880	309
9394	2088	347
9396	1371	291
9399	1809	238
9400	793	272
9401	1894	313
9403	1586	527
9406	1470	338
9408	2337	549
9410	1842	245
9411	801	206
9412	1619	275
9414	1637	513
9415	1137	234
9418	1677	211
9418	1677	309
9419	1399	287
9420	2729	704
9424	1812	498
9425	2215	545
9426	2144	219
9426	2144	232
9428	1620	477
9432	1537	323
9433	2082	316
9434	1812	487
9435	2827	185
9438	1616	317
9439	2381	468
9441	2371	525
9442	1190	216
9443	1376	477
9444	3265	431
9446	1025	318
9447	3410	255
9447	3410	237
9451	1208	238
9453	1657	325
9454	1532	282
9455	1851	497
9457	2190	505
9458	3312	580
9459	2269	345
9463	1276	395
9465	2675	185
9472	2009	410
9473	1439	523
9477	3856	481
9477	3856	475
9478	3168	744
9480	1478	284
9485	2712	479
9485	2712	405
9488	1264	510
9491	1606	215
9497	4097	498
9499	2318	439
9502	2482	549
9503	1498	291
9503	1498	170
9504	1339	476
9506	637	227
9514	2650	519
9515	2469	496
9516	1184	239
9517	2093	226
9519	2221	509
9520	2010	524
9521	2171	408
9522	2604	532
9528	1014	162
9528	1014	225
9529	1892	185
9531	1819	431
9535	3500	515
9535	3500	160
9536	2232	185
9539	2917	437
9539	2917	131
9539	2917	248
9540	2396	330
9541	2521	211
9542	2085	200
9543	1601	283
9543	1601	309
9545	2036	397
9546	1042	437
9549	2084	382
9550	1777	310
9550	1777	304
9552	1807	484
9554	1774	479
9557	2804	322
9558	1936	417
9563	2196	490
9564	3950	352
9564	3950	504
9565	2407	429
9565	2407	189
9570	2322	433
9574	3732	507
9574	3732	483
9575	1294	535
9576	2905	731
9577	2626	245
9577	2626	161
9578	1913	430
9584	2785	512
9584	2785	235
9589	2128	297
9591	1072	305
9594	2469	398
9599	3172	478
9602	3676	303
9602	3676	498
9605	3221	585
9608	1712	243
9609	2205	395
9609	2205	324
9613	2025	543
9615	2136	491
9616	3927	362
9616	3927	505
9621	2111	534
9625	2273	486
9632	1603	404
9635	3031	227
9635	3031	565
9645	2228	349
9656	1870	544
9657	1932	428
9662	1517	464
9668	1165	354
9672	2305	526
9673	3349	180
9673	3349	450
9674	3484	603
9674	3484	444
9675	2316	284
9678	2490	321
9679	1547	502
9685	1660	405
9688	3339	725
9688	3339	221
9689	6883	413
9689	6883	780
9689	6883	197
9690	2009	232
9693	1893	411
9694	1947	340
9695	2080	204
9695	2080	255
9697	3600	829
9698	1539	323
9700	2168	379
9702	2070	484
9709	6560	820
9709	6560	654
9710	2031	391
9712	1293	317
9713	1269	244
9714	1351	285
9715	4211	687
9715	4211	698
9717	2773	495
9718	6601	530
9719	2061	478
9720	3294	541
9720	3294	263
9724	2725	513
9724	2725	305
9726	2000	298
9727	2677	205
9727	2677	493
9729	2626	416
9730	1803	480
9733	1272	299
9734	1958	404
9735	2472	482
9743	1573	251
9744	1951	488
9746	1978	476
9747	2545	490
9747	2545	177
9751	1581	415
9752	1282	230
9754	2837	511
9756	2210	545
9759	2812	396
9760	7283	524
9760	7283	390
9760	7283	726
9762	2480	583
9766	770	288
9767	1762	277
9768	1319	273
9769	2791	500
9773	2550	794
9776	589	215
9777	2164	592
9778	2078	538
9779	2839	591
9780	1667	572
9781	2284	286
9781	2284	239
9782	1610	379
9783	2045	497
9785	1738	495
9789	1380	496
9790	2698	645
9791	1034	332
9793	2912	430
9793	2912	641
9794	3062	502
9795	1931	424
9798	2261	305
9800	1917	489
9801	1123	185
9804	1356	352
9805	2087	347
9806	3564	666
9810	1763	311
9813	1636	325
9822	1643	313
9824	1940	327
9826	3512	463
9835	1869	514
9836	2339	301
9838	1361	266
9839	1912	310
9843	2025	565
9845	2456	488
9846	3555	284
9846	3555	309
9848	1816	244
9848	1816	222
9850	3094	502
9850	3094	346
9851	1249	250
9853	1748	501
9855	1799	339
9859	1850	281
9860	1688	261
9861	6890	499
9861	6890	464
9862	2541	393
9864	1530	303
9866	2405	620
9869	1762	298
9869	1762	324
9871	3100	511
9874	2234	267
9875	1980	296
9875	1980	280
9876	2009	286
9882	2997	200
9883	3045	450
9884	2122	276
9884	2122	280
9886	1445	393
9887	1308	347
9888	1262	200
9890	1794	315
9897	3388	491
9897	3388	367
9898	2872	489
9898	2872	536
9899	2357	359
9900	3031	344
9904	2606	326
9906	2299	405
9906	2299	306
9907	1858	321
9908	2915	557
9909	1807	329
9911	2005	200
9913	1433	333
9913	1433	238
9914	1857	324
9914	1857	164
9915	1038	185
9918	1067	185
9919	1292	206
9921	1622	272
9921	1622	195
9923	1541	194
9923	1541	212
9925	6879	326
9925	6879	225
9925	6879	262
9925	6879	277
9927	4003	554
9927	4003	439
9929	2207	346
9930	3240	612
9931	1646	432
9933	3162	510
9933	3162	332
9937	3336	516
9937	3336	390
9940	1983	363
9941	1776	286
9942	1622	347
9943	2195	517
9947	1529	307
9950	1696	282
9954	1234	272
9954	1234	261
9955	3963	539
9955	3963	365
9959	3066	332
9959	3066	390
9960	3655	459
9961	2155	211
9962	2226	535
9963	2463	484
9964	2972	594
9964	2972	279
9965	2362	448
9967	1855	330
9970	2531	438
9971	2150	410
9972	1262	277
9974	1618	293
9975	1440	279
9976	3149	278
9976	3149	465
9978	2881	439
9978	2881	443
9980	2071	380
9981	2747	465
9981	2747	448
9982	2008	329
9983	2288	528
9984	1214	389
9987	2274	441
9994	2746	248
9994	2746	237
9994	2746	309
9995	3681	372
9995	3681	371
9996	2223	365
9999	3556	568
10002	2600	751
10003	2253	317
10004	2246	215
10005	4173	503
10007	2273	566
10008	1710	311
10010	1645	475
10012	1437	350
10014	3172	241
10014	3172	245
10020	3819	562
10020	3819	534
10021	3379	502
10021	3379	505
10029	2004	286
10030	2036	185
10034	1915	434
10035	1728	419
10037	3506	445
10037	3506	372
10041	2957	582
10042	1651	378
10044	1337	305
10047	2180	565
10050	2508	513
10052	1682	324
10055	2009	309
10055	2009	305
10056	2147	528
10057	781	250
10060	2466	806
10061	2631	267
10062	1257	274
10064	1833	267
10067	3986	354
10067	3986	519
10070	3734	526
10070	3734	478
10071	2782	269
10071	2782	255
10072	3559	297
10072	3559	22
10072	3559	221
10073	1622	327
10074	1123	216
10076	1800	429
10078	3872	330
10080	2245	324
10081	922	331
10085	2307	478
10085	2307	518
10088	1792	298
10089	1919	332
10090	1819	417
10091	1588	450
10092	2924	255
10093	1673	487
10098	2148	296
10098	2148	323
10101	1793	286
10102	2039	515
10103	2149	303
10103	2149	341
10104	3252	446
10104	3252	536
10105	2849	577
10107	2489	572
10109	2052	457
10111	2411	473
10112	2295	190
10112	2295	372
10114	866	233
10116	2780	330
10117	4263	551
10117	4263	546
10118	3756	211
10120	2094	397
10123	2004	497
10127	1375	344
10133	3045	216
10137	1397	544
10138	1576	414
10140	2394	513
10145	1862	328
10146	1944	543
10148	1654	358
10149	1374	312
10150	784	258
10152	2232	357
10152	2232	261
10155	1545	362
10160	1943	264
10160	1943	244
10161	3155	473
10161	3155	367
10165	2494	498
10166	2621	271
10167	3234	541
10167	3234	419
10169	3714	318
10170	2318	656
10172	2434	331
10172	2434	220
10173	1552	302
10175	3584	375
10177	1947	326
10180	2035	308
10181	2891	571
10182	2673	538
10185	4703	468
10185	4703	534
10187	880	299
10188	1977	269
10188	1977	324
10189	1302	381
10190	7528	566
10190	7528	344
10192	1437	211
10193	2438	516
10193	2438	401
10194	2748	211
10197	1854	295
10198	2562	508
10199	1414	272
10200	1304	326
10201	1264	476
10204	1442	327
10206	2823	170
10206	2823	274
10208	1841	572
10211	3522	309
10211	3522	115
10211	3522	146
10214	2816	523
10215	1803	351
10218	1110	372
10219	825	254
10220	2438	303
10220	2438	314
10221	1331	312
10224	1798	319
10230	1995	312
10231	2658	427
10231	2658	456
10232	2109	398
10237	3644	528
10238	2487	793
10239	1946	397
10240	2744	492
10245	1904	303
10248	1558	311
10248	1558	199
10252	1066	462
10254	3008	621
10257	1402	245
10259	2544	361
10259	2544	265
10261	1910	223
10261	1910	267
10263	3160	460
10263	3160	647
10266	3453	601
10266	3453	258
10268	1426	283
10269	3400	511
10269	3400	476
10271	2493	221
10271	2493	221
10275	1867	350
10280	2100	238
10280	2100	322
10282	2912	610
10284	1108	211
10290	2415	477
10291	1345	259
10295	1476	271
10301	1668	391
10302	1489	347
10305	2982	443
10307	2214	264
10307	2214	350
10309	1662	314
10311	1419	216
10311	1419	273
10312	1448	200
10315	1975	485
10316	1167	211
10317	1551	303
10319	1770	352
10320	2342	320
10320	2342	271
10321	2252	214
10321	2252	227
10322	5191	317
10322	5191	250
10322	5191	249
10322	5191	336
10323	2994	388
10325	1327	329
10326	1914	522
10328	2403	612
10330	2330	530
10331	1233	185
10334	2109	292
10334	2109	365
10335	1149	316
10336	3210	475
10336	3210	274
10337	1940	343
10339	2013	432
10340	1340	211
10344	2654	366
10344	2654	437
10347	3429	214
10347	3429	281
10347	3429	445
10348	1218	229
10348	1218	208
10349	1847	262
10349	1847	322
10350	2138	238
10352	2286	382
10353	1365	347
10354	5371	485
10357	1382	278
10360	1803	448
10362	2744	557
10364	2196	302
10366	1975	399
10368	1669	329
10370	1298	310
10374	2136	471
10375	1904	390
10376	3539	424
10378	2002	523
10379	2131	298
10379	2131	454
10381	1635	325
10382	1857	287
10383	1621	304
10387	1868	420
10388	3130	477
10390	1132	323
10391	1143	215
10393	4801	387
10393	4801	415
10394	770	216
10395	1453	301
10398	1333	269
10399	1314	322
10400	1683	268
10400	1683	109
10401	1424	364
10404	2398	568
10407	1501	305
10408	6029	418
10412	2305	490
10414	2267	259
10414	2267	332
10415	1837	289
10416	1778	415
10418	1300	270
10422	3047	376
10429	1409	479
10430	4363	347
10433	3679	540
10434	1853	476
10435	2796	503
10438	9707	792
10439	2824	425
10440	2281	201
10440	2281	469
10448	2130	372
10449	1178	309
10450	3077	437
10451	3147	355
10451	3147	454
10453	3189	444
10453	3189	386
10455	2212	479
10457	1925	328
10457	1925	300
10459	2415	622
10463	1874	309
10467	1276	358
10469	4478	496
10469	4478	485
10470	9691	477
10470	9691	521
10470	9691	523
10470	9691	353
10470	9691	478
10472	2426	552
10478	3176	788
10479	2620	403
10479	2620	240
10481	3470	400
10481	3470	421
10483	1818	380
10484	3528	499
10490	1782	308
10492	2699	523
10495	3100	176
10495	3100	605
10497	2325	393
10498	1615	297
10499	3613	470
10499	3613	502
10500	3898	586
10502	2201	505
10504	2069	403
10506	2150	392
10508	6638	536
10508	6638	457
10508	6638	211
10509	1372	270
10513	1765	244
10516	3052	444
10518	2088	496
10521	3380	517
10523	3970	549
10523	3970	551
10527	1691	369
10530	1951	432
10534	2029	299
10534	2029	264
10535	2986	311
10536	2348	289
10539	1280	457
10540	2386	486
10541	1550	280
10542	1083	232
10545	2052	351
10547	2785	450
10551	3064	429
10551	3064	492
10552	2447	256
10553	1939	399
10555	2534	392
10556	2344	354
10557	1712	535
10560	1955	339
10561	4008	588
10561	4008	407
10562	1792	448
10563	1600	309
10564	2610	281
10565	4063	491
10569	2728	509
10571	2525	472
10574	6196	278
10575	3779	536
10575	3779	232
10576	1619	511
10578	1666	632
10582	2634	512
10583	2659	508
10583	2659	330
10584	2250	485
10587	1143	297
10588	2420	374
10593	1070	293
10597	6191	509
10597	6191	532
10599	1414	237
10600	1588	367
10603	1734	565
10605	5049	535
10605	5049	503
10609	2514	651
10612	840	216
10614	1658	192
10614	1658	74
10614	1658	208
10615	1589	315
10616	2108	461
10617	3175	146
10617	3175	464
10618	2753	394
10621	2918	560
10621	2918	293
10623	3003	195
10623	3003	40
10623	3003	586
10624	1429	436
10626	2940	520
10627	1740	233
10628	1849	275
10632	1736	244
10632	1736	300
10633	1994	296
10634	1010	185
10637	2459	563
10638	1656	421
10639	1679	302
10641	1271	238
10644	2425	557
10645	2058	292
10645	2058	313
10646	4325	538
10647	2605	457
10649	1414	277
10651	1807	212
10651	1807	168
10652	2189	344
10653	2640	440
10654	2394	537
10655	1267	208
10655	1267	193
10656	1328	308
10657	3256	489
10657	3256	443
10659	3719	316
10659	3719	292
10660	4144	821
10660	4144	554
10661	1891	304
10665	1404	279
10669	2258	273
10669	2258	316
10670	1558	315
10671	1362	316
10673	1603	306
10675	2778	742
10676	2441	184
10676	2441	460
10677	2683	494
10678	1211	481
10679	1538	243
10681	2092	256
10681	2092	304
10682	1652	307
10684	2302	430
10685	1856	344
10687	1833	318
10691	1777	327
10693	1379	200
10700	3216	514
10700	3216	540
10704	2028	304
10710	3216	507
10710	3216	491
10711	1750	262
10712	1980	310
10712	1980	231
10713	2075	382
10714	2444	576
10715	2370	543
10723	3024	442
10723	3024	503
10724	2153	682
10725	4571	490
10725	4571	449
10730	1416	326
10733	1270	325
10737	3298	525
10740	2709	179
10740	2709	553
10741	1703	264
10741	1703	267
10742	7245	592
10742	7245	479
10742	7245	185
10745	2310	520
10751	2517	498
10752	4794	415
10752	4794	773
10753	3128	455
10753	3128	475
10757	1653	269
10758	2097	227
10759	2480	497
10762	2238	217
10762	2238	181
10762	2238	423
10763	2279	458
10765	859	185
10767	2000	185
10768	2677	505
10769	1982	257
10769	1982	313
10775	2880	298
10776	2897	226
10778	2358	483
10778	2358	238
10781	1712	458
10782	4225	550
10783	2107	238
10783	2107	269
10786	3800	528
10786	3800	386
10788	2637	607
10789	1779	337
10791	3043	422
10791	3043	508
10793	2795	415
10793	2795	385
10794	2645	559
10796	4685	469
10797	2182	313
10801	1553	446
10802	4831	499
10802	4831	518
10803	2768	180
10803	2768	511
10804	2644	343
10804	2644	281
10807	7222	461
10807	7222	561
10807	7222	234
10813	2448	390
10814	1463	207
10814	1463	23
10814	1463	184
10816	3155	515
10816	3155	377
10817	4419	558
10818	1451	311
10819	1272	300
10819	1272	170
10820	1683	518
10821	3091	493
10821	3091	24
10821	3091	512
10825	3812	309
10827	1463	299
10828	1378	421
10829	742	297
10832	2442	505
10833	3474	238
10834	2684	456
10834	2684	501
10835	2913	277
10837	1792	240
10837	1792	325
10838	8121	333
10838	8121	506
10839	2071	526
10840	2992	505
10841	3322	386
10846	2687	350
10849	2509	255
10849	2509	308
10852	3657	500
10857	2596	534
10861	3015	707
10866	2117	335
10867	3241	641
10868	3031	524
10869	2045	510
10872	1412	493
10875	2374	227
10876	5138	479
10876	5138	397
10877	2290	328
10878	2659	618
10881	3142	338
10881	3142	291
10885	3724	519
10885	3724	503
10887	2105	256
10891	3283	569
10891	3283	473
10892	1638	511
10894	6175	504
10894	6175	378
10896	2791	529
10897	1825	440
10898	3158	402
10898	3158	542
10899	1263	315
10905	2207	397
10906	2209	641
10907	3809	300
10907	3809	510
10908	4953	330
10909	3730	695
10912	1474	477
10913	2984	229
10913	2984	201
10913	2984	220
10916	2000	387
10916	2000	254
10918	6621	284
10919	1891	511
10921	8679	675
10921	8679	760
10925	3103	809
10926	2058	494
10928	2490	328
10932	4829	313
10936	2154	492
10937	1741	514
10938	1490	363
10940	2015	418
10941	1618	337
10942	1423	317
10943	2432	516
10948	1964	270
10950	2210	446
10950	2210	372
10951	1602	409
10952	1761	256
10953	1337	341
10956	1381	323
10958	1270	262
10962	4986	522
10962	4986	492
10963	2195	206
10963	2195	328
10964	1209	356
10965	2193	274
10969	1292	426
10973	3207	290
10975	4342	497
10975	4342	363
10976	2910	615
10980	1816	317
10981	1060	316
10983	2336	498
10984	2804	403
10985	3003	494
10985	3003	232
10987	2782	452
10987	2782	292
10992	1747	331
10992	1747	251
10994	1734	273
10995	2346	273
10995	2346	284
11003	2298	520
11008	3076	468
11008	3076	481
11009	4306	310
11009	4306	418
11010	1809	325
11011	2856	485
11014	3780	447
11014	3780	358
11019	2379	552
11022	2134	185
11023	2390	255
11027	3363	629
11028	2644	743
11031	2183	599
11034	1171	435
11037	3034	222
11037	3034	483
11038	3065	651
11039	5267	506
11043	3631	497
11043	3631	478
11044	3891	527
11044	3891	536
11051	2491	423
11054	2389	414
11055	2167	488
11057	1589	441
11058	3472	309
11059	1723	471
11061	2960	481
11061	2960	359
11063	1888	353
11064	2011	355
11065	2589	238
11068	1810	451
11069	2095	375
11071	2475	374
11072	2059	413
11074	1435	237
11077	3173	539
11079	4436	582
11080	1008	188
11084	2651	427
11088	3248	487
11096	2680	323
11099	1403	283
11100	2284	400
11102	2616	596
11103	1927	471
11105	2030	309
11106	2092	474
11107	2076	156
11107	2076	450
11120	6002	250
11120	6002	281
11120	6002	298
11123	2317	476
11123	2317	323
11124	1742	293
11125	3178	504
11125	3178	388
11126	3228	489
11126	3228	326
11129	4093	493
11130	2950	461
11136	2368	574
11137	3521	499
11137	3521	400
11138	1141	227
11143	3415	389
11144	1439	243
11147	1810	353
11149	2230	244
11149	2230	289
11155	3380	480
11155	3380	296
11158	3063	565
11160	2068	250
11160	2068	184
11167	2110	506
11169	2837	378
11175	2828	515
11177	1464	227
11180	3016	215
11180	3016	175
11183	3556	488
11183	3556	410
11184	2191	441
11186	2057	237
11186	2057	195
11187	1612	197
11187	1612	331
11191	2119	413
11194	1964	185
11197	3371	338
11205	2800	227
11208	3507	545
11208	3507	403
11210	1789	313
11212	2232	273
11212	2232	483
11214	2304	241
11215	1665	300
11216	3699	493
11216	3699	354
11218	3598	342
11218	3598	497
11220	1279	258
11221	1525	308
11224	761	200
11228	5478	291
11231	2475	222
11232	2230	328
11234	1914	261
11235	1666	296
11238	4105	488
11239	4890	479
11240	2947	559
11242	1303	461
11244	3034	227
11250	2035	313
11252	1209	334
11257	1817	318
11261	2261	378
11261	2261	211
11262	3328	277
11262	3328	425
11264	3370	484
11267	4026	305
11269	3752	278
11269	3752	537
11270	2202	341
11274	3935	256
11274	3935	408
11275	1684	391
11276	3114	327
11276	3114	176
11277	3770	485
11281	1621	363
11285	2892	310
11286	1670	478
11288	4282	256
11288	4282	301
11290	2183	185
11291	1769	450
11295	2332	602
11297	2720	502
11299	4353	553
11299	4353	546
11305	1915	375
11306	6016	261
11308	2107	468
11311	3312	317
11311	3312	279
11312	2477	505
11323	1544	200
11324	3074	378
11329	2228	267
11334	4164	462
11334	4164	431
11337	1666	298
11339	6003	483
11340	2508	291
11341	2561	310
11345	3027	522
11346	2723	256
11348	1383	428
11353	1284	295
11354	1787	317
11355	1515	268
11357	1612	256
11357	1612	261
11369	1557	285
11371	3627	284
11382	1390	298
11383	1288	302
11384	1686	500
11385	2125	477
11388	1887	302
11390	2040	165
11390	2040	321
11392	3577	511
11393	3039	335
11396	1556	520
11400	3229	185
11405	2326	492
11407	2099	459
11408	2480	540
11410	1804	733
11411	1719	299
11414	1859	312
11416	2449	331
11416	2449	270
11417	1529	185
11418	2096	269
11420	2357	314
11421	4310	310
11423	2346	291
11423	2346	261
11426	3020	337
11426	3020	420
11428	1572	206
11430	2377	392
11433	3110	430
11433	3110	451
11438	6010	442
11438	6010	516
11438	6010	367
11440	2074	227
11441	3251	367
11444	1777	261
11444	1777	184
11446	1917	304
11449	1065	263
11450	2496	765
11452	1500	348
11454	3086	439
11458	2460	255
11459	1997	200
11460	2958	331
11464	2391	726
11465	2942	410
11465	2942	405
11468	2959	619
11470	2056	516
11471	1393	185
11479	3671	464
11482	3552	200
11482	3552	463
11483	2346	496
11486	1835	521
11488	2099	440
11493	2312	454
11493	2312	243
11497	5208	542
11497	5208	305
11498	3433	494
11498	3433	410
11500	1686	298
11502	2476	541
11503	1950	293
11503	1950	288
11505	3059	536
11505	3059	402
11507	1323	261
11508	3295	413
11509	3478	544
11511	3698	484
11511	3698	452
11512	2140	331
11513	2095	343
11520	1460	408
11523	1903	252
11523	1903	296
11527	4353	373
11529	1681	372
11533	1552	359
11536	2058	274
11537	1420	326
11538	3073	526
11539	2208	399
11541	3227	395
11541	3227	530
11544	2132	243
11545	3722	561
11545	3722	170
11548	1440	248
11548	1440	256
11553	1993	215
11559	2241	493
11560	2452	451
11562	3239	507
11562	3239	273
11564	2912	373
11564	2912	508
11565	2592	527
11567	3281	547
11567	3281	400
11568	4076	738
11571	1083	269
11572	2215	490
11581	1878	317
11582	1290	262
11583	1859	370
11583	1859	243
11585	2511	455
11585	2511	276
11586	1397	200
11587	2034	203
11587	2034	334
11593	1765	380
11599	2654	455
11604	3371	581
11604	3371	333
11607	1708	319
11610	1898	241
11611	1940	562
11612	5560	242
11614	4421	632
11615	2769	495
11616	2972	456
11616	2972	453
11617	1553	297
11618	2537	325
11622	4196	449
11624	1728	319
11625	1130	298
11626	2465	531
11628	1804	458
11639	1645	517
11641	2160	325
11645	2611	541
11646	2178	504
11647	1468	309
11649	2402	307
11651	1494	286
11652	2411	260
11654	4125	529
11654	4125	258
11658	983	354
11659	1772	649
11660	1021	243
11661	2626	574
11665	2791	555
11666	2664	211
11672	3992	200
11675	1716	200
11676	1627	191
11676	1627	274
11678	2433	485
11679	2181	503
11681	2520	403
11689	3381	587
11692	3563	557
11693	1142	296
11694	3199	483
11698	3343	349
11698	3343	429
11699	5044	281
11702	2513	477
11703	2086	230
11703	2086	303
11705	1985	355
11709	3783	484
11709	3783	330
11710	1381	227
11711	2269	244
11717	1649	282
11719	916	267
11727	3576	486
11727	3576	437
11728	1051	232
11731	2015	386
11732	1603	227
11733	2039	227
11735	1555	307
11736	2603	494
11738	1149	309
11746	2959	595
11748	4595	490
11750	952	233
11751	2079	485
11758	1678	402
11760	1989	441
11762	1856	449
11764	2652	427
11764	2652	380
11766	2565	285
11766	2565	189
11767	2526	452
11767	2526	516
11768	1490	396
11769	4578	535
11769	4578	329
11771	3305	657
11777	3046	388
11777	3046	464
11779	4302	301
11785	2873	450
11786	1403	368
11787	2564	450
11789	1766	285
11792	4235	329
11792	4235	412
11794	1168	294
11797	3264	495
11797	3264	366
11799	1873	294
11801	4143	324
11802	1756	293
11803	1768	491
11808	3337	200
11811	1830	277
11813	2143	325
11815	1377	345
11822	1310	318
11824	2617	468
11829	3715	237
11829	3715	216
11829	3715	456
11830	3356	456
11831	1422	305
11832	2337	197
11832	2337	297
11833	2591	461
11833	2591	435
11835	2310	447
11836	5855	268
11836	5855	206
11838	3778	485
11838	3778	423
11839	1949	453
11840	2811	470
11840	2811	444
11844	1535	359
11853	3702	528
11854	3378	739
11855	4014	302
11855	4014	275
11857	2242	484
11859	2695	298
11860	2185	280
11861	1709	443
11863	1581	160
11864	1997	507
11866	3900	507
11866	3900	520
11867	2513	439
11869	3602	211
11870	1554	205
11870	1554	296
11873	2159	281
11883	1882	288
11888	2901	231
11888	2901	532
11889	2355	369
11890	1991	334
11891	1839	291
11892	3441	222
11893	1673	418
11895	1710	280
11897	2067	460
11900	2228	359
11901	2615	261
11901	2615	185
11903	2137	473
11908	2637	311
11908	2637	297
11909	1551	249
11910	1638	463
11913	2976	377
11913	2976	511
11917	1272	232
11919	2621	443
11925	2053	314
11926	4073	635
11929	3434	339
11929	3434	475
11930	3122	306
11930	3122	567
11934	1683	185
11936	2643	333
11939	5057	267
11939	5057	313
11945	3807	268
11948	2039	270
11948	2039	357
11949	3248	328
11952	2000	439
11956	2772	474
11958	1833	268
11959	2709	524
11964	3435	462
11965	2322	341
11968	1599	264
11978	3696	478
11982	3471	398
11982	3471	230
11983	2429	458
11983	2429	253
11986	2726	278
11989	1179	273
11990	2522	268
11995	563	185
11997	2149	282
11997	2149	289
11998	1897	292
11999	1637	411
12003	4396	183
12003	4396	266
12005	5922	749
12005	5922	579
12008	1739	277
12009	3085	396
12009	3085	332
12011	2030	546
12012	2382	541
12017	3407	502
12017	3407	490
12020	2151	413
12021	2865	527
12022	6205	458
12026	2522	465
12027	2238	493
12028	1712	281
12030	1444	293
12037	1536	253
12039	3655	256
12041	1409	222
12042	2157	277
12043	1170	360
12045	2406	224
12045	2406	460
12048	3235	329
12049	2217	282
12051	2303	352
12053	1138	185
12054	1670	465
12062	4278	683
12069	4835	456
12072	2703	326
12077	1797	389
12080	3330	431
12080	3330	331
12081	2320	474
12084	2765	361
12084	2765	560
12086	2765	541
12087	1978	401
12089	1797	310
12092	3369	508
12092	3369	442
12097	2198	260
12098	1769	206
12101	1207	230
12102	2027	489
12107	2059	469
12112	2654	461
12113	2340	458
12119	3913	309
12121	2431	355
12122	3182	562
12124	2383	674
12126	891	366
12128	1674	445
12131	2007	366
12134	3153	555
12136	1670	284
12137	2782	742
12138	1844	333
12141	2394	279
12144	5686	294
12144	5686	242
12148	2776	635
12149	2321	387
12150	4102	575
12153	1502	331
12154	2421	243
12154	2421	448
12156	4041	556
12165	2217	253
12165	2217	300
12166	1556	464
12168	2314	211
12173	3524	550
12173	3524	281
12174	1795	328
12175	1565	238
12178	2726	441
12183	3971	468
12183	3971	183
12187	2413	318
12188	2985	472
12192	5041	285
12194	2238	497
12197	2650	463
12198	1580	348
12199	3127	499
12205	3514	467
12205	3514	193
12211	2243	736
12212	2459	556
12213	3296	304
12214	2604	492
12217	2622	463
12218	2548	451
12219	1473	283
12224	4129	227
12225	1203	273
12226	1382	279
12228	2772	315
12230	1941	374
12231	2645	496
12233	2079	369
12238	2965	486
12238	2965	185
12244	1462	226
12245	2009	321
12247	2101	535
12252	3024	468
12252	3024	449
12254	2117	509
12257	3453	469
12257	3453	316
12263	1812	211
12269	1227	341
12273	3437	455
12273	3437	426
12275	3357	472
12276	1583	293
12281	4829	391
12281	4829	395
12282	1737	428
12284	2291	308
12284	2291	306
12286	1692	276
12287	1822	222
12287	1822	232
12288	1278	227
12301	3270	353
12303	2371	371
12304	2172	215
12305	1602	560
12307	1167	328
12312	2824	271
12312	2824	384
12315	2888	435
12316	2179	485
12320	1376	459
12321	2089	379
12322	3585	539
12322	3585	381
12323	2466	291
12324	6179	377
12324	6179	511
12327	1340	263
12328	1589	200
12329	1605	255
12331	1981	215
12331	1981	333
12332	1262	363
12335	5993	481
12335	5993	513
12335	5993	535
12336	4618	333
12336	4618	444
12338	3165	442
12344	1895	529
12349	3986	542
12353	2553	243
12355	1573	325
12356	2771	445
12360	2949	372
12360	2949	420
12362	2995	526
12367	2174	621
12370	1910	273
12371	3450	488
12371	3450	294
12374	1669	482
12379	1323	351
12381	2044	363
12381	2044	172
12382	8248	253
12382	8248	523
12383	2407	439
12383	2407	362
12384	4483	293
12384	4483	379
12386	1475	167
12386	1475	169
12390	1437	346
12391	2343	185
12393	2300	299
12393	2300	209
12395	2167	283
12395	2167	286
12396	2252	419
12397	2183	283
12398	2904	467
12398	2904	486
12404	1873	418
12405	1927	518
12407	2276	507
12409	1798	273
12410	3052	375
12413	3399	459
12413	3399	239
12415	3315	274
12417	1544	458
12418	3088	500
12418	3088	253
12420	1228	185
12422	2393	338
12424	2386	437
12426	1612	476
12428	2960	537
12428	2960	449
12432	1915	203
12432	1915	277
12437	3464	462
12437	3464	493
12438	2806	499
12441	2513	279
12441	2513	288
12443	3664	561
12444	2781	459
12445	2666	452
12448	2210	462
12454	2592	495
12454	2592	468
12455	1704	291
12456	2237	274
12457	1488	215
12459	2042	569
12462	2751	448
12462	2751	451
12470	3390	447
12470	3390	516
12471	3234	580
12473	3274	381
12473	3274	507
12475	6451	338
12475	6451	356
12475	6451	474
12477	2060	518
12478	1973	185
12481	3046	458
12481	3046	439
12482	3449	460
12482	3449	246
12484	3839	351
12484	3839	490
12486	7377	260
12490	1022	282
12492	1582	628
12495	3435	528
12499	1397	300
12499	1397	313
12503	2142	565
12503	2142	185
12505	3355	551
12505	3355	539
12507	1678	425
12509	1258	338
12514	2754	326
12514	2754	407
12515	1918	334
12515	1918	145
12515	1918	86
12516	2988	538
12519	2100	404
12520	1883	178
12520	1883	340
12525	1415	312
12526	2279	556
12527	3806	573
12527	3806	333
12528	2753	285
12528	2753	487
12529	3941	300
12536	1657	222
12539	4003	417
12540	2266	545
12542	4606	467
12542	4606	482
12543	3559	494
12543	3559	385
12544	1937	485
12545	2900	521
12547	2587	383
12547	2587	397
12548	1335	250
12551	1480	262
12551	1480	256
12553	1328	278
12555	2442	516
12555	2442	251
12557	3821	428
12557	3821	476
12560	1510	303
12565	1475	317
12568	1831	513
12570	6400	324
12570	6400	206
12571	980	211
12574	2265	313
12574	2265	346
12575	1919	635
12579	2083	544
12583	4921	621
12584	1697	227
12586	1349	216
12587	8090	226
12587	8090	284
12588	2735	515
12590	2613	246
12590	2613	481
12591	3248	595
12593	2751	410
12596	2786	590
12597	1892	259
12601	2660	474
12605	839	415
12607	2687	315
12607	2687	316
12614	2001	444
12615	1442	401
12617	1890	499
12620	3873	498
12622	2106	516
12627	2138	211
12630	1883	489
12633	3097	480
12634	4499	453
12635	1652	435
12642	2072	361
12644	2374	557
12648	2198	425
12650	1800	427
12654	1015	406
12655	5165	273
12655	5165	277
12657	2874	475
12657	2874	402
12668	2513	563
12669	1447	419
12671	1817	448
12673	929	333
12674	2195	572
12676	1963	429
12677	1567	272
12681	2176	512
12683	2301	422
12684	2382	501
12685	2101	450
12685	2101	453
12686	2650	301
12686	2650	375
12688	2544	433
12689	1461	320
12690	1290	299
12692	2027	324
12693	2110	347
12693	2110	310
12698	1615	340
12699	1130	297
12701	1356	341
12714	1506	444
12716	4858	468
12717	2340	406
12718	2287	295
12719	1328	200
12723	2348	507
12728	3613	342
12728	3613	318
12730	2556	487
12730	2556	423
12731	1533	286
12737	1809	332
12739	2463	448
12740	2463	545
12741	1515	361
12742	2778	521
12746	1480	463
12752	1632	335
12754	3212	519
12754	3212	379
12761	5209	563
12761	5209	532
12761	5209	230
12767	2113	185
12774	1689	428
12776	2852	682
12782	2426	375
12785	2592	313
12788	1696	283
12791	1843	364
12791	1843	193
12792	3143	446
12792	3143	422
12793	2451	277
12793	2451	432
12799	1759	513
12807	1192	278
12811	2838	358
12815	2200	416
12817	1318	211
12820	1346	255
12823	2733	364
12823	2733	144
12824	2453	230
12825	2834	405
12825	2834	456
12827	1071	222
12830	1994	185
12840	2983	464
12840	2983	260
12842	1437	347
12843	1951	161
12843	1951	285
12844	1957	566
12851	2559	406
12853	1884	317
12854	2776	267
12859	1844	514
12860	2316	358
12861	2076	439
12864	2240	358
12867	1864	458
12869	1357	393
12875	2650	375
12881	2070	342
12884	2770	516
12884	2770	476
12885	1960	518
12886	1435	306
12897	1430	207
12897	1430	274
12904	1475	324
12908	2880	573
12910	2662	269
12910	2662	358
12912	2507	503
12914	1643	426
12918	1512	266
12927	1758	384
12932	2981	399
12932	2981	438
12935	2271	327
12936	1823	395
12938	3410	144
12938	3410	154
12942	3018	300
12942	3018	478
12943	2907	491
12944	1414	211
12945	1527	405
12954	1391	471
12956	1552	245
12957	1424	200
12963	2937	360
12972	2516	463
12975	3323	423
12975	3323	525
12976	1686	392
12981	2164	500
12982	2900	444
12982	2900	262
12983	4146	354
12987	1499	233
12990	3149	323
12991	3654	356
12991	3654	230
12993	2875	470
12993	2875	402
12997	3109	227
13001	1879	333
13002	2256	560
13006	3411	454
13017	2052	492
13023	3213	463
13023	3213	436
13024	3235	425
13029	870	200
13036	2242	448
13044	3282	268
13051	1583	279
13056	2712	299
13056	2712	477
13058	1544	496
13069	3055	297
13069	3055	440
13070	2051	245
13074	7438	271
13074	7438	487
13074	7438	378
13078	3145	184
13078	3145	220
13078	3145	441
13081	2579	185
13082	1604	200
13084	3084	468
13085	1336	345
13089	3173	495
13099	1191	234
13102	2761	420
13106	1596	328
13108	3504	453
13108	3504	598
13120	3256	409
13121	1897	200
13129	3721	501
13130	1826	401
13133	2077	462
13134	3046	555
13134	3046	270
13136	3619	504
13136	3619	536
13137	3260	605
13137	3260	185
13140	1675	328
13144	2816	491
13152	3172	426
13162	3318	349
13162	3318	506
13163	2874	555
13164	1444	446
13165	1902	215
13167	2608	335
13170	2207	345
13177	2405	340
13179	3058	424
13179	3058	406
13181	2211	408
13184	2289	271
13190	1598	552
13194	2220	464
13197	2201	330
13203	1785	327
13206	1338	443
13207	1602	222
13217	3121	368
13218	2612	393
13220	2913	345
13229	2004	410
13231	2343	521
13233	2067	473
13238	1451	388
13239	1670	434
13241	2163	469
13247	2054	482
13248	2031	468
13254	1749	250
13260	2147	564
13261	2291	480
13263	2264	448
13264	1798	493
13272	2081	512
13274	2414	446
13274	2414	260
13275	1551	338
13282	1837	453
13284	2241	343
13285	2775	425
13285	2775	407
13286	1690	298
13288	762	200
13293	2180	566
13294	2661	590
13297	1430	387
13301	2038	570
13302	2192	460
13305	1578	178
13305	1578	140
13316	2765	519
13318	2898	581
13319	2759	314
13324	2554	531
13325	2136	627
13328	1705	434
13334	1146	336
13344	3056	538
13346	6195	481
13350	2603	519
13351	1866	445
13359	1862	260
13362	843	250
13365	1549	227
13367	1962	284
13368	1513	387
13371	1979	323
13371	1979	259
13379	2502	470
13379	2502	465
13383	6050	414
13383	6050	238
13383	6050	512
13385	3004	313
13385	3004	556
13388	1231	453
13391	1884	310
13392	3195	535
13393	2572	403
13394	3050	478
13396	2456	507
13397	1664	273
13404	1711	292
13406	1832	494
13409	1816	268
13418	2383	185
13418	2383	268
13419	1831	473
13421	2027	244
13425	3041	517
13426	3185	517
13426	3185	431
13431	1396	278
13435	1605	385
13437	1830	436
13438	3293	200
13438	3293	394
13440	2598	357
13447	1853	278
13449	1970	355
13450	2511	464
13451	2548	487
13452	3488	404
13452	3488	448
13453	2330	228
13453	2330	469
13455	1436	244
13458	2022	239
13458	2022	256
13460	1709	431
13463	1374	227
13471	3020	493
13472	3090	514
13472	3090	367
13473	1451	185
13474	2149	360
13482	2534	397
13483	1784	261
13485	1679	206
13486	2425	293
13487	2146	502
13492	2797	467
13494	2095	278
13500	3047	341
13504	3627	514
13504	3627	510
13505	1304	314
13509	2010	457
13511	1593	370
13514	1358	258
13516	1881	275
13517	2234	321
13519	1416	287
13520	2317	399
13520	2317	297
13524	1999	553
13526	1982	184
13526	1982	212
13529	2007	268
13530	1392	432
13533	1754	388
13534	2884	285
13534	2884	562
13535	1542	336
13538	1813	538
13540	1124	286
13543	3065	534
13549	3653	530
13549	3653	302
13557	1262	185
13560	1696	316
13563	1385	451
13568	3249	330
13570	2513	500
13572	1441	309
13575	2563	447
13575	2563	350
13583	2062	414
13594	1221	286
13598	1362	302
13599	3039	405
13599	3039	388
13600	1206	278
13602	2309	439
13604	1560	472
13608	1677	266
13610	1656	364
13620	1914	430
13622	1660	272
13624	1389	281
13625	1676	299
13626	843	285
13633	1645	216
13634	1490	272
13636	3454	370
13644	2550	458
13645	2142	374
13648	2517	539
13649	2614	250
13650	1759	252
13651	2433	506
13654	2187	386
13656	1741	452
13657	2829	483
13657	2829	506
13659	3203	437
13659	3203	455
13660	1550	278
13660	1550	200
13664	3439	200
13670	2246	577
13671	1466	389
13672	2597	530
13674	2835	285
13681	2082	480
13683	1891	467
13691	1375	320
13695	2916	541
13696	3314	272
13696	3314	475
13697	2683	303
13697	2683	304
13700	2028	437
13702	1475	244
13703	1653	301
13704	3056	471
13704	3056	371
13705	1635	321
13707	1914	436
13709	3094	367
13711	3172	492
13711	3172	457
13712	1779	333
13719	3891	278
13719	3891	226
13721	1146	329
13731	3068	522
13732	2097	469
13736	1563	284
13740	1788	339
13741	3041	365
13741	3041	507
13742	3210	479
13742	3210	395
13744	1824	426
13745	2020	561
13751	3281	316
13751	3281	528
13756	3291	460
13759	3655	514
13759	3655	288
13763	2400	415
13766	3709	261
13766	3709	344
13766	3709	233
13773	1800	211
13774	3252	414
13777	3304	197
13777	3304	609
13778	1468	291
13779	1878	242
13782	1938	249
13788	3195	389
13789	3044	276
13789	3044	136
13790	2851	302
13790	2851	306
13794	801	211
13799	2050	185
13800	4870	263
13800	4870	288
13800	4870	261
13801	2652	490
13801	2652	341
13803	3839	307
13804	5149	569
13805	1289	285
13809	2295	482
13810	4033	351
13810	4033	189
13810	4033	305
13811	2160	522
13812	1968	428
13813	2449	489
13819	1327	232
13820	2259	474
13821	1398	185
13823	2917	495
13825	1064	322
13829	1485	297
13831	1713	328
13832	2906	283
13833	2414	342
13836	2094	568
13837	1326	313
13839	2206	185
13840	1527	292
13842	2763	382
13842	2763	382
13844	3891	442
13844	3891	513
13845	3904	278
13846	1589	305
13847	4380	322
13847	4380	185
13848	2233	297
13849	3113	206
13850	1611	396
13851	2588	305
13853	1446	297
13855	1581	289
13859	3475	401
13860	1933	312
13863	2484	320
13865	2093	329
13867	1434	304
13869	1367	263
13872	1459	298
13873	1236	237
13874	2407	227
13875	1505	291
13878	1498	227
13879	2229	250
13880	1996	345
13880	1996	239
13882	1587	462
13885	939	347
13887	1394	383
13888	3509	253
13888	3509	263
13889	2581	152
13889	2581	134
13890	1291	291
13891	1948	289
13894	1755	356
13894	1755	236
13895	1980	240
13895	1980	267
13900	1006	185
13902	993	248
13904	1297	378
13905	2472	281
13905	2472	276
13908	1156	504
13911	1584	305
13912	1532	233
13912	1532	289
13914	1311	297
13915	1559	200
13917	1865	216
13917	1865	310
13918	1286	313
13919	1327	250
13922	3704	257
13922	3704	209
13925	1436	324
13927	5063	302
13927	5063	295
13929	1193	324
13933	2019	233
13936	2270	171
13936	2270	279
13938	1452	290
13945	4208	222
13945	4208	316
13947	2379	312
13947	2379	269
13948	2071	324
13948	2071	293
13952	2797	215
13953	1049	306
13955	2388	363
13956	1721	212
13956	1721	283
13957	4489	185
13957	4489	185
13959	3303	277
13961	1504	185
13962	2715	300
13962	2715	300
13965	883	206
13967	1124	303
13972	2670	406
13974	3712	328
13979	524	206
13986	1045	251
13989	2099	563
13993	3601	331
14000	2499	295
14007	1421	345
14011	1190	326
14018	2019	255
14020	1151	211
14021	1128	185
14023	2127	319
14024	2181	456
14025	1649	222
14025	1649	254
14029	1131	185
14030	1026	253
14034	1133	242
14037	1660	312
14039	2265	297
14042	1270	330
14043	1522	159
14043	1522	329
14049	992	206
14050	1344	287
14054	1077	248
14055	4591	272
14055	4591	612
14055	4591	330
14058	1745	227
14060	1427	284
14061	2242	340
14061	2242	296
14062	3502	271
14062	3502	185
14062	3502	256
14063	1126	238
14065	2170	310
14067	2216	274
14067	2216	216
14069	1282	378
14070	1418	200
14071	993	319
14074	1149	185
14076	1034	296
14077	2077	333
14078	785	233
14086	1388	275
14087	1772	416
14088	2212	268
14089	1726	242
14090	1309	211
14091	2524	206
14092	2434	458
14093	1094	241
14095	2751	458
14097	1292	291
14098	3127	244
14099	3588	463
14103	1790	242
14105	1471	185
14106	1371	273
14108	1082	146
14108	1082	249
14109	1629	206
14110	2349	450
14112	1378	279
14123	1125	185
14123	1125	267
14125	1283	320
14127	1200	289
14129	3705	211
14130	1551	285
14132	1461	265
14133	3372	305
14134	1294	243
14137	2316	292
14137	2316	368
14138	2320	361
14146	696	280
14147	2293	206
14151	1221	185
14153	2539	358
14153	2539	129
14155	1308	318
14157	2059	501
14158	2020	280
14158	2020	288
14159	1334	261
14163	2548	499
14164	1439	266
14166	2187	253
14166	2187	250
14167	1919	323
14167	1919	185
14169	972	402
14177	1694	326
14178	1403	275
