0	21188	17760
1	2876	211
3	2839	428
6	2098	401
8	1685	357
11	2428	566
13	2365	458
16	1385	348
18	1924	281
19	2468	525
21	1732	336
22	2017	383
23	2682	334
27	2713	485
28	2899	243
29	2583	577
31	2316	255
32	2168	410
33	2044	515
44	2421	411
46	1903	305
47	1568	222
49	3671	601
54	2344	518
55	2475	215
64	2065	352
66	1574	535
70	4264	504
70	4264	642
81	2991	614
82	3130	560
83	1162	316
84	2140	591
87	2312	459
90	1522	200
93	1862	481
94	4778	292
94	4778	567
97	7011	448
97	7011	594
98	3798	470
98	3798	475
99	1807	329
101	2945	422
102	1943	411
103	4221	629
104	2837	532
104	2837	185
109	2292	437
112	3466	278
112	3466	462
114	1603	305
116	1817	343
117	3152	540
118	1117	342
119	2231	293
119	2231	361
121	1562	529
122	2824	584
122	2824	459
124	2178	584
125	1257	185
126	3270	552
127	1776	575
128	2779	321
133	2889	322
133	2889	656
136	2338	537
139	2229	316
142	2667	558
143	1439	318
144	1855	456
146	3100	603
147	1062	390
148	1764	433
149	1244	185
154	1541	361
155	1711	552
156	2363	480
162	2081	535
163	1427	344
164	2201	523
166	1936	228
166	1936	139
166	1936	151
168	1935	599
169	2645	641
172	1907	478
176	2933	567
178	1062	335
179	2526	289
179	2526	281
180	2722	281
184	2916	541
186	2005	336
187	1597	259
193	1599	309
193	1599	193
195	2155	613
197	1139	274
201	1408	285
204	2260	357
204	2260	373
205	1664	527
207	1747	373
208	3404	185
211	2012	366
213	1376	238
214	1334	261
215	2477	540
224	1680	355
226	1593	211
227	2376	347
227	2376	354
231	1000	259
232	2319	566
234	1887	326
235	1218	222
239	2267	433
239	2267	289
243	1481	344
245	2313	578
246	2104	336
247	2119	321
248	1802	359
251	2040	312
256	3041	321
262	1885	315
263	5059	327
263	5059	185
263	5059	324
264	1170	394
265	2149	354
268	2169	358
268	2169	289
270	1960	260
271	1670	297
274	2260	304
274	2260	346
277	2190	342
279	2494	597
283	1693	314
284	7732	371
284	7732	630
287	1588	259
293	2042	330
295	2072	546
300	936	200
301	1507	368
303	1481	323
306	2032	307
306	2032	182
310	1419	343
315	1208	347
317	1114	360
320	1803	314
320	1803	345
322	1491	325
323	1764	426
327	1685	353
328	2138	232
328	2138	356
338	2046	352
345	2358	355
345	2358	368
347	1769	341
350	1376	262
355	1464	459
358	1829	324
358	1829	201
361	1820	200
366	1561	336
368	1040	304
369	1431	281
374	971	301
377	1859	341
381	2520	243
384	1326	302
385	2066	248
386	1946	362
391	1406	349
394	1143	273
398	4685	286
398	4685	343
402	2130	321
403	874	331
411	1535	309
413	1931	345
414	2936	232
415	2223	239
415	2223	342
416	781	265
417	1856	245
421	1032	319
425	2349	258
425	2349	303
427	2079	344
427	2079	367
429	1480	259
431	1725	476
432	1951	325
432	1951	253
433	1644	346
434	2200	280
435	1221	344
436	1427	185
438	2324	359
439	2083	454
443	2313	411
444	2499	200
445	1748	356
447	2440	292
449	1096	206
450	2673	361
452	2407	332
452	2407	332
456	3184	385
456	3184	260
458	1175	215
460	1493	333
462	2588	378
462	2588	373
464	2216	340
464	2216	316
465	1374	312
467	2579	373
472	2273	243
475	1902	296
475	1902	278
478	2743	348
479	2278	340
479	2278	367
480	4299	252
480	4299	343
481	3009	346
482	2224	245
483	1975	582
489	2241	278
489	2241	343
491	1781	337
492	2131	330
492	2131	233
494	2481	565
496	1749	376
500	1887	374
501	3325	498
503	2097	533
505	2248	312
506	1856	285
509	1052	318
512	1636	320
513	2111	394
513	2111	170
517	2103	451
518	1667	339
519	1980	580
523	1720	321
525	2579	352
526	3360	303
526	3360	517
530	1532	342
531	2095	303
532	1640	553
534	2754	573
538	2189	516
539	2702	371
545	4337	200
548	2302	525
549	1490	249
551	9000	546
551	9000	364
553	3001	548
556	3123	512
556	3123	513
558	2227	337
558	2227	354
562	1291	476
567	1902	493
570	1164	379
571	1817	336
572	1405	286
573	1739	266
575	4385	460
575	4385	534
576	3818	500
577	2644	156
577	2644	577
580	1567	283
581	2874	506
583	2145	301
583	2145	116
583	2145	122
587	2837	564
588	3033	573
589	2762	533
592	2088	323
594	3122	450
594	3122	523
598	2025	501
600	1592	452
604	2457	392
606	2594	553
608	1971	532
609	2047	308
613	1806	481
614	3418	398
614	3418	478
615	1375	539
616	1642	598
617	1104	206
618	3722	523
618	3722	460
619	1610	321
621	2316	536
621	2316	272
622	2469	242
622	2469	322
623	3229	255
623	3229	488
624	2774	457
629	1415	221
633	2009	503
635	3194	618
637	2769	415
638	2040	299
639	1737	465
640	2099	444
642	1349	206
644	2269	355
648	2597	538
651	3110	721
653	1630	518
657	1879	495
658	3426	616
659	3740	288
659	3740	547
660	1481	574
662	2073	543
665	3660	729
666	3215	548
669	1895	466
673	2210	340
673	2210	292
674	2046	542
675	1956	458
678	2092	443
681	2227	556
682	1394	305
683	1678	262
684	2099	365
685	2943	452
685	2943	366
686	2889	560
688	2499	801
689	3681	490
689	3681	431
694	3729	598
703	2939	224
703	2939	132
703	2939	548
704	3513	485
704	3513	530
707	2964	185
707	2964	487
708	2464	535
709	2286	386
709	2286	333
713	980	200
717	1302	257
718	1237	464
720	1814	473
723	1824	289
729	2528	536
730	3309	537
731	1963	431
734	1862	258
738	3678	520
749	763	328
750	1472	200
752	1190	346
753	2287	577
756	3220	469
756	3220	155
759	1969	588
760	1973	185
761	2572	300
761	2572	197
762	1233	396
765	2627	415
766	2206	349
769	2043	420
770	1666	298
775	1305	372
779	3808	545
779	3808	554
780	2846	497
781	3590	515
781	3590	373
787	1744	451
791	860	262
792	2733	334
793	1593	200
796	2732	384
797	2184	351
801	1735	206
806	2143	351
807	2416	446
816	1563	428
819	1123	227
831	3322	490
832	3182	292
838	2276	298
838	2276	351
841	3207	497
841	3207	435
845	4006	525
848	2858	330
851	1846	355
857	1812	569
867	2594	150
868	2044	259
869	2275	606
873	1822	323
875	1852	558
880	1849	186
880	1849	178
882	1303	275
883	2819	514
884	1269	250
894	1869	338
895	1815	416
898	1743	238
901	679	273
904	1735	300
905	1441	244
906	2490	333
907	1300	330
911	3089	440
911	3089	522
913	2912	445
921	2626	518
922	2510	206
923	4142	520
923	4142	564
928	2508	168
928	2508	455
929	3502	437
930	1920	615
931	1951	463
945	2883	551
947	1490	417
948	2307	661
951	2260	220
951	2260	365
953	1790	394
956	1853	313
959	2418	341
959	2418	120
959	2418	135
961	2150	580
964	4591	571
964	4591	369
966	1621	239
968	1904	506
969	3164	538
969	3164	334
970	1963	338
971	1933	345
974	1924	250
976	1615	432
978	1637	182
978	1637	210
983	2852	609
988	2431	257
988	2431	185
995	4222	802
996	1122	143
996	1122	193
1001	2183	370
1004	1864	551
1006	2771	625
1008	3011	329
1009	2971	403
1010	2695	521
1013	1507	402
1015	2933	522
1015	2933	301
1016	1925	250
1017	1790	308
1019	4209	580
1021	3236	250
1025	2151	526
1030	1326	303
1033	2653	382
1034	1695	358
1035	1712	488
1036	3213	609
1050	3878	604
1050	3878	289
1051	2399	345
1052	1662	541
1053	2383	609
1057	2600	546
1058	3743	317
1058	3743	479
1066	2007	530
1067	1768	581
1068	4063	470
1069	2116	529
1071	1152	252
1072	2271	435
1074	2862	422
1076	1928	555
1078	2026	434
1083	2159	460
1085	1250	242
1087	1674	361
1093	3105	582
1096	1898	287
1100	2492	295
1105	1740	628
1108	2096	507
1114	3156	606
1117	4562	558
1121	2276	549
1123	1707	460
1124	4273	599
1124	4273	649
1125	3025	688
1127	1509	193
1127	1509	191
1128	3275	590
1128	3275	169
1130	1898	437
1131	2154	608
1132	1516	476
1138	1375	296
1139	1820	592
1140	1864	324
1145	1609	502
1147	2925	511
1148	2973	426
1149	1574	362
1150	1624	440
1151	3022	599
1153	2197	185
1153	2197	200
1158	2024	618
1167	3052	190
1167	3052	294
1167	3052	513
1168	2574	268
1169	4118	390
1172	1376	233
1173	1430	321
1176	1598	458
1179	2182	341
1181	1032	224
1181	1032	180
1182	2219	509
1187	2264	479
1190	1254	445
1191	1302	311
1192	2423	311
1193	3095	529
1193	3095	475
1197	1494	285
1198	1611	200
1199	1822	433
1201	1830	312
1205	1840	314
1206	1667	365
1207	1793	523
1209	2790	498
1212	3940	548
1212	3940	320
1216	2065	460
1218	1436	352
1220	1599	329
1223	1799	311
1224	2366	379
1225	1570	348
1228	1600	359
1228	1600	269
1229	2074	345
1229	2074	250
1236	2261	526
1239	1528	254
1241	1905	382
1242	2148	513
1243	2384	330
1245	1393	185
1248	2298	304
1249	1645	476
1251	1607	478
1252	1523	321
1256	1289	222
1259	2220	361
1261	2181	229
1261	2181	330
1270	1687	598
1272	3428	496
1273	2571	211
1276	3360	290
1279	3979	521
1279	3979	505
1280	2276	542
1282	3281	473
1283	1921	304
1284	2487	403
1288	5283	243
1288	5283	384
1290	1919	359
1291	3646	438
1291	3646	413
1300	1793	471
1304	1468	366
1307	2425	600
1314	3086	594
1318	1972	534
1319	3815	533
1324	3300	289
1324	3300	359
1325	2866	486
1328	3130	610
1328	3130	199
1330	1703	535
1332	2377	427
1334	2278	301
1334	2278	179
1338	2229	296
1339	1819	315
1339	1819	292
1340	3572	334
1341	1730	468
1342	4293	509
1343	3449	392
1345	1229	300
1347	2068	561
1357	2846	586
1360	1699	200
1362	2750	386
1362	2750	390
1363	1860	312
1364	1528	268
1366	2548	198
1366	2548	246
1367	2050	302
1369	3688	504
1369	3688	505
1370	1811	250
1372	2205	273
1374	4137	402
1376	2681	367
1377	2013	323
1378	3873	507
1380	2492	264
1384	2592	698
1385	3121	230
1387	4766	578
1393	1124	311
1397	3656	335
1397	3656	508
1398	3207	495
1400	1041	185
1402	3579	526
1407	1885	527
1410	2518	200
1417	2213	342
1417	2213	327
1418	3131	578
1419	2099	392
1428	1869	529
1431	1763	249
1432	1698	298
1434	2008	334
1436	1391	350
1444	2195	404
1446	2596	340
1447	1972	328
1450	6454	215
1450	6454	352
1450	6454	368
1451	4096	331
1451	4096	339
1452	1643	305
1457	1304	441
1458	1338	185
1463	1597	320
1465	2169	329
1465	2169	301
1468	2448	306
1469	2133	273
1470	2621	534
1471	3120	198
1471	3120	321
1473	2507	390
1475	2224	472
1476	1217	233
1477	2534	329
1479	1623	179
1479	1623	144
1482	1738	510
1484	1660	296
1486	1404	279
1487	2690	395
1488	2103	412
1490	2263	358
1491	1729	466
1493	1629	358
1494	3723	253
1494	3723	246
1495	4599	353
1496	3519	488
1498	2042	377
1501	2462	351
1505	1500	236
1506	2650	316
1507	2261	496
1509	3147	504
1510	6790	367
1515	2292	671
1516	2756	408
1517	1837	159
1520	1537	275
1522	2237	548
1525	2214	185
1526	3074	384
1529	2226	547
1531	1359	211
1534	3307	541
1534	3307	557
1542	2387	499
1546	2300	250
1547	2384	600
1548	2007	361
1549	2945	336
1550	2237	185
1551	2343	558
1558	1551	329
1565	1280	286
1566	2985	374
1567	4279	222
1569	1769	577
1570	1944	324
1572	3585	215
1573	1422	185
1575	3705	482
1576	2086	552
1578	2200	311
1579	3700	395
1581	2696	200
1589	1193	265
1592	2747	587
1595	4847	298
1595	4847	211
1596	2200	288
1600	5064	523
1601	5061	185
1601	5061	185
1602	1715	567
1606	3866	487
1607	1673	272
1611	2341	362
1615	2455	487
1619	3909	326
1620	2268	185
1621	1830	452
1627	3356	505
1631	3947	564
1632	2970	272
1635	2748	343
1635	2748	330
1636	2667	350
1638	3225	689
1644	2409	350
1644	2409	337
1645	3994	484
1646	2189	384
1648	1801	346
1649	2411	462
1651	2621	365
1651	2621	345
1652	4032	590
1652	4032	576
1654	1933	511
1655	2090	444
1658	1645	451
1660	4721	321
1660	4721	291
1661	2802	296
1663	2205	598
1665	1919	461
1669	1806	471
1676	1917	349
1677	1719	295
1678	2291	551
1680	2675	440
1687	2777	576
1690	1786	469
1695	2914	615
1697	3349	543
1700	3030	336
1701	3066	571
1705	1007	344
1707	2099	390
1709	1512	516
1710	2140	400
1710	2140	413
1711	3290	307
1714	1406	324
1715	1654	446
1717	2767	567
1717	2767	295
1718	4060	567
1721	1499	428
1722	1406	334
1723	3109	530
1724	2402	338
1725	1522	522
1726	3156	340
1727	6454	537
1727	6454	353
1728	2104	584
1734	2034	310
1734	2034	294
1736	2607	642
1741	1232	333
1743	1728	185
1744	3772	409
1744	3772	594
1748	2168	445
1752	1509	428
1755	2257	260
1755	2257	374
1756	1614	200
1760	1311	185
1762	1669	276
1764	1349	248
1778	2618	494
1779	4212	610
1779	4212	504
1782	1473	339
1785	1738	381
1786	3246	488
1787	3059	353
1788	2243	477
1789	1740	284
1791	2262	552
1792	2118	568
1795	3355	545
1797	2492	451
1801	1803	365
1804	1013	185
1806	1726	417
1809	1989	433
1811	985	327
1816	4241	554
1816	4241	590
1818	2274	209
1818	2274	217
1819	1908	281
1819	1908	286
1820	2648	291
1823	3032	506
1826	3600	338
1828	1905	369
1829	2444	437
1832	3287	602
1832	3287	211
1836	1432	309
1837	2810	552
1838	825	185
1840	1781	323
1841	1450	493
1842	2328	554
1843	1782	394
1844	2780	323
1848	1611	339
1849	2645	242
1850	919	332
1851	2140	243
1854	1819	264
1855	2093	492
1857	2438	530
1859	4278	364
1861	1585	333
1866	1449	495
1867	4127	577
1867	4127	401
1868	1849	575
1870	1519	319
1877	4320	521
1877	4320	607
1883	1719	352
1884	1402	324
1885	1838	295
1886	2880	513
1886	2880	236
1887	1138	358
1889	2819	491
1889	2819	533
1892	1630	429
1893	3303	226
1894	1825	454
1895	2682	490
1895	2682	284
1896	1838	469
1899	1753	563
1907	1630	340
1908	2296	504
1909	1787	274
1910	1770	568
1912	3080	238
1915	1691	534
1918	1558	352
1920	2341	343
1921	2474	390
1922	1467	238
1922	1467	317
1928	2528	561
1929	2009	470
1930	2023	333
1932	1586	354
1933	1505	530
1934	1382	463
1937	1704	510
1938	1864	318
1939	1568	448
1943	2556	488
1944	2493	468
1947	1485	553
1948	1406	285
1949	2243	438
1954	3158	524
1954	3158	171
1955	1102	305
1957	1415	358
1958	1245	206
1959	1386	293
1964	2259	195
1964	2259	477
1967	1253	325
1968	1419	313
1970	1257	310
1972	1518	324
1973	1743	289
1977	1075	282
1981	1425	414
1983	1991	324
1983	1991	317
1984	1566	400
1985	2393	390
1986	2110	312
1989	1586	495
1992	1348	369
1993	1316	351
1994	2928	522
1995	1612	301
1996	1864	350
2000	1102	291
2002	1812	346
2007	970	257
2009	1222	414
2010	3304	200
2010	3304	517
2014	1610	547
2015	2013	505
2016	2376	523
2019	2408	473
2019	2408	490
2021	1180	371
2023	2250	515
2024	1504	381
2025	3053	523
2025	3053	523
2026	1639	270
2026	1639	307
2028	1093	260
2031	1537	480
2035	1447	504
2038	2425	254
2043	1891	488
2048	2091	524
2049	2049	465
2052	1886	530
2054	1612	558
2055	1154	365
2061	2703	475
2063	1908	531
2071	3073	466
2071	3073	462
2072	1301	518
2076	1158	502
2080	1174	288
2085	2502	472
2086	2804	588
2087	3110	589
2088	2192	378
2090	1556	280
2093	2597	325
2093	2597	222
2096	2813	571
2098	3059	480
2100	2892	250
2102	1584	322
2103	1756	391
2105	1642	163
2105	1642	154
2107	2460	488
2107	2460	471
2109	2055	476
2110	1418	282
2111	2824	455
2114	2237	466
2115	1690	200
2116	2264	558
2119	1601	316
2122	1586	563
2128	1418	333
2129	2508	199
2129	2508	408
2130	2561	506
2131	1624	564
2132	1582	338
2134	2812	329
2140	2374	553
2141	2401	313
2142	1890	515
2143	2241	177
2145	2277	313
2149	1635	528
2150	1985	358
2155	1696	615
2156	3247	434
2156	3247	606
2158	2069	646
2160	1463	330
2166	2586	689
2170	1999	328
2172	3299	623
2173	3978	606
2179	2406	200
2181	1328	300
2182	3451	621
2185	2333	468
2199	2389	443
2200	1543	538
2201	2904	185
2202	3419	559
2205	1665	293
2209	2070	389
2213	1201	244
2214	2669	523
2223	1771	590
2225	2768	393
2226	1510	328
2231	1983	539
2236	2135	343
2237	2511	269
2237	2511	250
2243	3943	635
2243	3943	500
2244	2438	506
2244	2438	475
2248	1984	513
2251	2909	318
2252	1480	222
2254	2225	378
2255	1468	334
2257	1034	248
2258	2270	548
2261	2791	462
2261	2791	593
2263	2014	377
2265	4448	552
2265	4448	591
2267	2260	508
2268	1789	592
2269	1723	553
2278	1890	476
2279	2357	465
2280	1791	540
2282	3314	574
2282	3314	349
2283	2320	422
2285	1468	260
2288	3349	365
2290	1453	527
2293	2682	242
2296	1175	335
2297	2476	387
2297	2476	211
2302	3065	488
2303	2666	238
2311	2864	542
2312	1179	498
2313	1736	409
2314	1606	211
2317	1749	283
2321	2839	505
2321	2839	522
2326	2727	185
2329	1727	370
2334	1490	548
2335	1119	326
2336	1389	313
2338	1156	311
2339	3226	549
2339	3226	297
2341	1585	410
2342	2138	534
2343	1291	491
2348	873	357
2352	1343	542
2354	1406	300
2354	1406	228
2357	1529	499
2358	2257	385
2358	2257	336
2361	2227	294
2364	1655	243
2368	1384	421
2371	2026	529
2374	1289	408
2376	1614	347
2377	1480	158
2377	1480	278
2385	1676	244
2390	1946	500
2391	2342	490
2394	1899	485
2395	1268	486
2401	1862	478
2405	754	200
2407	1568	346
2408	2146	570
2411	2555	395
2411	2555	381
2418	1548	481
2419	2076	450
2420	1118	215
2422	1617	221
2427	1410	277
2427	1410	251
2428	2691	565
2431	1704	475
2432	2136	211
2434	2788	500
2437	2001	470
2439	2613	465
2442	1798	227
2443	1352	438
2444	1272	286
2447	2630	479
2447	2630	407
2449	2036	302
2449	2036	211
2451	2009	178
2451	2009	199
2452	1543	460
2455	1548	467
2456	2223	354
2459	1147	299
2463	1261	518
2464	1380	306
2465	1815	309
2467	1030	200
2468	1142	262
2472	1731	528
2473	1078	278
2474	4154	469
2476	1021	291
2477	1291	313
2478	797	211
2479	1851	257
2479	1851	295
2482	1472	310
2486	1087	334
2490	1084	332
2493	2246	332
2496	1353	300
2497	1189	300
2498	1818	536
2500	2091	536
2504	1624	329
2508	1065	250
2510	2253	382
2511	1408	420
2512	1391	367
2516	884	309
2517	2501	401
2519	1574	185
2522	1423	160
2522	1423	279
2525	1584	411
2528	2198	623
2530	1838	453
2536	1579	354
2539	2442	489
2544	1112	373
2546	2103	701
2548	1531	350
2550	3238	589
2554	1108	356
2557	2600	200
2561	2258	604
2566	1410	351
2573	1641	295
2574	2305	612
2575	2574	227
2577	2013	486
2583	1315	483
2585	2035	559
2588	2772	626
2589	1113	283
2594	3004	588
2597	2552	354
2597	2552	551
2599	1124	274
2601	2047	518
2603	2573	594
2607	983	292
2608	1234	306
2610	1865	462
2615	1297	313
2616	2016	579
2620	2479	630
2622	1092	268
2623	1566	321
2624	2065	563
2626	2581	595
2626	2581	315
2629	921	185
2630	1390	312
2631	2101	454
2632	837	233
2640	2114	571
2643	2932	420
2646	1837	331
2674	1593	389
2675	1329	306
2684	2750	578
2685	2884	491
2690	1581	256
2692	2433	354
2694	3148	451
2694	3148	326
2698	2068	390
2699	2634	611
2704	1905	211
2707	1632	508
2708	1708	222
2708	1708	359
2709	3213	479
2709	3213	338
2710	1936	598
2713	795	233
2714	2928	360
2716	2717	520
2717	1788	200
2718	2005	351
2718	2005	349
2719	2639	369
2720	3094	567
2728	3333	524
2733	2548	500
2735	2281	584
2737	2438	424
2738	2398	282
2739	2795	603
2744	1065	325
2747	1351	418
2750	3175	595
2751	1813	359
2752	1648	297
2754	2511	398
2756	3424	562
2756	3424	427
2759	2017	459
2762	1942	346
2762	1942	297
2763	1369	306
2765	1843	321
2771	1696	309
2774	1901	292
2775	1396	440
2778	2135	582
2781	1314	482
2786	912	238
2787	1626	561
2789	1876	473
2794	1870	503
2795	2579	596
2796	2323	625
2798	1598	385
2800	1335	350
2801	2002	261
2801	2002	151
2805	1877	200
2806	1758	344
2812	3020	368
2812	3020	530
2813	1829	547
2817	2032	372
2819	1157	200
2821	2151	572
2828	2183	433
2830	2288	262
2835	1909	612
2839	2775	426
2841	2884	616
2843	1456	575
2845	2055	587
2846	3501	619
2848	1813	650
2850	2061	267
2852	1634	489
2855	1640	331
2863	1859	505
2865	1825	408
2866	2702	329
2875	2691	558
2883	1505	333
2886	2406	626
2890	1558	185
2897	2166	417
2905	822	185
2909	2229	266
2911	1577	254
2919	1602	437
2920	2089	374
2922	2026	359
2923	2189	462
2923	2189	345
2924	937	255
2926	1883	335
2929	2712	468
2931	2473	394
2937	1311	238
2939	1483	246
2940	1548	253
2943	1331	361
2946	1503	287
2949	1673	211
2950	1362	221
2953	1244	428
2954	1929	414
2959	2012	189
2959	2012	373
2962	2945	463
2962	2945	464
2964	1686	316
2965	2528	608
2974	1310	510
2979	1965	618
2982	1673	185
2983	1996	295
2983	1996	211
2984	1850	592
2985	1546	321
2986	1424	374
2987	2101	593
2988	1697	347
2989	2210	398
2992	3364	528
2995	1980	448
2997	2167	318
2997	2167	206
3001	3509	562
3004	2033	588
3006	1455	463
3008	1480	345
3011	1362	185
3014	2138	461
3016	1845	560
3017	1392	279
3018	1914	557
3019	1830	554
3027	2250	497
3034	1781	215
3035	1503	379
3037	1660	349
3040	1615	268
3041	1587	562
3046	2308	230
3051	1824	498
3057	1630	400
3062	1259	283
3063	1674	385
3066	2248	603
3069	2143	544
3071	2595	363
3071	2595	351
3073	1065	303
3074	1988	605
3077	1931	528
3078	1821	296
3079	1535	274
3080	2123	513
3082	2791	185
3082	2791	399
3083	2074	365
3083	2074	273
3084	3212	592
3084	3212	363
3085	1477	252
3097	972	268
3098	1984	283
3101	1522	238
3103	2846	502
3107	1614	245
3108	1795	324
3109	1793	317
3111	1175	233
3112	1580	200
3113	2070	380
3113	2070	230
3118	1104	265
3126	1621	341
3129	2204	526
3130	1790	215
3132	2013	313
3139	1451	284
3141	2445	251
3142	1733	250
3143	1485	462
3145	1439	185
3147	881	288
3150	1880	417
3151	1425	290
3153	2561	298
3153	2561	379
3155	1993	324
3157	1228	367
3159	1154	326
3160	2272	519
3162	2112	578
3166	1839	322
3167	1264	271
3168	1346	200
3171	1196	333
3177	1486	352
3179	2202	326
3187	1741	341
3187	1741	309
3190	1328	227
3192	1391	222
3194	2068	321
3195	2802	459
3196	1526	360
3201	1939	348
3202	3142	405
3202	3142	509
3204	1759	280
3205	1791	568
3207	1029	303
3209	1548	419
3213	1273	384
3214	723	306
3215	1324	346
3218	1902	344
3221	1661	348
3224	2920	567
3225	3077	592
3226	1552	275
3226	1552	293
3227	2369	368
3236	2964	407
3237	1166	328
3243	2022	372
3245	1447	268
3246	806	320
3247	3089	287
3247	3089	445
3248	2960	547
3249	1370	354
3250	1267	292
3257	1169	185
3261	1682	200
3263	1118	387
3264	2156	598
3265	1641	325
3265	1641	285
3267	1751	459
3268	1779	333
3271	2038	185
3277	2813	601
3279	1180	233
3280	1491	227
3281	1693	267
3285	1916	340
3286	2061	349
3286	2061	319
3288	1764	584
3290	2318	502
3293	2909	498
3296	1691	238
3296	1691	315
3297	2639	579
3300	2854	565
3303	2950	349
3303	2950	545
3308	3785	607
3308	3785	589
3310	2056	348
3317	1834	389
3318	2050	324
3321	2010	215
3323	1229	327
3327	903	185
3330	1876	340
3332	2206	429
3333	2717	485
3334	1970	573
3335	1476	458
3336	1848	436
3340	2163	278
3341	1042	385
3342	1892	215
3351	3602	522
3351	3602	592
3354	1243	357
3356	1822	316
3358	1573	465
3361	2065	490
3362	1226	319
3365	1365	200
3368	2544	541
3370	1491	536
3371	3263	522
3373	1430	512
3375	2203	318
3377	2131	308
3379	1749	233
3383	2094	249
3385	1664	259
3386	2459	534
3388	1529	508
3389	2217	227
3392	1133	520
3394	2241	260
3398	1191	312
3399	1771	558
3405	1658	570
3407	1838	355
3409	2483	470
3411	2840	572
3411	2840	513
3412	2122	363
3419	3120	436
3420	2509	326
3420	2509	301
3422	2690	342
3423	2707	319
3428	995	309
3433	1734	320
3443	2636	314
3443	2636	307
3448	2439	306
3458	1167	227
3461	2314	424
3465	1229	261
3467	3124	248
3470	3065	338
3470	3065	266
3475	2168	545
3484	2537	476
3486	3453	602
3491	2153	313
3496	2005	185
3497	3675	567
3500	2163	462
3501	3256	232
3503	2103	383
3510	2027	355
3515	2026	251
3517	2961	551
3519	2234	254
3526	2328	294
3526	2328	319
3527	2396	346
3528	2118	538
3531	3035	336
3532	1983	279
3533	2952	263
3535	2922	343
3535	2922	354
3539	2283	303
3542	3051	580
3543	2232	250
3546	3338	573
3548	2199	551
3559	1325	295
3562	1575	596
3565	2289	277
3566	3272	222
3566	3272	307
3569	3839	546
3569	3839	292
3570	2796	540
3571	2595	551
3572	2791	353
3573	1952	211
3576	1670	387
3582	2649	590
3587	1587	345
3589	1886	346
3590	1976	520
3592	1742	200
3593	2876	329
3599	1300	343
3602	3592	509
3602	3592	504
3604	3276	398
3605	1908	589
3609	2355	410
3614	2032	568
3616	1402	397
3623	1416	280
3624	2891	358
3624	2891	281
3629	3115	277
3629	3115	299
3631	1358	185
3634	1781	272
3635	3492	582
3638	1419	248
3639	2011	583
3645	1837	277
3649	2459	481
3650	979	238
3652	1602	510
3653	2376	569
3657	2552	314
3663	2143	383
3664	2755	325
3667	1906	340
3667	1906	225
3670	1772	518
3680	1936	397
3681	1252	185
3687	2170	268
3687	2170	336
3688	2381	483
3689	2364	337
3694	1768	244
3694	1768	317
3695	1679	508
3696	1511	319
3699	2184	309
3699	2184	351
3700	1477	356
3702	1123	498
3703	1367	248
3704	2044	336
3706	3259	295
3711	3210	493
3711	3210	461
3713	2191	273
3714	2085	492
3717	1528	313
3719	1330	330
3723	1071	333
3725	1559	185
3728	1127	423
3729	2336	393
3731	3388	315
3731	3388	338
3740	1556	399
3746	1668	318
3747	2243	428
3749	2241	300
3749	2241	225
3750	1894	496
3757	1452	334
3758	1587	305
3759	943	221
3760	1488	313
3765	1705	236
3766	1749	362
3770	977	185
3772	1793	366
3776	1326	340
3778	1624	361
3785	1879	267
3785	1879	232
3788	1619	306
3792	2619	351
3793	1982	194
3793	1982	345
3797	2051	540
3802	1954	309
3804	1673	217
3807	1171	298
3815	883	324
3818	837	302
3835	1554	259
3839	1862	300
3839	1862	303
3843	1115	227
3848	2539	348
3849	1444	265
3853	1909	185
3857	1495	266
3864	2026	402
3871	1265	364
3872	1662	337
3872	1662	229
3879	1899	345
3880	986	245
3883	3300	221
3883	3300	316
3884	858	215
3888	1785	331
3897	1313	328
3902	917	266
3904	1644	211
3907	1149	211
3908	1638	356
3911	1517	347
3916	1493	494
3919	1546	337
3921	1988	291
3923	1251	310
3929	1265	300
3937	1204	185
3945	1626	471
3946	1737	363
3950	2023	368
3950	2023	249
3954	2525	619
3956	3473	674
3957	1575	227
3962	1909	335
3964	2284	316
3965	2847	602
3967	1535	215
3968	3223	402
3976	2054	237
3977	1837	344
3985	2166	418
3987	2262	477
3990	1929	211
3994	2023	430
3995	4236	277
3997	2688	390
3999	3850	374
4001	2622	502
4003	4224	547
4003	4224	243
4005	2747	367
4007	1154	316
4008	4550	725
4009	3245	231
4009	3245	351
4010	1921	320
4011	4210	350
4013	1461	394
4017	1890	257
4021	2493	386
4024	2843	529
4025	2895	648
4026	2462	311
4032	1381	186
4034	2798	400
4035	2160	362
4040	1499	229
4042	2876	621
4047	2841	625
4048	2221	470
4054	1781	337
4056	1886	523
4061	3382	306
4061	3382	363
4062	1024	200
4063	2007	413
4066	2017	450
4069	5757	313
4071	1875	369
4074	2825	705
4075	2567	324
4077	1543	281
4081	2070	368
4082	2296	407
4087	4049	625
4087	4049	604
4094	3849	406
4096	2878	353
4097	2857	193
4097	2857	403
4101	1768	269
4102	3889	419
4103	3149	516
4104	1971	432
4105	1498	439
4106	1964	399
4107	2232	415
4108	2306	580
4110	2560	669
4111	3894	581
4112	2836	424
4113	2293	366
4115	1457	325
4122	1562	185
4123	3223	726
4127	1291	506
4130	1221	185
4133	2567	445
4134	2941	611
4139	1926	412
4141	3322	577
4141	3322	511
4143	2629	397
4144	1711	364
4145	3509	446
4146	1618	316
4148	3774	343
4152	3174	396
4153	2394	297
4160	1369	200
4162	2257	644
4166	1499	458
4167	3615	630
4168	2051	227
4169	2135	608
4173	2082	557
4174	2110	387
4175	1946	298
4176	1677	376
4181	2425	336
4184	2066	296
4186	2516	399
4188	2036	395
4193	1782	331
4194	1717	245
4199	1258	232
4201	1922	421
4202	2263	295
4202	2263	382
4203	1419	514
4212	2090	254
4215	1836	355
4217	2306	506
4218	2144	523
4219	2410	437
4220	1754	334
4226	2888	437
4227	2066	310
4229	2654	513
4233	1952	362
4236	2990	481
4237	2041	200
4239	3355	252
4240	2003	408
4245	2212	377
4247	2522	340
4248	1168	359
4250	2097	505
4251	1173	335
4253	2464	482
4258	2365	309
4258	2365	297
4263	4612	374
4264	2619	453
4266	2754	556
4275	1969	370
4279	2955	579
4280	2362	410
4281	2634	215
4285	1107	250
4291	2098	541
4292	2747	405
4298	1455	419
4300	2100	529
4303	2070	229
4304	1595	427
4307	1604	233
4313	2585	702
4315	1706	230
4317	1430	343
4319	1131	233
4322	1942	131
4322	1942	215
4325	2217	482
4326	2728	304
4334	2545	222
4336	2543	282
4336	2543	381
4342	1871	381
4344	2531	256
4345	3107	367
4353	2209	320
4357	2590	497
4358	2263	430
4361	2238	378
4363	5300	307
4367	1046	211
4373	3135	441
4378	2593	157
4378	2593	166
4379	2175	319
4380	2872	359
4380	2872	268
4391	2354	714
4393	5896	642
4393	5896	621
4394	1979	370
4395	2429	466
4396	3148	544
4398	3350	644
4399	2623	358
4399	2623	376
4403	1396	233
4409	2240	382
4409	2240	388
4412	2242	359
4412	2242	391
4413	2083	598
4414	3705	137
4414	3705	190
4415	2756	609
4416	2456	450
4419	2236	315
4419	2236	337
4420	2258	431
4421	1985	275
4422	2502	333
4427	2888	649
4432	2137	311
4433	2435	392
4433	2435	213
4434	1941	599
4435	1164	227
4436	1702	393
4437	1160	332
4438	2338	809
4441	2098	423
4442	2891	400
4443	2071	389
4444	2487	408
4448	6491	275
4448	6491	599
4452	3261	571
4453	3531	625
4460	1529	328
4461	1351	307
4465	4794	321
4465	4794	238
4471	2689	444
4476	1311	298
4478	1604	317
4479	2314	405
4480	2929	484
4481	1574	185
4484	4771	381
4486	3306	302
4487	3327	342
4488	2792	249
4488	2792	257
4490	1759	352
4492	2808	227
4492	2808	381
4493	1960	247
4493	1960	225
4494	2038	238
4495	4351	683
4495	4351	194
4496	1810	327
4501	1624	316
4505	1986	384
4508	2491	546
4509	1397	268
4519	893	250
4520	1772	344
4522	4343	511
4522	4343	610
4523	3602	314
4523	3602	636
4524	2340	358
4525	2586	511
4525	2586	547
4526	2248	365
4527	2238	288
4527	2238	333
4530	1668	286
4532	2722	472
4532	2722	162
4533	1790	306
4535	1976	291
4539	1895	354
4540	2305	403
4543	1723	369
4547	2168	306
4549	2032	375
4550	1951	332
4550	1951	221
4551	2251	558
4552	2608	374
4552	2608	310
4553	1391	242
4554	1594	323
4556	2205	368
4556	2205	375
4558	796	200
4564	2450	378
4564	2450	382
4568	1914	433
4575	2664	395
4576	1291	286
4586	1782	400
4588	2179	403
4590	1978	289
4596	2612	459
4597	1900	276
4600	3700	543
4600	3700	346
4601	2536	553
4602	2177	382
4602	2177	259
4603	1956	345
4613	1275	268
4621	3048	517
4621	3048	464
4623	1817	321
4623	1817	224
4624	2115	386
4626	3242	563
4627	1621	387
4628	3552	314
4633	1432	261
4639	2112	437
4640	2553	560
4642	2647	227
4645	2733	570
4648	2753	507
4649	1968	206
4651	3045	624
4655	1860	423
4656	1482	349
4662	2168	427
4666	2854	524
4667	1337	338
4669	2004	354
4670	2420	340
4674	2392	308
4675	2407	253
4680	2341	528
4681	3074	586
4683	2228	569
4684	1781	227
4687	1849	369
4691	2187	392
4693	5165	211
4694	1647	464
4695	3039	462
4700	1523	215
4702	3320	619
4703	3626	614
4703	3626	185
4704	1704	222
4705	1546	539
4706	2896	550
4707	3064	216
4715	2769	266
4719	3414	515
4722	2225	648
4723	3183	276
4729	2162	360
4733	2494	475
4735	3999	456
4735	3999	322
4737	3438	618
4740	2606	265
4740	2606	212
4741	1877	615
4746	2474	593
4749	4084	630
4750	3131	559
4750	3131	530
4754	2231	253
4755	3430	604
4755	3430	434
4757	2000	353
4759	4817	624
4767	1736	495
4782	1660	227
4784	1894	344
4785	2454	360
4785	2454	322
4787	2817	568
4791	3316	423
4796	3116	420
4797	2954	442
4801	1904	221
4802	2602	573
4803	2798	365
4803	2798	306
4804	4696	545
4804	4696	539
4806	4195	645
4806	4195	304
4807	2318	380
4814	2770	459
4815	2339	250
4817	1975	281
4818	2787	360
4821	2095	580
4822	3103	551
4823	1383	332
4832	1717	340
4834	2403	539
4836	2056	385
4838	2631	358
4841	2450	425
4842	2415	490
4848	3719	367
4848	3719	404
4852	3626	622
4857	1410	545
4866	4465	541
4869	2688	366
4877	1622	619
4886	2609	555
4887	2982	595
4888	4012	490
4888	4012	168
4892	4396	511
4894	3756	573
4896	3184	398
4896	3184	413
4900	1753	451
4902	4901	556
4903	1700	438
4904	3061	614
4909	2780	528
4910	1621	577
4911	3396	607
4912	2796	501
4913	4144	476
4913	4144	500
4915	2517	538
4916	3253	726
4918	2519	345
4925	3502	591
4929	1682	425
4935	1816	362
4936	2743	278
4936	2743	255
4938	1619	507
4939	2053	366
4939	2053	351
4940	4180	547
4945	2788	430
4950	4135	409
4950	4135	275
4950	4135	122
4952	3849	554
4958	3118	263
4958	3118	307
4960	3965	205
4960	3965	243
4960	3965	408
4961	1870	242
4963	3921	455
4966	819	185
4969	1992	272
4972	2875	293
4973	2913	608
4975	2299	589
4982	3524	413
4983	1050	302
4989	1996	405
4991	3848	569
4992	2522	532
4993	3451	238
4993	3451	273
4995	1601	266
4999	2774	381
4999	2774	361
5001	1678	429
5004	1915	295
5006	1513	215
5008	1586	215
5011	3712	237
5011	3712	227
5013	2125	323
5013	2125	317
5018	2343	427
5020	2380	303
5020	2380	329
5021	3126	431
5022	2522	445
5023	2528	586
5025	1270	321
5027	1466	342
5038	2589	567
5044	793	292
5046	2912	426
5046	2912	332
5049	2175	367
5050	2467	269
5052	1975	379
5053	2324	359
5055	1887	360
5056	1420	396
5057	1194	349
5068	2484	397
5068	2484	211
5074	1564	601
5079	2379	230
5079	2379	388
5080	2015	335
5080	2015	300
5082	2229	261
5086	1073	312
5089	2212	382
5093	2210	342
5096	1622	181
5099	2171	267
5102	2421	337
5102	2421	325
5104	2086	380
5105	2073	319
5108	2590	335
5108	2590	200
5111	874	310
5118	912	269
5120	3172	245
5120	3172	578
5121	1895	298
5122	1290	414
5124	2699	324
5124	2699	297
5125	2708	548
5126	1623	329
5127	2110	486
5130	2362	552
5131	1712	241
5135	2593	617
5136	1897	253
5137	1750	388
5138	1713	492
5140	1973	326
5141	3273	391
5143	2860	646
5144	3427	334
5144	3427	546
5152	1498	308
5155	2228	486
5158	3497	585
5160	2206	594
5169	2807	438
5172	2464	243
5176	2156	216
5178	2337	465
5180	2280	574
5183	2609	623
5184	2233	589
5185	1280	397
5188	2745	594
5189	2465	446
5192	2150	406
5195	1178	381
5199	2816	487
5200	2954	452
5204	2033	495
5204	2033	326
5205	1693	528
5211	1815	273
5213	2653	629
5216	2058	281
5221	2441	472
5226	1493	397
5227	2824	851
5229	2671	566
5243	2129	542
5248	2030	532
5249	2110	310
5249	2110	295
5250	3046	543
5250	3046	254
5257	2842	376
5261	1356	433
5263	2045	238
5264	2937	179
5264	2937	514
5274	1441	255
5275	2431	479
5276	2025	330
5278	2390	297
5282	3359	410
5287	1448	209
5287	1448	273
5303	1348	291
5305	3415	498
5305	3415	506
5309	2512	758
5312	1637	427
5316	2556	463
5317	2143	278
5317	2143	358
5318	1581	373
5323	1503	540
5324	3340	476
5324	3340	338
5325	3504	546
5333	1778	296
5338	2041	391
5341	3216	401
5342	3350	560
5342	3350	549
5343	2068	206
5345	1421	222
5347	2020	536
5351	1264	366
5353	1986	250
5355	1820	301
5358	1853	185
5366	1332	518
5371	2349	475
5376	2315	583
5383	1605	200
5390	2199	674
5392	1313	241
5393	2381	377
5393	2381	536
5396	3072	664
5397	3289	550
5398	1637	365
5399	1102	271
5404	2544	566
5410	1798	408
5417	1913	572
5419	2871	575
5420	2160	668
5422	3130	381
5424	2444	568
5426	2482	586
5427	1827	534
5428	847	324
5433	2726	539
5439	1562	595
5441	2428	424
5445	1689	404
5448	1701	373
5449	1606	354
5453	1575	375
5455	1273	445
5462	3502	284
5462	3502	357
5464	2575	265
5465	1852	378
5466	2144	300
5468	2136	589
5471	2416	363
5475	1252	250
5479	3271	512
5482	1480	361
5485	1259	359
5486	2398	624
5493	1597	336
5497	1875	394
5504	2024	185
5506	1515	274
5515	1903	538
5516	1718	631
5519	1834	254
5521	2433	351
5524	2440	614
5526	1551	427
5529	2082	518
5531	1711	512
5545	1730	366
5546	1305	275
5549	2873	561
5550	2608	640
5551	1556	430
5554	2743	586
5555	1798	579
5564	2661	639
5565	1455	332
5566	1196	185
5568	1404	370
5569	1024	330
5573	1259	221
5576	2143	621
5577	1300	395
5580	1785	211
5585	2043	570
5586	1647	489
5587	2276	510
5588	1741	278
5589	2470	556
5592	3401	853
5593	1399	215
5595	2497	529
5597	1538	285
5598	2740	829
5603	1392	455
5609	2185	514
5611	1303	249
5615	1795	551
5620	2585	624
5621	1696	260
5629	2379	438
5630	943	257
5631	1814	364
5631	1814	284
5635	2128	573
5636	1722	448
5638	2026	304
5638	2026	401
5639	1190	316
5641	830	230
5645	1473	481
5646	1279	339
5647	1411	327
5649	1904	226
5649	1904	287
5650	1962	502
5653	1773	597
5654	962	200
5655	1527	310
5655	1527	334
5657	1507	185
5658	1625	294
5658	1625	219
5664	1524	483
5668	2213	352
5668	2213	146
5669	1858	473
5672	1629	185
5674	1199	346
5676	1603	318
5677	2804	366
5679	3751	551
5680	1814	422
5682	2073	252
5683	1344	216
5686	1699	362
5689	2053	409
5700	4474	300
5701	3100	607
5704	2586	395
5708	2986	295
5712	1520	249
5713	2368	314
5713	2368	301
5716	2011	447
5717	1576	337
5719	2888	311
5719	2888	233
5721	2876	386
5722	2621	514
5723	3035	655
5724	974	253
5725	1625	549
5728	1394	341
5729	4280	545
5729	4280	482
5731	3483	523
5731	3483	164
5731	3483	152
5733	3422	276
5733	3422	300
5734	1729	303
5736	2824	215
5740	2344	325
5740	2344	278
5743	1766	255
5745	2025	537
5746	1782	455
5750	1930	509
5751	1437	215
5752	1913	541
5759	1987	330
5759	1987	264
5764	1941	211
5765	2436	166
5765	2436	376
5767	1052	483
5768	2398	514
5770	2296	300
5770	2296	200
5771	2046	200
5773	1612	277
5774	2218	345
5777	2121	282
5778	2161	361
5779	3199	538
5783	780	343
5784	2424	354
5786	1491	280
5787	2881	412
5789	2470	390
5794	2850	186
5794	2850	365
5795	2372	330
5795	2372	140
5795	2372	136
5798	2896	505
5798	2896	192
5799	2395	323
5802	3800	304
5802	3800	265
5805	1460	254
5808	1444	284
5811	2521	330
5811	2521	305
5814	2568	377
5816	2249	490
5819	2339	255
5819	2339	229
5821	1963	349
5823	2676	336
5823	2676	324
5824	913	286
5825	2962	311
5827	1596	305
5827	1596	339
5829	1990	340
5831	1217	297
5836	1276	279
5840	1790	362
5844	1361	314
5849	1277	376
5857	1946	227
5864	2372	356
5871	2033	305
5876	1436	180
5876	1436	302
5880	1518	268
5881	1832	356
5884	2006	324
5890	1896	563
5891	1677	345
5894	2078	279
5899	4654	439
5903	1798	299
5903	1798	320
5909	1613	279
5911	1288	258
5912	1544	227
5913	2270	215
5913	2270	341
5917	1607	365
5917	1607	217
5919	1039	226
5922	1032	253
5928	1318	215
5938	1991	322
5939	1397	111
5939	1397	159
5940	2440	284
5944	2170	326
5944	2170	279
5947	2462	274
5948	1945	349
5954	1493	308
5956	2103	293
5958	1333	328
5973	2118	351
5974	2152	280
5974	2152	345
5977	1752	315
5978	2021	281
5979	2070	451
5985	1174	185
5996	2597	319
5998	1943	332
6003	1928	353
6005	1102	239
6007	2199	222
6010	1325	303
6013	1212	360
6017	2240	575
6018	1342	211
6020	2408	524
6026	863	200
6027	1654	543
6029	1828	323
6033	2657	379
6035	2602	476
6036	2012	511
6039	1576	380
6041	1334	355
6044	1774	256
6044	1774	169
6048	1317	278
6049	1625	496
6050	2450	240
6050	2450	375
6051	1450	335
6052	2602	348
6055	2620	304
6056	1240	261
6060	1879	280
6060	1879	242
6064	720	250
6066	1812	356
6069	1784	226
6070	1688	490
6071	1424	325
6072	4109	530
6072	4109	491
6074	2006	414
6076	2142	576
6077	1637	448
6078	3388	356
6080	4523	501
6080	4523	277
6080	4523	185
6081	2205	303
6082	2180	457
6089	2023	343
6089	2023	208
6099	1396	328
6100	2362	313
6102	1766	146
6102	1766	292
6104	1818	533
6108	1851	259
6110	2059	451
6111	2183	329
6113	1415	555
6115	1648	390
6116	1865	333
6119	1952	391
6120	2144	305
6120	2144	269
6121	1924	446
6122	2916	462
6122	2916	423
6123	2007	523
6125	2299	542
6126	1748	327
6127	3513	551
6127	3513	318
6129	1333	309
6130	1716	407
6131	1833	291
6136	2536	457
6136	2536	527
6138	2204	363
6138	2204	179
6141	4014	542
6141	4014	533
6142	3589	509
6142	3589	261
6146	2228	360
6151	3595	337
6154	2283	560
6155	3034	446
6155	3034	501
6158	1243	334
6163	1760	468
6164	2098	466
6166	1924	265
6166	1924	288
6168	1289	381
6169	1795	330
6171	2934	253
6171	2934	304
6173	1562	330
6183	4357	492
6185	1357	220
6186	1484	291
6187	2024	337
6188	1170	200
6189	1666	474
6194	2932	426
6197	3568	427
6198	2836	627
6206	2569	308
6208	2580	669
6210	2611	589
6213	2156	355
6214	2071	426
6219	2947	542
6220	2485	198
6220	2485	361
6224	2182	541
6225	2105	613
6230	3152	350
6233	3340	185
6234	1716	318
6235	3769	495
6236	1855	510
6237	2282	380
6241	4116	185
6242	1308	314
6244	1683	324
6250	3067	541
6252	3152	185
6257	4270	287
6257	4270	212
6259	1541	200
6260	3923	199
6260	3923	204
6261	3857	359
6261	3857	200
6262	2327	308
6263	1777	501
6265	4281	547
6266	3922	566
6266	3922	411
6267	1925	324
6270	3913	422
6272	2468	505
6280	2400	540
6281	3134	309
6281	3134	284
6284	1505	348
6285	3700	713
6286	3802	595
6287	2151	354
6293	3667	298
6298	1311	297
6301	3003	547
6305	1548	254
6308	2382	355
6309	3447	567
6310	2440	375
6310	2440	320
6311	3284	604
6316	1938	335
6321	2288	447
6324	3993	283
6324	3993	303
6325	3326	460
6325	3326	391
6332	3041	533
6334	3374	481
6335	3346	566
6338	3866	596
6340	2594	452
6344	2790	540
6347	1972	325
6347	1972	235
6351	2271	295
6352	3044	504
6353	2626	585
6354	2661	378
6355	2157	166
6355	2157	209
6357	2434	546
6358	2731	357
6359	3350	418
6360	1967	245
6362	2375	466
6364	4140	545
6365	2478	295
6369	1632	365
6374	1792	325
6376	3978	570
6376	3978	519
6378	5128	286
6379	5474	370
6381	1817	191
6382	2709	358
6383	3577	268
6383	3577	384
6385	2637	475
6389	2197	356
6392	3139	379
6393	2768	610
6409	3888	339
6410	4332	185
6412	1414	298
6414	3574	548
6419	3308	560
6422	1956	260
6423	1458	306
6426	3794	543
6428	2813	347
6428	2813	359
6429	2449	316
6429	2449	252
6430	2102	349
6431	2292	358
6432	4843	331
6432	4843	523
6438	4552	547
6438	4552	438
6443	2862	323
6444	2225	284
6446	1889	317
6448	2631	296
6451	5405	684
6452	2660	385
6454	2067	351
6463	2179	339
6464	1849	359
6466	2796	200
6468	3477	417
6472	5592	299
6477	3538	373
6477	3538	378
6479	2394	314
6483	3458	746
6484	4369	251
6484	4369	451
6486	2279	284
6488	2150	250
6494	4715	356
6494	4715	311
6494	4715	299
6498	1455	541
6500	4422	293
6502	1315	185
6503	1695	261
6504	2583	497
6508	4315	553
6508	4315	564
6510	2811	552
6515	2323	297
6517	1679	308
6518	2976	440
6520	1374	341
6523	2316	535
6524	2860	344
6525	1932	233
6529	5799	519
6536	2015	355
6542	2088	227
6545	1684	285
6546	3206	307
6546	3206	186
6547	2403	533
6549	1369	309
6550	4353	247
6550	4353	256
6552	3333	342
6554	1818	293
6557	1582	375
6558	2220	335
6559	3195	471
6559	3195	610
6560	1764	336
6561	1636	527
6562	2752	411
6564	1183	457
6565	2478	560
6570	1987	428
6573	3927	586
6575	2219	586
6576	3381	517
6577	2423	377
6577	2423	271
6579	3650	632
6580	3904	461
6583	1832	538
6584	1827	552
6589	1893	330
6590	2511	215
6591	1501	200
6593	3444	563
6595	2375	342
6596	2479	222
6600	2110	324
6604	1972	536
6605	1718	402
6611	1275	227
6614	2677	345
6614	2677	349
6615	2405	248
6615	2405	184
6617	2838	250
6617	2838	264
6618	2227	285
6619	1830	358
6621	2068	396
6623	3761	588
6626	1980	432
6628	2175	596
6631	1534	185
6632	1652	293
6633	1398	286
6634	2138	185
6635	2088	545
6644	1697	337
6645	2074	342
6646	3242	558
6649	1794	320
6650	2380	326
6652	3029	484
6653	1924	325
6660	3696	317
6663	2093	309
6669	3923	658
6670	4088	185
6670	4088	222
6671	2457	565
6673	2059	528
6675	5138	575
6675	5138	478
6676	1510	291
6676	1510	194
6677	1679	244
6689	1721	495
6691	1610	384
6695	4163	302
6700	1242	215
6712	2554	449
6717	1390	234
6719	4451	306
6719	4451	396
6725	1873	558
6732	2987	438
6732	2987	291
6735	1522	227
6739	4735	565
6739	4735	512
6740	2379	374
6742	1901	276
6742	1901	254
6744	4150	572
6748	1696	504
6751	3876	467
6751	3876	567
6757	2467	623
6762	698	185
6765	1642	495
6767	1933	332
6770	1269	316
6771	2080	516
6775	2939	517
6778	2706	530
6781	2816	651
6784	1562	211
6787	4251	278
6792	3142	463
6793	4493	753
6795	2376	268
6799	2222	559
6800	2065	523
6805	2546	453
6807	3313	211
6809	1911	215
6811	1728	546
6812	1421	285
6814	1432	372
6815	1657	486
6820	2924	520
6823	2906	267
6825	1815	469
6827	4246	284
6827	4246	557
6828	1715	357
6831	2581	567
6836	2229	297
6838	2939	548
6840	2013	312
6841	3628	585
6844	1849	405
6848	2745	748
6852	1819	292
6856	2386	266
6856	2386	186
6858	2692	548
6861	3390	276
6861	3390	284
6867	3196	486
6870	3100	330
6877	4536	581
6880	3757	477
6884	3892	584
6885	2782	455
6890	2452	326
6894	2841	265
6895	2823	600
6896	2194	306
6896	2194	281
6898	1888	523
6899	2038	525
6905	1858	287
6908	1042	369
6915	1762	413
6917	2676	511
6920	2316	573
6923	1127	323
6924	2374	615
6925	1850	131
6925	1850	129
6927	3355	399
6932	2546	513
6934	1509	255
6940	1275	298
6944	2183	542
6948	2542	572
6949	1075	260
6951	2042	509
6959	2461	294
6959	2461	365
6967	1715	325
6967	1715	262
6968	1928	244
6969	3748	498
6971	2041	457
6972	1677	303
6973	1012	338
6974	1232	185
6975	3141	382
6975	3141	500
6976	1675	227
6979	1678	413
6981	1979	423
6984	1691	501
6985	2605	521
6986	1830	517
6987	2235	261
6991	2074	222
6994	1922	329
6996	1721	549
7003	2349	382
7006	3038	617
7009	1737	339
7013	2547	572
7014	1911	341
7018	3653	507
7018	3653	517
7022	2271	488
7033	3799	262
7034	3343	598
7035	1739	421
7038	1395	324
7040	2822	649
7043	1854	360
7045	3186	300
7049	1833	557
7051	2299	327
7053	2358	386
7055	1683	484
7059	2695	494
7062	2942	565
7064	2655	402
7065	2810	468
7066	3931	435
7066	3931	569
7072	2697	615
7073	2178	372
7076	2614	556
7077	1405	298
7078	1864	200
7079	2669	548
7080	2101	416
7082	2906	538
7085	1393	279
7089	3512	527
7089	3512	328
7092	2910	537
7094	1831	211
7095	2625	573
7096	2401	566
7098	2364	200
7101	2233	505
7103	1610	336
7105	1824	525
7106	1787	386
7117	1421	438
7125	2064	266
7130	1926	512
7132	3278	599
7135	3122	573
7141	2179	573
7145	3284	515
7154	2063	346
7155	1462	290
7156	1497	550
7158	1566	491
7159	1635	347
7160	1552	449
7163	2177	537
7171	3327	538
7172	2527	380
7172	2527	348
7174	1668	527
7176	1855	551
7182	2056	577
7183	3536	578
7187	2043	434
7188	2578	552
7189	3436	305
7189	3436	578
7193	1686	191
7193	1686	344
7194	1525	422
7195	2052	597
7200	2842	593
7204	1485	471
7209	2279	631
7212	3338	569
7213	1457	513
7222	2452	270
7223	2618	534
7225	2379	518
7228	1823	327
7236	1459	477
7239	1597	413
7243	2606	289
7243	2606	537
7245	1825	395
7246	2415	332
7247	1039	206
7249	2220	545
7251	2361	530
7253	1969	497
7254	1548	364
7255	1440	501
7257	2377	241
7260	2512	553
7261	2741	535
7262	3802	255
7262	3802	343
7262	3802	424
7263	2679	453
7264	1631	285
7264	1631	230
7265	1917	591
7267	1547	335
7269	2257	520
7270	2053	326
7275	2184	211
7277	1988	326
7277	1988	355
7278	1866	582
7280	1349	292
7281	1792	420
7286	1646	331
7287	2549	484
7290	1451	356
7291	2158	581
7292	2151	473
7295	1193	339
7298	1783	532
7299	2193	222
7302	1725	571
7304	3045	556
7304	3045	546
7308	1553	349
7309	2317	434
7311	1403	305
7313	2280	555
7315	1697	547
7318	1461	185
7319	2887	561
7320	1478	338
7323	2188	270
7323	2188	264
7324	1139	260
7326	2326	578
7327	2379	273
7329	1758	200
7330	1338	232
7333	1918	547
7334	1963	551
7339	1729	467
7341	2943	599
7344	2326	314
7349	2037	344
7355	2429	544
7356	2159	361
7360	1776	517
7361	1370	294
7362	1524	394
7369	1796	337
7371	1959	337
7376	1378	221
7380	1225	540
7381	2769	579
7384	1667	243
7386	2622	511
7388	1758	346
7390	1404	318
7392	1550	431
7394	1640	363
7396	1921	244
7398	1613	312
7399	1388	270
7402	1721	319
7406	2024	435
7410	1976	322
7411	1685	322
7412	1802	524
7417	3903	293
7420	1490	389
7421	1538	366
7422	1643	281
7427	1709	588
7431	1863	555
7432	1638	325
7434	1703	427
7436	2028	279
7437	1054	185
7441	3588	468
7442	1690	539
7446	2327	324
7448	1804	303
7454	2134	185
7456	2324	431
7459	2566	311
7459	2566	543
7460	1918	248
7462	4010	415
7463	1675	304
7466	1874	560
7469	2357	265
7469	2357	282
7475	1793	458
7476	1767	356
7480	1986	531
7486	1637	414
7487	4452	608
7492	2170	576
7493	2687	559
7494	1195	197
7497	3084	570
7498	2237	470
7500	1286	434
7502	1749	509
7505	1963	596
7509	1962	526
7512	3102	536
7514	1867	490
7515	1965	333
7516	2144	548
7517	3123	452
7519	1511	260
7523	4623	521
7523	4623	579
7524	3309	356
7525	3539	565
7525	3539	450
7528	1632	291
7529	1950	456
7533	1878	607
7535	2584	292
7535	2584	351
7536	3280	439
7542	2204	399
7545	3107	326
7545	3107	398
7546	2348	319
7547	2806	364
7551	3387	625
7556	1881	321
7564	3154	422
7565	2087	332
7566	3517	245
7567	3103	611
7568	1873	260
7569	2693	381
7572	2248	393
7576	2552	302
7576	2552	351
7578	2669	387
7580	1818	499
7581	2542	577
7582	2954	335
7584	1377	185
7585	3280	586
7587	2741	336
7587	2741	322
7592	2145	247
7596	1565	412
7598	1927	397
7599	2848	612
7600	1484	511
7602	2188	365
7603	2231	378
7606	2030	409
7607	2441	363
7613	4121	413
7617	2507	347
7618	2290	370
7619	2811	185
7624	1730	334
7627	1349	342
7628	2806	406
7632	3222	535
7634	1505	360
7635	3477	456
7636	2369	244
7638	1285	336
7639	2414	587
7640	1298	289
7646	3352	532
7649	2416	393
7650	3302	375
7654	3443	422
7656	2031	422
7658	4538	590
7660	1613	253
7661	5114	587
7665	1263	215
7666	3053	362
7667	2924	623
7670	2186	527
7673	3455	407
7673	3455	593
7675	2967	565
7677	1777	135
7677	1777	179
7679	3339	458
7681	2306	530
7682	3184	386
7684	2357	577
7687	3110	577
7687	3110	189
7688	3280	663
7691	3225	447
7691	3225	512
7694	2797	230
7696	2551	337
7697	2051	185
7701	1264	221
7709	2013	575
7711	2068	520
7715	1817	238
7716	1795	448
7717	1942	538
7718	2210	372
7723	1573	273
7726	1586	193
7727	1769	404
7728	2902	430
7732	1761	443
7734	3675	378
7734	3675	529
7735	1124	310
7738	2407	584
7740	1132	304
7741	1438	215
7743	2238	336
7743	2238	286
7746	2295	354
7747	2400	586
7749	3216	608
7753	2966	578
7755	2091	566
7756	1626	537
7767	1411	429
7772	3190	602
7774	1831	318
7775	2448	359
7775	2448	238
7776	1854	373
7785	1662	551
7786	2532	487
7786	2532	460
7791	1963	349
7795	1446	370
7797	3017	477
7797	3017	276
7803	1794	574
7804	2237	346
7807	1293	328
7809	1213	340
7810	1949	568
7813	2181	470
7820	1349	261
7824	1389	309
7825	2143	309
7825	2143	264
7827	1691	351
7828	1687	401
7832	801	283
7834	1099	345
7835	2098	530
7836	2138	551
7838	1376	334
7847	1480	353
7853	1690	215
7855	2109	501
7857	1001	250
7863	275	185
7868	1210	425
7869	1836	513
7870	1793	200
7873	1057	268
7880	5172	200
7881	1011	347
7884	1198	344
7887	819	185
7891	2755	566
7894	2130	314
7898	1573	291
7899	1482	235
7900	1496	522
7903	1436	346
7906	2291	270
7907	3296	610
7908	2053	305
7911	1441	323
7914	2163	474
7916	888	321
7917	2124	286
7918	2140	356
7919	973	317
7920	1544	238
7924	1873	311
7926	2057	353
7928	1670	272
7928	1670	245
7929	1715	206
7930	1957	211
7931	1740	275
7933	716	275
7934	1901	315
7942	4054	453
7942	4054	437
7943	1420	342
7946	2309	288
7949	2179	366
7954	3145	568
7955	2045	455
7956	3548	401
7956	3548	525
7957	2153	349
7957	2153	183
7959	3862	471
7964	3718	467
7966	1339	340
7971	1976	273
7973	1922	435
7974	1281	250
7977	1302	259
7979	3912	499
7980	3084	572
7983	2027	326
7986	1443	486
7988	3690	545
7989	1838	483
7990	2448	344
7990	2448	263
7992	1683	385
7993	1561	279
7995	2589	595
7996	2060	483
7997	2765	566
7998	1067	185
7999	1602	369
8006	2578	495
8010	3494	569
8010	3494	488
8012	1403	400
8017	1923	511
8019	1835	562
8020	1571	291
8021	3377	330
8021	3377	490
8024	2357	319
8032	2568	455
8034	1467	326
8035	1258	283
8037	4226	622
8040	1431	230
8043	3091	520
8043	3091	512
8046	2604	595
8048	1509	402
8050	3357	529
8053	3284	334
8053	3284	314
8054	2802	601
8062	2034	443
8066	1813	244
8071	2294	335
8079	3246	530
8081	2206	334
8085	5184	575
8087	3256	512
8091	1837	319
8092	2381	154
8092	2381	412
8093	1711	405
8098	3523	587
8099	2504	416
8099	2504	211
8100	1976	521
8101	3066	506
8102	3406	557
8105	4483	374
8108	2469	406
8109	1673	470
8110	1673	436
8112	2643	297
8113	2093	576
8116	2116	185
8118	2186	243
8121	2221	340
8124	2095	459
8125	2039	350
8136	2469	341
8137	3511	318
8138	2587	537
8140	2190	327
8142	3974	261
8142	3974	557
8143	1645	538
8145	2150	576
8151	2435	457
8153	2642	551
8154	2098	293
8155	3056	520
8159	3648	411
8159	3648	553
8164	3738	585
8165	2911	626
8166	2984	200
8168	2711	314
8181	2744	364
8182	3189	570
8185	1745	456
8187	2499	266
8189	2310	502
8190	1758	127
8190	1758	145
8198	1842	369
8199	2733	573
8203	2845	492
8204	3156	248
8205	1135	200
8208	2082	316
8210	1201	290
8212	3962	367
8214	2314	592
8217	1915	570
8218	2198	233
8218	2198	292
8220	3516	375
8225	2344	286
8228	1468	358
8229	2287	331
8232	3822	567
8232	3822	395
8236	1863	349
8237	2010	303
8241	3353	256
8243	2200	185
8244	2832	140
8244	2832	306
8253	2112	335
8258	2137	203
8263	1292	421
8265	3487	534
8265	3487	529
8270	1778	478
8272	1765	378
8274	1324	465
8275	2031	542
8278	1947	323
8285	1789	245
8288	2152	249
8313	2057	494
8314	1444	317
8316	1904	456
8318	2687	436
8318	2687	433
8328	1671	428
8330	3191	658
8333	2624	222
8336	1649	337
8336	1649	247
8339	1387	447
8340	3039	334
8340	3039	612
8348	1953	546
8351	1490	280
8353	2021	513
8354	1834	200
8356	1980	330
8359	2185	270
8361	1947	424
8365	1851	368
8371	2396	618
8372	1687	556
8373	3234	687
8374	1410	248
8374	1410	214
8376	1450	320
8380	1490	280
8382	2049	311
8384	2877	372
8385	3043	657
8385	3043	243
8388	2557	587
8389	1793	603
8390	1073	185
8394	2664	380
8397	1797	607
8399	2259	211
8401	2260	464
8403	1350	546
8405	2399	598
8407	2198	560
8408	1557	458
8409	2314	440
8410	1448	267
8411	2041	612
8412	2433	600
8414	2118	589
8425	1667	446
8426	1416	434
8429	1960	307
8430	2441	685
8431	2114	462
8437	2255	468
8440	1458	379
8441	2235	437
8447	1557	449
8449	2549	263
8458	1941	570
8459	2389	356
8464	1747	200
8465	2341	261
8467	2022	438
8468	1947	554
8470	1883	322
8475	1666	386
8482	1492	401
8484	907	252
8484	907	146
8490	1846	596
8493	2984	626
8503	2424	596
8504	1707	477
8505	1877	389
8508	2283	514
8514	2204	499
8516	1748	579
8518	2339	562
8522	1708	534
8523	1220	505
8524	2311	693
8526	2073	206
8527	1687	535
8528	892	216
8529	2867	316
8529	2867	602
8531	2280	334
8532	3135	333
8532	3135	614
8534	1238	337
8536	2121	567
8537	2116	570
8539	2384	587
8541	1911	575
8542	2259	405
8543	668	259
8544	3257	671
8545	2684	526
8547	639	267
8552	2316	516
8555	2276	516
8556	2223	308
8559	2595	566
8560	2296	644
8561	2104	456
8561	2104	418
8563	3294	620
8564	1370	320
8565	2717	418
8571	2871	214
8571	2871	218
8571	2871	247
8580	2180	347
8580	2180	398
8581	1287	253
8583	2538	676
8584	2465	594
8589	2108	131
8589	2108	215
8590	2777	451
8591	1198	211
8594	1431	539
8596	3016	516
8597	2658	415
8600	1746	517
8601	1592	311
8603	2679	470
8607	1228	514
8608	1868	382
8609	1414	315
8610	1185	398
8616	1120	324
8617	1232	335
8618	1471	370
8619	2653	473
8620	2087	324
8622	2136	459
8625	1891	356
8626	1545	465
8630	1654	360
8632	1736	316
8633	850	185
8638	3238	576
8640	1917	633
8645	1132	362
8646	1271	298
8652	1705	361
8655	1960	643
8658	1159	236
8660	2647	232
8660	2647	312
8661	1573	266
8661	1573	183
8662	2316	200
8662	2316	337
8663	1982	499
8664	2171	425
8665	1984	197
8665	1984	362
8669	2493	372
8670	3001	539
8670	3001	477
8677	883	303
8682	1367	381
8684	1952	306
8685	912	276
8686	2200	367
8690	1268	344
8694	2183	450
8694	2183	180
8701	2832	232
8701	2832	166
8702	2448	547
8704	1272	185
8710	2443	421
8711	1442	338
8712	1393	371
8713	1693	338
8715	2657	244
8719	1976	185
8719	1976	337
8723	2134	496
8727	2688	358
8727	2688	266
8729	3230	588
8729	3230	559
8730	1674	338
8735	1361	200
8739	1526	500
8740	1791	484
8741	3041	478
8741	3041	542
8744	1036	238
8745	2511	238
8750	2121	597
8751	2364	281
8751	2364	323
8752	2477	631
8754	2442	481
8757	1999	578
8760	2935	218
8760	2935	407
8770	1797	236
8773	1426	356
8774	1107	185
8776	1807	233
8782	2186	536
8784	2191	512
8786	847	360
8787	1138	233
8790	2034	185
8791	1593	323
8792	1916	495
8793	1814	378
8795	1213	403
8796	1324	337
8797	3021	381
8798	2508	416
8805	2654	335
8809	2058	372
8811	1544	316
8813	2016	416
8818	1165	299
8819	1965	379
8823	2071	511
8824	1682	414
8827	2130	295
8827	2130	369
8830	2171	477
8831	2069	574
8832	1471	366
8833	1984	414
8833	1984	208
8836	2134	376
8837	1982	222
8839	2215	663
8840	785	275
8842	2223	494
8844	2083	494
8845	1607	185
8847	1101	278
8849	2591	388
8851	1149	487
8853	1964	401
8856	2528	469
8862	2196	250
8863	2165	441
8866	1940	339
8868	1069	300
8871	2137	383
8875	2003	355
8876	993	290
8882	2477	222
8888	2153	216
8889	1736	390
8890	1780	447
8891	1867	290
8895	1522	316
8900	2117	280
8908	2236	255
8908	2236	228
8913	2297	405
8915	1591	472
8917	2553	244
8918	1846	497
8920	1986	333
8926	1177	257
8927	2544	298
8928	2313	157
8928	2313	371
8929	1493	315
8930	2218	439
8935	2105	284
8935	2105	318
8936	954	222
8937	2253	359
8938	1722	315
8939	1600	400
8941	1106	375
8942	2067	206
8947	964	317
8949	1320	262
8950	2196	250
8955	1432	374
8957	1611	220
8959	2214	234
8961	2432	339
8962	1484	377
8964	1907	346
8966	1684	409
8967	1254	233
8968	1140	265
8970	1450	421
8975	2596	384
8977	3068	350
8978	2193	587
8979	2566	325
8981	1530	469
8982	1492	336
8984	1459	272
8991	1947	326
8991	1947	228
8992	1306	287
8994	1434	261
8995	1424	375
8996	1742	333
8998	1209	351
9000	2004	394
9001	1917	351
9005	1876	373
9010	905	361
9014	1800	356
9015	2170	320
9015	2170	360
9017	1763	338
9018	2220	500
9022	2418	484
9027	2345	352
9032	1807	407
9035	1788	437
9040	1860	436
9042	2131	355
9046	2048	555
9048	2999	643
9049	2199	275
9051	3322	509
9052	1622	352
9064	2780	307
9065	1198	249
9066	3274	725
9069	2255	379
9069	2255	309
9073	1522	210
9074	2418	600
9084	3092	349
9084	3092	503
9085	1872	601
9086	1824	361
9092	1231	241
9094	1086	313
9098	1612	306
9112	1524	357
9120	2860	473
9127	3533	618
9128	2007	638
9129	1224	376
9133	2698	345
9133	2698	270
9135	1931	360
9136	995	351
9137	1446	358
9146	1803	343
9149	1187	403
9153	2045	200
9159	2279	235
9160	2838	243
9163	2007	412
9167	1756	206
9169	1121	306
9176	1736	248
9202	1996	391
9204	2267	561
9206	2551	441
9207	1620	185
9209	1883	414
9220	2703	253
9221	2234	409
9221	2234	185
9224	1395	342
9231	2402	347
9231	2402	366
9236	1641	346
9237	1686	327
9246	1973	283
9247	2318	621
9249	2082	371
9249	2082	365
9251	1554	237
9257	2089	372
9262	2284	366
9264	1091	211
9267	2761	428
9270	1704	487
9271	1858	348
9272	1125	293
9276	2049	350
9283	2125	598
9288	1614	379
9290	1637	562
9293	1312	392
9296	3565	602
9296	3565	642
9299	2092	588
9301	2096	314
9301	2096	211
9303	2242	456
9314	3622	666
9317	1918	259
9318	2379	605
9322	2312	467
9323	1693	371
9324	1566	227
9325	2601	633
9327	1898	381
9330	1395	321
9332	1717	323
9334	3142	695
9352	1926	577
9353	1459	261
9354	1938	292
9355	2298	281
9355	2298	158
9355	2298	151
9357	3593	447
9357	3593	518
9359	1944	566
9362	1881	384
9366	1098	244
9371	1174	313
9372	2529	282
9376	1701	283
9378	1945	589
9380	2980	480
9382	2297	561
9383	3170	662
9386	1201	222
9388	2177	382
9388	2177	304
9390	3277	418
9391	2188	551
9393	3290	578
9399	2815	572
9401	1689	450
9406	3151	573
9407	2079	185
9414	1886	568
9416	1999	227
9419	2063	334
9421	2265	575
9426	2525	563
9429	2034	265
9429	2034	136
9432	2810	282
9432	2810	370
9435	1599	365
9436	1572	206
9439	3624	388
9441	2463	329
9442	1431	350
9447	1682	349
9448	3555	500
9448	3555	482
9451	1890	266
9452	3129	559
9452	3129	576
9454	2873	402
9460	961	185
9463	2402	571
9467	2467	678
9471	2146	335
9482	2798	657
9486	1676	402
9488	2573	565
9495	1699	254
9498	1569	298
9500	2285	744
9506	3708	294
9506	3708	166
9512	2195	233
9513	2294	583
9515	2114	289
9521	953	185
9522	2147	296
9523	2775	617
9528	2649	342
9528	2649	158
9528	2649	287
9530	2547	403
9533	3118	500
9535	1971	398
9536	1291	293
9541	1734	259
9542	3720	275
9542	3720	354
9543	3097	310
9545	1045	342
9547	1359	343
9550	1462	568
9551	1650	340
9552	2914	248
9553	2648	238
9558	2350	280
9558	2350	146
9558	2350	127
9562	1104	325
9567	1802	499
9568	2069	593
9569	1395	300
9571	1903	373
9575	1225	335
9576	2641	413
9577	2578	229
9577	2578	373
9584	2316	582
9592	1691	536
9594	1772	388
9595	2041	404
9600	3786	477
9601	2056	632
9602	2188	665
9613	1545	419
9614	2166	336
9614	2166	348
9616	2436	588
9620	1355	397
9621	2404	268
9622	3054	618
9623	3842	415
9623	3842	178
9625	3917	489
9628	1604	385
9629	2170	345
9629	2170	208
9630	1065	316
9631	2032	526
9633	2205	401
9634	1621	435
9643	2583	369
9644	3031	373
9646	2809	633
9648	1924	512
9649	1957	200
9651	2109	292
9653	1200	306
9654	2579	221
9654	2579	315
9655	819	262
9657	1145	343
9659	2661	222
9664	2155	399
9666	1772	265
9672	3591	267
9675	1651	236
9676	2934	547
9677	2823	589
9681	1932	638
9682	2896	405
9683	2221	693
9684	2806	185
9685	2045	464
9688	1329	233
9693	2123	308
9703	2425	363
9710	2321	592
9719	2141	353
9724	1598	222
9727	2671	521
9728	2020	561
9731	1872	536
9734	2029	599
9736	2652	628
9738	2418	524
9742	3142	352
9742	3142	317
9745	2715	539
9747	1959	584
9749	2989	676
9750	1964	397
9751	2020	267
9753	2059	425
9761	2651	248
9764	2623	583
9765	2331	453
9768	1343	570
9774	3991	586
9777	2160	393
9778	1896	515
9784	2011	127
9784	2011	127
9787	3167	492
9790	2794	559
9791	1665	437
9792	2075	266
9793	1964	382
9794	2275	637
9797	3994	563
9800	2938	486
9801	2070	587
9802	2745	578
9805	1986	359
9807	1686	391
9811	1781	421
9814	1790	588
9817	1222	339
9819	2846	200
9820	2741	332
9821	2858	585
9826	3511	538
9826	3511	243
9829	2038	331
9831	1877	462
9832	2371	295
9833	1561	331
9835	2427	662
9842	2640	600
9843	2203	621
9844	1342	444
9845	2901	433
9846	1379	324
9848	2096	343
9853	1686	417
9854	1594	356
9859	1534	292
9861	2310	393
9862	1759	329
9864	2118	615
9865	2462	398
9867	1898	355
9868	2525	619
9870	2147	292
9873	2893	563
9874	3855	548
9879	3296	483
9881	2295	366
9885	1882	392
9888	2116	707
9893	2261	338
9894	3183	470
9895	3222	385
9897	3304	429
9897	3304	507
9900	2221	592
9901	2883	546
9909	2164	251
9910	3991	628
9913	2493	357
9914	3344	590
9916	2606	407
9917	2055	520
9918	2358	396
9920	2096	277
9922	2410	185
9923	3077	570
9931	3612	238
9932	3319	593
9933	2671	619
9936	3194	603
9939	2115	595
9942	3011	398
9942	3011	494
9943	2559	371
9944	3361	526
9953	3611	591
9953	3611	256
9955	1569	550
9959	3331	185
9960	2736	363
9963	2143	324
9968	2426	450
9970	2579	275
9972	2048	185
9973	1989	341
9973	1989	191
9977	2281	423
9978	3938	578
9979	2168	265
9982	3047	272
9986	1901	443
9989	2693	539
9994	3138	500
9997	1805	572
9998	2713	540
9999	1854	586
10000	2572	578
10004	3187	345
10006	1717	425
10008	2273	505
10010	3151	380
10019	1718	238
10020	2660	352
10020	2660	348
10023	1906	310
10024	2766	592
10028	3130	222
10028	3130	543
10029	2172	532
10030	2628	520
10031	2934	314
10031	2934	329
10032	2268	290
10035	2237	374
10038	3645	368
10041	2657	588
10043	2550	408
10044	1808	394
10047	2684	406
10048	1784	427
10049	1533	451
10050	3376	584
10051	3388	578
10053	2541	483
10054	3146	557
10056	2015	475
10057	1866	138
10057	1866	205
10062	1683	211
10064	1811	238
10066	2597	634
10070	2359	452
10079	2798	367
10081	2275	415
10082	2889	540
10084	3268	406
10084	3268	373
10093	3397	556
10094	2369	538
10097	3156	305
10097	3156	274
10098	2620	250
10098	2620	334
10101	2257	371
10102	2264	215
10104	2849	386
10105	2542	346
10105	2542	343
10106	2328	575
10107	928	215
10110	2402	487
10115	2141	360
10116	1930	625
10118	2021	357
10120	3555	587
10121	1612	557
10122	2363	366
10123	2079	347
10123	2079	168
10124	1332	232
10127	1816	399
10128	2778	340
10129	2256	418
10133	2338	321
10134	1985	444
10136	2271	345
10138	2576	541
10139	2051	256
10140	1717	348
10142	3040	621
10143	1645	495
10145	1803	259
10145	1803	205
10147	1736	482
10150	2268	456
10151	1561	308
10159	2727	571
10161	3626	215
10163	2434	511
10164	3555	297
10168	2252	332
10169	3073	550
10170	2174	310
10170	2174	362
10173	2581	622
10174	2143	357
10175	1900	535
10176	1622	319
10179	1704	383
10179	1704	348
10184	2871	333
10186	2409	347
10187	1633	337
10188	3086	277
10189	2955	419
10191	1394	376
10194	3382	539
10197	1725	297
10198	1699	374
10199	2211	398
10199	2211	233
10201	1878	467
10203	2056	372
10204	1457	272
10205	1063	222
10206	3032	380
10209	1765	371
10211	2071	368
10213	2734	639
10214	1371	371
10217	1830	381
10223	2307	320
10223	2307	106
10223	2307	135
10225	2707	585
10226	2427	262
10226	2427	382
10228	2341	393
10230	1540	561
10231	1051	341
10235	2947	364
10237	2349	531
10239	2886	569
10241	2074	522
10243	2325	185
10246	2009	571
10247	2648	316
10249	2469	341
10252	2613	384
10252	2613	281
10253	1763	245
10254	1941	514
10260	1794	362
10269	2062	185
10272	2142	513
10276	2287	564
10278	1366	167
10278	1366	174
10279	3641	650
10279	3641	198
10281	2184	337
10281	2184	230
10282	1620	311
10286	1884	402
10289	2664	421
10290	3017	538
10291	1491	392
10293	3978	603
10298	2590	588
10304	3400	582
10306	3218	435
10306	3218	521
10308	2409	622
10309	2629	271
10314	3124	491
10317	1951	535
10330	2500	579
10332	1855	484
10333	3645	382
10334	1104	284
10336	2506	520
10337	3175	543
10340	3768	232
10341	2634	229
10341	2634	549
10342	1848	297
10348	2036	537
