0	21774	17932
1	5403	301
2	3533	517
4	2304	255
13	2156	329
14	4453	308
15	4309	482
16	2602	294
17	2240	276
18	2420	331
20	2886	200
24	6659	527
24	6659	279
26	5373	237
28	4934	332
29	3853	466
30	2095	267
37	3239	514
38	3685	264
40	3001	244
42	2508	286
49	3521	185
64	2351	310
65	6580	445
66	3255	294
66	3255	265
69	6910	466
73	2126	353
75	3039	511
79	4518	365
84	3184	418
87	3693	344
90	1870	303
93	2026	259
95	3336	206
96	3558	401
100	4524	423
105	2844	211
107	2085	325
110	5846	325
114	3483	317
117	4920	497
119	5251	314
123	2295	249
123	2295	343
127	2744	261
136	3988	280
136	3988	293
138	3084	250
143	9121	215
143	9121	250
145	3494	332
146	1610	272
147	1409	258
149	7438	294
155	1812	288
170	2903	343
171	2512	280
183	5356	535
185	2766	370
189	5441	272
193	5111	367
195	4081	568
199	6089	286
201	6346	412
201	6346	191
202	2976	293
206	2316	382
210	8344	501
215	3295	200
222	6030	315
224	2831	206
225	1881	261
226	2721	291
230	3593	583
230	3593	535
233	2095	226
238	5177	405
238	5177	339
240	2496	335
243	4996	240
244	9847	353
245	3218	378
248	7925	349
250	2872	238
256	3746	273
258	5012	200
273	3410	387
278	3223	414
282	2326	546
283	5839	387
283	5839	512
287	4140	395
292	3304	242
293	3643	200
297	3599	227
303	3459	515
304	2633	305
305	4382	570
307	6169	303
307	6169	256
311	3401	215
316	3078	262
319	2105	469
328	8739	341
330	1459	307
331	2571	342
332	2121	355
335	2287	415
336	2899	200
337	3409	248
343	3065	323
346	7969	471
346	7969	277
347	4071	496
352	3884	238
352	3884	320
355	3891	185
358	6388	485
359	2580	454
363	5696	329
364	3772	285
364	3772	280
366	1498	211
371	3111	443
375	3051	286
376	7717	275
377	10148	487
379	5371	244
389	4273	548
392	4744	392
399	3136	305
402	2616	238
405	2357	200
407	2742	540
413	3973	451
417	2777	471
421	7018	306
421	7018	431
425	3138	429
436	1820	200
446	1592	437
448	3952	577
450	3162	185
452	2682	241
456	5259	290
457	2952	226
466	3157	503
467	2966	491
469	7487	286
485	4817	311
490	9011	337
490	9011	254
492	2696	426
494	6039	428
504	4409	421
506	4751	185
511	1718	299
512	6186	238
512	6186	170
521	3731	233
525	4263	390
529	2600	500
533	6200	200
534	2964	284
538	2094	280
546	2949	527
549	2943	423
562	6023	429
562	6023	337
564	3966	517
565	2139	303
571	4388	448
571	4388	407
573	4080	348
574	5577	523
574	5577	476
578	2286	510
581	1864	185
582	2497	253
587	2713	460
588	3000	473
592	2958	200
606	3555	334
608	5204	319
608	5204	277
611	8255	458
614	3874	217
618	5377	367
620	2717	502
627	4308	365
628	5540	352
632	6106	510
633	7141	540
635	3396	287
637	3568	478
642	7531	238
648	5728	302
648	5728	367
653	2266	507
655	2620	329
658	5696	492
660	2881	290
666	3107	519
678	2709	250
679	4958	309
686	3568	295
694	2729	282
700	4429	353
701	2536	216
702	3236	372
708	6768	238
708	6768	428
709	4772	173
709	4772	188
712	6830	342
714	2188	254
716	8656	233
718	3998	536
720	3108	289
726	5837	285
730	1910	305
732	7346	278
733	1820	284
736	1484	311
737	3358	365
740	7140	466
740	7140	499
744	2098	284
747	2207	350
748	6459	453
750	8960	211
764	1992	309
765	2719	211
768	3666	347
771	8143	472
771	8143	506
773	4143	271
774	2749	315
775	3881	278
776	5720	281
777	2355	327
783	7772	599
784	3010	284
787	5657	289
787	5657	302
788	9840	573
789	8513	266
794	3259	341
795	9920	446
796	2885	215
796	2885	266
798	3637	258
798	3637	256
800	2283	333
803	2378	257
808	3098	323
812	9296	238
812	9296	279
813	2749	255
814	3146	200
816	3438	311
817	3893	245
820	7262	184
820	7262	207
820	7262	185
821	2471	272
838	2306	185
847	5687	468
853	3769	503
856	3488	221
857	5832	294
873	1984	211
880	2708	203
880	2708	328
885	1898	409
889	3494	361
891	2541	200
898	3975	359
900	2205	430
901	4824	185
907	2992	242
911	4525	316
911	4525	360
914	2521	334
920	1797	261
932	4051	396
937	2685	221
944	2503	408
950	2956	304
958	3487	512
959	3035	351
961	2848	324
963	3243	243
966	4023	206
974	4243	446
983	2871	464
986	4650	337
990	3496	466
993	3118	469
994	2463	344
995	4194	392
995	4194	219
996	3572	267
997	3367	407
999	4021	409
1001	4007	293
1004	4490	237
1004	4490	227
1004	4490	275
1005	3707	438
1009	4774	310
1014	4416	187
1027	3303	243
1029	4280	395
1033	2134	261
1040	2868	349
1042	1668	304
1043	3557	310
1045	2286	377
1047	2950	248
1057	3386	319
1075	2736	495
1078	4317	313
1085	3181	317
1090	1800	299
1091	2294	211
1094	3420	511
1100	2780	513
1103	5419	471
1108	2063	233
1116	3696	227
1119	5416	474
1122	3290	265
1129	2857	494
1135	2478	395
1140	3821	215
1154	4239	336
1156	3063	467
1159	2669	530
1165	2675	460
1172	2296	255
1180	2543	297
1182	2062	485
1189	3016	339
1197	3009	222
1199	1964	413
1204	2724	279
1205	3364	519
1210	3064	295
1210	3064	222
1212	3158	288
1223	3797	395
1224	2410	185
1233	6121	315
1236	2970	452
1238	5513	287
1242	2862	491
1243	5050	211
1249	2061	298
1250	2168	466
1254	2141	437
1256	2781	481
1260	2049	251
1273	3647	503
1274	1983	283
1277	2703	266
1279	1899	185
1280	4197	335
1291	2955	259
1293	3327	243
1295	1752	372
1300	1777	300
1302	1997	302
1303	1291	469
1306	2993	446
1308	4135	443
1308	4135	467
1312	2906	425
1317	2268	249
1318	4559	459
1319	2477	261
1328	2357	452
1332	1840	341
1338	2122	252
1340	3165	334
1348	2827	494
1349	3923	474
1357	3975	326
1359	2615	315
1360	4319	259
1366	2244	436
1367	1900	285
1368	1394	230
1369	3889	316
1381	3211	419
1383	3780	465
1384	2236	215
1391	2074	434
1398	2087	365
1409	3411	215
1413	2216	448
1415	2240	250
1416	2708	282
1423	2330	440
1424	1631	304
1425	3747	383
1427	2640	311
1433	3246	468
1444	3014	320
1446	3426	450
1448	3023	355
1449	2772	498
1452	2675	522
1456	2338	474
1458	2626	361
1459	2613	272
1470	3208	473
1476	2647	291
1480	3396	464
1481	2275	471
1485	3150	339
1491	2652	280
1498	1959	280
1502	3616	377
1508	2673	378
1510	2491	306
1512	2012	233
1517	4340	409
1524	3515	350
1526	4496	183
1529	4229	527
1533	4546	147
1533	4546	492
1538	2512	298
1544	1914	290
1553	3176	289
1556	2286	261
1560	3003	385
1562	4270	215
1563	1959	255
1564	6072	342
1564	6072	312
1565	2091	277
1569	2271	334
1570	2241	380
1573	3035	329
1576	3228	297
1577	2356	339
1578	2684	299
1584	4842	504
1588	1722	227
1595	2073	494
1596	4743	323
1602	2590	190
1602	2590	243
1606	5761	301
1606	5761	334
1611	4875	325
1613	2313	380
1616	3057	367
1617	1664	344
1618	2746	222
1618	2746	284
1619	2900	267
1620	2966	425
1622	1793	303
1628	2357	314
1630	4309	451
1632	4723	368
1632	4723	347
1641	4198	319
1644	2723	478
1649	2642	227
1654	1624	301
1660	2898	511
1669	3320	333
1679	2024	267
1682	2551	345
1690	2095	271
1701	3191	268
1701	3191	299
1702	3337	185
1703	3570	487
1707	1899	245
1712	1744	185
1720	2944	211
1722	4336	319
1722	4336	211
1726	1294	250
1727	1853	260
1732	4301	358
1734	1857	259
1739	2301	185
1740	794	245
1753	3526	185
1754	4880	323
1756	3501	255
1756	3501	323
1758	2484	291
1760	1762	329
1763	2781	411
1766	2704	304
1778	3162	277
1778	3162	317
1780	3706	357
1781	2091	222
1784	2487	250
1794	2736	288
1796	4707	320
1801	1522	279
1805	2267	282
1807	3546	304
1814	2543	442
1815	5407	292
1820	2444	243
1821	2074	294
1823	2214	270
1832	2154	407
1835	2897	232
1836	3701	304
1842	2342	185
1845	2128	272
1851	2810	221
1851	2810	243
1856	2398	430
1857	4648	221
1858	2470	259
1859	3312	457
1863	2866	417
1870	4673	492
1870	4673	372
1875	2351	305
1877	1860	316
1879	3831	401
1886	2238	388
1888	2740	200
1891	1931	215
1902	2437	438
1904	2104	279
1906	2508	227
1911	3924	407
1914	3281	345
1916	2608	437
1919	1933	200
1920	2922	478
1921	2436	425
1933	4574	426
1936	2343	381
1938	2977	352
1940	5851	450
1951	1914	302
1952	1172	300
1960	3045	510
1962	2296	276
1966	2282	274
1969	1702	261
1971	2846	458
1976	4355	475
1982	2990	286
1983	5534	243
1983	5534	185
1991	4581	411
1991	4581	524
1994	2749	327
1995	2801	391
1996	2693	312
1997	3252	330
1999	3684	173
1999	3684	158
2000	3771	278
2005	2219	200
2007	3103	354
2009	2732	415
2012	2525	473
2013	2772	221
2014	4348	267
2017	2467	307
2020	3326	291
2022	3272	185
2028	1179	328
2035	1912	325
2036	5050	423
2041	2765	451
2042	3570	449
2046	2212	398
2048	4571	502
2056	2326	319
2078	2765	251
2085	4521	324
2087	4661	482
2087	4661	473
2091	3614	532
2099	2581	548
2100	4377	415
2101	2982	449
2103	2404	222
2106	3810	385
2108	2307	367
2109	4232	468
2112	6918	285
2112	6918	513
2118	2592	185
2123	9134	538
2123	9134	553
2126	1959	466
2128	2590	248
2132	3965	447
2142	3383	298
2143	6379	325
2149	3141	471
2151	4012	534
2157	3289	281
2157	3289	291
2159	5170	297
2168	4967	501
2168	4967	424
2170	2709	506
2173	2572	545
2174	4899	404
2175	3999	400
2176	3300	515
2177	3832	295
2185	4555	500
2190	1644	513
2191	2294	243
2200	3745	329
2200	3745	162
2205	5662	256
2210	4815	355
2215	1819	142
2216	3588	362
2218	2717	336
2220	3589	272
2225	4841	451
2232	4934	309
2234	2564	440
2238	3009	365
2246	1730	221
2252	5496	334
2254	8769	277
2256	2214	227
2257	4874	466
2257	4874	348
2259	4096	297
2260	4215	453
2262	3005	582
2277	2208	351
2283	2545	441
2285	8932	382
2285	8932	458
2286	8812	396
2289	3381	430
2291	2168	529
2296	2688	243
2297	4975	390
2298	3037	200
2305	3681	518
2309	4028	298
2321	2122	402
2323	2796	444
2332	2508	363
2337	4155	539
2339	2652	469
2341	3263	309
2341	3263	528
2349	2928	339
2354	1899	427
2368	2564	273
2369	3735	477
2389	2479	242
2392	4130	496
2395	3430	391
2403	2859	332
2408	2283	238
2416	3579	266
2422	3690	308
2426	2879	262
2429	2695	211
2436	3023	530
2438	1877	339
2446	2601	498
2448	2049	463
2452	3066	329
2455	4870	352
2456	4985	476
2459	3077	301
2464	2849	215
2467	2612	286
2467	2612	314
2474	3357	453
2476	3165	200
2480	3502	311
2480	3502	192
2481	2474	339
2485	1542	278
2486	3861	211
2496	2360	329
2498	3049	539
2503	7491	305
2505	2067	307
2507	3020	245
2516	4053	284
2518	5535	351
2519	1749	261
2524	1937	298
2526	1558	249
2529	2503	206
2542	3514	211
2545	2191	185
2547	1692	200
2560	3233	226
2561	2537	302
2568	2449	276
2571	1268	319
2572	9047	442
2582	2419	295
2583	3536	306
2590	5670	299
2600	1431	267
2608	3667	222
2609	1964	348
2610	3713	457
2625	2268	313
2625	2268	296
2626	2676	261
2627	3440	423
2630	2182	206
2631	1661	278
2639	4868	249
2640	2553	442
2645	2743	409
2648	3063	366
2650	2079	200
2651	2931	294
2654	3363	480
2656	2612	420
2661	2661	479
2664	3653	288
2677	3422	404
2679	3071	508
2681	3198	582
2682	6946	418
2682	6946	438
2684	2764	252
2686	3692	464
2691	3734	450
2693	3628	211
2695	2569	343
2700	3165	211
2701	3408	509
2703	4157	363
2704	3792	402
2708	1842	200
2715	3467	507
2716	3499	365
2716	3499	308
2718	3303	328
2722	2592	504
2723	2031	518
2724	1975	200
2726	3972	537
2727	4878	366
2728	6761	510
2731	5010	531
2731	5010	475
2738	3008	237
2739	2866	450
2744	2339	459
2745	2474	227
2746	1887	443
2747	3694	490
2754	8081	184
2754	8081	205
2758	5773	566
2760	5490	540
2762	4263	585
2763	2349	372
2764	3152	416
2766	4051	571
2767	4150	534
2773	3891	505
2777	2655	335
2779	3047	474
2782	2113	443
2787	3395	458
2790	3736	532
2799	2405	376
2801	2393	353
2805	5300	391
2808	7631	428
2814	2806	489
2818	5194	500
2820	4497	491
2821	6346	500
2822	4660	365
2822	4660	384
2823	3883	475
2830	5308	327
2832	6690	284
2835	3946	353
2841	3457	261
2842	2802	488
2844	2391	420
2845	2377	313
2848	2953	521
2849	2922	282
2853	2588	345
2858	5854	426
2858	5854	559
2861	3445	245
2874	3286	243
2875	2265	331
2887	2831	393
2888	3546	469
2890	2025	227
2891	1821	431
2892	3958	646
2900	4936	438
2909	3640	621
2919	2593	530
2920	2922	467
2923	2255	211
2924	3454	434
2927	4571	333
2927	4571	299
2932	3187	222
2938	1811	267
2951	2595	303
2960	3464	318
2961	2933	548
2962	2513	427
2966	3018	577
2968	4080	272
2974	3275	374
2975	1509	358
2987	8193	321
2990	2457	275
2991	1794	327
2995	4524	522
3005	3732	255
3009	3016	300
3010	3465	309
3011	2870	350
3018	4914	278
3018	4914	282
3020	2210	408
3022	3338	361
3030	2708	305
3033	3270	319
3033	3270	296
3038	1910	238
3069	2890	280
3074	5906	237
3074	5906	185
3077	3093	316
3078	3831	280
3081	3103	579
3090	3002	470
3091	7536	151
3091	7536	193
3092	3188	284
3092	3188	206
3093	5505	289
3100	1829	185
3102	3091	475
3112	3186	388
3114	4153	367
3115	7809	238
3115	7809	496
3117	2731	309
3120	7166	222
3128	3293	243
3135	3023	394
3136	2066	340
3138	2875	533
3139	2822	460
3142	3370	531
3143	3319	226
3145	4512	521
3147	2674	262
3155	2279	238
3156	2192	242
3158	3511	370
3161	1887	248
3161	1887	270
3165	3263	523
3166	3433	528
3174	2817	222
3176	2152	458
3180	2749	415
3181	4294	211
3184	3226	388
3185	4791	536
3186	2758	243
3190	3619	514
3191	2458	292
3191	2458	206
3193	2676	461
3201	2722	509
3202	2717	462
3204	3071	362
3207	11933	399
3207	11933	222
3207	11933	438
3219	11982	508
3219	11982	303
3225	1678	403
3231	2756	300
3235	2679	303
3238	3323	515
3249	4538	416
3260	2213	278
3264	2667	411
3265	9244	271
3266	15474	304
3269	3732	306
3273	4856	502
3279	3857	390
3283	3224	293
3292	2859	517
3297	5495	287
3302	2361	310
3308	3584	227
3311	3260	268
3323	3130	464
3324	2030	243
3332	3573	185
3336	3529	302
3346	2830	322
3348	5191	296
3351	2558	480
3352	4806	289
3390	10845	267
3407	2062	185
3412	1899	238
3415	11130	318
3415	11130	185
3422	1812	282
3428	3923	338
3429	4881	215
3432	12392	426
3437	6940	339
3439	2870	299
3451	2621	185
3457	2446	510
3477	4164	206
3478	2698	311
3481	1486	267
3483	4163	277
3492	5072	242
3493	2478	315
3497	6434	504
3498	4822	342
3503	4268	409
3506	2871	342
3507	7435	499
3510	3303	457
3517	2331	301
3526	2381	396
3538	2335	222
3542	1968	226
3552	3046	206
3554	1603	211
3556	2129	295
3561	1565	227
3562	3096	442
3566	15229	215
3567	1683	260
3575	3151	278
3575	3151	482
3577	2395	382
3578	2982	471
3579	2047	484
3584	11196	350
3590	4664	200
3598	5186	520
3600	4105	430
3622	1748	361
3625	2941	329
3631	7236	427
3635	6523	185
3639	8244	303
3650	3190	315
3668	12893	317
3678	4132	479
3686	5559	215
3690	9979	380
3690	9979	141
3690	9979	457
3691	3649	267
3692	8066	457
3695	6137	179
3695	6137	127
3698	1825	371
3699	14825	216
3700	14869	241
3701	15364	200
3706	1603	293
3710	9646	511
3713	3880	316
3714	6844	339
3723	4460	470
3724	2737	340
3733	915	298
3742	3924	426
3772	4684	278
3777	2811	206
3781	3287	303
3785	6262	238
3785	6262	436
3786	8619	211
3799	15731	244
3799	15731	200
3799	15731	511
3801	1672	271
3820	2477	185
3828	5415	480
3834	3176	437
3835	2197	320
3836	4631	256
3846	3921	506
3847	1880	439
3848	2554	244
3849	3850	408
3850	2669	430
3851	2587	255
3852	2651	262
3857	1099	239
3868	3871	389
3870	2897	423
3872	3486	394
3873	4891	238
3877	2575	384
3879	2737	305
3882	10035	394
3882	10035	323
3884	8063	503
3885	11949	317
3892	13553	267
3893	5035	442
3893	5035	360
3906	4385	414
3907	4149	507
3911	4298	378
3914	2594	251
3916	9848	356
3922	4089	294
3924	4991	400
3930	9047	451
3931	3037	382
3932	1982	312
3937	7579	403
3937	7579	750
3943	9189	547
3946	2363	185
3948	6530	309
3951	9821	461
3952	4000	395
3954	6347	244
3961	10587	375
3963	3545	199
3963	3545	393
3969	3534	523
3974	3630	265
3977	2243	332
3984	6902	513
3989	3200	494
3989	3200	268
3989	3200	174
3992	3789	278
3997	2858	484
4003	1738	363
4005	10831	311
4007	7097	323
4010	4997	267
4015	11794	470
4015	11794	504
4015	11794	386
4018	4330	362
4020	2517	288
4021	10057	434
4021	10057	268
4022	3228	177
4022	3228	252
4027	5308	232
4028	4657	388
4036	6512	328
4040	3900	263
4041	6418	303
4042	6898	328
4043	6516	206
4044	2735	545
4050	13220	482
4050	13220	580
4050	13220	377
4051	2491	229
4052	2448	289
4058	2133	478
4059	6553	275
4063	2393	468
4069	5079	206
4072	2345	232
4077	9944	502
4082	10951	200
4085	4092	234
4092	2930	233
4093	3892	267
4098	6293	353
4101	2617	255
4109	4103	239
4109	4103	329
4112	2208	245
4113	8069	185
4115	5559	250
4116	1661	245
4117	2553	531
4124	3700	419
4134	9027	238
4135	3814	295
4135	3814	365
4142	6129	315
4142	6129	253
4143	5813	496
4146	2284	521
4148	4217	250
4153	1840	278
4159	2210	288
4162	4391	284
4165	3295	440
4169	5402	200
4188	1815	200
4190	2649	200
4191	3403	352
4192	7488	298
4193	8421	262
4197	6198	331
4198	9045	226
4202	4336	469
4203	4988	287
4207	2549	279
4210	7017	442
4216	4863	489
4220	2280	285
4230	3761	392
4237	2377	216
4237	2377	185
4240	2557	190
4240	2557	173
4244	2946	544
4246	6247	316
4254	2599	257
4255	5284	502
4262	7385	185
4264	3098	528
4275	4197	332
4277	11645	446
4281	3165	363
4282	4523	318
4285	7243	439
4285	7243	444
4292	4195	456
4296	10855	295
4296	10855	227
4303	3850	407
4307	2550	345
4308	3571	424
4309	4220	492
4313	4185	476
4323	2884	487
4329	5620	389
4331	5202	411
4341	3662	261
4348	10052	445
4348	10052	271
4351	2984	185
4357	3379	507
4360	11649	283
4361	9631	285
4366	4716	313
4369	8215	502
4372	3901	238
4374	3533	226
4376	6814	428
4379	12009	256
4383	3089	308
4386	4171	432
4387	3145	185
4393	3157	185
4396	3805	451
4398	1866	272
4400	5375	200
4405	11203	492
4405	11203	317
4407	3623	276
4409	13395	358
4409	13395	496
4415	7941	288
4419	12595	467
4420	3175	300
4425	8047	187
4425	8047	230
4429	3171	500
4433	1765	510
4434	5671	323
4435	5990	321
4435	5990	318
4439	3243	469
4440	6034	440
4441	7086	241
4453	1859	371
4457	6869	519
4460	6294	254
4461	7881	211
4461	7881	347
4466	3484	314
4474	12679	475
4474	12679	432
4479	2748	407
4485	1762	211
4486	10048	322
4486	10048	291
4486	10048	373
4490	4673	254
4491	2755	359
4501	6397	285
4505	10893	284
4505	10893	397
4509	3705	185
4517	2239	310
4523	2720	281
4528	1787	284
4537	3466	185
4539	2101	251
4542	3350	409
4546	2082	509
4547	2088	213
4547	2088	273
4550	3075	290
4552	3081	342
4570	2571	274
4572	3402	298
4573	2019	306
4576	1971	343
4579	2720	470
4584	2733	343
4584	2733	320
4585	2472	272
4586	2994	454
4588	2603	402
4590	2436	323
4594	2766	321
4596	5627	317
4597	3090	227
4613	909	243
4633	2672	185
4634	3033	292
4636	1839	215
4642	2500	240
4646	3108	211
4646	3108	155
4657	1473	316
4661	3232	352
4662	3145	319
4668	2677	277
4676	2270	266
4681	3048	268
4681	3048	211
4683	3208	336
4689	6630	284
4689	6630	200
4691	2734	297
4692	3530	267
4694	3826	256
4697	3652	317
4700	1549	338
4702	3074	314
4703	3752	255
4706	3853	445
4708	3094	302
4709	5943	303
4709	5943	273
4710	3302	430
4713	6200	329
4716	2892	281
4718	3058	487
4721	2551	330
4727	2809	366
4728	3329	482
4731	2837	287
4733	1736	304
4734	2828	326
4735	4316	247
4735	4316	278
4740	2646	486
4744	2408	304
4749	2638	446
4754	1682	185
4756	2292	297
4759	1925	242
4760	3742	267
4763	4106	298
4764	3119	257
4767	2844	287
4770	2074	317
4773	1876	268
4775	4650	303
4776	5753	469
4776	5753	273
4778	3665	379
4792	4298	369
4794	3268	249
4799	4309	413
4800	4157	527
4808	2168	185
4815	2924	255
4820	1976	269
4828	5470	478
4831	4514	311
4844	1467	289
4845	2612	274
4847	2726	359
4848	3025	493
4850	2375	277
4850	2375	305
4855	2139	268
4864	1700	272
4865	2805	341
4866	2819	344
4867	2920	452
4868	2743	406
4869	3506	446
4875	2060	250
4879	2645	519
4880	2115	221
4882	1715	262
4886	2779	281
4894	2380	232
4896	2863	444
4900	3612	292
4901	2823	222
4902	5970	401
4904	1425	303
4910	6014	185
4913	2511	497
4914	2885	291
4916	5970	200
4916	5970	329
4921	2873	306
4922	3725	309
4923	5508	397
4923	5508	292
4931	2103	322
4935	3427	317
4940	2061	200
4943	2554	256
4944	6864	260
4951	1917	334
4953	4193	408
4954	2875	335
4956	3877	304
4957	2859	463
4958	3139	242
4962	1309	185
4969	5417	339
4971	3255	261
4973	3150	215
4978	2869	478
4985	4231	303
4992	2214	238
4994	3060	292
4996	2426	244
4997	3223	241
4998	3618	479
5001	2408	464
5006	3280	267
5014	3323	345
5016	3306	256
5018	3474	155
5018	3474	281
5023	2973	457
5029	3193	211
5031	2667	279
5035	1969	509
5038	2739	330
5039	3430	276
5042	2924	448
5048	7297	267
5048	7297	248
5048	7297	441
5050	2602	514
5054	6002	242
5055	2831	483
5056	3252	405
5061	3780	499
5066	3319	326
5070	2461	238
5074	2223	266
5075	2946	341
5078	2381	490
5080	5109	300
5081	3963	304
5083	2905	352
5085	3180	437
5093	1755	298
5094	1766	308
5096	4683	483
5099	3400	211
5100	4530	454
5103	2033	296
5104	2750	513
5105	4028	386
5108	4334	319
5115	6459	310
5119	1857	420
5121	2792	307
5125	2664	200
5126	2917	185
5126	2917	290
5127	4356	446
5128	4765	501
5129	2874	360
5133	3150	263
5133	3150	379
5137	3637	187
5137	3637	191
5138	2959	207
5138	2959	318
5140	2788	367
5144	4022	449
5152	3368	465
5165	1849	211
5167	2395	330
5168	1507	215
5176	4123	497
5181	1943	327
5184	3064	257
5186	2916	423
5187	5949	320
5187	5949	455
5191	2649	441
5193	2962	220
5202	2325	329
5207	2277	446
5210	2370	386
5211	4175	482
5215	5356	340
5215	5356	409
5216	3040	460
5219	2135	457
5220	2411	522
5223	3349	351
5226	2419	263
5228	4104	349
5228	4104	317
5230	3235	200
5231	3351	185
5237	2800	291
5241	3022	343
5242	3062	296
5246	4879	308
5247	3015	481
5252	3926	227
5255	2513	336
5258	5468	387
5260	2369	263
5265	2399	391
5271	3841	285
5271	3841	212
5276	3048	326
5277	2202	294
5281	2336	421
5283	2981	452
5285	2166	287
5287	2291	410
5289	2136	185
5290	5644	490
5290	5644	261
5292	2580	506
5296	3793	238
5299	1646	249
5300	2505	246
5300	2505	377
5302	3432	438
5303	4778	458
5305	6260	243
5310	3628	469
5311	4280	480
5316	2634	366
5323	2714	324
5325	1165	254
5330	1929	435
5333	2609	309
5335	3912	474
5340	3172	283
5343	2532	243
5356	2232	211
5359	2164	185
5365	2503	253
5369	2512	298
5370	2422	350
5371	2532	298
5377	3596	486
5379	3010	452
5386	3695	226
5393	2228	284
5398	1642	243
5401	2875	283
5401	2875	292
5405	6019	515
5407	2030	376
5409	904	238
5410	2538	522
5411	2484	412
5415	3381	306
5416	2254	290
5421	2152	314
5424	4667	495
5426	1874	352
5427	2154	300
5431	1711	355
5433	3995	206
5440	3013	451
5444	3837	517
5445	3488	293
5448	1652	211
5452	2754	359
5457	2856	278
5458	2690	304
5462	2488	300
5468	2026	282
5475	2122	286
5479	4812	368
5480	2297	388
5486	3062	380
5487	2279	484
5490	4586	288
5496	4273	318
5505	2572	261
5507	2012	260
5508	2477	333
5513	3436	320
5519	3742	278
5521	1667	232
5523	2457	185
5526	2695	372
5530	4989	273
5533	3040	200
5534	3668	222
5540	3596	222
5541	2994	318
5544	3702	230
5544	3702	269
5547	2924	346
5566	3412	200
5572	2821	250
5574	3045	255
5575	5968	303
5576	2170	402
5577	3143	332
5579	5883	211
5579	5883	319
5581	1647	185
5585	2663	165
5590	3250	313
5592	1789	232
5593	2241	364
5597	1628	200
5600	2425	295
5609	1573	350
5615	2239	238
5618	7071	253
5618	7071	238
5621	3243	493
5622	2285	298
5623	2726	347
5626	1566	242
5628	2328	400
5630	3412	216
5637	1508	254
5642	1754	234
5652	2544	279
5656	2649	265
5659	3119	211
5662	2879	230
5668	1849	261
5669	3722	290
5669	3722	335
5671	1562	291
5683	3144	256
5685	2486	215
5690	2812	249
5697	2809	360
5703	2631	286
5708	2353	315
5714	2397	415
5715	1873	258
5717	1562	266
5721	2017	498
5722	2224	303
5723	2456	370
5728	5956	488
5740	4410	277
5741	3706	482
5742	5622	401
5744	4510	283
5755	2102	299
5756	1943	424
5763	2102	420
5766	2079	293
5767	1931	343
5780	3079	461
5795	1636	255
5796	2358	303
5802	2785	299
5803	3041	222
5804	4845	381
5805	2684	340
5806	3261	286
5808	4686	211
5814	3103	299
5817	4296	494
5818	1868	436
5820	2294	243
5822	1683	243
5829	3028	303
5833	1479	221
5839	2929	440
5844	2027	389
5847	6257	370
5848	4940	491
5854	3190	435
5866	2412	244
5870	2125	255
5872	1894	299
5875	6028	250
5876	5401	185
5878	3035	292
5888	6085	285
5889	6977	185
5891	2254	417
5892	2298	285
5894	5441	185
5903	3296	320
5908	2956	470
5910	2373	352
5912	2035	238
5916	2459	320
5923	2502	357
5927	4146	452
5930	2381	354
5931	2960	331
5947	2151	286
5950	3045	200
5951	2559	410
5964	2360	423
5969	4198	465
5972	2060	438
5974	3563	454
5975	5858	386
5976	2283	362
5980	6020	470
5981	4193	336
5982	3154	449
5983	2241	321
5984	3749	455
5986	3950	433
5988	3584	447
5996	1642	206
5997	3421	257
5999	3517	497
6002	2802	211
6022	3873	256
6023	4314	517
6024	4304	176
6024	4304	435
6033	2425	354
6036	2784	321
6037	3415	311
6044	6641	455
6045	2657	431
6056	2367	254
6057	6866	245
6063	5848	448
6066	6335	314
6069	3378	239
6072	6398	464
6073	5216	290
6078	7301	464
6078	7301	382
6082	6899	256
6085	6132	406
6087	5155	304
6088	1778	262
6090	5020	484
6091	6121	472
6093	2010	222
6098	3591	435
6110	7887	292
6110	7887	200
6113	2970	508
6114	6110	404
6117	2274	185
6118	4252	327
6120	5102	268
6121	4352	428
6123	3650	508
6124	2485	306
6128	4222	351
6133	7254	329
6134	4800	453
6137	2906	469
6143	6261	452
6145	3822	376
6152	2026	356
6154	6423	488
6156	5802	326
6162	2862	469
6165	2363	446
6166	1884	318
6168	2100	259
6177	4115	412
6178	6330	337
6178	6330	354
6179	2059	345
6181	2280	303
6183	2371	271
6186	2009	259
6186	2009	245
6188	5098	284
6191	3762	439
6194	2937	397
6202	1766	244
6203	2478	307
6204	1815	417
6206	2910	499
6208	3526	309
6209	2802	408
6218	3281	403
6220	1962	288
6222	3610	393
6225	2933	462
6227	2857	407
6229	5630	200
6233	5682	476
6236	2544	492
6240	3821	233
6243	3028	400
6244	5091	233
6245	2056	372
6246	2618	482
6248	2778	270
6249	3394	309
6257	6985	433
6261	3425	364
6263	2384	278
6269	3760	313
6270	2458	482
6271	2439	293
6273	2781	243
6274	3179	343
6275	3511	415
6277	1814	261
6282	2464	463
6284	1469	268
6286	3490	360
6289	3177	419
6293	2669	397
6299	3074	316
6301	3849	354
6309	4760	446
6309	4760	219
6312	5084	514
6315	2302	266
6317	1863	417
6318	4322	233
6320	3639	386
6320	3639	438
6323	2495	280
6324	2355	359
6326	2440	435
6328	1183	295
6331	4041	185
6332	2718	211
6335	2382	448
6337	3012	486
6338	3034	422
6339	1442	252
6343	5604	250
6364	2189	200
6371	3225	394
6373	6374	432
6381	3634	478
6383	2617	280
6386	2457	291
6388	2500	285
6390	2621	227
6391	2772	333
6397	1403	294
6400	4685	280
6402	1940	239
6403	4332	307
6406	2724	211
6407	2097	280
6410	1445	303
6417	4869	259
6419	2475	243
6422	2483	314
6424	4885	286
6425	4052	273
6426	4917	234
6426	4917	211
6428	4017	289
6428	4017	275
6431	7036	238
6433	1722	273
6443	2573	251
6443	2573	280
6445	1322	200
6446	2827	394
6455	3638	272
6457	2614	340
6458	4420	259
6462	2328	261
6466	3095	294
6466	3095	333
6472	3613	513
6474	5876	364
6477	6184	226
6477	6184	266
6480	2360	312
6481	2885	212
6481	2885	287
6482	5487	283
6484	1086	239
6486	3839	254
6489	968	261
6494	2689	476
6506	3277	439
6510	1900	256
6519	5666	462
6524	2243	350
6532	3563	304
6532	3563	295
6535	3024	406
6540	2615	429
6541	2907	493
6543	2982	296
6545	3269	261
6546	2213	478
6554	2662	376
6556	2497	425
6565	2417	221
6569	3152	200
6578	2738	415
6582	7965	185
6588	1935	261
6590	4184	464
6597	2932	270
6597	2932	184
6600	2466	312
6600	2466	185
6605	3114	340
6606	2676	291
6608	2980	329
6616	2495	494
6619	2971	284
6619	2971	306
6623	2591	283
6625	4735	359
6625	4735	415
6627	2935	255
6630	2906	242
6630	2906	320
6635	3744	185
6639	5196	482
6648	2570	293
6652	4172	314
6656	7008	364
6656	7008	438
6656	7008	319
6660	3128	368
6663	7591	227
6664	4000	503
6675	3021	294
6677	2822	185
6679	1607	277
6682	6950	281
6685	6489	254
6685	6489	324
6688	2925	222
6692	3178	286
6692	3178	313
6693	1538	338
6696	2386	322
6697	1915	341
6703	1753	185
6705	1994	305
6710	2932	312
6711	2626	200
6728	2180	280
6731	3827	523
6734	3004	340
6744	3963	461
6757	4212	266
6757	4212	294
6760	1327	206
6762	1993	379
6764	4994	364
6765	2433	233
6766	4252	515
6767	2177	289
6770	2607	283
6772	2510	484
6788	4112	341
6788	4112	285
6789	2337	463
6791	2182	322
6793	1997	265
6795	2579	433
6796	2752	485
6797	2188	267
6799	5289	242
6815	2070	343
6838	3115	489
6848	2913	337
6849	3552	344
6851	2157	304
6858	2508	325
6860	4542	506
6864	2942	346
6867	6373	343
6868	2491	280
6874	1738	302
6883	3011	568
6891	2333	303
6905	1681	238
6906	2355	319
6907	2153	497
6913	2901	352
6929	2334	222
6933	1211	222
6936	2558	391
6937	1992	215
6939	2648	291
6948	1952	446
6955	2412	211
6960	4491	287
6960	4491	278
6965	3924	489
6965	3924	286
6966	2513	315
6968	1083	230
6969	1722	261
6976	2251	310
6978	2017	299
6991	3385	284
6992	2299	293
7016	3167	272
7019	2442	301
7019	2442	356
7021	2202	293
7026	2731	353
7030	4489	317
7032	6666	512
7032	6666	314
7036	4521	319
7037	6097	264
7043	4303	283
7050	3185	446
7053	2384	254
7058	6326	329
7060	1787	222
7062	1296	338
7065	5612	378
7065	5612	392
7066	7388	245
7068	2002	325
7076	1963	206
7078	2718	353
7083	2941	254
7089	2398	254
7092	1812	316
7093	2608	339
7096	3149	317
7096	3149	264
7098	2393	211
7103	2137	300
7106	2389	323
7109	5065	442
7109	5065	486
7112	2205	222
7113	2934	307
7119	2989	200
7121	2789	255
7127	2620	266
7129	2457	377
7130	2399	311
7133	2301	330
7137	2418	200
7138	1743	321
7140	2990	515
7144	3505	546
7151	3074	308
7154	5251	266
7166	3007	292
7166	3007	248
7177	4853	343
7179	2784	298
7181	2218	238
7184	3207	382
7186	1511	245
7193	2950	487
7199	3821	329
7199	3821	263
7202	2070	510
7214	3661	238
7224	4079	513
7231	2604	461
7232	3042	264
7233	7277	200
7235	2986	297
7238	2640	344
7240	3822	469
7243	1960	275
7245	2153	292
7246	2519	245
7260	2028	340
7262	3052	357
7264	2725	467
7268	2224	324
7280	2486	305
7300	3512	569
7301	4161	270
7303	5128	222
7305	2007	215
7325	1953	299
7332	6081	410
7337	2448	407
7338	2080	200
7357	3147	384
7360	2818	467
7376	3776	301
7380	4184	450
7386	1911	431
7388	1219	385
7394	4412	372
7396	3865	348
7397	2375	226
7404	4481	221
7404	4481	348
7413	2178	514
7418	2704	227
7420	4010	507
7421	2871	200
7427	4056	418
7430	3420	260
7432	3428	263
7452	5448	271
7453	3872	370
7454	2724	254
7463	2286	376
7468	2756	270
7475	1429	274
7492	4515	542
7493	4023	405
7496	5142	381
7499	2554	250
7503	4363	411
7503	4363	404
7511	2837	481
7518	3560	430
7522	2967	358
7529	2970	556
7531	3982	700
7533	2921	544
7538	1565	500
7541	4035	386
7545	2248	200
7548	2226	211
7549	6861	334
7555	1628	319
7556	2779	215
7562	2523	314
7566	4304	574
7568	4529	293
7576	1865	243
7579	3620	271
7590	5199	485
7592	2131	273
7592	2131	200
7594	1711	281
7597	2407	388
7602	2664	340
7612	2793	254
7614	2443	407
7616	3194	331
7621	3048	562
7623	3261	447
7636	2562	289
7639	2779	244
7642	2395	310
7647	3851	250
7647	3851	240
7649	4501	206
7652	3852	230
7654	7103	293
7663	2936	200
7666	2455	566
7670	2968	239
7671	4413	363
7678	4349	404
7679	6496	489
7686	3401	461
7689	3499	267
7691	2880	238
7692	2907	317
7692	2907	211
7701	3576	495
7707	2338	314
7709	4464	666
7712	3498	544
7716	2351	324
7717	3622	264
7730	2641	339
7732	2218	397
7736	3019	285
7741	2612	534
7744	2821	403
7752	2375	411
7756	3556	239
7758	3780	285
7759	2317	328
7763	3800	482
7767	4061	279
7771	3700	291
7783	3275	390
7787	2549	262
7788	2956	337
7789	2218	318
7792	3843	279
7792	3843	316
7793	4576	326
7797	2215	200
7798	2228	281
7805	3234	487
7806	3371	534
7815	3709	476
7818	3007	232
7819	4146	334
7820	3706	298
7821	3348	356
7823	2593	303
7824	2673	232
7825	1814	305
7827	2185	272
7835	3455	274
7838	2218	322
7841	1752	238
7843	2629	335
7844	2255	279
7855	1709	255
7856	3275	328
7856	3275	355
7877	3582	269
7880	1983	211
7883	3003	200
7884	1852	434
7892	5181	488
7893	2514	389
7894	2291	277
7896	4019	458
7900	4556	222
7906	2141	294
7907	3263	431
7911	2884	304
7912	3053	200
7914	3580	425
7914	3580	322
7920	3607	206
7931	1528	320
7932	2085	289
7933	3702	211
7936	2340	298
7940	1625	334
7941	3052	271
7944	3041	451
7950	1910	298
7956	2648	221
7961	2723	286
7962	2825	254
7962	2825	273
7964	2455	206
7966	2195	363
7967	3046	487
7968	2239	373
7969	1617	312
7971	5965	283
7972	2348	413
7976	2627	320
7977	3960	269
7977	3960	221
7980	2850	343
7986	1568	268
7988	4189	270
7994	2550	211
7998	1301	285
8002	1783	463
8003	3162	420
8005	1820	321
8006	2364	255
8007	4368	211
8009	4193	476
8019	1509	292
8020	2218	255
8030	4545	513
8031	3272	336
8032	2546	301
8036	2536	304
8038	3531	345
8038	3531	295
8042	2730	324
8055	3532	262
8064	2829	215
8071	2714	303
8074	1977	287
8075	2662	479
8084	1670	301
8087	2908	502
8092	2674	421
8096	2668	278
8098	3074	324
8104	3263	528
8107	2994	300
8109	1786	295
8110	2142	399
8113	3089	243
8123	5948	293
8132	5376	232
8135	4175	466
8147	3015	284
8148	3734	382
8161	3460	466
8163	2968	295
8165	2318	421
8167	3585	325
8169	2755	454
8171	2638	267
8174	3749	412
8185	1751	268
8191	3340	395
8192	4813	427
8196	2719	355
8199	5000	418
8199	5000	334
8203	1998	309
8204	5132	402
8207	2467	374
8216	4240	497
8218	3708	257
8219	3564	508
8220	2556	304
8221	2452	242
8222	1856	326
8223	3327	271
8224	4329	517
8230	4647	245
8232	2353	187
8233	4882	200
8233	4882	289
8235	2996	393
8236	2411	270
8239	3751	481
8240	4702	336
8243	2720	469
8245	3912	618
8246	3048	248
8248	2252	222
8250	4916	206
8250	4916	510
8252	3220	517
8257	2351	372
8258	2371	244
8263	2594	308
8267	3160	479
8269	2502	211
8270	3864	490
8272	2685	536
8273	2652	296
8281	3103	498
8282	5164	466
8282	5164	476
8283	5814	303
8285	1557	364
8286	3347	404
8287	3525	597
8313	2129	527
8316	3033	371
8330	2040	230
8332	2110	285
8333	3023	211
8336	3655	260
8338	4597	303
8339	3295	434
8345	2833	462
8346	2769	437
8347	2998	206
8350	3582	404
8352	3196	297
8352	3196	231
8358	3789	282
8363	3271	312
8364	2352	297
8365	2232	243
8367	4470	372
8373	2636	445
8374	2381	394
8377	4553	358
8382	2133	349
8386	5546	324
8405	2916	243
8408	3303	304
8409	3018	333
8411	1275	255
8412	2387	333
8417	4276	335
8421	3610	239
8427	3823	321
8427	3823	220
8429	2464	234
8433	4810	320
8434	2319	287
8438	2607	271
8448	1819	233
8451	2645	508
8454	4415	267
8466	5104	511
8470	3311	311
8483	1605	332
8486	2632	211
8490	3721	410
8500	2995	376
8522	3404	479
8529	3320	288
8529	3320	292
8531	5397	334
8533	3511	459
8539	5343	526
8542	2839	438
8550	5066	215
8552	2777	438
8555	2034	535
8558	2513	513
8571	5853	609
8572	2630	412
8580	3005	352
8582	3086	340
8583	4148	320
8584	4266	440
8586	2297	295
8587	1809	259
8602	2480	318
8604	2910	528
8611	1912	223
8622	2345	500
8624	3407	211
8632	4602	325
8632	4602	374
8633	3901	230
8634	2948	372
8640	1968	262
8654	2380	200
8658	3081	595
8662	3539	206
8667	3882	319
8667	3882	295
8671	3647	460
8674	2108	285
8676	3749	417
8681	2596	337
8687	2886	504
8690	3586	276
8692	3317	495
8693	1959	349
8695	4940	498
8700	1892	269
8700	1892	294
8703	4182	461
8706	2340	297
8708	3769	216
8709	3104	216
8719	5658	422
8719	5658	473
8721	2399	525
8722	2547	312
8730	5182	506
8731	3922	499
8739	2049	263
8743	4736	354
8746	2805	398
8751	3584	308
8752	1833	222
8754	4705	383
8758	3761	436
8760	2414	331
8761	2011	415
8763	2536	445
8768	2951	349
8772	2780	405
8773	4827	402
8775	3990	348
8775	3990	514
8784	2339	301
8789	3154	291
8790	1947	305
8795	4173	444
8800	1943	297
8806	3517	344
8807	2551	305
8826	3966	519
8829	2269	322
8830	3021	472
8831	3094	298
8832	2180	403
8840	3974	271
8840	3974	321
8844	5235	435
8847	3051	434
8848	3410	459
8854	2336	263
8857	5130	435
8857	5130	422
8860	3771	273
8860	3771	308
8870	2397	217
8870	2397	297
8871	2004	281
8874	3262	491
8876	3341	392
8877	2875	312
8882	2950	544
8885	3240	439
8888	3076	308
8894	3470	291
8895	1949	292
8900	3151	359
8901	3520	278
8912	2182	253
8932	2124	286
8935	1899	200
8943	4973	428
8946	3152	323
8948	2617	425
8949	3385	483
8965	1458	249
8967	4576	415
8970	3289	428
8973	3100	358
8979	4381	267
8995	3381	365
8996	3074	258
8996	3074	175
8997	1762	185
8999	3043	496
9006	2781	248
9007	4327	394
9009	2761	302
9010	5703	256
9010	5703	315
9011	2019	473
9014	5037	322
9017	4987	462
9025	3436	468
9026	5433	251
9029	1514	327
9035	2461	457
9054	4794	298
9055	1538	451
9059	2869	454
9062	5319	222
9063	2382	306
9064	3322	340
9065	1642	211
9073	3045	304
9073	3045	296
9083	3148	274
9088	2047	259
9091	4103	489
9093	2666	268
9094	3528	211
9097	3753	261
9100	5503	493
9100	5503	446
9106	3500	316
9109	2727	273
9110	2915	342
9110	2915	278
9112	3891	292
9118	3165	273
9118	3165	279
9119	3181	424
9120	5649	309
9122	2122	412
9123	3338	298
9123	3338	311
9126	3047	302
9133	2798	356
9134	3975	452
9136	3501	317
9138	3056	238
9142	2735	273
9143	5723	344
9146	2202	239
9146	2202	267
9150	3644	469
9151	4330	419
9151	4330	350
9154	3020	451
9155	2016	200
9158	2666	396
9162	2409	200
9166	3249	561
9168	4140	400
9168	4140	365
9169	3135	278
9171	2848	200
9172	2623	259
9173	1816	314
9174	1537	268
9177	2603	248
9179	3073	216
9184	2996	206
9186	2528	200
9196	1595	238
9198	2148	502
9199	3277	342
9199	3277	240
9207	2031	314
9221	2769	406
9223	1879	440
9228	4590	495
9228	4590	502
9229	3266	285
9231	2579	342
9234	2453	292
9239	4233	467
9240	2245	390
9241	2326	420
9242	2437	407
9246	3094	324
9258	3149	466
9261	2617	242
9261	2617	265
9264	1247	333
9265	3702	291
9266	2804	273
9269	3986	524
9275	1980	284
9276	3095	388
9280	4134	539
9283	3111	303
9286	2423	488
9289	2953	185
9291	6272	211
9294	2863	497
9295	1476	316
9297	3728	445
9299	2620	304
9300	2859	516
9309	3447	378
9309	3447	281
9312	4567	329
9315	2982	310
9328	2927	382
9339	4653	471
9339	4653	247
9345	2588	524
9350	2773	234
9354	2293	528
9361	2851	380
9362	2901	301
9363	2142	428
9369	2105	285
9377	4269	452
9377	4269	310
9387	2395	536
9388	4403	426
9390	3219	299
9391	2140	238
9392	2758	238
9398	3433	333
9403	3190	411
9403	3190	436
9404	1878	185
9407	3958	488
9408	2847	270
9410	2337	396
9411	2117	284
9414	3257	444
9415	3525	484
9417	2942	416
9425	5361	388
9427	3255	435
9429	3770	458
9430	2163	292
9431	3282	507
9432	1867	334
9435	2251	491
9436	3587	248
9437	2754	242
9439	5099	280
9440	2637	458
9445	2605	323
9446	2007	377
9458	4922	465
9460	2116	306
9474	2563	384
9475	4128	503
9480	4126	200
9482	1648	181
9484	3261	505
9486	5045	509
9492	1902	404
9498	2208	310
9504	5489	297
9506	4707	459
9511	3412	424
9514	2805	515
9516	4538	408
9518	2258	341
9519	2628	522
9521	4278	416
9527	2961	430
9529	2203	211
9531	3535	316
9535	4489	263
9543	4021	278
9544	1273	348
9545	5228	482
9545	5228	456
9547	3788	451
9548	2867	520
9550	5608	424
9550	5608	406
9552	2486	279
9553	2844	438
9557	3962	248
9559	2382	463
9560	2042	259
9564	5193	299
9570	3348	441
9571	2817	248
9572	4125	268
9574	2981	310
9579	2243	293
9580	3225	211
9582	3014	283
9592	3080	227
9597	2821	273
9601	4685	206
9601	4685	360
9605	5995	338
9606	2593	460
9613	6554	334
9614	3738	469
9619	4761	366
9619	4761	286
9621	1658	302
9622	5691	409
9622	5691	426
9626	3691	404
9626	3691	447
9628	2906	144
9628	2906	185
9630	2022	379
9634	2418	261
9637	1759	348
9645	3072	409
9646	3332	349
9649	2825	336
9655	3287	227
9656	2995	489
9660	1178	310
9666	5772	338
9669	2359	215
9671	3409	325
9674	4373	460
9675	3863	560
9688	5145	444
9690	3883	323
9690	3883	268
9691	2979	266
9692	2089	312
9693	2637	557
9699	3495	296
9701	2386	411
9711	3023	469
9712	3151	239
9714	2452	349
9715	3590	313
9723	4101	510
9727	3970	372
9730	3832	431
9731	5084	408
9732	3149	531
9733	2884	318
9734	3316	185
9735	5218	568
9737	2948	217
9737	2948	330
9742	3576	508
9744	2947	489
9746	4632	467
9747	4325	248
9748	3248	255
9749	5300	413
9750	3054	344
9765	5669	500
9765	5669	558
9771	3127	297
9773	4462	350
9777	4830	369
9777	4830	479
9778	2987	305
9788	2529	342
9790	5241	502
9795	2572	326
9796	3191	488
9797	3222	353
9798	2704	322
9799	6169	185
9799	6169	466
9803	2268	266
9805	2583	381
9807	2669	423
9815	4537	450
9818	4223	249
9821	3029	369
9822	4704	529
9823	3168	504
9824	2730	343
9829	6495	312
9831	3481	206
9839	2821	469
9842	3482	292
9848	2087	306
9858	3651	557
9867	2937	467
9868	3564	295
9869	4742	265
9869	4742	200
9873	3448	266
9874	3027	387
9878	2865	227
9879	5812	527
9880	5347	322
9894	3442	367
9897	2569	483
9898	2459	319
9902	2770	292
9903	2369	348
9904	2342	243
9912	3198	279
9916	4889	185
9922	4181	433
9922	4181	482
9926	2139	215
9930	3208	211
9931	4391	238
9932	2623	206
9935	2229	390
9948	3477	304
9950	2315	534
9954	2606	554
9959	2168	327
9965	3448	400
9968	3417	561
9972	3978	488
9974	1461	474
9980	3404	321
9984	4182	483
9985	3608	277
9992	2193	320
9993	2574	547
9997	3838	500
10000	2922	311
10002	2822	327
10003	2818	311
10008	2025	297
10009	2171	307
10017	2473	362
10018	2804	491
10020	5505	237
10029	2083	463
10030	2447	501
10035	2736	245
10035	2736	167
10037	3076	445
10039	3513	373
10044	3537	266
10045	5578	398
10045	5578	350
10047	3137	261
10052	2542	283
10058	1108	303
10065	2773	266
10066	2935	441
10067	4796	211
10067	4796	467
10068	2438	296
10070	2417	318
10073	2089	303
10076	2805	467
10079	1835	249
10080	4871	418
10082	2919	330
10082	2919	306
10088	7859	278
10091	1973	287
10091	1973	271
10097	1362	267
10106	2666	274
10107	4114	254
10107	4114	303
10110	2869	364
10111	3007	259
10116	3777	477
10120	2228	185
10121	7061	281
10121	7061	278
10124	2438	372
10131	4639	378
10131	4639	242
10134	2210	324
10136	3767	326
10137	2879	200
10139	2973	262
10144	1843	318
10146	1520	227
10150	3886	286
10152	2486	324
10157	1958	305
10159	1573	255
10165	1845	356
10166	3474	234
10168	6664	277
10170	1688	293
10176	1788	329
10179	3648	463
10183	2258	285
10186	1763	258
10188	10254	312
10193	4040	279
10195	2293	242
10202	6663	185
10203	3251	296
10204	1942	278
10205	1533	291
10206	4653	238
10207	2815	268
10211	1914	243
10216	2956	244
10225	2785	254
10226	2382	336
10228	2537	292
10229	2567	317
10231	3025	264
10232	7375	356
10232	7375	461
10233	2607	292
10235	5211	318
10239	1459	299
10241	4343	351
10242	3086	312
10244	3053	250
10252	2482	478
10254	3862	508
10255	5193	396
10255	5193	418
10257	2191	286
10262	1898	206
10266	2409	221
10267	8582	260
10267	8582	407
10268	1572	432
10269	3251	226
10271	2133	401
10273	9575	438
10273	9575	436
10275	4949	273
10278	2278	278
10291	2417	297
10293	1724	287
10301	2985	222
10306	2314	265
10309	3957	369
10312	4079	255
10314	5616	291
10315	1903	495
10316	1854	291
10317	5348	280
10322	6649	396
10323	1877	250
10324	1965	281
10325	3580	300
10330	2205	289
10332	2244	206
10335	4747	437
10335	4747	360
10337	2284	404
10338	2748	259
10345	2102	317
10351	2357	434
10356	2644	216
10357	3184	506
10360	2233	200
10362	4642	395
10368	1802	398
10369	2438	494
10370	3857	260
10372	2151	501
10375	2481	437
10380	2241	430
10383	2867	185
10393	3883	452
10394	1936	286
10408	4634	456
10409	3173	321
10430	1564	243
10432	2654	303
10433	2803	285
10433	2803	222
10436	3815	494
10438	4781	435
10440	3187	200
10441	1526	230
10443	2263	350
10447	2638	407
10456	8052	185
10462	2800	306
10463	5514	295
10474	2383	405
10476	9027	449
10476	9027	309
10478	2877	284
10478	2877	261
10482	3167	317
10482	3167	247
10490	3597	421
10491	2432	291
10497	7552	295
10497	7552	268
10497	7552	233
10498	2759	304
10499	2397	274
10502	2167	295
10504	2684	304
10509	2650	496
10511	4245	227
10511	4245	459
10513	2923	302
10518	2197	255
10519	2624	285
10520	2506	222
10528	2075	238
10529	2528	251
10530	2777	319
10538	6453	309
10539	1875	395
10542	2438	253
10544	2051	286
10549	4642	370
10555	4325	455
10556	1934	236
10556	1934	323
10563	2004	301
10568	2151	297
10569	4300	481
10580	2517	236
10581	895	284
10586	2708	390
10591	4251	423
10593	1875	441
10594	2958	200
10607	5109	214
10607	5109	390
10608	5053	453
10623	3191	317
10624	1117	267
10625	1687	222
10633	7338	382
10637	5318	310
10639	7291	271
10639	7291	318
10639	7291	291
10640	7039	241
10640	7039	276
10652	2344	255
10659	3639	391
10660	3386	185
10660	3386	261
10661	3458	239
10667	3583	235
10673	3240	412
10676	5536	256
10678	1879	211
10679	2577	450
10684	3650	422
10687	4030	461
10688	4498	468
10688	4498	249
10699	2802	338
10700	1203	245
10705	2488	309
10708	5407	463
10708	5407	445
10711	2502	482
10712	2680	396
10716	2776	312
10719	3436	345
10723	2636	473
10730	3028	200
10731	1357	272
10733	1792	185
10737	2671	284
10744	2255	411
10752	2639	272
10757	3201	257
10762	5373	254
10762	5373	334
10772	2213	259
10773	5081	466
10773	5081	447
10775	4239	310
10777	3437	227
10779	2271	407
10781	2159	200
10782	5242	412
10782	5242	461
10785	2415	241
10796	2215	296
10800	2684	282
10801	5444	447
10804	1947	386
10814	2726	294
10818	2396	245
10821	2858	283
10822	1468	284
10832	2622	185
10833	2281	439
10839	3852	303
10840	2155	230
10849	2854	185
10853	2801	380
10855	2806	456
10859	3508	250
10859	3508	276
10870	8181	317
10871	2675	294
10872	7420	227
10873	2786	307
10874	2327	432
10888	2456	485
10890	3323	452
10891	4843	450
10891	4843	440
10893	2233	298
10898	2247	337
10899	2569	360
10904	2402	200
10910	5652	254
10912	2464	276
10915	2695	446
10922	2651	227
10925	6655	347
10928	3762	330
10929	3059	369
10931	3427	500
10935	2905	449
10940	2209	447
10942	3350	371
10943	5223	453
10946	5264	283
10951	3771	206
10954	4142	279
10955	2998	360
10957	4450	535
10957	4450	362
10959	4026	463
10959	4026	297
10964	3591	352
10966	2900	483
10970	10140	441
10970	10140	436
10970	10140	331
10972	2848	221
10974	4438	402
10978	3313	221
10978	3313	339
10984	10354	448
10984	10354	484
10985	2530	527
10986	3064	298
10987	2444	499
10993	2805	507
10994	1800	222
10996	2641	320
10998	4370	480
11001	1994	399
11005	2450	230
11009	5352	447
11011	2580	409
11016	4668	313
11016	4668	337
11021	4264	322
11022	3164	383
11024	3223	438
11028	4627	434
11034	2529	221
11035	3138	284
11043	2770	290
11047	4279	211
11055	3063	331
11058	8151	259
11068	2921	400
11069	2404	536
11072	1876	215
11078	6479	550
11083	3308	463
11091	5697	259
11100	2110	226
11102	2592	251
11103	3116	284
11104	4242	347
11106	3006	280
11115	1815	200
11124	4596	266
11133	2296	446
11138	2771	333
11143	1657	364
11144	2401	185
11150	1203	297
11170	2437	492
11173	2135	185
11193	1966	363
11199	1519	459
11202	2202	279
11204	2912	421
11205	2926	239
11207	5652	200
11208	3932	495
11213	2206	277
11214	2152	387
11225	1905	366
11235	2362	284
11238	2767	472
11245	2088	514
11248	2064	290
11255	1828	290
11257	2462	278
11260	2356	261
11263	2779	507
11277	4168	408
11278	2875	200
11279	2088	286
11281	1959	359
11285	2180	424
11291	2513	407
11292	1916	479
11298	1545	407
11310	3414	290
11316	2881	263
11326	4761	185
11335	2088	185
11336	5240	185
11345	2385	248
11347	1925	343
11348	2561	360
11354	2575	272
11354	2575	227
11359	2263	346
11371	3253	424
11373	1699	269
11375	3209	185
11376	2326	275
11377	2291	496
11379	3784	250
11382	1867	279
11384	2519	261
11391	1531	241
11399	5753	516
11399	5753	458
11405	2104	200
11407	2169	420
11408	4344	508
11416	1983	243
11420	2442	467
11423	3424	363
11430	1686	279
11431	2663	494
11439	2416	448
11442	1298	200
11443	1632	211
11444	3588	290
11450	1703	420
11452	2459	412
11453	1473	325
11454	3087	371
11457	2201	490
11459	1300	249
11460	2885	294
11468	4170	222
11469	1954	297
11475	2707	450
11485	2915	400
11486	5544	511
11487	2526	288
11488	1908	308
11489	1806	254
11493	2519	297
11494	1449	282
11498	4854	397
11498	4854	342
11506	4591	491
11508	2701	499
11514	2516	227
11516	5235	227
11516	5235	286
11521	2584	304
11526	3661	402
11527	2296	275
11538	3934	443
11543	3159	368
11545	1480	479
11549	2088	200
11551	1549	265
11560	2752	415
11564	1430	211
11565	2490	298
11569	2408	233
11571	2549	265
11576	3761	371
11578	5677	243
11582	3492	445
11585	3010	291
11587	3254	382
11592	2107	359
11593	2192	450
11606	2290	256
11606	2290	252
11612	2972	322
11615	2258	446
11619	2640	457
11620	6090	266
11620	6090	230
11622	2361	465
11624	2646	362
11625	1890	211
11631	5499	470
11631	5499	372
11635	3329	498
11636	2862	211
11637	2285	215
11645	2413	211
11646	1958	270
11649	3962	476
11656	2204	316
11659	3034	483
11664	4475	419
11668	3401	380
11674	2315	282
11676	2678	434
11677	1505	279
11683	1685	200
11684	2624	464
11688	4762	357
11690	3944	403
11696	2569	340
11710	2625	185
11715	2193	266
11717	4223	227
11723	2214	462
11725	3065	414
11731	3241	255
11732	2680	419
11736	2329	307
11737	2670	375
11739	2850	385
11740	2881	438
11741	3719	450
11747	1997	221
11748	2404	325
11750	2373	478
11754	2050	185
11758	2459	373
11762	2411	265
11764	2649	512
11768	4936	463
11781	4768	422
11783	2196	303
11785	2156	415
11787	3051	304
11788	2336	442
11795	2676	329
11798	4908	264
11804	6070	263
11805	2337	240
11805	2337	297
11811	3741	405
11812	3067	262
11822	3038	403
11823	1898	316
11824	3970	293
11824	3970	234
11831	2451	222
11838	2665	506
11842	1834	369
11843	1539	283
11845	1983	286
11846	2620	427
11848	3363	430
11853	1889	263
11854	2019	216
11860	2228	200
11863	1967	216
11864	1411	243
11866	1189	227
11871	2696	233
11879	2285	302
11888	1730	306
11889	2559	309
11897	2698	250
11898	2246	200
11901	2248	249
11903	2557	301
11909	2436	294
11909	2436	272
11911	3565	270
11912	4427	243
11914	3478	285
11915	1805	325
11916	3072	211
11919	2174	261
11920	3343	407
11930	2518	215
11931	1925	185
11932	2840	437
11934	3437	279
11940	3670	250
11943	2109	278
11947	3663	330
11951	3221	424
11953	5568	332
11953	5568	450
11965	1337	245
11968	2403	315
11971	1916	274
11977	2923	222
11978	3480	376
11983	4932	227
11987	3666	289
11988	4721	268
11994	1741	330
11995	4507	337
11995	4507	259
11996	2452	329
11997	2952	222
12003	1939	268
12005	2168	308
12009	3745	316
12014	1974	243
12022	3037	330
12029	4158	499
12030	2867	408
12037	2074	268
12042	2931	285
12047	2688	245
12053	2118	238
12055	2029	302
12058	2132	397
12078	2220	273
12088	6579	250
12098	2536	357
12099	3039	244
12102	1855	330
12103	4324	380
12106	2135	324
12110	2272	375
12114	1705	222
12119	3892	238
12119	3892	232
12120	2549	479
12127	2153	321
12129	2724	406
12130	3367	303
12141	2821	250
12147	5168	211
12149	6225	449
12162	3199	259
12167	3523	462
12170	2161	478
12171	2049	428
12172	3181	366
12174	1981	320
12175	1663	297
12182	1791	264
12183	2810	303
12184	4336	185
12184	4336	436
12194	3536	321
12200	2361	460
12201	2302	380
12206	2333	387
12207	1874	378
12210	5614	185
12210	5614	226
12211	3281	293
12214	2144	316
12215	3753	185
12217	2542	499
12219	2276	480
12233	2192	185
12240	4384	271
12241	2359	341
12247	2902	384
12251	3947	230
12251	3947	297
12253	2809	280
12266	1947	284
12268	1910	401
12277	3225	298
12278	3529	441
12278	3529	311
12285	1527	200
12286	2286	269
12287	2571	299
12291	2067	371
12292	1301	273
12293	3088	198
12293	3088	391
12296	2780	437
12298	2948	284
12300	2526	504
12309	2426	401
12312	1990	281
12323	1868	421
12330	1203	185
12335	1562	234
12347	2504	274
12351	3019	511
12352	3446	456
12354	4523	422
12355	3174	482
12360	2374	469
12361	3000	474
12367	2171	233
12369	1942	383
12373	2181	406
12374	3145	181
12374	3145	274
12375	2127	238
12383	3164	349
12385	2028	215
12397	2505	427
12401	4358	429
12401	4358	385
12402	3994	402
12415	6753	393
12424	3016	222
12430	3953	430
12435	4184	513
12436	2566	222
12438	5941	237
12448	3931	434
12452	1726	337
12453	4414	249
12458	9095	319
12458	9095	288
12462	3528	291
12482	1800	185
12487	6709	468
12492	1608	481
12503	2475	464
12504	7884	185
12507	7067	347
12513	4873	248
12515	8677	434
12516	3408	413
12523	8788	266
12530	3263	526
12534	3060	326
12538	3468	249
12540	4754	496
12544	1809	206
12545	7230	222
12547	2512	243
12548	2359	489
12552	2271	550
12554	3821	435
12555	3805	432
12556	2015	318
12557	7758	286
12574	3426	222
12579	3092	459
12583	6123	200
12585	3419	200
12599	2907	286
12600	8050	200
12600	8050	290
12606	2890	267
12611	6865	389
12620	3841	484
12621	8203	424
12621	8203	475
12621	8203	399
12629	5408	503
12630	2396	248
12636	3190	370
12640	1396	321
12645	4089	476
12652	2816	309
12653	4147	244
12655	3454	313
12657	4387	450
12662	3204	353
12666	8057	519
12667	3636	222
12670	5358	201
12670	5358	181
12670	5358	452
12673	5588	519
12673	5588	185
12674	2050	326
12676	2191	371
12684	2570	210
12684	2570	255
12686	4249	375
12690	7914	474
12690	7914	216
12696	2434	211
12711	3697	315
12712	1652	275
12713	7487	185
12715	2934	227
12717	4280	227
12720	3399	467
12721	2188	268
12737	6512	323
12741	5659	516
12741	5659	238
12743	2582	413
12745	8069	329
12746	2553	185
12748	2808	185
12749	3135	441
12751	6039	490
12755	4364	215
12755	4364	298
12757	2917	316
12758	5027	432
12758	5027	197
12766	4560	227
12768	3211	458
12771	2590	318
12771	2590	239
12772	8920	416
12772	8920	406
12776	4884	455
12777	1450	185
12778	3696	388
12780	5841	320
12784	2282	218
12787	7638	332
12797	5671	250
12803	3358	451
12805	4180	302
12809	7196	237
12811	4437	507
12816	4341	200
12818	2029	436
12820	2621	446
12824	5981	229
12826	3556	452
12829	4156	469
12832	2220	424
12833	3649	287
12836	2648	411
12837	4106	443
12838	2537	465
12841	3822	334
12841	3822	391
12842	3898	211
12846	8929	250
12846	8929	364
12848	2620	461
12859	4500	456
12861	5698	215
12862	2242	441
12865	5836	476
12876	4153	215
12879	3691	185
12880	2170	297
12884	3082	287
12891	8225	469
12897	3002	363
12902	3433	243
12904	5254	438
12906	5040	352
12908	1670	261
12911	2560	237
12913	2437	406
12918	4049	477
12923	3994	237
12924	4606	300
12924	4606	284
12926	3442	241
12931	4932	456
12932	8612	249
12932	8612	384
12935	8391	477
12936	3260	431
12937	6958	277
12943	2579	332
12956	5381	267
12959	1891	279
12961	3007	314
12961	3007	271
12962	8816	251
12971	2587	323
12976	2603	280
12977	6018	185
12978	1842	185
12987	2876	420
12990	2460	200
12993	3136	412
13002	3231	222
13003	2501	236
13005	2610	265
13014	4046	441
13014	4046	424
13019	2612	297
13024	4204	211
13028	3026	254
13034	2262	277
13038	6592	185
13039	2857	185
13040	4862	438
13052	5224	200
13060	4270	227
13060	4270	250
13073	2017	329
13075	2884	399
13076	2247	378
13078	4372	273
13083	3411	399
13088	1649	266
13089	3379	211
13090	3006	336
13093	2502	286
13100	2701	477
13101	4720	206
13102	5249	489
13103	2604	490
13104	2747	200
13118	3020	239
13120	4217	436
13122	3186	210
13122	3186	272
13127	4933	497
13131	3805	379
13133	4158	434
13134	3612	406
13135	3168	353
13138	2620	453
13139	1633	322
13141	3734	450
13142	2931	418
13147	1506	323
13149	3829	258
13149	3829	266
13154	2707	315
13155	2336	285
13157	3052	385
13159	3579	380
13165	2612	275
13168	4250	498
13173	2412	185
13175	3169	211
13177	3731	474
13179	3564	254
13180	1881	285
13184	3119	249
13185	4322	510
13188	2133	244
13189	2002	227
13190	3824	297
13193	2334	250
13194	1785	295
13195	1996	185
13197	2336	511
13199	1965	266
13200	2242	333
13204	3512	388
13205	3390	495
13207	1327	308
13215	2383	432
13218	6447	426
13220	4056	280
13222	1767	262
13231	1739	232
13235	2231	296
13239	4456	253
13240	4562	464
13242	3064	310
13245	3119	292
13247	2636	416
13254	7096	491
13254	7096	380
13257	5582	266
13266	2582	491
13267	3195	245
13268	2510	340
13268	2510	304
13272	2951	389
13274	5219	336
13279	3335	283
13279	3335	337
13288	2371	211
13289	2676	200
13291	2995	233
13294	3151	215
13300	3288	211
13301	2169	354
13302	6682	311
13302	6682	347
13309	4558	241
13309	4558	465
13311	2863	290
13314	3378	222
13317	2153	315
