0	13984	22882
2	1544	323
3	1339	454
5	2562	257
6	1272	498
9	2706	410
10	1688	203
10	1688	400
11	3337	436
11	3337	454
14	1928	531
24	1623	268
25	1665	324
28	1753	266
30	1632	340
31	1078	359
35	2182	565
36	883	332
37	2660	507
37	2660	362
44	1293	283
46	1395	272
46	1395	243
48	1462	239
49	2660	437
49	2660	493
53	2759	403
55	1520	421
56	668	342
58	1887	472
59	1808	567
61	1478	364
70	2613	587
77	2888	624
80	1128	381
82	1286	266
87	1064	352
91	2852	552
93	1404	300
98	1892	273
102	1319	457
103	2577	430
106	1573	339
107	1206	227
109	1696	536
110	2165	484
115	870	311
116	2396	455
120	2367	288
120	2367	464
122	1909	431
123	1232	207
123	1232	212
129	1794	395
137	1158	211
138	1883	763
141	1526	362
144	1625	296
146	2910	200
146	2910	443
148	861	263
149	3162	429
150	2936	464
150	2936	435
156	1913	539
157	1074	413
162	778	421
167	1765	484
167	1765	131
171	1989	350
172	2493	409
172	2493	488
175	1949	318
176	1975	300
176	1975	289
180	875	135
180	875	135
181	1267	472
184	1822	282
184	1822	300
185	1041	283
186	1263	227
188	1276	333
194	1452	546
196	945	381
199	1646	272
200	1264	206
204	1494	310
206	3248	487
206	3248	463
207	1785	222
209	1734	238
210	1683	498
211	2326	380
211	2326	282
216	642	211
217	1912	326
217	1912	395
218	1709	233
218	1709	271
220	1734	484
223	3363	283
223	3363	569
226	1479	365
228	1527	491
229	973	360
232	1990	215
233	1133	466
234	1849	389
234	1849	193
235	2559	581
237	1458	670
238	940	293
240	1073	361
244	2076	211
244	2076	357
246	712	357
247	1636	473
250	1916	326
250	1916	341
251	820	200
260	1323	474
261	2589	405
261	2589	401
262	1971	284
264	1510	232
264	1510	275
265	1076	294
267	1385	172
267	1385	404
269	793	320
272	1479	291
273	1278	434
274	1303	396
278	2573	517
283	1465	348
283	1465	375
284	2299	355
284	2299	207
285	1367	226
289	2774	297
289	2774	314
290	1520	392
293	1452	304
294	3095	475
294	3095	397
298	3169	200
298	3169	620
299	1773	392
305	1257	396
306	918	185
309	1039	200
311	2657	758
317	1461	353
318	971	275
319	1945	396
320	2761	445
320	2761	324
321	1765	291
321	1765	403
333	1234	384
337	2163	449
342	1600	288
342	1600	379
344	1436	226
344	1436	144
349	852	292
355	1307	354
363	1939	430
364	1685	417
367	2616	645
371	3011	501
372	2510	476
372	2510	290
375	1670	448
377	1476	439
378	1284	418
379	1190	304
380	1206	215
383	1019	320
386	2814	360
390	1239	358
391	990	254
392	2937	580
392	2937	381
395	752	250
400	1391	411
402	1179	270
402	1179	158
404	1494	427
405	2414	496
405	2414	497
407	1080	267
410	2315	807
413	1782	377
416	2486	439
417	2086	335
421	781	361
425	2475	211
425	2475	496
426	1642	238
426	1642	267
428	2247	680
432	1375	349
435	2429	239
438	3012	457
438	3012	361
441	2108	568
445	2040	475
452	1502	449
455	2342	405
457	1654	297
457	1654	276
458	2100	442
461	1375	412
464	1290	389
465	1034	337
467	1058	325
471	1942	363
471	1942	345
473	1661	320
476	2097	426
477	1815	477
483	2235	456
484	2277	492
484	2277	419
486	1202	304
487	1463	326
490	2524	453
492	1650	408
498	1549	227
501	2276	405
507	1001	261
508	1843	145
508	1843	232
509	1534	443
513	2161	460
514	1220	283
517	2172	433
520	1289	323
521	1512	311
522	1970	417
524	1235	395
534	1471	243
546	1278	434
549	2722	412
550	888	357
552	1449	390
553	995	356
554	1710	347
557	2936	301
557	2936	220
560	1527	352
561	1439	350
565	2830	198
565	2830	171
565	2830	354
566	2092	606
567	1231	239
569	2528	405
570	3602	324
572	1954	446
577	1736	453
579	1911	432
586	1531	260
587	1511	386
588	2268	325
590	1000	200
593	1796	411
594	956	237
595	1969	412
596	1484	279
597	792	274
602	1530	307
602	1530	313
605	1566	279
608	1581	621
610	889	257
611	1739	397
619	1244	280
620	2312	400
622	1795	243
626	1369	272
628	1138	268
633	1129	296
636	1431	407
641	3291	286
643	2408	215
643	2408	423
644	2846	429
646	2001	578
649	2303	346
655	2723	354
656	1662	185
659	3359	596
662	1811	216
668	800	283
672	1089	200
674	1213	211
682	1753	327
686	2530	318
686	2530	652
689	1623	277
689	1623	285
693	2460	356
693	2460	375
696	2387	479
705	1188	248
707	2068	185
708	2159	372
709	2048	334
711	2216	328
714	1649	211
715	1420	267
722	793	293
726	2449	333
727	2415	206
730	1276	356
731	2920	253
732	1180	302
740	2529	279
740	2529	323
752	1888	390
753	2224	119
753	2224	221
755	2321	577
765	1465	185
767	1698	184
767	1698	122
768	1911	346
773	2387	302
775	3075	346
776	1758	269
777	2740	254
777	2740	465
778	1332	185
785	1958	437
786	1030	222
797	1841	299
800	3329	414
800	3329	486
804	2053	321
805	3059	535
807	2872	421
807	2872	388
808	1691	420
809	1974	379
811	2696	408
811	2696	326
813	2166	484
814	1394	463
816	1770	273
817	1769	439
818	1231	311
821	2439	611
823	1560	440
825	1768	341
836	2741	502
838	1356	243
839	1472	232
842	1356	185
847	1706	375
852	2654	634
857	2048	297
862	2425	460
864	1653	286
865	2232	346
867	1938	351
869	926	263
871	2292	402
874	2197	342
874	2197	395
875	1871	542
879	2012	565
880	1288	299
884	1657	531
885	1419	330
890	1706	286
892	1119	227
893	2191	315
893	2191	256
895	3066	609
896	1508	427
898	1461	482
901	1743	468
902	2251	353
903	1349	185
904	2983	137
904	2983	591
907	2824	342
908	1544	373
909	1113	303
911	1407	471
912	1514	511
919	2064	324
921	1833	245
925	1344	304
927	2307	364
928	2189	506
930	2657	385
930	2657	168
931	3492	495
932	974	211
933	1921	323
936	1764	487
937	2625	376
938	2297	419
939	1788	459
941	1900	476
944	2065	185
944	2065	309
946	1700	215
950	1331	222
953	2143	572
956	1107	296
959	1276	308
962	1964	312
963	1873	339
965	2011	369
967	2262	394
971	1711	317
973	2549	528
974	1841	338
975	1252	295
978	1901	371
986	2187	320
986	2187	298
987	1639	560
990	914	211
992	2406	466
996	1963	232
996	1963	311
1000	2963	548
1001	2003	299
1003	2846	496
1003	2846	391
1004	2513	604
1005	1549	349
1012	1480	293
1014	1599	477
1015	2252	497
1016	1768	325
1018	1861	337
1018	1861	134
1023	2949	487
1026	2389	227
1027	1733	327
1027	1733	332
1028	2098	215
1028	2098	335
1029	985	297
1039	1692	378
1040	2501	401
1041	1347	424
1042	1698	208
1042	1698	235
1048	914	236
1050	2281	509
1051	1698	325
1052	1572	273
1055	1960	271
1058	1839	776
1062	2039	201
1062	2039	219
1065	1864	200
1071	941	243
1077	1715	325
1078	910	185
1080	1597	185
1081	2647	232
1081	2647	222
1082	3345	315
1082	3345	508
1083	2126	539
1084	1198	215
1089	1280	297
1090	927	238
1091	1944	534
1099	3033	222
1100	2584	305
1100	2584	351
1101	1561	477
1102	1125	261
1103	2298	296
1107	1728	498
1115	1215	278
1117	2305	335
1118	1807	373
1119	1449	255
1122	2101	292
1123	1643	305
1124	1599	289
1125	1881	291
1125	1881	318
1127	1984	585
1130	2256	260
1130	2256	275
1131	2053	211
1131	2053	278
1133	1936	243
1134	1926	363
1135	1188	324
1137	1841	308
1138	1347	334
1139	1616	293
1140	2119	349
1141	2097	370
1142	2060	326
1145	1290	185
1151	1050	254
1155	2131	355
1156	715	185
1158	1650	339
1160	1179	306
1161	2462	332
1161	2462	309
1168	1529	291
1176	3090	868
1183	2316	342
1183	2316	322
1184	2295	486
1187	2898	494
1189	2423	338
1189	2423	293
1190	2163	505
1192	1487	250
1196	2481	319
1196	2481	329
1197	1689	324
1206	2568	510
1209	1903	200
1211	3431	370
1218	1716	335
1219	2443	336
1221	2613	372
1221	2613	306
1222	1596	340
1223	2471	285
1223	2471	283
1224	3318	465
1231	2053	355
1231	2053	199
1233	2340	304
1234	2911	301
1234	2911	206
1239	1604	531
1240	1562	237
1241	1840	311
1244	2482	314
1248	1650	303
1249	2031	498
1250	2507	282
1250	2507	286
1251	1852	303
1253	2087	432
1255	1555	284
1257	1739	281
1261	2274	335
1265	1390	211
1266	1740	376
1268	1612	325
1270	3158	328
1279	2073	324
1280	1834	560
1281	3243	403
1281	3243	290
1283	2809	185
1283	2809	450
1287	1231	375
1289	2034	365
1290	1465	540
1292	1897	270
1297	2248	236
1297	2248	319
1300	712	185
1303	2050	168
1303	2050	168
1305	1954	347
1308	1812	278
1310	2561	238
1311	1771	330
1313	2371	290
1314	2378	305
1317	2000	260
1319	2134	328
1322	1578	238
1325	2941	412
1325	2941	253
1328	1590	130
1328	1590	131
1338	2830	278
1342	2137	349
1343	1795	360
1346	1704	301
1348	2695	346
1351	2075	185
1351	2075	345
1359	3437	544
1363	2276	533
1375	1650	335
1380	2718	369
1382	2734	715
1387	2190	308
1387	2190	350
1390	2640	559
1396	2735	453
1397	2461	546
1398	3014	242
1398	3014	309
1404	1559	403
1405	1886	200
1411	1122	176
1411	1122	222
1414	1959	200
1415	2723	351
1415	2723	230
1417	2336	505
1418	2501	324
1418	2501	151
1420	3394	577
1424	2373	476
1426	2382	516
1433	2302	528
1437	2820	410
1437	2820	490
1438	1353	185
1443	2330	286
1443	2330	179
1445	1624	275
1446	1497	267
1454	2472	566
1456	2085	352
1460	2086	557
1462	1703	332
1465	1405	313
1466	2459	491
1471	3011	700
1472	1047	200
1474	1134	393
1479	1891	315
1485	1656	356
1489	1698	314
1490	1719	321
1491	2464	149
1491	2464	571
1493	1245	304
1495	2770	611
1496	1901	320
1503	1923	407
1504	2607	287
1504	2607	348
1505	1818	185
1508	1175	227
1512	1970	280
1519	1922	338
1519	1922	204
1523	1764	222
1523	1764	129
1525	2295	185
1526	1307	211
1527	1360	215
1533	2399	361
1538	1944	493
1542	1937	485
1543	2053	254
1543	2053	270
1544	1862	287
1544	1862	351
1546	1927	566
1550	3037	534
1550	3037	300
1551	1828	276
1554	1467	398
1559	2898	822
1560	1351	431
1562	2350	273
1562	2350	306
1567	2223	538
1568	1874	535
1569	960	185
1571	1388	289
1572	1768	287
1572	1768	268
1577	2216	546
1578	2108	618
1581	2105	371
1584	1435	366
1589	2876	553
1590	2123	344
1593	948	185
1594	1343	227
1598	1350	275
1602	1455	244
1605	1902	325
1607	2054	265
1610	1166	516
1611	1504	317
1612	1539	346
1615	2946	347
1616	3323	522
1618	3392	477
1621	1327	283
1625	2946	315
1627	1918	303
1627	1918	271
1628	3014	301
1628	3014	139
1628	3014	286
1632	1071	308
1635	2168	302
1636	1418	276
1637	2228	349
1640	2480	321
1640	2480	277
1641	717	233
1642	1496	340
1643	2787	484
1646	1842	185
1649	2162	404
1659	1523	313
1662	1222	262
1664	2467	333
1668	1360	238
1674	2354	567
1675	2664	394
1680	1121	355
1686	2815	599
1690	2570	251
1693	909	270
1694	1581	304
1696	2716	614
1697	2730	385
1700	2470	519
1701	2316	533
1705	3041	404
1711	2099	365
1712	3543	325
1715	3041	243
1715	3041	393
1722	1688	257
1724	1609	208
1724	1609	284
1728	2173	135
1728	2173	341
1730	1697	348
1732	2552	515
1734	1847	200
1735	1468	298
1742	2647	517
1743	1922	344
1745	1773	484
1746	2141	487
1747	3171	282
1748	1808	403
1752	2553	222
1752	2553	227
1756	1805	582
1762	2264	284
1764	1943	494
1768	1166	331
1770	1982	225
1770	1982	282
1774	1971	282
1779	2774	286
1779	2774	330
1781	1950	316
1784	2281	309
1787	1704	346
1788	1255	265
1791	2686	334
1792	1928	235
1792	1928	231
1793	1861	577
1795	1587	262
1798	1767	279
1800	2096	278
1800	2096	424
1807	3120	489
1811	2328	245
1813	2566	292
1813	2566	274
1815	2146	309
1815	2146	301
1816	2379	272
1817	1188	284
1821	1776	507
1822	1452	211
1823	1983	286
1823	1983	310
1825	2034	243
1825	2034	319
1826	1351	532
1830	1031	185
1831	1792	618
1832	1247	232
1835	1367	268
1836	1503	267
1842	1926	434
1843	2222	333
1849	2463	528
1850	2416	185
1852	1470	155
1852	1470	259
1854	1675	304
1854	1675	305
1856	1718	505
1858	1211	238
1860	1285	242
1860	1285	319
1863	2252	457
1865	1448	462
1866	1496	593
1871	1021	185
1872	2625	222
1872	2625	473
1873	1480	608
1876	876	291
1877	967	346
1878	1898	448
1879	2076	490
1879	2076	453
1882	2516	535
1883	874	211
1884	1006	520
1888	1762	527
1889	1889	227
1890	1468	422
1891	1504	456
1897	1391	335
1900	1384	343
1902	1023	312
1903	1801	331
1905	2184	409
1907	1781	237
1908	1282	297
1911	1373	250
1911	1373	219
1913	1353	578
1916	1413	450
1917	2469	444
1918	2452	484
1921	1063	334
1922	1458	292
1923	1364	500
1924	1599	209
1924	1599	452
1928	1848	200
1930	2070	298
1932	1205	293
1934	2250	593
1936	1338	292
1943	938	312
1944	1725	284
1946	1656	682
1950	1520	295
1952	1219	284
1954	1976	268
1956	1349	274
1964	1135	220
1964	1135	309
1966	2481	478
1966	2481	410
1969	1832	290
1970	1152	273
1971	942	267
1975	1545	385
1976	837	215
1982	1442	391
1982	1442	377
1988	1813	514
1990	1325	222
1994	1935	234
1994	1935	261
1995	1125	232
2000	1149	357
2010	1395	338
2012	1579	338
2015	1317	222
2016	838	185
2019	1068	333
2021	1328	245
2023	1208	200
2024	2679	496
2024	2679	470
2025	1542	293
2033	1237	552
2034	1636	498
2038	1047	416
2039	2092	334
2040	1006	324
2041	2175	425
2041	2175	471
2044	1908	281
2044	1908	280
2050	1154	386
2054	1784	430
2057	2475	504
2057	2475	245
2059	1314	327
2061	914	215
2062	1618	267
2063	1293	309
2065	2080	460
2067	1181	469
2070	1258	348
2073	965	430
2075	2209	468
2076	1948	278
2083	2202	575
2087	1340	354
2089	1070	321
2097	1675	221
2098	1664	474
2103	1325	298
2105	1774	301
2109	1799	484
2117	1231	215
2120	1714	233
2122	1957	305
2126	2569	411
2129	1111	452
2130	1674	414
2137	1471	291
2141	1353	483
2142	1015	304
2145	1813	284
2146	1904	446
2147	1471	262
2149	1810	277
2152	1247	319
2154	2275	321
2154	2275	454
2157	1627	376
2160	1362	377
2170	1252	185
2171	970	460
2173	1217	198
2173	1217	179
2175	2506	232
2179	1699	491
2181	2014	274
2184	699	211
2191	1866	492
2197	1756	535
2197	1756	210
2204	2528	446
2208	1611	467
2212	1377	297
2212	1377	257
2216	1391	435
2219	1830	447
2224	1623	314
2229	1862	265
2230	1345	199
2230	1345	171
2238	2520	285
2239	1617	308
2246	1083	233
2247	1744	414
2247	1744	478
2251	1784	436
2252	1138	399
2254	1967	489
2258	1604	185
2259	1527	417
2261	2281	317
2264	1386	472
2266	812	232
2269	1558	648
2270	1481	232
2270	1481	103
2270	1481	133
2274	1088	227
2278	618	274
2280	2108	221
2306	2218	502
2315	614	256
2317	2665	407
2323	1514	200
2325	988	329
2327	755	271
2343	2446	679
2350	1485	377
2353	1473	332
2354	1520	596
2355	2274	367
2367	1886	421
2370	2230	486
2377	2380	594
2380	2137	533
2385	2915	376
2387	3337	343
2392	2411	291
2392	2411	299
2394	1929	286
2395	4009	312
2398	1956	316
2399	2401	337
2401	1824	361
2402	2093	347
2406	3470	417
2411	2908	200
2413	3694	540
2416	2080	262
2416	2080	276
2417	1654	237
2418	1545	293
2421	1724	483
2426	1304	288
2429	2794	234
2430	1951	373
2431	2340	332
2432	1276	185
2436	2431	398
2440	1968	211
2441	2147	311
2442	2080	283
2443	4037	354
2443	4037	469
2445	2162	518
2447	1963	326
2448	1401	260
2450	1591	294
2453	2609	337
2456	1561	261
2457	1585	308
2462	2984	161
2462	2984	138
2465	1994	342
2467	2047	407
2470	2199	519
2471	1808	281
2480	2022	273
2483	3915	423
2484	2341	494
2485	1253	254
2488	1935	299
2489	2597	321
2491	1447	260
2493	1994	291
2493	1994	368
2495	2959	367
2509	1769	308
2513	3645	545
2513	3645	158
2517	1816	243
2520	1519	222
2527	1592	266
2529	1126	271
2530	1836	326
2537	2764	384
2541	3490	357
2541	3490	510
2543	1557	211
2545	3074	425
2552	1622	295
2556	1618	227
2558	1751	310
2561	1049	279
2562	1344	338
2563	1378	323
2564	2350	581
2565	1504	367
2566	2667	279
2567	2060	327
2568	931	206
2573	1458	347
2577	2873	604
2578	1754	277
2578	1754	185
2580	3961	551
2580	3961	570
2583	1915	206
2584	2135	370
2585	2494	252
2585	2494	255
2596	2267	267
2604	1792	221
2606	4576	539
2606	4576	268
2613	4704	238
2618	2049	408
2621	2788	554
2623	911	290
2627	1943	280
2629	1351	300
2632	2088	221
2635	2433	566
2637	2726	293
2637	2726	198
2638	1957	452
2640	918	261
2641	2253	218
2641	2253	182
2642	1291	265
2644	2024	283
2645	1868	341
2645	1868	233
2646	2509	323
2655	3433	560
2656	1914	640
2657	2224	298
2661	1310	291
2665	1170	328
2666	1397	296
2669	2361	409
2675	2974	185
2677	1241	322
2679	1768	313
2679	1768	292
2682	1852	339
2683	962	493
2688	2598	274
2693	1894	320
2695	1710	222
2696	1444	285
2701	1201	316
2705	1668	304
2713	3607	283
2714	2692	634
2715	2383	343
2721	1551	261
2724	3677	283
2729	1765	492
2733	2847	502
2735	2443	602
2741	1969	540
2746	1561	332
2747	1663	541
2752	2357	581
2755	2108	529
2756	1922	382
2758	2397	324
2762	1256	322
2764	2400	371
2769	1215	380
2773	1556	200
2776	1480	321
2777	1603	280
2784	3111	350
2784	3111	266
2785	3444	309
2785	3444	202
2785	3444	224
2787	1675	357
2787	1675	287
2788	1420	351
2791	1197	226
2792	1621	320
2794	3087	465
2797	1948	278
2799	2024	359
2800	1722	450
2801	2982	598
2801	2982	256
2802	1707	294
2803	1124	357
2810	2044	554
2811	1726	340
2812	1927	313
2813	4652	200
2813	4652	544
2814	1798	421
2817	1324	285
2821	1222	302
2822	2432	460
2824	1657	350
2831	4185	583
2835	1529	236
2836	1099	271
2837	1992	484
2839	1394	287
2841	2671	519
2843	1461	185
2844	1911	496
2852	1945	184
2852	1945	306
2853	1894	540
2854	2548	375
2855	1659	546
2856	4410	433
2859	1191	279
2860	3072	392
2860	3072	355
2861	1580	261
2870	1661	355
2871	2747	458
2885	1978	353
2886	1830	297
2890	1336	206
2891	2093	382
2900	4075	240
2900	4075	243
2904	1299	347
2906	1831	355
2907	837	262
2911	1678	306
2912	1939	355
2912	1939	282
2914	1601	267
2920	3418	586
2923	1954	379
2925	3547	588
2926	1886	319
2928	2961	457
2929	3338	565
2930	2305	404
2938	4560	457
2938	4560	464
2941	2856	356
2941	2856	351
2947	4503	185
2947	4503	215
2949	4237	501
2952	1634	270
2952	1634	254
2956	1968	252
2956	1968	305
2960	1564	261
2966	4259	477
2966	4259	530
2967	1788	341
2967	1788	254
2970	1507	267
2971	2045	244
2974	1354	222
2986	1378	302
2990	1710	500
2991	1494	239
2994	2514	365
2994	2514	291
2995	2484	393
2997	2377	155
2997	2377	521
3001	3201	206
3005	2062	517
3013	1732	292
3016	2976	473
3017	2575	200
3024	1351	354
3027	2380	328
3027	2380	292
3037	3450	268
3037	3450	275
3040	1969	299
3042	2353	363
3042	2353	293
3043	2432	520
3044	2172	290
3044	2172	191
3045	2268	518
3046	2823	546
3051	1285	211
3054	2156	314
3055	2015	185
3059	1180	244
3061	1164	244
3065	1285	273
3067	3589	503
3067	3589	116
3067	3589	131
3068	3443	477
3068	3443	299
3074	2842	354
3074	2842	260
3075	2199	512
3076	1981	326
3077	2187	500
3091	4092	471
3091	4092	458
3092	2130	324
3092	2130	255
3094	1319	287
3095	2030	227
3096	4140	461
3096	4140	320
3099	2135	361
3102	2176	342
3106	1477	285
3110	1051	262
3113	1697	229
3113	1697	213
3116	2459	579
3122	1203	364
3127	1477	276
3127	1477	169
3130	2931	313
3132	1383	430
3133	2035	453
3138	4299	338
3138	4299	452
3140	4324	278
3141	1898	607
3142	2284	415
3151	1856	200
3152	1711	512
3153	1849	401
3155	2404	338
3155	2404	226
3158	1067	271
3159	2510	528
3160	2038	444
3161	1368	295
3163	1678	319
3166	1683	283
3167	2838	293
3168	1600	200
3172	3068	349
3173	3717	347
3175	2745	579
3177	1416	200
3181	1566	398
3183	2519	372
3187	905	291
3188	1923	289
3188	1923	352
3189	1714	349
3194	3249	282
3194	3249	365
3195	2874	228
3195	2874	269
3196	1827	471
3199	1522	429
3200	1408	289
3201	1486	181
3201	1486	214
3202	1877	305
3204	1329	215
3205	1448	497
3206	2564	328
3209	2424	548
3213	1016	185
3217	2376	215
3219	1263	304
3223	1926	249
3225	1432	333
3228	3469	569
3237	4449	528
3238	2032	143
3239	2425	437
3240	2082	333
3245	2812	272
3246	1930	337
3248	2624	312
3248	2624	289
3251	2153	309
3251	2153	380
3252	2065	348
3253	2015	309
3254	992	200
3261	1678	301
3263	1777	453
3265	1964	398
3268	1819	343
3271	1917	285
3275	2490	298
3275	2490	225
3285	1372	310
3287	1556	413
3288	1657	227
3291	1772	345
3296	3296	469
3296	3296	456
3298	2081	200
3305	2004	200
3306	2036	290
3306	2036	301
3311	1668	278
3313	3857	265
3322	1585	265
3326	2263	328
3333	1910	353
3336	2128	255
3336	2128	238
3337	1116	206
3338	2028	502
3341	891	303
3342	1843	284
3346	1820	292
3348	2208	300
3348	2208	317
3349	1815	316
3349	1815	351
3350	2085	250
3353	1480	185
3354	1446	200
3357	1132	304
3359	1953	185
3363	1876	508
3364	1920	347
3367	1755	402
3371	2063	310
3378	2165	385
3378	2165	289
3381	2263	303
3382	2171	433
3382	2171	191
3384	1703	362
3393	978	307
3399	2148	185
3402	1833	284
3407	1331	185
3409	1461	329
3418	1647	463
3419	1614	543
3420	1540	505
3427	942	215
3432	1427	264
3433	1750	503
3438	3285	539
3443	2629	248
3444	3092	551
3454	1901	583
3455	1711	222
3456	2845	497
3459	1131	450
3460	1601	271
3461	1311	527
3462	3004	513
3462	3004	532
3463	2525	646
3478	2453	420
3478	2453	348
3479	2527	417
3486	1973	523
3487	1815	252
3489	1632	541
3493	1411	317
3494	1183	492
3495	2834	555
3495	2834	503
3496	2768	380
3496	2768	516
3497	2135	266
3501	2265	560
3505	1268	216
3506	2715	374
3506	2715	349
3510	2421	319
3510	2421	277
3512	1657	306
3515	1769	547
3516	2087	361
3517	3227	329
3517	3227	201
3517	3227	134
3522	1364	230
3523	2486	424
3523	2486	423
3532	1599	365
3533	1394	294
3535	1536	305
3537	1710	534
3549	1705	462
3550	1489	358
3553	1693	659
3554	1801	485
3562	3258	451
3563	2458	300
3569	1548	521
3570	771	324
3571	2610	749
3577	2739	497
3582	2317	237
3584	3103	468
3588	1931	315
3596	1364	368
3598	1265	363
3602	1448	138
3602	1448	127
3608	2435	450
3609	1974	300
3612	2202	333
3618	1298	402
3622	2332	517
3627	3339	501
3627	3339	542
3628	2423	710
3633	2507	403
3638	1776	639
3639	1509	314
3642	2498	579
3643	2007	452
3643	2007	438
3646	2599	531
3646	2599	351
3655	1261	429
3658	1597	512
3660	3491	520
3660	3491	379
3662	3465	435
3662	3465	457
3666	2178	255
3666	2178	485
3667	2801	475
3670	1522	318
3671	3016	311
3673	2139	290
3676	1725	383
3677	3271	377
3677	3271	469
3678	1552	185
3679	2680	531
3680	1175	200
3681	1747	464
3683	2480	419
3686	2832	401
3686	2832	306
3688	1675	483
3689	3393	727
3692	1838	525
3698	1701	275
3700	2400	212
3700	2400	115
3700	2400	530
3702	1203	360
3705	1877	529
3706	2539	339
3706	2539	225
3710	1640	185
3713	1424	292
3714	1583	185
3717	1591	363
3719	1594	272
3721	3281	513
3721	3281	444
3722	1930	528
3723	1346	211
3727	2356	185
3732	1514	372
3733	2102	215
3734	2608	438
3738	1163	298
3742	2622	396
3745	2449	355
3751	1641	279
3754	1595	393
3755	2387	283
3755	2387	136
3755	2387	335
3756	2042	291
3756	2042	302
3757	1009	268
3759	1474	307
3763	3232	652
3764	2538	269
3767	1651	547
3768	1590	379
3769	1735	210
3769	1735	188
3774	1658	238
3775	2212	352
3775	2212	323
3780	1654	467
3783	1075	275
3784	1522	396
3785	1426	333
3787	1501	479
3790	927	227
3793	1206	348
3795	1857	290
3796	798	185
3802	2790	686
3805	2779	194
3805	2779	248
3808	2489	359
3808	2489	381
3818	2818	600
3821	2354	413
3823	986	457
3825	2285	586
3832	1842	526
3837	990	237
3838	1590	359
3839	1280	303
3843	2221	347
3847	3346	390
3848	1247	206
3852	1566	321
3853	1896	250
3857	2280	532
3864	1361	314
3867	2602	575
3872	2839	507
3872	2839	219
3872	2839	229
3884	2363	512
3891	1430	442
3894	3196	364
3896	1074	249
3899	2233	455
3900	1408	428
3903	2978	598
3904	2746	310
3905	1272	335
3907	2559	448
3909	1188	243
3913	1520	336
3918	1442	211
3924	2975	508
3926	1841	233
3929	1300	373
3937	2016	296
3941	2701	385
3951	2106	356
3955	1964	468
3956	1537	303
3962	2649	310
3965	1403	307
3968	1838	465
3971	2315	428
3980	1557	321
3982	1140	302
3987	1911	479
3994	1866	518
3998	1335	375
3999	1173	462
4002	2112	446
4014	974	200
4017	1611	383
4023	1202	239
4024	1198	200
4037	883	251
4038	1475	339
4040	2403	238
4040	2403	242
4041	1131	401
4042	1291	305
4043	1770	349
4046	2394	309
4046	2394	365
4049	819	226
4054	1535	469
4055	1085	304
4057	1146	243
4061	1607	250
4066	1255	460
4067	1476	284
4077	2124	515
4077	2124	260
4079	1718	297
4080	2038	376
4081	1180	227
4083	2067	365
4086	860	211
4088	1749	310
4089	805	398
4092	1612	326
4092	1612	112
4095	966	238
4100	1593	267
4101	1427	232
4104	2950	440
4105	1452	271
4105	1452	235
4106	1027	278
4111	1119	200
4118	1525	349
4121	1101	249
4122	1904	320
4125	1230	339
4129	2437	324
4129	2437	296
4131	975	227
4135	1284	250
4136	1468	216
4137	1814	291
4141	1369	211
4145	2497	362
4153	1605	275
4157	1246	314
4159	1424	273
4160	1668	504
4162	1749	419
4167	1120	185
4168	1736	438
4174	2777	575
4183	1333	236
4188	2192	221
4191	2702	185
4197	980	200
4203	2137	241
4203	2137	275
4208	2798	495
4209	2000	277
4215	2637	308
4215	2637	215
4218	1706	300
4220	937	230
4222	1424	386
4224	2851	512
4225	1738	361
4227	1823	340
4229	1044	233
4233	1840	373
4236	1296	365
4238	3169	612
4240	1166	279
4241	1936	453
4243	856	227
4246	1111	222
4247	1297	206
4248	1866	279
4249	1592	317
4251	2485	302
4251	2485	216
4252	2556	298
4252	2556	184
4260	2674	287
4260	2674	258
4262	1266	206
4270	1808	401
4271	1276	222
4274	1216	254
4277	1966	331
4282	1578	318
4285	1424	298
4286	1527	206
4287	1170	305
4293	1979	290
4293	1979	307
4295	1649	237
4295	1649	225
4298	1552	265
4302	3282	354
4302	3282	187
4306	1336	283
4307	1998	573
4315	1483	348
4316	1771	402
4322	889	185
4325	2182	285
4325	2182	440
4328	942	185
4329	1434	285
4340	1727	284
4340	1727	256
4354	1694	298
4361	663	315
4364	1061	211
4365	1849	709
4367	3011	253
4368	2531	453
4368	2531	278
4369	2114	531
4374	1352	267
4377	2143	463
4379	2180	415
4384	2932	388
4384	2932	185
4387	1354	291
4388	1204	312
4391	1221	433
4393	2286	459
4396	1898	494
4400	3169	499
4401	2077	485
4406	1287	365
4407	3047	563
4412	1078	239
4415	1841	260
4415	1841	262
4423	1151	308
4426	3296	185
4426	3296	310
4427	1242	388
4431	1385	445
4439	1544	496
4445	3291	492
4445	3291	426
4449	1261	315
4450	1428	513
4457	1427	272
4463	1387	433
4468	900	220
4473	977	295
4477	2155	508
4486	1973	266
4494	1102	332
4498	991	355
4505	2544	359
4506	2092	218
4506	2092	319
4507	2383	322
4511	3085	500
4514	2327	402
4517	1810	304
4518	1763	245
4521	1104	185
4522	1622	356
4523	1967	147
4523	1967	146
4528	1129	281
4531	2196	708
4532	1344	332
4539	1265	279
4543	2560	320
4543	2560	321
4550	1418	314
4551	1038	222
4552	2776	521
4555	1827	470
4562	1133	281
4564	2110	245
4566	1320	250
4567	1723	254
4567	1723	324
4571	2339	570
4573	1857	347
4575	1470	435
4580	678	233
4585	1219	270
4592	2137	234
4592	2137	275
4593	1307	316
4597	1572	322
4599	1347	321
4600	2289	196
4600	2289	293
4602	1336	277
4606	1952	443
4608	1078	295
4613	1768	226
4613	1768	248
4614	957	271
4616	1146	301
4617	1134	221
4622	1416	382
4624	2130	337
4626	2009	183
4626	2009	301
4627	1430	362
4628	767	211
4630	2741	466
4631	1915	268
4632	1725	435
4638	2002	303
4646	1400	427
4647	2346	266
4648	2001	296
4649	1166	309
4656	1934	265
4656	1934	285
4658	2535	365
4661	1445	261
4665	1714	320
4666	1902	337
4667	2042	250
4667	2042	175
4668	391	244
4669	861	185
4670	1516	359
4671	2128	374
4673	1107	511
4683	1662	411
4687	1223	273
4688	2256	422
4689	1864	280
4689	1864	200
4693	1366	234
4695	3019	432
4695	3019	502
4699	740	439
4700	3076	361
4700	3076	391
4701	980	243
4702	1888	352
4703	1744	585
4706	1988	290
4709	1651	215
4711	2181	353
4713	2833	227
4713	2833	450
4714	2438	330
4714	2438	286
4721	1852	378
4726	1497	326
4726	1497	246
4730	1219	414
4732	2093	533
4735	2226	319
4736	1585	399
4738	2418	554
4739	1885	444
4741	2447	339
4742	1001	342
4743	1879	455
4746	2747	185
4746	2747	340
4749	2704	528
4751	1832	206
4752	1554	345
4753	1820	491
4754	1745	402
4762	1282	308
4763	3120	466
4766	2627	452
4767	1521	314
4768	1238	255
4771	1499	489
4772	2689	351
4772	2689	312
4776	3130	840
4778	1588	331
4781	1169	293
4784	1480	365
4785	1870	330
4786	2486	305
4786	2486	301
4787	1417	306
4789	2014	585
4792	1605	495
4795	1874	264
4796	1440	308
4802	1123	285
4803	2618	462
4806	1322	340
4807	1322	388
4811	2867	566
4811	2867	490
4813	1680	348
4815	1884	185
4816	1854	384
4818	1829	594
4820	2150	367
4821	1439	185
4825	1877	199
4825	1877	320
4831	2792	445
4839	1382	293
4840	2433	629
4841	2236	328
4843	2105	277
4844	2237	319
4849	1714	472
4851	1733	420
4852	2637	463
4853	2119	257
4853	2119	247
4853	2119	484
4856	1668	562
4860	3150	515
4862	2090	562
4863	2125	645
4864	1682	520
4870	1095	244
4876	1590	575
4879	1636	289
4879	1636	173
4880	1656	372
4883	1538	320
4885	1242	363
4886	1990	340
4886	1990	310
4888	2284	360
4890	1720	185
4891	1984	348
4892	2855	464
4893	2855	364
4894	2139	310
4894	2139	390
4898	2461	351
4898	2461	200
4901	1700	395
4904	2324	343
4906	1713	371
4907	1030	290
4907	1030	190
4908	1324	308
4909	1828	660
4911	1556	780
4918	1414	246
4921	2314	294
4923	3128	606
4924	1323	468
4926	2298	621
4928	3213	339
4928	3213	640
4930	2556	312
4933	1477	298
4934	1461	324
4936	577	259
4937	3016	585
4937	3016	178
4938	783	296
4940	1665	232
4941	1860	332
4945	1228	352
4946	1740	492
4947	1776	250
4947	1776	280
4949	2790	408
4952	1481	330
4955	2048	365
4956	1589	534
4957	2120	314
4960	1311	317
4963	1730	211
4963	1730	185
4965	1848	398
4968	1616	349
4973	3156	399
4973	3156	452
4975	2726	365
4975	2726	390
4976	2114	302
4977	2330	265
4977	2330	250
4984	1578	444
4986	1380	397
4987	2133	360
4992	2243	244
4993	1739	351
4995	1711	238
4996	1751	477
4997	1498	273
4998	2379	419
4998	2379	197
5001	2943	372
5001	2943	302
5003	1362	264
5005	2141	380
5005	2141	317
5006	1587	371
5006	1587	298
5009	1518	433
5010	2278	368
5012	3148	428
5012	3148	320
5017	1526	266
5018	758	259
5022	1377	485
5023	1420	286
5025	2624	325
5025	2624	350
5028	1281	363
5029	1258	336
5034	1545	266
5034	1545	242
5037	3156	522
5038	1995	298
5042	1615	353
5045	1511	318
5046	1286	308
5052	1878	211
5058	1486	251
5059	1848	315
5059	1848	209
5060	2339	531
5064	1841	311
5064	1841	198
5066	1136	211
5067	998	295
5074	1808	419
5080	959	206
5083	864	333
5085	1994	533
5088	2035	329
5089	1777	368
5093	2908	670
5095	2161	314
5095	2161	297
5097	1911	455
5099	2610	370
5101	1569	303
5105	2708	412
5107	1739	368
5109	1366	277
5111	1963	400
5115	1217	292
5116	1710	313
5118	872	379
5119	1133	239
5121	1756	275
5122	1403	333
5124	1309	283
5125	1809	211
5127	1623	300
5128	2495	409
5129	1500	293
5130	1442	258
5130	1442	201
5131	1151	301
5135	2150	386
5137	1602	334
5142	2940	465
5144	1652	309
5146	2445	299
5149	1929	332
5150	1767	361
5162	1513	291
5162	1513	159
5165	1789	380
5167	2456	383
5167	2456	272
5170	1584	540
5171	1643	349
5173	1788	531
5174	1827	500
5177	1199	461
5180	2813	472
5185	2204	521
5186	1548	255
5187	3230	513
5187	3230	343
5190	1381	457
5192	1400	449
5193	866	267
5194	1477	315
5195	1948	342
5197	1710	544
5201	1737	463
5202	1494	297
5204	1722	381
5207	1177	206
5208	1429	430
5211	1382	323
5212	2731	336
5212	2731	304
5214	1704	126
5214	1704	281
5218	1086	315
5223	1861	293
5232	1651	482
5234	1520	183
5234	1520	215
5235	1595	204
5235	1595	141
5239	3158	235
5239	3158	503
5240	821	185
5241	2129	512
5242	1625	426
5244	1771	541
5245	1079	262
5247	1990	286
5253	1544	274
5256	1964	281
5261	2632	501
5262	3234	610
5262	3234	525
5264	1422	488
5267	977	244
5268	1304	490
5271	1595	249
5271	1595	244
5272	1294	290
5275	1955	461
5276	2259	266
5281	1394	448
5284	2824	601
5286	2315	551
5287	2567	456
5289	1591	325
5292	913	294
5295	2107	255
5296	2063	298
5296	2063	358
5298	1639	353
5309	2445	200
5310	1969	185
5312	2294	592
5314	2449	446
5315	2557	370
5315	2557	489
5317	2606	311
5317	2606	206
5321	2067	596
5324	3011	307
5324	3011	277
5325	2395	386
5327	2252	460
5327	2252	435
5328	2710	338
5328	2710	336
5329	1674	238
5337	2142	304
5338	963	309
5339	1471	200
5340	3243	548
5344	633	250
5347	1663	315
5350	1259	560
5351	3191	491
5351	3191	800
5353	3039	463
5353	3039	528
5355	1890	550
5356	1563	305
5358	1150	318
5359	1582	279
5361	1687	468
5364	1092	316
5369	3025	400
5371	2135	341
5373	1191	354
5378	2077	284
5383	1534	358
5387	1967	465
5391	1864	395
5394	2051	554
5396	1776	465
5397	2386	657
5399	2159	373
5401	1785	391
5405	2299	806
5406	2318	577
5409	1836	541
5411	2494	495
5411	2494	322
5416	1929	405
5417	728	206
5418	1544	323
5419	1610	231
5419	1610	150
5422	2106	374
5422	2106	319
5427	1447	362
5431	2652	586
5433	2049	609
5435	2414	277
5436	1796	376
5437	1308	331
5438	2325	280
5438	2325	315
5440	1767	324
5442	2092	379
5446	2760	302
5457	1604	331
5461	1579	465
5461	1579	254
5464	2325	499
5474	1386	269
5481	1557	306
5484	1416	371
5486	1098	222
5487	1375	306
5492	722	185
5493	2819	482
5495	2363	309
5495	2363	395
5498	2169	501
5502	1116	260
5503	1242	310
5507	900	381
5508	1550	611
5510	1678	562
5511	2155	389
5513	3239	502
5513	3239	259
5518	2788	410
5526	2307	480
5536	1203	430
5540	1879	211
5540	1879	387
5542	1697	269
5542	1697	327
5549	1600	265
5550	1120	254
5553	1711	293
5555	1790	431
5558	2225	605
5559	1802	251
5559	1802	274
5560	1856	399
5564	2590	548
5565	2189	379
5567	2084	567
5569	1646	185
5572	1662	273
5577	2373	191
5577	2373	148
5578	1410	469
5585	2058	447
5589	2425	474
5590	1737	378
5592	878	289
5593	1283	315
5594	1349	408
5595	2704	504
5595	2704	471
5600	2786	811
5601	1914	480
5603	1925	524
5605	2086	265
5605	2086	305
5608	2859	775
5614	688	185
5631	1982	715
5632	2696	461
5634	3108	555
5642	2263	449
5647	1161	282
5650	2206	401
5652	1650	216
5654	1137	492
5658	2690	626
5662	1677	764
5664	1763	451
5669	1470	432
5670	1653	492
5673	1387	273
5675	2192	200
5676	1909	518
5679	2986	316
5681	1440	461
5688	1547	359
5689	1408	394
5692	2209	514
5697	2653	435
5699	2122	508
5703	1974	297
5704	1460	309
5707	1938	291
5714	1503	243
5719	2334	704
5721	2425	246
5728	2456	362
5728	2456	348
5730	1321	232
5732	2458	298
5746	1353	281
5749	2711	401
5750	1518	209
5751	1821	311
5752	2017	282
5754	1939	456
5756	2207	247
5760	1438	370
5761	2368	663
5762	1738	299
5763	1920	354
5765	1547	438
5766	1504	562
5773	1551	302
5778	2175	253
5778	2175	286
5785	2253	535
5788	1365	392
5789	2407	493
5790	1021	216
5793	2879	784
5793	2879	663
5795	1566	401
5796	2852	397
5799	1888	284
5805	3025	157
5805	3025	365
5808	2173	274
5810	1780	302
5811	743	200
5814	2562	213
5814	2562	360
5815	1630	200
5817	1253	392
5818	1630	744
5820	543	200
5823	2140	480
5828	1355	302
5831	2086	640
5832	2886	617
5833	1591	206
5837	2798	553
5840	1504	451
5842	1250	279
5849	2537	552
5849	2537	369
5850	854	222
5853	1570	216
5853	1570	171
5854	2043	524
5866	3101	517
5866	3101	567
5867	1763	463
5868	2661	429
5871	2122	373
5874	2458	468
5874	2458	363
5876	2738	585
5880	1507	311
5882	954	249
5888	2073	526
5889	1620	408
5891	1132	400
5895	1662	513
5898	1166	377
5902	2830	657
5904	1977	277
5904	1977	303
5905	1881	266
5906	1466	465
5907	659	354
5910	3026	514
5913	1607	339
5914	1906	482
5916	1687	583
5919	1754	213
5919	1754	300
5923	2288	694
5924	1598	572
5926	1874	543
5927	1661	330
5933	1462	206
5934	644	185
5935	2242	441
5938	1825	469
5944	1356	227
5945	1018	313
5946	852	255
5947	1313	406
5951	1242	293
5954	561	233
5955	2908	406
5955	2908	470
5957	1859	328
5960	1982	397
5961	2484	245
5961	2484	380
5962	1251	345
5967	1293	319
5967	1293	166
5968	2643	387
5977	1423	200
5977	1423	238
5978	1025	399
5979	1493	350
5982	1468	236
5983	1291	215
5988	623	312
5989	1241	281
5990	2340	548
5991	1250	430
5996	2317	520
5997	1332	206
6001	1542	208
6001	1542	261
6002	1723	413
6003	2767	410
6003	2767	474
6007	1378	377
6008	1274	444
6013	1352	288
6013	1352	236
6015	2454	516
6019	2086	527
6022	1250	444
6026	1977	505
6036	2475	432
6038	2420	413
6050	1311	387
6051	999	375
6054	1613	365
6055	1779	318
6056	1845	369
6060	2119	495
6062	1782	462
6066	2683	476
6066	2683	390
6067	1355	182
6067	1355	252
6070	3091	527
6073	2295	237
6076	1239	257
6079	2640	336
6080	1786	436
6083	1620	318
6089	1556	185
6092	1443	532
6095	2666	149
6095	2666	638
6097	1471	365
6098	1882	420
6099	1794	274
6100	1722	185
6102	2548	725
6106	1637	243
6109	1509	324
6115	893	165
6115	893	165
6122	2221	274
6125	2663	230
6129	2209	200
6130	2320	481
6139	2131	542
6143	1361	494
6150	1616	692
6160	3053	669
6164	1730	301
6165	1470	255
6166	1674	449
6166	1674	165
6168	2455	387
6168	2455	437
6179	1200	283
6186	1994	302
6196	1411	378
6229	2133	518
6230	2984	555
6232	1277	380
6233	1606	261
6234	1602	509
6237	2489	200
6237	2489	413
6242	1778	418
6243	2727	367
6253	1341	284
6257	3107	593
6258	1344	322
6259	1598	333
6261	1935	425
6265	1162	232
6266	1005	344
6269	1562	315
6274	1299	283
6276	1649	308
6282	1794	319
6283	1698	376
6284	1467	357
6288	1857	559
6298	1381	355
6301	3137	550
6301	3137	555
6303	2316	481
6304	1055	364
6306	1806	331
6310	2643	591
6313	1531	377
6315	1628	320
6320	1850	443
6321	2091	433
6325	1945	484
6330	1869	322
6335	1542	286
6335	1542	208
6336	1505	312
6338	3006	592
6339	2206	515
6344	1830	125
6344	1830	193
6349	1844	325
6350	1601	368
6353	1545	321
6353	1545	178
6358	961	206
6359	1476	323
6360	2702	339
6362	2275	377
6363	1589	253
6365	1623	405
6367	1585	377
6372	1345	302
6375	468	200
6378	1619	410
6380	2388	430
6385	3168	276
6385	3168	317
6389	1206	315
6394	1308	230
6397	1098	368
6399	1877	451
6400	2515	799
6401	1014	321
6404	1220	356
6405	1896	305
6407	1817	336
6412	1007	215
6413	1189	268
6416	1645	299
6417	2038	364
6418	2028	310
6430	1753	269
6433	2504	302
6433	2504	318
6434	1390	324
6436	1494	332
6437	1200	293
6451	955	329
6452	2162	515
6453	625	300
6454	1903	289
6456	1850	215
6460	1878	321
6463	1538	273
6467	2376	350
6467	2376	227
6469	1646	517
6474	788	222
6476	1340	305
6477	1916	354
6482	1240	279
6490	1915	268
6492	1296	206
6500	1611	366
6504	1669	317
6509	1269	357
6511	1054	409
6513	2785	200
6514	2158	185
6523	2673	542
6525	977	313
6534	1544	450
6536	1403	388
6538	2579	333
6538	2579	278
6540	1826	391
6545	2138	410
6546	2272	306
6555	2229	227
6555	2229	327
6556	1484	206
6558	1469	304
6560	2021	238
6562	2773	539
6565	2899	252
6565	2899	557
6566	2087	325
6568	2144	559
6569	1571	439
6574	2080	353
6577	1896	508
6577	1896	310
6580	1712	236
6583	959	298
6588	2022	366
6591	1220	307
6594	2354	345
6595	843	200
6596	1486	222
6597	1796	459
6599	1739	563
6600	1840	337
6602	1562	411
6605	2387	560
6606	1545	410
6609	2356	576
6614	1969	291
6616	1643	335
6619	2720	357
6619	2720	249
6620	2180	484
6621	1678	529
6623	2030	336
6623	2030	261
6626	1578	292
6629	2631	609
6631	1808	267
6632	1934	211
6632	1934	319
6633	2145	285
6641	1694	381
6645	889	185
6646	1624	346
6649	1619	360
6650	2780	565
6660	2088	538
6661	2053	288
6665	2155	250
6666	2461	238
6667	1456	304
6668	1874	200
6673	1557	200
6673	1557	312
6674	2043	335
6675	920	320
6677	2408	381
6677	2408	403
6687	929	345
6688	1811	446
6691	1305	324
6694	1699	248
6696	1354	243
6700	1730	311
6704	1860	365
6705	1992	348
6706	2545	339
6709	1952	534
6711	1148	200
6712	1550	293
6714	2225	566
6715	1826	185
6720	2557	319
6721	1362	302
6723	2862	380
6725	1558	412
6726	1495	292
6727	2092	576
6728	1864	390
6729	1909	368
6733	1240	303
6734	2012	174
6734	2012	167
6738	1646	494
6740	1725	276
6740	1725	287
6742	1820	353
6745	1319	282
6752	2188	252
6753	1855	502
6754	1517	200
6755	1750	293
6757	2329	163
6757	2329	176
6763	1598	422
6765	1126	266
6766	2719	343
6766	2719	343
6769	1951	524
6770	1433	299
6777	1590	556
6778	1367	227
6783	2189	565
6788	1718	325
6789	1900	351
6803	1878	320
6805	1294	310
6806	2355	275
6809	1105	185
6810	866	434
6811	2091	488
6815	1695	242
6818	1589	535
6819	1209	285
6821	2257	166
6821	2257	370
6826	1545	313
6828	3209	365
6831	2840	563
6832	670	185
6833	1887	327
6834	2154	556
6836	2277	345
6837	1522	430
6839	3119	481
6842	1877	590
6843	3165	574
6845	1467	447
6846	1294	242
6852	1803	505
6853	1154	341
6856	1198	349
6858	3033	384
6858	3033	535
6865	2917	810
6869	1914	423
6872	2441	787
6873	1718	321
6877	1880	560
6879	1077	373
6882	1781	381
6883	2734	496
6884	1230	227
6889	1688	342
6891	1708	248
6895	1793	508
6896	2598	372
6897	940	313
6901	1438	310
6903	1451	485
6908	2263	253
6915	2438	340
6916	965	319
6917	1084	236
6920	1090	227
6921	1841	372
6922	3140	458
6923	2866	484
6924	954	339
6927	1865	591
6929	3206	331
6929	3206	233
6931	1172	278
6932	2010	324
6935	2082	404
6937	1908	346
6940	2434	553
6943	1754	233
6945	2717	640
6949	2124	407
6953	2038	354
6953	2038	266
6955	1287	494
6957	1249	356
6958	1890	357
6959	2734	548
6960	2127	366
6962	2661	458
6964	2254	553
6968	1606	505
6969	2122	395
6977	2549	475
6981	1538	256
6981	1538	293
6983	1950	261
6984	1887	473
6985	1454	356
6986	1899	521
6991	2856	508
6991	2856	445
6993	1031	239
6994	1396	273
6998	1835	359
7002	1839	440
7003	1169	265
7004	1647	337
7005	2355	358
7022	1748	250
7024	772	455
7025	2129	286
7026	1711	378
7028	1374	533
7032	1389	377
7034	2811	417
7035	2620	632
7036	1899	365
7038	1835	524
7041	2074	363
7044	1918	344
7045	1167	185
7057	3214	379
7060	2348	256
7060	2348	290
7061	2227	311
7061	2227	331
7063	1279	285
7064	1917	336
7065	2601	364
7068	1855	354
7074	2554	433
7075	2102	559
7076	1018	291
7078	1273	344
7084	2812	229
7084	2812	705
7089	2213	328
7094	2541	278
7094	2541	367
7099	1949	336
7103	1521	385
7104	2761	333
7107	1567	454
7111	1704	385
7112	1222	185
7117	1362	326
7120	2444	358
7121	2748	551
7130	1616	524
7133	2172	245
7135	2477	337
7135	2477	382
7137	3024	330
7137	3024	346
7139	1740	215
7141	2066	494
7142	2077	422
7146	2472	322
7146	2472	319
7149	1914	313
7150	1926	238
7151	1230	238
7152	2255	500
7154	2603	529
7156	1546	328
7157	1712	324
7157	1712	229
7160	1688	283
7161	1830	278
7164	1196	338
7165	1769	260
7166	2263	576
7171	1689	370
7173	3167	323
7173	3167	349
7174	1405	185
7175	2573	343
7175	2573	169
7175	2573	443
7176	1815	474
7180	2194	255
7183	1765	335
7185	1444	495
7186	2302	597
7187	2216	608
7188	2639	527
7190	1579	226
7191	2978	496
7191	2978	169
7192	984	327
7193	1195	233
7193	1195	274
7194	1821	351
7202	1094	345
7205	1861	343
7206	1941	337
7211	2051	291
7212	1850	492
7213	1765	469
7215	2289	316
7215	2289	269
7216	1817	283
7218	1715	380
7220	1491	425
7223	1747	468
7224	2270	411
7225	1864	243
7226	2348	582
7227	1944	363
7229	1253	261
7232	1707	521
7233	2166	468
7236	1744	246
7236	1744	238
7240	2242	631
7243	2408	567
7247	1368	290
7249	1624	227
7252	1979	542
7253	1798	216
7254	1689	281
7257	1707	384
7262	1928	302
7262	1928	288
7263	1757	400
7264	1520	406
7266	1852	554
7267	1183	291
7271	2113	845
7273	1757	406
7275	2008	447
7283	2181	201
7283	2181	330
7284	1743	523
7285	1754	491
7292	1438	279
7297	2147	333
7297	2147	272
7298	1679	319
7298	1679	206
7306	822	179
7308	2075	603
7310	1924	200
7310	1924	390
7314	2595	539
7316	2003	375
7318	1636	272
7318	1636	257
7319	1883	321
7321	1591	215
7323	1785	421
7328	537	278
7329	1114	517
7333	2590	510
7333	2590	524
7335	1937	221
7335	1937	317
7337	2806	610
7339	2886	687
7345	1666	211
7346	2467	505
7346	2467	373
7351	1991	250
7351	1991	259
7352	3177	429
7352	3177	359
7356	1956	386
7360	1534	375
7367	1990	363
7371	840	303
7372	1520	327
7377	1764	589
7385	2418	365
7386	1761	531
7388	1945	621
7389	1383	406
7399	1979	308
7403	1543	390
7404	1832	344
7407	1761	301
7408	1834	238
7409	2075	365
7411	1924	275
7413	2178	493
7416	2181	311
7418	2113	426
7419	2384	429
7422	2300	495
7423	1772	376
7424	1868	185
7425	1173	261
7428	1602	370
7429	1959	479
7433	1947	185
7436	1754	305
7437	1064	227
7440	2215	333
7441	2108	473
7442	2288	255
7445	2655	200
7445	2655	348
7448	1186	498
7450	2462	329
7450	2462	349
7452	1926	476
7457	2138	535
7459	1291	255
7460	1663	275
7462	2615	551
7464	2096	303
7469	3084	516
7473	1040	342
7474	3548	472
7478	1427	274
7479	2149	376
7484	2415	457
7488	1310	347
7491	2518	510
7494	1540	538
7497	1899	260
7502	2873	515
7504	2280	345
7505	1646	726
7509	2870	586
7510	1719	761
7511	1683	480
7518	3397	475
7518	3397	215
7522	1082	516
7523	1778	449
7524	1460	362
7526	1505	285
7528	1698	290
7530	3465	490
7530	3465	465
7531	2125	511
7534	1842	324
7535	2377	580
7538	1090	316
7539	3144	509
7539	3144	231
7541	2179	519
7543	2619	369
7548	2957	511
7548	2957	468
7550	1199	256
7553	3372	577
7554	1630	420
7556	1776	465
7559	3132	387
7560	2249	298
7560	2249	300
7561	3037	574
7563	1937	617
7565	3086	546
7565	3086	245
7566	3220	618
7569	2582	371
7572	2450	544
7576	2077	521
7579	2367	614
7582	2691	534
7585	2121	484
7588	2496	541
7588	2496	386
7589	1227	200
7591	1128	238
7592	2834	450
7593	1811	257
7593	1811	313
7597	3046	559
7597	3046	398
7598	2314	609
7606	1859	532
7608	2067	422
7610	3308	550
7611	2998	527
7611	2998	246
7616	2364	555
7619	1766	480
7622	2337	559
7627	2546	492
7629	1949	277
7631	2658	523
7638	2245	490
7646	3129	440
7646	3129	307
7656	1642	227
7663	2884	448
7663	2884	489
7664	2227	449
7666	1879	473
7668	2376	339
7672	2837	460
7672	2837	324
7676	2050	338
7678	3161	625
7681	2735	221
7681	2735	375
7691	1280	185
7692	1877	328
7695	1727	384
7699	2154	340
7699	2154	294
7701	1854	618
7702	1588	274
7704	3104	582
7706	2412	452
7711	2300	615
7712	2669	487
7715	2260	409
7716	1850	306
7728	1712	542
7730	1526	239
7731	1805	543
7734	2618	609
7734	2618	270
7736	1622	386
7739	1570	241
7739	1570	211
7748	1449	498
7749	2464	322
7749	2464	192
7749	2464	257
7750	2922	629
7751	2670	468
7753	3216	782
7754	1578	204
7754	1578	161
7756	2171	565
7761	2690	281
7762	1564	277
7763	1882	505
7767	2374	556
7768	1628	345
7769	3463	546
7769	3463	450
7770	2171	477
7771	2475	724
7773	1614	237
7774	2626	492
7776	2048	547
7777	1660	126
7777	1660	305
7779	2234	273
7779	2234	282
7782	2798	509
7782	2798	298
7784	2223	777
7788	2483	657
7795	1301	319
7797	2454	482
7797	2454	305
7800	3093	543
7801	3225	215
7806	1447	218
7806	1447	127
7808	1327	379
7810	3479	418
7810	3479	116
7810	3479	515
7812	2857	566
7812	2857	308
7814	1431	306
7816	1631	397
7817	2567	490
7829	1546	357
7830	1195	254
7836	2073	220
7836	2073	249
7838	996	395
7842	2661	409
7842	2661	568
7843	1365	516
7844	2321	442
7845	2096	351
7851	3289	203
7851	3289	382
7854	3186	623
7855	1819	533
7856	1385	479
7860	2311	552
7865	2027	239
7865	2027	504
7866	1511	512
7870	1619	368
7872	1653	319
7881	3463	468
7881	3463	480
7887	3059	635
7893	1754	675
7894	2086	532
7895	1688	362
7899	1611	424
7903	2882	291
7904	3164	692
7907	2155	407
7908	1781	353
7909	1995	444
7913	2468	298
7913	2468	352
7914	1930	495
7915	2643	584
7918	2555	505
7919	3186	671
7920	1361	393
7921	2837	405
7921	2837	368
7922	1853	343
7922	1853	302
7923	2463	315
7924	1690	430
7927	2095	501
7930	1749	325
7931	1987	478
7934	2031	236
7934	2031	208
7935	1606	482
7937	2702	388
7937	2702	317
7939	1691	281
7940	3212	372
7941	3024	514
7941	3024	346
7942	1871	316
7943	1883	294
7943	1883	277
7944	2181	330
7944	2181	273
7948	2109	528
7949	1792	338
7951	2333	563
7954	1387	424
7956	1773	557
7957	2026	577
7962	2570	517
7963	3003	211
7963	3003	324
7965	2937	704
7966	2470	483
7968	1789	462
7969	1340	496
7971	1827	441
7972	1673	519
7981	981	261
7982	1933	493
7989	1065	244
7991	2787	380
7992	1529	281
7993	1678	470
7998	3142	396
7998	3142	133
8001	2014	261
8004	2874	276
8005	1161	419
8008	1644	305
8014	1388	549
8016	2896	355
8017	1462	185
8018	1379	486
8019	1349	516
8022	1386	239
8023	3118	403
8023	3118	429
8024	1502	332
8027	2059	442
8028	3124	282
8028	3124	151
8028	3124	518
8029	3413	575
8029	3413	437
8031	2268	560
8035	2661	569
8035	2661	346
8036	2238	587
8037	1658	287
8042	3144	731
8043	1709	294
8046	1497	280
8047	2558	478
8048	1631	607
8050	1828	544
8052	2418	454
8057	2534	516
8061	2229	464
8061	2229	366
8062	1938	322
8062	1938	285
8066	3091	436
8066	3091	416
8068	2079	551
8073	1659	426
8076	1843	120
8076	1843	225
8088	2588	531
8092	1965	313
8100	2111	354
8101	1284	216
8103	2628	610
8104	2006	525
8107	1747	440
8113	757	206
8114	2071	215
8115	1682	295
8115	1682	266
8117	1104	248
8119	2029	312
8119	2029	238
8120	1180	298
8122	2371	547
8126	1939	298
8132	1303	248
8137	1885	185
8141	1262	211
8147	2250	314
8148	1774	200
8150	1842	381
8151	2096	276
8151	2096	275
8154	1356	200
8156	1561	264
8158	2238	354
8163	2056	270
8163	2056	282
8165	2042	265
8165	2042	287
8166	1564	297
8167	1717	200
8170	1094	293
8173	1366	297
8175	2803	570
8176	1139	332
8178	2635	524
8180	1578	512
8184	2892	273
8191	1742	302
8191	1742	306
8192	3430	475
8192	3430	403
8193	1967	315
8193	1967	185
8195	1355	309
8199	1824	317
8199	1824	350
8204	1983	310
8210	1222	364
8213	2195	507
8217	1604	274
8218	917	278
8220	1371	323
8225	1453	310
8226	1468	289
8227	1913	336
8227	1913	335
8232	1577	454
8238	2065	353
8238	2065	280
8240	1793	242
8241	1481	243
8242	1832	441
8243	1496	177
8243	1496	236
8246	2370	512
8247	1803	526
8254	1579	355
8256	1338	281
8257	1832	297
8260	1226	264
8261	694	254
8262	847	185
8264	1630	300
8269	3342	288
8269	3342	309
8270	1589	468
8272	2310	326
8272	2310	308
8276	1051	295
8279	1572	354
8284	2295	185
8287	1135	285
8296	2549	528
8297	1671	488
8301	2339	154
8301	2339	291
8303	1337	425
8306	1839	327
8307	1345	287
8308	1514	211
8309	1562	286
8311	1429	266
8312	3016	280
8313	1916	524
8315	1115	270
8316	1277	355
8319	2103	334
8319	2103	269
8320	1465	314
8322	1672	407
8323	1153	261
8324	1012	282
8326	1828	459
8335	1159	238
8336	1690	298
8337	3260	767
8339	1306	360
8342	1145	243
8345	1402	306
8346	1886	288
8346	1886	302
8351	2112	521
8353	1132	400
8354	2284	449
8357	1742	262
8358	1219	441
8361	1771	482
8363	2927	521
8365	1728	528
8366	2369	309
8367	1435	297
8368	2831	400
8369	2338	534
8373	1709	300
8374	1558	381
8374	1558	304
8375	2385	485
8379	2758	770
8381	2354	291
8381	2354	290
8383	2178	317
8383	2178	227
8388	1835	484
8389	753	263
8391	1090	269
8397	1465	449
8400	1989	500
8402	1381	265
8402	1381	348
8408	1619	387
8411	1467	251
8412	1818	287
8412	1818	338
8414	2247	206
8414	2247	437
8415	2004	305
8417	2425	474
8418	839	267
8422	1895	299
8422	1895	285
8427	1783	176
8428	1816	476
8430	1298	329
8433	1685	281
8437	1423	342
8438	2244	721
8439	1131	243
8441	3264	398
8441	3264	441
8442	1752	465
8446	1546	452
8448	1086	302
8456	2095	484
8458	1878	270
8458	1878	306
8459	640	185
8461	1620	356
8470	758	227
8472	886	185
8479	2089	520
8480	1166	249
8481	1881	610
8482	1655	455
8484	2459	362
8485	2070	493
8486	1566	284
8488	1407	341
8495	1912	489
8497	1152	185
8502	1914	400
8504	1469	386
8505	1112	185
8507	1518	361
8511	1034	407
8513	1635	547
8519	1469	330
8524	1909	549
8526	1648	486
8532	3034	625
8532	3034	337
8533	1732	196
8536	3043	566
8538	2548	807
8541	3054	341
8543	2127	452
8550	2362	706
8551	1582	332
8554	1945	576
8556	1960	314
8556	1960	175
8563	1869	479
8564	2742	362
8564	2742	312
8565	2774	574
8566	2625	442
8566	2625	382
8570	1938	514
8573	1539	492
8574	2262	382
8577	1156	261
8585	2255	509
8587	2366	379
8589	1264	266
8591	2677	450
8591	2677	479
8593	1320	299
8596	1252	317
8605	2716	200
8606	1441	299
8609	1461	241
8611	2353	421
8613	1530	256
8614	2153	493
8615	2194	425
8619	2741	628
8623	1910	377
8627	2932	501
8629	1433	372
8633	1722	200
8644	2016	417
8645	2930	560
8656	1594	476
8658	2164	343
8658	2164	188
8660	1735	497
8661	1122	281
8663	2361	292
8666	1764	253
8667	1274	421
8676	2473	438
8684	1751	345
8689	2795	577
8690	1676	293
8690	1676	242
8692	1723	245
8698	2281	342
8698	2281	299
8702	2032	603
8703	2015	577
8709	1009	278
8710	1508	494
8713	2825	527
8715	1933	299
8718	1981	311
8721	2051	328
8725	2993	595
8731	2714	636
8734	2459	543
8736	1036	295
8741	3056	694
8744	3015	674
8748	2418	206
8753	1994	415
8756	1667	237
8757	1565	453
8758	1120	270
8760	1351	227
8762	2128	625
8769	1671	135
8769	1671	133
8771	1880	413
8773	1670	508
8775	1918	281
8778	3132	615
8782	2039	609
8785	1821	566
8791	2396	372
8793	1776	244
8794	2260	517
8795	2161	535
8796	1878	436
8797	1048	348
8800	1138	250
8802	1421	398
8804	1719	535
8810	2916	285
8811	1466	309
8815	1846	303
8825	2321	338
8825	2321	287
8826	1775	237
8829	2597	322
8832	1402	194
8832	1402	315
8834	2695	257
8834	2695	174
8835	2228	200
8837	2717	783
8838	2327	286
8840	1471	300
8843	1394	308
8844	2976	489
8848	2452	423
8850	2064	354
8852	1198	494
8853	1167	215
8855	1560	358
8860	2987	285
8860	2987	517
8863	2724	435
8864	1998	535
8866	650	215
8870	1396	185
8871	2354	518
8878	2366	307
8878	2366	200
8880	925	215
8883	1691	575
8888	1283	294
8897	1553	311
8898	2300	295
8898	2300	301
8899	2994	473
8901	1821	368
8903	2085	490
8910	1761	231
8910	1761	223
8911	2271	536
8914	1571	272
8917	1695	247
8917	1695	333
8919	2250	393
8919	2250	293
8921	1867	474
8923	2822	516
8924	1633	291
8925	1395	315
8926	1292	314
8927	1572	565
8928	2075	200
8928	2075	332
8929	2314	426
8931	2630	415
8938	1184	384
8941	1143	341
8942	1415	273
8942	1415	235
8950	866	325
8952	1818	529
8956	2531	371
8959	1705	243
8962	1990	507
8963	1440	558
8964	1504	496
8966	2918	192
8966	2918	424
8969	1772	398
8970	1881	346
8972	1684	206
8974	1272	264
8975	2594	471
8977	1668	481
8978	1084	280
8979	2110	495
8981	2575	315
8984	1421	327
8987	1448	400
8991	2357	452
8993	2416	532
8997	1224	398
9002	1752	296
9002	1752	267
9003	2059	312
9009	1594	342
9010	1362	342
9012	938	227
9016	1642	562
9017	1977	288
9017	1977	233
9019	1739	523
9020	761	241
9021	2520	716
9024	1399	310
9026	2194	497
9028	1729	310
9030	2328	264
9033	2011	242
9033	2011	398
9035	1519	522
9036	1757	373
9039	2175	474
9040	1570	284
9042	2282	531
9049	1691	390
9055	1406	562
9056	1912	531
9057	2056	481
9059	2136	681
9060	1466	432
9064	1719	408
9070	1875	486
9074	2234	505
9077	2388	489
9080	2326	580
9084	2513	563
9087	1369	285
9088	3072	458
9088	3072	306
9092	2098	764
9094	2400	513
9097	1416	317
9098	844	288
9103	2460	302
9103	2460	275
9105	2515	403
9106	2357	446
9109	1509	491
9110	1653	409
9111	1543	326
9113	2261	554
9116	857	291
9117	1889	488
9119	2316	418
9122	2232	329
9122	2232	313
9125	1688	230
9128	1603	536
9132	2703	469
9132	2703	410
9133	2655	413
9133	2655	536
9136	1436	454
9138	1158	275
9143	2805	448
9148	2395	523
9151	1594	274
9155	2658	211
9158	1481	525
9164	2637	608
9165	1384	555
9166	2766	763
9167	1490	294
9169	2054	425
9173	1300	279
9174	1454	322
9175	2814	266
9176	1904	476
9181	2166	552
9187	1220	254
9188	1561	431
9192	1635	564
9193	2842	805
9195	2026	344
9197	1472	475
9199	2109	318
9202	2405	283
9202	2405	513
9205	1244	445
9208	1328	491
9210	1715	459
9211	2117	166
9211	2117	168
9216	1289	222
9217	3011	794
9218	1561	200
9219	906	238
9222	976	255
9223	1806	169
9223	1806	199
9224	1001	296
9225	1121	233
9226	3094	508
9229	1578	433
9231	2200	349
9232	1991	558
9235	2628	302
9237	2099	540
9241	1016	443
9244	2450	404
9246	2357	448
9247	1827	467
9249	2274	280
9249	2274	227
9250	1473	537
9251	2772	435
9251	2772	536
9252	1906	340
9260	1394	410
9262	2612	721
9264	1456	519
9267	2183	317
9269	2642	497
9273	1929	519
9279	2771	591
9281	2378	491
9283	2121	449
9287	1556	706
9288	1920	310
9289	1918	185
9292	1581	723
9297	1173	215
9298	1374	254
9298	1374	234
9299	564	222
9300	1502	266
9304	1410	473
9305	1738	294
9306	2933	361
9312	1158	284
9313	1432	347
9316	1847	275
9316	1847	280
9325	1629	523
9327	1895	398
9329	2472	653
9330	2135	331
9331	1746	330
9332	1508	379
9334	1691	544
9335	1859	550
9337	1475	301
9339	2310	483
9339	2310	276
9340	1863	558
9341	1400	378
9342	1526	527
9343	1802	357
9348	2212	510
9353	1612	216
9354	2318	492
9355	1545	185
9360	1613	302
9361	1157	273
9364	1903	519
9365	1789	281
9370	2181	293
9374	1886	335
9374	1886	225
9378	1046	222
9380	824	185
9381	1761	496
9384	2074	279
9386	1116	277
9387	1800	528
9396	2112	553
9398	1302	272
9400	1694	198
9400	1694	182
9402	1372	460
9403	1028	250
9404	1108	215
9405	1523	327
9409	2887	686
9410	1726	445
9411	1604	255
9411	1604	206
9412	1477	277
9413	3137	259
9422	1448	194
9422	1448	239
9423	1221	258
9425	1926	254
9428	2391	508
9429	1812	267
9429	1812	273
9434	1394	211
9440	1389	308
9446	1334	237
9448	2545	389
9454	1690	274
9458	1883	276
9461	1913	250
9461	1913	211
9462	994	200
9463	1847	359
9464	2459	547
9468	1651	211
9469	885	255
9472	1470	239
9473	1091	200
9474	1399	393
9477	1329	224
9483	1647	498
9484	1751	311
9486	3177	382
9486	3177	543
9487	2027	380
9488	2690	523
9489	1980	242
9489	1980	183
9494	1959	278
9498	2046	445
9501	985	126
9501	985	163
9504	1689	211
9504	1689	272
9506	2610	855
9514	2059	371
9515	1503	342
9518	1112	193
9518	1112	169
9520	2100	405
9521	2084	520
9522	2457	323
9529	1579	311
9530	2512	733
9536	1417	281
9540	1411	307
9541	1144	267
9542	1140	330
9543	1347	448
9545	2903	310
9545	2903	409
9546	740	255
9552	1337	338
9552	1337	401
9553	2332	356
9555	2445	317
9556	1509	239
9556	1509	197
9557	1955	447
9558	1889	206
9559	1231	302
9560	1846	517
9562	1284	357
9566	2236	532
9567	1870	230
9567	1870	138
9570	2818	200
9570	2818	296
9572	1431	249
9573	1935	270
9573	1935	283
9577	2414	247
9577	2414	261
9578	1681	230
9579	1705	453
9582	1820	281
9582	1820	221
9583	3028	675
9583	3028	151
9583	3028	275
9585	989	222
9587	828	185
9589	1085	206
9590	572	264
9594	1514	384
9597	2086	503
9599	1783	736
9600	1818	285
9611	1640	286
9612	2491	361
9613	1553	533
9614	2230	256
9614	2230	292
9618	2237	578
9620	804	206
9622	1912	200
9626	1275	233
9629	831	275
9630	2780	232
9630	2780	230
9632	1874	185
9633	2612	359
9633	2612	344
9634	1461	336
9637	3313	411
9637	3313	398
9639	1837	371
9652	2152	185
9653	1378	336
9654	2336	561
9660	1420	286
9662	2474	367
9662	2474	342
9663	2968	236
9663	2968	545
9664	2932	266
9665	2063	595
9667	1651	549
9668	1387	227
9671	2129	533
9672	2647	550
9673	3768	503
9673	3768	499
9678	1789	366
9681	2836	462
9682	1444	345
9688	1517	273
9690	2757	463
9691	1194	298
9692	588	230
9693	2735	332
9695	926	185
9696	2913	585
9699	1274	281
9700	2231	387
9704	1347	321
9705	1118	567
9707	1437	227
9707	1437	176
9708	2327	200
9709	1539	333
9710	1007	185
9712	1490	298
9717	1229	270
9718	1606	362
9721	1459	333
9725	2555	815
9726	2207	350
9728	2085	238
9730	1217	249
9731	1076	252
9734	3217	318
9734	3217	306
9735	2725	387
9736	1928	463
9741	2004	329
9741	2004	299
9742	2551	443
9744	1724	487
9745	1619	298
9754	2074	653
9758	1640	503
9759	3738	604
9759	3738	267
9764	2219	514
9765	3721	278
9766	2052	463
9769	2262	339
9770	3329	319
9771	1093	310
9773	2407	729
9777	2283	583
9780	2265	436
9781	2205	500
9786	2749	321
9786	2749	564
9787	1348	350
9792	2227	403
9795	1508	379
9798	866	255
9801	2451	596
9806	1352	338
9810	1268	313
9811	1371	370
9812	1446	442
9816	2360	370
9817	2216	349
9817	2216	311
9818	1590	343
9822	2330	444
9824	1350	335
9827	2337	341
9828	1288	283
9829	1467	363
9832	1425	261
9833	2367	555
9836	2064	582
9837	2953	558
9840	1248	314
9842	1792	352
9844	2541	575
9845	1021	337
9847	2081	427
9848	1757	234
9850	3049	629
9852	2682	185
9855	1921	376
9855	1921	272
9856	3421	347
9856	3421	329
9859	2573	276
9859	2573	332
9860	2903	350
9862	2236	517
9863	2248	331
9864	3257	344
9868	3665	620
9868	3665	591
9869	2671	496
9871	2773	297
9871	2773	270
9876	2402	600
9877	2231	333
9879	1934	312
9880	1988	446
9883	2029	397
9885	2157	380
9887	3164	533
9887	3164	238
9897	1053	301
9898	1742	527
9904	1559	328
9905	1682	529
9910	1567	206
9911	2370	368
9925	2225	402
9926	1693	294
9928	3494	211
9929	2439	542
9934	2612	234
9934	2612	323
9936	2888	620
9939	2025	489
9940	1792	306
9945	1793	348
9946	2624	227
9949	1016	495
9950	1225	152
9951	975	298
9957	1798	506
9958	2065	363
9962	1734	491
9964	1440	334
9966	1391	272
9967	1492	200
9969	966	285
9978	1281	272
9979	2204	256
9980	2900	669
9981	3346	795
9985	2348	487
9988	1673	400
9991	2517	345
9992	3130	259
9999	2842	837
10000	1043	216
10006	2473	524
10007	3056	155
10007	3056	222
10010	1825	315
10013	1897	511
10019	2303	200
10019	2303	357
10020	2843	647
10021	1345	487
10022	1781	418
10025	1148	308
10027	3106	317
10027	3106	194
10029	1168	338
10030	1899	435
10031	1922	283
10033	1864	521
10034	2059	756
10035	3784	378
10036	2140	419
10037	2884	404
10041	1624	305
10043	1422	347
10046	2188	367
10047	1182	365
10050	1794	557
10051	2086	638
10055	1532	406
10057	2380	206
10059	2210	483
10059	2210	496
10061	2526	335
10062	2975	582
10074	1856	332
10075	2484	368
10078	1951	385
10085	2783	518
10087	2402	313
10087	2402	267
10088	2445	489
10094	2157	185
10100	2273	265
10101	1520	358
10105	3442	495
10105	3442	538
10106	998	422
10107	1961	497
10114	2008	388
10117	1279	329
10118	1574	315
10119	2621	215
10122	3729	612
10122	3729	579
10125	1687	196
10126	1565	211
10127	2705	296
10128	2921	473
10128	2921	463
10129	2076	270
10130	1960	501
10131	3015	397
10135	1873	419
10136	1130	322
10141	2813	472
10141	2813	563
10143	1918	413
10144	1090	198
10144	1090	158
10146	1856	323
10146	1856	172
10147	2583	344
10147	2583	398
10151	1704	588
10153	2037	556
10160	2267	300
10160	2267	316
10164	2527	287
10164	2527	378
10166	1443	245
10167	1282	249
10170	3384	541
10170	3384	555
10171	2768	376
10174	1381	336
10175	1393	292
10180	3036	425
10181	3037	519
10188	2653	401
10193	2375	604
10195	2576	536
10196	1995	393
10204	1777	386
10208	918	304
10210	2769	185
10214	2413	342
10216	1798	281
10216	1798	501
10217	2754	211
10219	1473	360
10222	1398	185
10226	1406	305
10227	1280	311
10236	1633	185
10237	1024	185
10238	1715	291
10239	2261	336
10239	2261	273
10242	1586	392
10251	1828	364
10256	1793	494
10258	2589	634
10261	1017	325
10264	1973	401
10267	2065	306
10270	1078	289
10271	1308	253
10271	1308	204
10277	2206	380
10277	2206	171
10278	1670	358
10280	1164	286
10282	2082	578
10283	1556	188
10283	1556	284
10284	2524	336
10284	2524	332
10285	1101	325
10286	1528	253
10288	3133	441
10288	3133	434
10291	2139	249
10295	1784	461
10297	1246	245
10298	1589	346
10307	2141	258
10307	2141	354
10312	1442	324
10313	2170	345
10313	2170	228
10317	2872	344
10317	2872	291
10319	755	238
10326	1839	481
10329	3015	185
10329	3015	333
10336	1182	291
10338	1771	317
10338	1771	184
10339	2217	309
10340	1553	227
10341	1300	310
10342	1880	387
10343	1426	351
10344	2213	555
10346	1346	390
10350	1726	290
10352	1327	200
10356	1476	356
10358	2217	224
10358	2217	346
10359	2593	352
10367	787	316
10368	2052	341
10369	1702	294
10369	1702	320
10373	1854	309
10379	2544	356
10388	658	227
10391	2199	355
10392	1382	273
10394	921	253
10396	1922	459
10399	1555	216
10399	1555	279
10400	2151	469
10402	2061	530
10404	1828	278
10405	1994	315
10406	3035	613
10409	2345	323
10410	1948	376
10411	2504	558
10412	1460	345
10415	1289	310
10418	1294	297
10419	2004	255
10419	2004	275
10420	1102	313
10421	1430	273
10424	1370	338
10425	1401	231
10425	1401	286
10431	984	310
10436	2190	419
10437	1472	387
10442	1720	145
10442	1720	333
10450	2290	551
10451	1459	350
10453	1162	305
10455	1718	203
10455	1718	173
10461	1766	328
10467	2861	374
10467	2861	381
10469	2216	276
10469	2216	314
10474	2415	358
10474	2415	333
10476	1909	319
10477	2543	350
10478	2447	344
10481	1471	200
10482	1919	200
10483	1121	308
10484	2075	301
10485	2235	200
10486	2398	535
10488	1854	418
10489	1796	313
10489	1796	213
10490	2853	362
10490	2853	379
10497	1445	360
10501	725	234
10503	2170	327
10509	2345	216
10511	2048	303
10511	2048	457
10512	2062	333
10513	2382	304
10517	2103	484
10521	1135	332
10522	1184	230
10527	847	326
10531	1764	451
10532	2124	419
10533	2054	269
10533	2054	221
10536	1788	262
10537	1848	299
10538	968	233
10545	1807	337
10548	2463	629
10554	2152	297
10555	2229	262
10555	2229	421
10556	1694	413
10559	1982	339
10561	981	238
10563	1349	281
10564	2470	433
10566	2625	389
10566	2625	211
10568	2268	630
10570	2006	574
10576	1489	242
10585	979	310
10587	2941	284
10589	2545	335
10589	2545	347
10591	1604	250
10592	2844	398
10594	2087	623
10596	1748	221
10597	1452	335
10601	2548	332
10606	2505	343
10609	1542	249
10613	1577	200
10619	2121	278
10622	1795	328
10625	1221	267
10630	1678	477
10631	2197	464
10632	1421	482
10635	2065	483
10637	1226	350
10638	2677	581
10639	2132	556
10641	1789	358
10645	1914	476
10646	2255	279
10648	939	299
10649	2996	402
10649	2996	420
10650	1866	563
10651	1278	227
10656	1976	465
10658	2633	317
10658	2633	373
10659	1947	505
10661	3050	502
10664	1106	325
10668	1623	410
10674	1921	359
10678	1451	541
10679	2184	372
10680	440	200
10685	2498	592
10686	1905	329
10687	1885	596
10689	1594	468
10691	1599	328
10696	1361	486
10698	1259	256
10703	1884	411
10706	3177	522
10706	3177	330
10708	2300	458
10708	2300	403
10711	1693	482
10713	1108	382
10715	2187	242
10717	1389	227
10719	1850	342
10720	1525	348
10721	1280	304
10722	2371	676
10732	1038	211
10734	2289	512
10736	2478	557
10738	1826	257
10739	1904	295
10740	1688	500
10741	1371	248
10744	2593	549
10746	1901	233
10746	1901	266
10752	1715	212
10752	1715	274
10753	2648	417
10753	2648	331
10754	1346	185
10758	1519	410
10761	1208	284
10762	2297	357
10765	3544	569
10765	3544	350
10768	2300	284
10769	1782	438
10773	1243	255
10774	2412	547
10776	3012	343
10777	2163	200
10783	2042	388
10785	1776	400
10790	1602	506
10791	1987	348
10792	3010	546
10793	2336	423
10793	2336	340
10798	2414	398
10799	1541	332
10800	986	427
10802	2102	331
10805	2048	364
10805	2048	404
10808	988	145
10812	2098	547
10813	2362	427
10813	2362	531
10816	2308	417
10816	2308	324
10817	2783	718
10818	1904	413
10819	1832	530
10821	2148	293
10821	2148	267
10826	1220	185
10834	3051	499
10834	3051	483
10837	2392	525
10838	1613	439
10839	2464	488
10841	1862	402
10842	1764	462
10845	2068	206
10846	1046	446
10848	1816	349
10852	997	255
10855	1522	346
10856	2167	289
10860	2194	346
10860	2194	331
10863	1788	238
10866	1385	318
10871	842	226
10874	2074	650
10876	1870	538
10877	1235	520
10878	2457	548
10879	2046	296
10883	1532	292
10884	1108	239
10887	1548	301
10888	1452	358
10890	1998	327
10890	1998	146
10891	1641	368
10892	1379	297
10896	1594	300
10905	2191	427
10908	1956	515
10909	1767	379
10910	2034	512
10915	1947	309
10916	1709	317
10917	2009	370
10919	1452	238
10920	1505	354
10924	2607	612
10925	2088	460
10926	2599	537
10930	2290	492
10933	954	222
10934	2161	308
10935	1653	491
10937	1631	428
10938	1642	561
10942	3508	376
10942	3508	320
10944	1766	331
10946	2626	380
10949	1494	273
10950	2550	525
10954	2572	230
10955	1324	330
10956	2955	517
10956	2955	471
10958	2913	392
10958	2913	514
10960	2819	593
10960	2819	296
10962	3319	440
10963	1827	211
10964	1747	200
10966	3750	621
10969	2874	323
10969	2874	543
10970	2157	304
10970	2157	307
10972	1320	364
10975	1857	213
10975	1857	159
10976	1361	348
10977	1627	484
10982	2565	376
10983	1513	328
10984	2110	486
10985	1682	343
10986	1965	215
10986	1965	327
10988	1920	354
10990	2358	476
10993	2080	545
10996	898	288
11000	1192	200
11003	2149	325
11003	2149	276
11005	1774	477
11007	1784	366
11011	1990	467
11012	1907	472
11014	1519	320
11016	2218	509
11018	2730	443
11018	2730	223
11019	1760	500
11020	3282	460
11022	1469	525
11024	2337	364
11025	1322	391
11028	1184	287
11032	1881	519
11033	1706	364
11034	2585	238
11035	1061	200
11036	1612	521
11039	1255	455
11044	1903	157
11044	1903	248
11046	1097	243
11049	2734	656
11051	1626	339
11052	1514	461
11054	1190	256
11056	2209	545
11057	2339	353
11058	1815	323
11059	1341	481
11063	835	258
11065	2896	453
11067	1846	268
11068	2304	514
11069	666	268
11074	1233	311
11075	2887	710
11076	1861	404
11078	2297	325
11078	2297	343
11080	2046	232
11081	3004	356
11083	2969	482
11088	1751	185
11089	1508	274
11090	2174	385
11091	2536	319
11093	1580	296
11094	1605	386
11097	1233	333
11100	1440	193
11100	1440	281
11106	1905	316
11109	2484	474
11111	2087	303
11111	2087	313
11113	1949	342
11116	1127	289
11118	1744	325
11119	1539	337
11125	2031	487
11126	1101	200
11127	874	244
11128	1632	363
11129	1663	275
11132	1889	307
11134	2170	263
11134	2170	318
11135	2071	399
11136	2037	274
11141	1384	295
11145	1394	200
11148	1357	341
11153	2107	480
11156	1793	339
11158	2018	259
11158	2018	248
11159	736	272
11161	1901	461
11162	2483	336
11164	3374	436
11164	3374	417
11166	2626	513
11167	3285	488
11167	3285	252
11170	3193	421
11170	3193	175
11171	2217	375
11171	2217	367
11173	2083	300
11173	2083	367
11174	1246	200
11179	1868	309
11180	1851	238
11181	1967	280
11182	1846	200
11184	1318	362
11189	1165	200
11192	1908	409
11193	2035	383
11204	2510	348
11204	2510	351
11205	1873	203
11205	1873	224
11207	882	291
11211	2301	339
11213	1279	331
11214	2199	307
11216	2734	693
11221	3111	471
11234	893	279
11244	1779	303
11246	2342	284
11247	2370	314
11247	2370	245
11248	1763	620
11254	2298	371
11257	1929	396
11261	1313	216
11265	3031	611
11270	2652	379
11271	2429	349
11272	2683	343
11274	2401	466
11276	2512	245
11276	2512	365
11278	1540	475
11286	1904	440
11289	2099	290
11289	2099	259
11290	2157	211
11297	1793	350
11300	1694	239
11309	2104	298
11312	1284	358
11314	1740	363
11321	1529	277
11323	2040	250
11326	2337	364
11327	3472	489
11330	1280	330
11332	1164	300
11333	1894	379
11338	3287	326
11338	3287	324
11340	1858	344
11343	3167	324
11343	3167	297
11344	2157	185
11345	1943	218
11345	1943	350
11346	951	185
11348	980	216
11351	1601	324
11354	2090	325
11354	2090	365
11355	3827	565
11356	2371	200
11357	1550	296
11361	2659	356
11361	2659	298
11364	1233	339
11369	1349	303
11369	1349	172
11373	1870	227
11377	1464	369
11378	2811	433
11381	1441	461
11383	2101	517
11384	1342	200
11386	1460	327
11387	2369	249
11387	2369	268
11389	1264	368
11390	1602	335
11393	1718	243
11393	1718	314
11395	2631	362
11396	2803	317
11396	2803	214
11398	2281	466
11399	1777	336
11402	1801	267
11403	3524	607
11403	3524	550
11404	1097	127
11404	1097	159
11407	2538	351
11407	2538	346
11410	1754	501
11411	996	238
11413	2096	525
11414	2774	443
11420	1023	249
11424	1870	384
11426	2203	445
11428	1033	323
11430	1926	248
11430	1926	289
11432	1676	289
11434	2528	632
11441	1674	318
11445	969	215
11447	1132	275
11452	1143	243
11453	1898	316
11454	1893	437
11456	2084	360
11459	1997	289
11459	1997	215
11462	2874	670
11463	1353	266
11464	1571	275
11467	2120	237
11472	1221	344
11473	2311	497
11476	1377	259
11476	1377	219
11477	1337	453
11478	1312	342
11479	1419	447
11480	1259	262
11481	1965	530
11486	1329	309
11488	2398	200
11489	1818	355
11491	2434	532
11491	2434	165
11496	1923	477
11497	2087	301
11499	2013	343
11505	2308	507
11505	2308	216
11506	1578	443
11513	1914	283
11513	1914	173
11516	2954	429
11517	2088	213
11517	2088	198
11520	2298	356
11522	2617	439
11522	2617	221
11525	1872	487
11528	1986	495
11530	1577	185
11531	1822	270
11531	1822	236
11535	1747	254
11536	1719	486
11540	3202	309
11540	3202	407
11541	1741	553
11542	1976	499
11544	1529	277
11545	1520	306
11546	1499	295
11546	1499	223
11547	2557	326
11548	2246	557
11550	2587	340
11550	2587	476
11554	1801	315
11560	2063	441
11561	3281	405
11561	3281	472
11562	1046	250
11568	1916	227
11569	1074	272
11570	2126	517
11571	1889	206
11582	2524	227
11583	1482	248
11584	2102	303
11585	1849	318
11589	1748	323
11591	2369	296
11594	1724	226
11594	1724	354
11596	900	256
11597	2259	568
11599	822	248
11602	1226	275
11603	2264	474
11605	1828	551
11607	1172	261
11609	3545	313
11609	3545	305
11611	1179	185
11612	1630	365
11613	2260	548
11615	2770	312
11620	1771	578
11624	2132	510
11625	3999	511
11627	770	135
11629	2089	423
11634	1665	331
11636	1378	270
11638	1881	567
11639	3924	503
11639	3924	544
11640	2648	206
11641	1434	500
11642	2827	213
11642	2827	473
11644	1938	393
11647	1219	524
11648	2834	401
11648	2834	246
11653	1702	472
11657	1485	248
11658	2198	390
11658	2198	384
11665	2106	376
11668	1629	481
11670	1597	354
11671	1259	269
11673	2778	323
11673	2778	282
11674	1959	185
11675	3633	577
11675	3633	258
11676	2772	257
11676	2772	338
11678	1928	564
11681	1599	310
11683	3201	405
11683	3201	520
11684	2174	350
11684	2174	344
11685	1959	354
11685	1959	270
11689	1077	261
11690	3308	238
11692	2746	439
11692	2746	433
11693	1351	303
11696	2531	362
11696	2531	351
11699	2553	444
11701	3595	644
11703	2126	343
11703	2126	209
11705	1730	381
11707	2116	448
11708	3036	246
11708	3036	550
11710	1171	261
11713	1410	289
11716	1354	505
11717	1751	234
11727	1953	321
11727	1953	247
11732	2419	613
11737	2072	345
11738	2184	535
11740	1450	334
11741	1811	436
11746	2233	747
11748	1681	372
11749	3228	742
11752	3276	498
11756	1277	304
11759	1326	185
11760	1403	393
11762	1169	330
11767	2465	472
11770	1400	406
11771	1186	200
11772	2533	705
11775	1944	514
11779	1299	251
11780	2867	323
11781	2003	654
11789	2043	541
11793	1418	200
11794	2265	476
11795	1755	206
11799	2695	561
11800	2166	438
11803	2275	521
11805	1328	560
11807	2343	275
11810	2594	524
11816	1726	605
11819	2636	282
11820	2533	463
11824	1475	290
11826	1775	489
11828	1482	294
11829	3175	315
11829	3175	605
11832	2261	513
11833	1470	324
11838	1325	373
11841	2981	624
11845	2063	518
11856	1989	390
11864	2185	200
11865	1916	570
11866	1413	356
11872	3024	502
11874	1415	298
11877	2126	493
11879	1486	504
11881	1670	471
11888	1925	200
11890	2223	379
11893	1859	543
11894	2834	382
11894	2834	336
11897	2075	345
11899	1721	269
11901	2985	735
11905	1758	493
11908	2432	644
11909	1309	304
11911	2673	351
11912	1693	544
11914	1140	378
11915	733	222
11918	1694	423
11922	1331	588
11926	1793	234
11930	1079	291
11931	2094	364
11932	1964	563
11933	1288	296
11936	2434	559
11940	2622	632
11942	1159	234
11943	3123	495
11943	3123	289
11944	1933	430
11944	1933	311
11945	1832	439
11946	1918	215
11947	3041	540
11948	2635	428
11948	2635	406
11950	2305	618
11952	1508	376
11957	1938	211
11962	1882	320
11963	2247	316
11966	1867	374
11973	2316	359
11974	2957	701
11978	2173	294
11979	1988	603
11980	3319	595
11982	1520	311
11985	2445	548
11986	2384	494
11989	1573	426
11997	1175	471
11999	924	298
12002	2491	702
12003	3319	486
12003	3319	469
12004	1617	245
12005	1481	313
12007	3022	354
12007	3022	351
12009	1346	185
12010	2638	602
12017	2625	424
12019	2838	673
12020	1816	547
12022	2495	628
12025	1953	350
12031	2893	525
12035	1768	556
12037	1619	539
12040	1905	538
12043	2530	427
12044	1209	316
12048	2263	397
12051	2014	200
12053	2040	278
12054	1577	348
12062	2526	357
12062	2526	500
12066	2513	316
12066	2513	465
12067	2380	200
12067	2380	196
12069	2018	336
12071	368	211
12072	1186	270
12074	2350	485
12079	3060	349
12080	1161	211
12081	1848	354
12081	1848	200
12083	1811	504
12087	1456	401
12089	1079	285
12090	1930	317
12090	1930	284
12091	2242	816
12092	1340	330
12093	1294	389
12095	1815	394
12097	1314	450
12104	3027	292
12107	2722	185
12110	2171	309
12110	2171	575
12113	1721	432
12115	1246	330
12116	2562	380
12117	2320	412
12123	1652	551
12127	1558	462
12130	2320	769
12134	1303	243
12136	1559	340
12137	1352	319
12139	2874	782
12140	1337	357
12142	1436	424
12146	1350	420
12147	1346	332
12150	2913	781
12152	1395	315
12153	1486	465
12156	1839	242
12156	1839	285
12160	2775	409
12162	2377	521
12164	2804	542
12166	1014	200
12172	1668	555
12179	2083	319
12179	2083	185
12183	1907	185
12183	1907	231
12189	2451	243
12189	2451	274
12191	2273	238
12194	2052	539
12197	2540	481
12198	1391	337
12199	1525	469
12205	1689	323
12206	1223	244
12209	2041	786
12213	1877	185
12213	1877	333
12216	1838	309
12216	1838	250
12218	2209	607
12219	1419	290
12219	1419	157
12220	2776	290
12221	1156	338
12222	1563	499
12223	2527	566
12225	1324	402
12230	1056	185
12235	1763	338
12235	1763	185
12241	1636	310
12241	1636	292
12244	1550	329
12246	2590	337
12246	2590	211
12248	741	185
12250	1891	311
12251	1266	277
12252	1535	317
12253	1259	278
12256	1277	335
12258	1784	502
12260	1618	266
12261	1549	318
12264	2614	704
12266	1517	268
12268	2271	369
12271	1925	534
12272	1840	248
12273	1824	259
12274	2268	347
12274	2268	320
12279	1677	185
12280	1308	297
12282	3059	414
12283	665	211
12284	1343	314
12287	2264	561
12290	1015	289
12293	1493	283
12301	1438	305
12303	1410	294
12305	1378	325
12309	910	185
12310	2268	335
12313	2749	368
12313	2749	333
12314	2548	376
12314	2548	357
12318	2011	507
12322	1944	324
12325	1428	484
12327	1334	287
12327	1334	239
12332	2618	612
12334	1729	351
12337	1491	311
12338	3146	444
12339	2633	472
12341	2114	283
12343	2006	471
12346	2617	486
12349	1969	200
12349	1969	385
12355	2130	520
12360	1850	404
12365	3178	549
12366	1594	399
12368	1181	249
12376	2222	549
12378	1780	499
12383	2229	415
12385	2267	436
12391	2451	390
12393	2110	572
12395	2262	185
12396	3195	424
12400	2224	632
12405	2184	306
12405	2184	183
12406	1637	293
12418	1084	389
12420	1952	448
12422	1558	409
12423	2688	563
12426	1893	416
12427	1335	316
12429	1958	303
12431	2644	211
12433	2753	523
12435	2987	500
12435	2987	227
12439	2995	428
12440	1202	283
12441	2450	474
12442	2731	651
12443	2952	533
12444	1640	296
12446	1682	206
12448	2996	231
12448	2996	498
12451	1543	473
12453	3236	322
12453	3236	588
12454	904	185
12455	1448	397
12457	1637	262
12458	2351	324
12465	2355	543
12473	1969	468
12476	1641	303
12478	2715	317
12478	2715	191
12478	2715	339
12480	1615	274
12481	1162	262
12482	1945	343
12484	2192	334
12484	2192	328
12493	1290	238
12496	2955	502
12496	2955	254
12498	1841	185
12499	1985	445
12500	1066	312
12507	1728	200
12509	2646	372
12512	1641	354
12515	1208	315
12519	1218	284
12523	1605	489
12525	2193	303
12528	1060	280
12539	1775	321
12540	1040	237
12544	1477	352
12549	1552	363
12550	1620	291
12551	1540	227
12552	3073	250
12553	2530	374
12553	2530	385
12554	1903	300
12559	1784	462
12560	1019	256
12565	1258	185
12566	1808	304
12567	1542	318
12568	1934	450
12570	1967	230
12578	1689	451
12579	1144	206
12580	1316	243
12587	1673	253
12590	1574	267
12590	1574	226
12595	2696	442
12596	2876	441
12596	2876	226
12601	2023	439
12602	2171	200
12605	2062	371
12608	1863	185
12609	2594	255
12609	2594	242
12610	1649	237
12612	1579	307
12613	1301	291
12615	1257	292
12620	2246	281
12627	1472	402
12629	1685	185
12629	1685	185
12630	846	260
12631	1779	222
12632	2652	259
12632	2652	345
12636	789	249
12641	1515	266
12644	2051	358
12649	879	200
12653	1861	334
12654	2139	303
12657	1856	349
12658	1547	185
12660	1702	450
12662	2399	335
12670	1247	321
12672	1474	243
12680	2026	458
12682	2584	322
12695	1787	298
12695	1787	259
12696	1945	404
12703	1220	375
12707	1725	310
12708	2188	250
12717	2755	569
12720	1257	232
12722	2015	497
12725	2868	441
12726	1906	359
12727	2117	283
12728	2442	339
12728	2442	390
12733	2771	282
12736	1799	268
12738	2186	333
12739	3015	209
12739	3015	308
12743	1928	315
12745	2121	427
12754	2283	444
12754	2283	186
12755	1845	295
12759	2214	395
12760	1146	185
12761	1670	236
12764	2431	373
12764	2431	237
12765	779	227
12768	2360	619
12770	1122	296
12772	1672	363
12773	1703	365
12775	1681	318
12776	1460	325
12778	1592	185
12780	1379	227
12783	1564	259
12786	555	206
12789	1326	331
12791	1692	248
12792	1260	275
12797	1247	227
12806	2613	401
12807	2006	520
12812	2857	350
12817	2300	363
12819	2049	311
12819	2049	213
12821	1902	371
12823	2153	261
12830	1907	221
12831	2140	382
12832	1210	227
12833	1858	342
12838	1982	346
12840	1372	272
12842	2167	477
12842	2167	179
12845	1678	452
12853	1252	233
12854	2051	358
12858	2199	387
12859	2117	376
12861	2015	227
12862	2596	222
12864	2227	432
12866	2048	269
12867	1079	409
12869	1546	200
12870	2035	341
12873	1738	200
12878	1840	407
12880	1864	594
12882	2321	338
12888	1633	342
12889	2207	305
12890	1115	348
12892	1908	314
12893	2245	275
12899	1707	248
12901	2005	395
12903	962	459
12904	1347	372
12905	2598	594
12906	1168	357
12910	2369	294
12913	2464	467
12914	1334	374
12916	1152	343
12918	1712	358
12927	2449	577
12928	1759	602
12929	1713	380
12930	967	255
12931	911	298
12933	1713	342
12936	2441	366
12941	1056	267
12942	2225	230
12942	2225	222
12943	911	256
12944	1910	348
12944	1910	263
12947	1834	314
12949	1929	322
12957	3167	512
12957	3167	267
12960	1932	337
12961	1999	338
12963	1995	236
12967	1721	328
12968	1391	366
12969	1962	384
12974	2321	271
12976	2285	316
12977	1641	351
12980	1607	400
12981	1964	385
12983	2487	206
12984	1769	273
12986	1651	320
12987	1606	394
12989	1251	309
12991	1826	356
12993	1831	311
12994	1592	294
12997	1754	376
12998	1882	199
12998	1882	365
12999	2138	283
13002	2035	222
13002	2035	200
13006	1810	185
13007	2535	608
13009	1583	282
13010	2165	239
13012	2022	407
13015	1820	226
13016	1041	354
13018	1545	482
13019	1450	331
13020	1226	356
13023	1189	279
13024	1454	329
13027	1250	273
13034	1237	302
13039	917	243
13041	2160	318
13042	2964	384
13045	1952	570
13052	2082	567
13053	1365	329
13054	1835	329
13055	1379	200
13057	2311	275
13058	1132	272
13060	1741	318
13061	1968	331
13061	1968	331
13064	2403	200
13064	2403	260
13069	2018	382
13071	1263	280
13072	1357	298
13073	2280	224
13073	2280	366
13074	1625	278
13076	1592	244
13077	2255	238
13078	2717	384
13078	2717	359
13079	963	338
13080	2967	401
13080	2967	276
13084	2231	298
13085	1203	242
13086	1779	300
13093	913	263
13095	1988	357
13097	1953	200
13098	1758	362
13098	1758	185
13102	1244	389
13104	2594	344
13104	2594	333
13105	1897	322
13105	1897	294
13107	1571	215
13109	2568	333
13111	1442	211
13116	2814	392
13116	2814	356
13117	2992	360
13117	2992	383
13118	1999	438
13121	1289	234
13122	2184	227
13123	2952	420
13126	1312	247
13133	2739	367
13133	2739	206
13134	1287	315
13138	2172	185
13143	1946	381
13150	1554	410
13151	1490	308
13152	2460	392
13154	2716	632
13156	2751	533
13158	2690	282
13160	1767	227
13171	2843	297
13174	1881	371
13176	1722	316
13177	909	185
13178	2473	420
13179	2462	243
13179	2462	376
13181	1194	314
13184	1970	450
13186	2082	391
13187	2227	421
13190	2370	395
13194	2538	444
13197	2266	312
13198	1949	465
13208	2154	200
13210	1992	327
13213	2099	363
13220	2890	355
13221	1400	510
13223	2063	266
13224	1251	478
13225	1124	227
13228	1402	222
13237	1134	226
13239	2336	375
13240	3161	399
13240	3161	306
13244	2796	568
13244	2796	440
13245	1369	250
13248	1801	335
13254	1695	610
13257	1081	238
13258	1016	245
13261	2745	622
13262	1362	306
13263	2585	351
13268	1971	369
13269	1778	308
13270	2045	414
13273	2614	579
13280	1466	427
13281	1226	330
13286	2522	673
13290	3122	460
13290	3122	433
13293	2214	391
13297	2738	468
13299	1281	342
13300	2192	488
13310	2746	267
13310	2746	185
13311	1953	261
13312	2784	477
13314	1448	387
13320	1468	250
13329	2370	369
13329	2370	291
13337	1935	244
13343	1534	305
13348	1751	232
13354	1577	591
13361	3129	450
13362	2296	375
13366	2669	314
13367	1595	380
13370	2462	401
13372	2766	426
13376	2713	462
13380	1174	259
13387	1503	362
13391	1899	552
13396	2333	359
13399	3104	591
13405	2400	273
13409	1960	432
13410	2524	350
13412	2189	256
13412	2189	407
13415	1810	293
13415	1810	182
13416	1915	506
