0	11872	20054
1	2660	480
11	2745	570
14	3168	318
17	1992	206
19	2098	357
20	2098	185
24	2358	348
31	2948	275
33	3411	307
35	1503	304
37	4413	326
41	1641	316
45	1561	261
49	2796	332
53	2343	363
56	2512	355
60	2676	338
62	2863	440
63	5581	294
64	2745	320
69	5552	372
73	2980	421
81	1794	295
81	1794	273
84	1622	337
85	2883	302
85	2883	291
91	2574	342
92	2418	521
93	2119	206
95	2486	469
101	2667	327
104	1501	353
107	3540	222
108	1712	357
112	2715	355
113	3755	437
118	3183	310
118	3183	290
119	2880	490
121	4233	422
121	4233	535
126	4060	365
136	3387	489
137	2318	185
140	5564	611
149	2310	185
157	2335	227
160	5449	250
164	2182	312
174	2615	275
182	2557	200
185	3504	468
188	5552	407
188	5552	311
195	1754	261
203	2027	359
206	3508	376
206	3508	286
207	2611	185
208	2482	200
212	2967	307
214	3938	528
215	1777	313
216	2800	324
218	1841	331
219	2417	456
228	3457	423
231	2088	298
233	1655	328
235	2608	280
236	1806	185
238	3170	206
240	2952	291
240	2952	227
241	3251	493
245	2668	407
248	2530	248
252	2448	276
255	4068	309
256	2468	313
257	4833	563
261	3119	620
264	2559	297
266	3131	497
267	2941	360
272	3525	282
273	4150	270
273	4150	235
275	2923	365
278	3659	310
280	2945	302
282	4187	232
284	3737	484
289	2488	506
292	3001	333
295	2048	341
298	2535	146
302	3138	491
309	3807	278
312	2502	290
314	2397	200
315	3073	378
319	3149	411
322	2536	232
325	4013	263
325	4013	473
326	3600	606
328	2871	458
329	3308	323
332	2570	233
336	3128	222
338	3131	316
342	2182	306
346	4281	447
349	3719	667
357	2767	423
359	2507	242
360	3603	574
361	3990	274
362	2817	450
366	1685	317
370	1588	513
372	4616	261
372	4616	468
377	2462	238
381	3269	495
382	2185	387
384	1956	534
394	2730	307
399	2626	321
399	2626	159
413	1905	562
417	3240	500
420	1340	251
425	5252	358
425	5252	423
426	2617	280
428	2406	438
431	3012	445
432	2373	443
436	1623	344
448	4212	453
459	2368	481
463	1807	216
466	2449	469
469	2667	421
470	3696	632
473	2838	227
477	3088	359
478	2233	215
481	1587	280
483	3022	297
489	2395	278
489	2395	209
490	2242	347
492	4116	510
496	1860	309
498	2784	314
498	2784	260
503	4068	335
503	4068	405
506	2943	274
506	2943	310
507	2736	348
508	2400	185
509	2656	309
511	5280	427
511	5280	234
514	2359	348
517	2253	493
521	2438	259
522	2334	259
527	2754	334
528	3348	448
530	4065	477
532	4639	362
537	2599	293
537	2599	165
540	2294	308
542	2851	259
542	2851	309
544	1865	298
545	2448	321
551	4708	460
551	4708	527
555	3147	415
570	2096	299
582	2273	291
583	3226	236
586	2519	319
588	2025	268
589	3130	232
595	2718	317
596	1476	324
599	1993	341
600	2559	381
602	2071	255
603	1469	332
606	1503	336
607	2836	266
610	2960	386
612	4721	391
612	4721	554
613	2814	285
615	1664	279
617	2620	227
631	2037	243
633	2474	297
637	2560	415
638	2716	362
640	5384	296
641	4281	486
644	2191	529
645	1653	311
646	1688	324
652	1091	254
654	3894	339
656	1932	281
663	2682	295
672	3433	303
673	2381	350
677	1887	206
683	2506	338
684	2372	451
685	2426	211
687	3213	330
689	2262	336
693	2203	442
694	5082	642
695	1216	323
696	2269	304
700	3679	341
701	2488	385
704	3569	357
711	1636	259
712	4234	581
715	3066	463
717	3690	564
721	1697	321
726	2157	275
735	3890	485
749	2104	329
754	1859	304
757	3064	300
758	2955	356
761	3173	211
766	3391	275
769	1774	321
770	2306	200
775	2662	320
776	2910	306
776	2910	275
781	2039	316
782	3827	429
783	2124	276
786	2705	343
788	2307	273
794	1645	206
796	2721	513
799	2636	400
800	2933	342
802	1745	181
802	1745	171
811	2515	350
814	1895	314
815	2353	342
830	3397	420
831	2316	331
832	3553	422
834	2740	326
836	2169	503
838	2835	349
838	2835	249
845	4132	840
846	4132	454
847	2614	200
848	2240	315
849	3982	570
855	2965	453
858	2265	239
873	2395	230
875	2919	258
876	1675	200
877	3243	314
877	3243	524
882	3572	398
883	3718	605
886	2552	273
886	2552	278
889	4222	380
890	3209	332
891	2240	215
893	1963	238
898	1711	552
899	3833	397
899	3833	561
903	3376	498
907	3633	436
908	2763	316
912	1833	406
914	1768	249
920	3739	571
921	3347	408
923	3309	558
925	3490	265
925	3490	492
928	4061	261
933	3663	215
934	3389	287
940	3762	494
943	2213	300
953	4040	770
956	2363	200
960	2943	182
960	2943	163
964	2978	594
970	2182	311
971	2206	476
972	4288	370
981	1892	461
986	4056	370
993	2899	384
996	1249	243
997	2890	226
1001	4117	262
1001	4117	346
1003	2587	318
1007	1851	320
1009	3055	335
1014	2966	185
1017	3104	508
1029	3046	533
1031	3384	455
1032	3443	266
1038	3252	301
1040	1300	290
1041	2539	298
1044	1342	287
1047	2435	554
1055	3797	561
1056	4348	200
1057	2859	369
1059	2011	509
1065	4232	193
1065	4232	545
1067	2900	417
1069	1318	315
1071	4338	414
1076	3522	536
1080	2031	337
1085	2320	319
1088	1858	206
1089	3237	539
1090	3989	580
1098	3705	537
1105	2918	455
1109	1858	336
1113	2640	491
1114	3354	366
1117	2378	352
1121	4134	432
1122	3511	450
1123	3054	268
1136	4403	515
1143	3054	416
1149	2422	567
1151	4206	575
1153	3083	532
1157	4286	529
1159	1687	215
1165	2782	312
1166	3949	448
1166	3949	588
1174	2723	463
1178	2335	483
1183	1686	298
1184	3171	396
1189	3641	562
1193	2390	185
1197	4315	358
1197	4315	326
1200	3448	491
1205	3314	377
1206	2029	315
1212	3258	576
1213	4289	825
1216	1863	456
1220	3229	482
1222	3787	243
1229	4056	267
1231	2533	336
1232	4379	769
1236	1745	318
1237	3555	538
1241	3159	468
1243	1303	216
1245	3956	373
1254	2492	430
1256	2785	401
1257	4056	267
1260	2808	468
1261	4075	533
1262	1559	300
1264	2838	397
1265	1299	295
1266	1604	483
1268	2315	190
1268	2315	258
1273	2413	297
1275	1880	402
1278	2808	204
1283	4367	527
1291	3459	562
1292	2328	364
1297	3134	505
1298	3157	420
1299	2284	364
1303	2646	158
1303	2646	149
1303	2646	178
1305	1854	317
1306	2175	291
1310	3922	842
1312	4256	439
1312	4256	445
1315	2220	646
1316	1855	270
1317	1804	185
1323	3479	284
1325	2497	216
1328	3167	238
1330	1937	431
1336	3552	274
1342	3126	424
1346	1344	339
1348	3380	534
1349	2240	318
1352	3291	386
1358	2855	330
1358	2855	315
1359	2917	362
1364	2338	421
1370	2280	339
1373	893	388
1380	2018	211
1382	2105	185
1382	2105	250
1384	2246	314
1385	3199	369
1387	2336	193
1387	2336	265
1394	2763	444
1395	3276	517
1396	2752	278
1404	1744	200
1405	3975	298
1405	3975	492
1412	3648	321
1412	3648	211
1416	1942	280
1420	3088	317
1420	3088	301
1422	2668	345
1424	2040	309
1426	1149	256
1429	2692	346
1434	2838	328
1434	2838	374
1436	3739	319
1438	1620	226
1441	3526	370
1446	2040	534
1447	3980	377
1452	3380	536
1457	2169	263
1459	2368	284
1465	2268	333
1468	2071	238
1472	2314	257
1472	2314	272
1477	2916	544
1478	4443	200
1481	2765	450
1483	2182	242
1484	2613	358
1487	3644	337
1504	2815	226
1507	4696	297
1507	4696	275
1515	2867	325
1535	2597	293
1538	2942	513
1540	3886	240
1540	3886	574
1543	2604	454
1548	2273	305
1551	2893	340
1552	2700	222
1553	4685	328
1558	4119	266
1560	2506	410
1571	2204	233
1572	3322	299
1578	3826	517
1581	3880	760
1585	3944	344
1585	3944	243
1587	4769	482
1595	1962	215
1596	2647	469
1604	4271	238
1605	3179	298
1605	3179	233
1609	2615	297
1613	1814	185
1630	3328	366
1637	2390	319
1640	3385	524
1659	3266	243
1691	2457	244
1692	2471	529
1694	2534	334
1695	3315	324
1696	5367	363
1696	5367	407
1705	3601	279
1709	5430	531
1738	3920	262
1740	1939	290
1745	1621	206
1746	2711	368
1751	3193	497
1760	1951	200
1763	1960	316
1766	2426	249
1775	4347	550
1780	5452	294
1781	2265	301
1783	5187	540
1783	5187	542
1789	1361	211
1792	2849	361
1801	2542	360
1803	3720	576
1806	2467	303
1816	2750	326
1817	3805	514
1818	2979	331
1821	3163	597
1825	1618	488
1827	2464	185
1827	2464	224
1828	3065	385
1831	1107	227
1836	3603	227
1845	3383	492
1849	2025	460
1853	4588	515
1856	1883	302
1859	1989	244
1866	1993	504
1869	2638	531
1873	3191	331
1873	3191	249
1877	2085	313
1881	4668	498
1881	4668	573
1882	2391	399
1885	2193	314
1889	3272	327
1892	2728	424
1893	3633	185
1898	3662	342
1905	1385	211
1907	4099	399
1907	4099	155
1910	2630	508
1913	1669	313
1914	2783	507
1917	3630	663
1919	1825	266
1922	2731	438
1930	3334	406
1931	4523	554
1933	2327	303
1937	1701	315
1939	2271	379
1941	3600	483
1942	2963	477
1943	3649	417
1944	4051	530
1951	3231	260
1952	2519	268
1964	3324	464
1965	1469	274
1971	2148	403
1980	3761	318
1981	2478	362
1983	1912	328
1991	4330	500
1996	2626	361
1997	2443	392
1999	2458	228
1999	2458	234
2002	4256	381
2004	2380	517
2005	2838	286
2006	2032	384
2009	3590	537
2015	3387	535
2016	4736	488
2019	2306	318
2022	3601	479
2027	2153	490
2033	3455	523
2035	2270	503
2036	4014	494
2036	4014	568
2038	2438	266
2039	2815	541
2040	1990	517
2042	4249	510
2043	2652	346
2045	3071	535
2054	2062	292
2060	3070	453
2065	2412	185
2069	3066	213
2069	3066	404
2070	2443	425
2074	2187	227
2080	4250	469
2080	4250	475
2085	4189	568
2087	2278	347
2091	3230	375
2094	3516	591
2098	2413	478
2099	5327	565
2103	2123	200
2106	2944	275
2109	1971	326
2111	2761	206
2118	3390	541
2129	3898	361
2129	3898	394
2131	1844	200
2141	4483	305
2141	4483	463
2142	3928	247
2142	3928	246
2144	3730	431
2149	2646	254
2154	2634	524
2156	2857	304
2161	2553	363
2162	4485	404
2162	4485	577
2165	2704	357
2165	2704	282
2168	2918	547
2173	3407	517
2175	3197	499
2177	3372	729
2179	4295	507
2181	4314	453
2181	4314	396
2185	2660	200
2187	4344	559
2189	4960	639
2190	2805	546
2191	2345	206
2192	3823	463
2192	3823	439
2193	3483	584
2200	3754	357
2204	4008	126
2204	4008	233
2213	3827	552
2214	3112	513
2217	4887	526
2217	4887	274
2221	3284	157
2221	3284	240
2223	2484	293
2229	3441	484
2230	3703	253
2233	3080	453
2233	3080	460
2234	3120	312
2234	3120	279
2242	3383	466
2246	1905	320
2251	2237	271
2260	2974	560
2261	2886	497
2264	3429	568
2267	2932	242
2270	3678	576
2273	2735	365
2274	2600	296
2274	2600	330
2284	4533	553
2286	3914	492
2292	1245	211
2294	2580	323
2301	2812	196
2301	2812	232
2312	4577	480
2312	4577	527
2313	3542	615
2314	3286	637
2315	3141	535
2318	3754	486
2320	2916	413
2325	2598	259
2331	4554	333
2333	1285	273
2341	1697	281
2342	4116	398
2343	3046	227
2344	3839	387
2350	3924	364
2350	3924	473
2353	2420	399
2355	2621	489
2359	1830	282
2361	4838	531
2361	4838	503
2365	2734	480
2367	2378	364
2369	3778	497
2373	3092	505
2377	2931	488
2378	3934	621
2403	1923	222
2406	3078	496
2412	2994	306
2414	1817	315
2418	3025	537
2421	3301	509
2426	4066	371
2429	3444	434
2442	4483	185
2442	4483	349
2443	2225	456
2452	1643	524
2457	4218	431
2461	2639	287
2464	4923	367
2469	2778	249
2471	2623	543
2494	2492	374
2495	2662	405
2514	2206	283
2518	2412	227
2525	1639	374
2529	1983	206
2529	1983	316
2543	2134	288
2548	2901	482
2551	3798	574
2559	3968	270
2561	4319	553
2565	2508	375
2567	2100	222
2570	3024	408
2574	3607	332
2581	3062	496
2584	2089	280
2585	2990	211
2587	3288	410
2596	2609	301
2601	2909	553
2603	2062	391
2604	3737	586
2609	2874	465
2611	2151	308
2618	2414	185
2631	3366	502
2633	3307	210
2635	2563	308
2641	3087	363
2648	2384	332
2652	1285	211
2658	2492	365
2661	2936	380
2663	4743	493
2671	3475	571
2672	4690	420
2672	4690	496
2673	3081	463
2675	3213	369
2678	2418	330
2681	2616	273
2683	4007	588
2687	4597	558
2693	5041	280
2694	2130	335
2705	3638	442
2709	4070	524
2712	2412	328
2718	1685	326
2719	1978	308
2720	3348	491
2728	4363	570
2728	4363	324
2733	2793	305
2737	2556	244
2739	3999	304
2741	4665	550
2741	4665	373
2743	2112	334
2744	1534	348
2746	3312	429
2748	2613	185
2748	2613	298
2760	2657	403
2763	2383	234
2768	2106	287
2771	2904	278
2772	2331	278
2773	3054	562
2777	2863	326
2781	4879	297
2781	4879	310
2784	2184	281
2789	1699	328
2790	1486	428
2796	2817	316
2796	2817	157
2798	3406	319
2803	1959	261
2805	3374	241
2805	3374	229
2806	2606	161
2806	2606	171
2809	3279	325
2810	2195	279
2811	1537	284
2812	2511	314
2814	2682	360
2821	3130	372
2825	2238	250
2828	3031	278
2828	3031	248
2831	1861	211
2836	2544	272
2837	2061	200
2838	2611	328
2839	2579	339
2841	1882	227
2843	3436	487
2851	3507	233
2856	2023	389
2861	2254	347
2867	2428	484
2868	1621	278
2870	2969	380
2872	4187	284
2873	1678	292
2878	2787	294
2878	2787	225
2881	2853	250
2882	2198	187
2882	2198	175
2883	1950	353
2884	2701	307
2884	2701	245
2887	2659	489
2888	2554	267
2889	1716	302
2890	2522	498
2894	2112	283
2895	3167	341
2896	1634	307
2897	2387	297
2907	2458	211
2909	2209	278
2913	2357	394
2914	2700	395
2915	2724	256
2915	2724	232
2917	2743	186
2917	2743	305
2918	2675	344
2919	2349	263
2919	2349	472
2920	2541	293
2922	2620	309
2927	2690	508
2928	1228	291
2929	1412	185
2931	3775	322
2933	2319	354
2937	2556	236
2938	2132	227
2940	2804	341
2941	2522	365
2943	3256	422
2952	3925	437
2953	3743	227
2953	3743	363
2965	2720	285
2970	613	221
2972	2749	372
2972	2749	272
2974	2423	232
2977	2721	211
2978	3022	234
2979	2194	261
2987	3080	185
2991	1899	297
2992	1838	206
2996	4187	301
3005	2629	309
3013	3625	170
3013	3625	273
3015	1741	310
3019	3003	227
3025	1167	271
3031	2059	211
3033	4407	499
3039	2025	262
3039	2025	214
3041	1643	222
3046	3960	276
3049	2445	307
3051	2807	185
3056	2076	282
3057	2427	315
3061	2446	322
3062	2118	185
3065	2592	304
3069	3143	244
3070	2401	206
3075	2970	497
3076	5511	564
3080	4222	609
3085	2046	342
3086	3597	416
3089	2343	256
3106	1403	330
3109	3043	429
3110	3856	227
3116	1757	291
3122	5054	548
3125	2528	232
3127	5057	580
3133	1866	294
3135	2302	200
3135	2302	253
3136	3653	609
3138	2996	274
3138	2996	314
3140	5258	520
3142	3873	538
3145	2626	323
3148	1442	270
3156	3053	393
3159	1806	261
3160	1827	330
3161	2841	282
3163	2703	538
3168	2758	372
3172	2346	303
3173	1929	286
3175	2157	508
3178	1919	244
3179	5881	401
3179	5881	431
3180	2494	320
3185	1486	233
3186	2528	331
3188	2959	222
3197	2135	304
3208	1347	284
3209	3329	331
3210	2272	345
3211	4019	510
3211	4019	552
3216	4529	438
3216	4529	274
3223	2477	461
3231	3149	461
3232	3800	490
3234	2830	290
3235	1792	486
3237	2548	381
3241	2653	209
3241	2653	243
3243	3742	394
3243	3742	254
3245	2532	397
3245	2532	316
3247	2790	185
3250	3434	534
3251	2298	136
3251	2298	312
3253	4453	359
3254	2180	347
3255	4269	716
3261	2937	555
3265	3986	501
3270	5014	569
3271	2950	387
3271	2950	170
3272	2322	403
3273	2937	360
3274	2739	359
3274	2739	301
3280	2017	504
3284	4554	158
3284	4554	229
3285	2659	280
3286	1931	579
3288	4888	496
3288	4888	497
3292	4818	253
3296	2816	295
3302	2743	295
3304	4143	284
3308	4014	548
3308	4014	484
3317	3294	676
3319	2522	227
3329	4295	481
3332	3812	506
3335	3916	286
3337	2117	332
3339	1710	315
3342	2538	312
3343	2492	547
3344	2208	227
3346	2761	362
3353	4046	367
3357	1710	320
3359	3291	510
3362	3175	358
3362	3175	401
3365	2165	292
3368	2697	253
3369	5685	534
3369	5685	574
3370	2004	315
3371	3423	460
3375	2447	595
3380	2634	345
3382	2024	268
3384	4623	227
3387	1147	321
3392	4252	296
3392	4252	244
3393	1361	297
3394	2229	185
3398	2353	327
3398	2353	200
3400	2277	353
3401	1471	375
3404	4242	466
3404	4242	379
3417	3031	375
3418	2900	499
3419	3104	528
3420	2194	389
3422	2299	243
3426	2391	569
3428	6964	555
3430	2663	290
3435	3606	532
3440	5073	560
3444	2219	368
3445	5804	254
3445	5804	370
3446	3243	371
3446	3243	234
3449	4212	611
3449	4212	463
3450	2676	336
3456	1781	316
3459	2199	323
3462	5051	346
3462	5051	396
3463	2072	273
3472	1391	331
3475	1022	296
3476	2324	295
3476	2324	294
3478	2135	328
3478	2135	256
3479	1841	287
3480	1753	335
3482	2463	488
3483	3002	492
3487	2869	538
3488	3530	257
3491	2708	370
3494	2839	319
3494	2839	215
3497	2107	211
3499	2796	211
3504	2392	437
3506	3089	333
3506	3089	331
3507	2477	319
3508	3850	646
3509	5022	544
3509	5022	565
3513	3818	340
3513	3818	389
3517	2550	185
3522	2338	165
3522	2338	449
3523	1643	280
3526	5299	278
3528	4996	404
3530	2826	252
3530	2826	299
3543	4824	508
3543	4824	472
3544	1960	302
3547	4749	325
3547	4749	297
3550	2756	547
3553	2805	266
3554	4315	595
3554	4315	245
3556	2669	251
3558	3165	405
3559	4240	261
3559	4240	363
3564	2417	356
3569	2606	396
3570	2420	346
3573	2399	315
3575	1739	227
3578	2621	337
3580	1347	271
3585	4312	511
3585	4312	536
3590	1677	310
3591	2575	244
3592	2970	574
3601	2508	325
3609	2415	377
3611	1521	271
3612	3717	424
3615	3889	522
3615	3889	506
3616	2046	313
3619	3581	475
3622	3153	232
3624	2967	304
3624	2967	290
3628	3558	185
3630	2977	185
3630	2977	509
3633	3972	267
3633	3972	467
3634	2263	300
3634	2263	280
3637	2719	262
3637	2719	234
3639	2476	389
3640	2582	480
3641	2454	500
3643	2384	236
3644	1921	216
3646	2626	325
3648	3378	529
3654	2166	366
3655	1985	185
3656	4224	536
3656	4224	588
3658	2816	511
3660	2244	422
3661	2093	365
3663	2557	216
3669	2002	185
3670	1529	353
3681	3598	211
3681	3598	416
3686	3200	237
3689	2686	216
3690	2913	485
3692	904	235
3695	2519	358
3695	2519	234
3696	1571	388
3699	1813	317
3701	2008	288
3703	1818	447
3708	2277	512
3711	3482	496
3715	2234	300
3717	2394	371
3720	5764	249
3721	2204	400
3722	3476	512
3723	1350	248
3728	4310	543
3728	4310	330
3730	3619	359
3731	2698	366
3732	2743	289
3737	2585	557
3744	2244	449
3745	2122	325
3755	3079	368
3758	2118	340
3760	2949	438
3761	2397	242
3768	2222	304
3776	4640	338
3779	2406	378
3787	2239	580
3788	2011	273
3790	1935	309
3791	2188	319
3794	3639	392
3795	2323	354
3796	2657	581
3802	1849	274
3805	1938	329
3809	2970	273
3809	2970	227
3813	2418	150
3813	2418	322
3817	896	221
3821	2968	346
3822	1765	297
3824	2989	620
3828	1884	297
3829	2222	353
3830	3300	331
3833	1789	298
3838	2249	304
3843	1569	206
3843	1569	185
3852	2794	227
3856	2582	336
3867	2740	319
3867	2740	185
3871	3179	215
3871	3179	185
3872	4046	534
3874	3047	330
3874	3047	266
3882	2383	293
3885	2432	233
3886	2228	291
3892	2963	308
3899	1656	250
3900	3439	371
3902	2871	227
3902	2871	366
3905	2394	243
3908	3259	352
3909	3340	185
3911	1314	280
3912	3023	317
3919	1753	316
3920	3725	309
3920	3725	356
3923	2745	420
3925	1395	233
3927	3423	263
3927	3423	259
3928	2818	305
3929	1713	227
3930	2221	294
3935	1976	215
3938	2944	376
3938	2944	327
3945	4143	511
3950	2777	185
3952	2405	288
3959	2732	479
3960	3112	260
3960	3112	336
3964	4196	230
3972	4038	491
3973	1235	253
3974	2159	284
3979	2976	292
3980	3654	377
3984	2167	326
3990	2617	232
3997	3294	156
3997	3294	524
4000	3509	203
4000	3509	149
4001	1681	185
4008	2226	663
4014	3691	385
4015	4023	400
4018	1776	381
4021	2490	326
4024	1253	293
4026	2444	251
4031	2068	337
4032	3028	312
4043	3374	315
4043	3374	316
4044	3851	278
4046	3404	451
4046	3404	465
4049	2000	236
4050	2249	365
4062	2851	267
4074	3856	424
4075	4135	306
4082	3131	458
4084	3772	501
4087	3551	299
4087	3551	276
4088	3497	467
4088	3497	288
4090	3101	185
4102	2506	320
4103	3929	326
4104	3556	471
4111	2758	624
4112	4562	498
4113	3217	298
4115	2532	185
4117	3925	541
4117	3925	489
4118	1883	309
4120	2155	256
4125	2256	292
4126	2713	391
4128	4378	278
4134	2687	243
4134	2687	211
4135	2343	345
4138	2247	338
4140	4176	518
4142	3130	267
4146	2548	185
4149	2697	475
4152	3182	596
4154	1605	234
4155	3395	341
4156	3799	526
4164	1782	267
4170	2799	330
4173	1709	343
4178	2751	222
4182	3241	268
4184	3229	222
4186	2986	408
4193	2136	274
4195	3266	380
4197	3144	392
4197	3144	292
4206	3212	366
4208	2749	314
4209	4473	146
4209	4473	169
4212	3353	483
4215	1410	227
4218	2780	354
4220	3612	357
4220	3612	448
4232	3357	510
4235	2604	347
4244	3509	278
4247	1428	340
4267	2040	200
4268	1800	286
4273	3428	355
4278	2408	338
4284	2499	250
4286	3563	494
4287	2586	251
4288	2535	502
4289	1803	250
4292	2114	472
4295	2858	313
4299	3147	215
4302	3194	542
4304	2264	333
4305	2195	290
4308	2359	390
4309	3339	332
4309	3339	349
4310	3106	355
4315	1773	327
4316	1867	286
4326	1839	259
4330	1962	325
4332	4655	477
4334	3235	439
4335	1964	279
4336	3182	297
4338	2725	304
4341	3314	251
4343	2117	274
4346	3100	474
4348	3323	294
4348	3323	259
4357	2703	480
4359	1612	226
4364	2504	283
4366	1632	233
4389	2929	239
4390	4504	442
4392	2088	430
4396	2431	206
4401	3040	611
4407	3973	266
4411	3258	540
4413	3277	566
4415	3212	562
4418	4464	200
4426	2858	331
4429	3736	330
4429	3736	373
4436	2800	528
4437	1829	456
4442	3111	358
4443	2971	365
4444	2518	184
4444	2518	193
4447	2703	186
4447	2703	141
4447	2703	194
4450	2745	185
4451	3442	320
4460	4384	437
4467	3120	446
4499	2160	286
4501	3154	371
4504	2153	252
4508	3987	527
4510	3194	539
4512	2616	159
4512	2616	202
4514	2747	278
4517	2786	221
4521	3409	476
4525	3953	606
4526	3703	567
4530	2572	307
4532	2827	575
4535	3142	262
4535	3142	315
4536	4237	642
4537	2171	243
4541	3153	584
4553	2791	288
4555	2711	280
4555	2711	391
4557	2612	311
4557	2612	305
4558	1502	290
4560	1916	236
4563	1464	200
4567	2424	211
4570	2727	541
4572	2433	215
4573	3194	492
4575	1933	352
4580	2924	334
4585	4059	553
4590	3087	555
4594	2984	290
4597	2396	367
4599	4083	289
4600	1660	200
4604	3333	557
4606	2356	456
4611	2464	358
4612	1292	288
4621	2165	242
4624	2631	570
4632	1716	200
4638	4236	222
4641	3421	428
4642	5275	317
4642	5275	199
4653	1656	315
4658	3115	337
4662	2325	229
4665	2695	548
4666	4155	605
4669	2064	200
4671	2576	250
4674	2332	293
4677	1850	303
4680	2575	332
4681	2677	308
4685	1470	297
4686	2811	552
4692	2372	347
4694	3064	298
4696	2201	368
4700	3809	365
4704	2559	285
4708	2710	378
4709	1883	250
4710	1658	256
4719	2683	185
4720	5293	309
4721	2749	285
4721	2749	197
4722	3240	272
4730	2761	321
4739	2219	337
4740	1940	185
4746	3120	284
4755	3531	291
4755	3531	347
4758	2658	341
4768	2313	365
4770	4456	494
4770	4456	485
4771	2436	368
4783	3004	271
4789	2454	360
4791	3549	584
4792	2652	385
4796	1832	369
4799	4575	354
4802	2458	367
4805	2439	262
4805	2439	331
4812	4076	383
4812	4076	494
4816	3843	602
4820	1782	372
4824	2548	373
4826	2418	345
4827	1596	286
4829	2739	622
4833	3351	448
4845	2826	281
4848	2609	200
4850	2025	456
4857	3086	568
4858	2225	185
4859	2304	320
4862	3435	498
4868	2426	367
4873	4451	588
4876	2580	291
4877	2565	557
4879	1629	261
4881	2591	382
4882	2727	329
4884	2002	528
4888	2329	206
4889	2289	270
4892	4168	390
4895	2078	535
4905	2140	455
4915	3685	578
4918	4131	380
4918	4131	191
4921	4700	573
4926	2837	391
4929	3141	370
4936	2400	255
4937	2922	525
4939	1423	253
4942	4669	344
4944	4553	510
4945	3976	772
4951	4803	464
4951	4803	291
4954	4836	616
4957	3536	293
4959	2319	434
4962	2127	185
4966	3366	329
4978	3924	290
4981	3174	157
4981	3174	196
4992	3429	404
4996	3582	253
5002	2750	576
5005	2899	499
5009	2093	227
5014	4054	636
5023	3233	462
5029	1288	251
5034	4619	538
5038	2128	306
5040	3515	277
5040	3515	313
5045	3347	313
5047	2518	505
5058	2530	353
5062	2350	484
5075	4601	185
5078	3989	327
5092	4957	453
5095	2493	283
5099	3665	256
5101	1777	305
5104	2854	517
5112	4257	298
5121	3138	292
5122	2701	345
5126	2321	519
5135	4331	461
5136	3130	260
5150	2317	337
5153	2080	216
5160	3641	301
5162	3781	271
5165	3229	483
5167	2806	503
5168	2462	517
5180	2764	238
5191	2464	211
5194	2611	200
5218	1474	216
5227	2904	416
5230	4810	355
5235	3550	581
5238	1931	394
5239	2052	227
5243	4201	316
5243	4201	381
5244	2219	456
5247	3462	507
5249	2271	403
5250	3515	243
5260	3344	456
5260	3344	396
5261	3173	586
5262	3294	542
5270	1812	185
5273	3418	318
5274	3011	215
5275	4291	427
5275	4291	548
5276	3897	351
5281	4378	439
5281	4378	587
5291	3848	206
5294	2737	409
5296	3474	404
5297	3083	215
5297	3083	295
5299	3044	185
5303	3167	403
5309	4647	474
5310	2437	568
5317	2652	271
5317	2652	351
5319	2355	261
5320	3987	503
5323	3811	619
5328	2305	328
5331	2636	323
5332	3496	557
5332	3496	355
5335	2528	519
5336	4617	621
5337	2159	215
5338	3251	325
5339	1956	185
5344	3858	579
5347	3814	430
5350	3648	369
5354	2272	438
5363	3588	590
5364	2785	331
5365	3627	533
5374	3435	414
5374	3435	357
5379	4019	344
5380	3780	290
5382	4457	646
5386	2899	511
5387	2660	359
5388	3061	579
5395	1798	274
5402	3798	340
5405	2657	250
5407	2584	466
5410	4869	215
5415	4310	574
5415	4310	206
5418	3887	488
5418	3887	272
5421	2945	257
5431	2905	384
5437	3259	329
5444	2888	494
5445	3587	585
5452	5005	329
5460	4215	580
5461	2035	338
5463	2678	605
5474	3078	595
5477	2431	339
5480	2459	417
5483	3729	396
5488	2672	451
5497	3471	398
5507	3823	521
5510	2229	527
5517	3778	351
5520	3490	370
5524	3341	352
5525	2684	577
5532	2326	511
5536	3605	668
5541	2941	267
5544	2448	303
5547	3684	412
5550	3370	377
5563	3234	601
5583	3779	618
5584	2201	211
5591	4393	379
5592	2663	185
5594	3152	599
5603	2512	286
5607	2917	387
5608	2622	256
5608	2622	321
5612	1500	365
5613	2498	578
5622	3597	200
5627	3803	387
5630	3182	239
5636	2208	341
5637	4448	540
5637	4448	427
5639	3266	518
5645	3002	668
5646	4376	467
5647	1898	499
5655	2560	525
5662	2773	389
5665	3209	482
5673	2480	554
5675	4557	564
5675	4557	501
5677	3181	345
5682	1668	215
5687	3691	401
5687	3691	373
5690	2422	139
5690	2422	503
5693	2426	533
5708	3244	264
5708	3244	292
5719	2189	185
5720	2826	407
5724	4567	282
5724	4567	495
5725	1367	307
5727	3011	346
5732	2739	364
5740	2812	410
5741	3568	535
5744	2061	364
5749	3243	286
5749	3243	349
5759	2074	322
5760	1739	263
5765	3917	239
5765	3917	154
5766	4787	310
5768	2694	200
5771	4241	417
5772	1861	252
5773	1879	392
5774	2420	499
5778	1665	215
5780	2967	307
5782	2806	341
5784	2414	341
5785	3068	503
5786	2356	308
5789	4834	266
5796	1939	382
5801	2750	211
5801	2750	319
5803	2435	206
5816	1143	216
5822	1799	227
5838	1790	371
5839	2536	305
5843	3138	211
5846	4646	262
5846	4646	391
5848	2135	355
5851	3309	242
5851	3309	398
5852	2171	550
5854	2482	206
5859	3619	371
5859	3619	428
5861	2910	451
5862	2748	276
5862	2748	304
5865	1377	268
5866	2371	222
5871	2752	200
5874	2317	185
5885	2210	397
5886	2565	404
5889	3739	330
5889	3739	555
5893	2286	276
5894	4982	506
5896	915	185
5898	2762	386
5899	2981	273
5901	2945	181
5901	2945	304
5903	2949	365
5904	2969	242
5918	1935	326
5920	3077	410
5921	2555	275
5922	2347	372
5923	1987	313
5925	2483	313
5926	2855	427
5931	2176	266
5935	1741	262
5937	1642	318
5938	1702	267
5949	3420	390
5950	3489	249
5950	3489	290
5964	3594	289
5968	2029	480
5969	1496	185
5970	3730	238
5974	3551	308
5975	2285	384
5981	1769	359
5984	5347	553
5986	3784	590
5992	4048	411
6001	2762	340
6005	2137	309
6006	3079	424
6010	1808	291
6011	3196	334
6013	2909	378
6014	4701	854
6015	3319	315
6019	2727	393
6019	2727	274
6021	4557	493
6021	4557	529
6022	3255	185
6029	1111	227
6030	1989	345
6031	2565	272
6035	2919	307
6038	2977	320
6039	2339	321
6039	2339	309
6040	4742	474
6041	2844	268
6044	4037	321
6044	4037	390
6048	5625	538
6049	5178	627
6052	3662	544
6053	4049	509
6055	1527	355
6056	2898	380
6063	4190	581
6065	2907	349
6066	2447	286
6066	2447	283
6068	1593	263
6070	3701	400
6072	4451	230
6073	1816	214
6073	1816	238
6078	2797	606
6080	4069	481
6083	4606	513
6084	3505	537
6087	2808	211
6090	3395	455
6092	2932	269
6096	4510	529
6096	4510	426
6097	4968	503
6097	4968	451
6098	4519	623
6102	3028	464
6104	4175	555
6107	3463	644
6108	4238	593
6111	3369	494
6112	4674	523
6123	4934	576
6123	4934	593
6125	4121	569
6130	4374	563
6131	3288	215
6136	1768	185
6144	2163	358
6149	2615	305
6152	2919	495
6153	6047	503
6153	6047	569
6155	2426	386
6159	2682	547
6162	3843	639
6164	5463	567
6167	4386	480
6170	3290	618
6172	3044	184
6172	3044	128
6173	2933	233
6175	3447	315
6176	2374	458
6177	4881	345
6177	4881	549
6181	2530	608
6183	3988	567
6185	1894	238
6186	3920	185
6186	3920	510
6187	5643	537
6192	2413	167
6194	2627	435
6197	5467	335
6198	4502	423
6198	4502	248
6203	4970	574
6203	4970	537
6204	2326	365
6209	4853	557
6209	4853	552
6210	2378	433
6211	4630	529
6211	4630	506
6212	3501	600
6215	2922	350
6216	4330	328
6220	3206	533
6229	2532	384
6230	3526	571
6239	4873	479
6242	4239	227
6244	3925	547
6255	4066	572
6261	2432	241
6276	4560	358
6278	3027	458
6283	3697	491
6285	3727	356
6323	3405	410
6328	2326	375
6335	2685	435
6338	4599	200
6338	4599	145
6341	2277	347
6352	5569	576
6360	5347	354
6369	4042	546
6385	4180	572
6391	2652	238
6395	2833	243
6403	3977	374
6415	4941	416
6418	2656	260
6423	4565	593
6423	4565	307
6424	3466	261
6425	3516	438
6430	4070	626
6430	4070	302
6443	3691	369
6443	3691	279
6451	3926	191
6451	3926	149
6461	4367	392
6462	2105	540
6463	4838	540
6464	3507	531
6466	3267	561
6467	4071	426
6468	3004	329
6472	5597	384
6472	5597	523
6473	5882	543
6473	5882	489
6478	4156	656
6480	2402	582
6481	3662	518
6485	3372	333
6488	4188	439
6489	2720	372
6492	3558	551
6493	4012	550
6494	4235	478
6494	4235	200
6498	2483	430
6500	3742	532
6503	2812	339
6503	2812	263
6508	1475	561
6511	1724	307
6512	3152	379
6515	5007	492
6515	5007	508
6516	1893	286
6523	3509	332
6526	3281	535
6530	2534	206
6530	2534	241
6531	2854	469
6532	3325	359
6533	4099	474
6539	2525	185
6541	2907	585
6545	2128	254
6551	5410	360
6557	2970	341
6563	2579	248
6563	2579	255
6564	2669	226
6564	2669	408
6565	3807	487
6569	2029	320
6570	3020	329
6574	2553	232
6576	3096	345
6591	2018	185
6595	3813	316
6598	4165	364
6599	3067	206
6600	4123	481
6606	3968	329
6607	2496	505
6610	2229	553
6611	3083	290
6612	4814	522
6614	5147	530
6619	3707	530
6620	5359	413
6621	3700	570
6626	3014	572
6627	4134	543
6627	4134	304
6632	4760	263
6632	4760	531
6635	4899	543
6636	4221	516
6637	3568	232
6644	3454	425
6644	3454	464
6646	4095	303
6654	4051	480
6668	2585	264
6670	4593	323
6673	4844	477
6674	3928	215
6676	4089	468
6678	5377	301
6679	4123	575
6681	2354	284
6684	2817	598
6687	2103	315
6692	4212	573
6695	2663	387
6696	3592	354
6701	2718	305
6706	2496	290
6717	2220	322
6721	2795	299
6722	2917	527
6723	5469	430
6723	5469	232
6727	1933	227
6729	3815	671
6740	4695	470
6741	5834	241
6741	5834	310
6742	1805	304
6744	2701	389
6747	3090	346
6756	2069	271
6759	2713	220
6759	2713	235
6760	1883	270
6770	2699	638
6772	2789	372
6780	2755	342
6786	1657	330
