0	13176	27125
1	2235	406
5	3363	466
7	2205	410
9	2271	365
10	3669	321
10	3669	397
11	1115	305
13	2290	285
17	1609	327
20	3642	592
22	3515	508
22	3515	553
24	2311	370
28	3140	417
33	1409	348
36	1450	382
38	2544	317
38	2544	355
40	3446	362
41	2763	610
42	1652	414
46	3310	497
47	1804	222
50	1842	211
50	1842	262
53	2035	378
55	2399	369
58	3797	493
58	3797	420
59	1684	310
67	2627	362
67	2627	209
68	933	189
72	2872	685
75	3215	565
82	4260	588
83	2899	301
84	4153	547
88	3395	841
89	2916	510
91	2398	524
95	3469	593
96	2254	318
97	1979	307
97	1979	298
101	3024	569
105	3611	387
106	2248	402
112	1976	493
113	2572	507
116	1764	279
116	1764	306
118	3061	347
119	2243	326
119	2243	221
120	1802	226
126	3507	588
127	2695	489
130	2856	572
131	3444	495
135	3406	599
137	4059	501
140	2074	282
140	2074	295
142	4274	517
145	2143	341
147	2314	783
149	1923	496
150	1984	180
150	1984	321
152	2308	355
154	4008	608
157	2387	454
162	3082	400
164	1971	328
166	1796	330
171	2500	561
174	2925	458
175	1712	320
176	1969	261
176	1969	263
177	1728	297
179	1945	555
180	1564	457
181	1780	366
182	2401	349
183	2773	594
187	2753	351
188	1369	280
192	1337	200
193	2525	275
193	2525	282
195	3593	479
195	3593	447
197	2993	531
199	2759	447
199	2759	158
200	2697	354
200	2697	314
201	2330	359
203	1633	221
205	3318	492
205	3318	567
209	1956	350
210	2402	555
211	1900	446
213	1451	272
214	2467	326
215	3738	248
215	3738	270
217	4102	500
217	4102	281
218	1654	264
219	3264	513
221	1375	248
222	1900	302
223	2433	313
223	2433	315
226	3168	588
229	2050	520
230	2285	474
231	2459	699
232	2157	470
235	3315	467
236	2767	517
238	3478	266
245	2822	656
249	2903	473
250	2477	540
252	2449	332
257	2444	493
262	2003	602
269	2593	454
270	3062	476
272	3203	320
272	3203	552
273	2153	618
275	2052	554
276	4049	733
279	2122	305
281	3090	538
283	3669	487
284	2493	576
294	3354	428
294	3354	456
295	1950	472
296	2119	497
298	3237	561
301	2592	743
303	3094	659
304	3531	717
305	1536	289
307	2268	522
312	3036	661
314	2195	306
318	2340	259
321	2125	433
323	2345	314
324	3013	546
325	2830	428
328	2114	344
338	1644	330
339	2122	552
345	2774	211
347	2865	487
348	2044	490
351	1965	242
354	2830	211
359	1662	352
362	2950	401
362	2950	472
363	2638	541
364	2544	542
374	1618	200
382	2810	443
383	3012	724
387	3194	287
388	3920	469
388	3920	247
390	3043	238
394	2203	320
403	2061	380
404	2383	483
405	1302	206
406	1497	159
408	2494	355
410	3289	477
416	1549	324
419	3362	316
422	2817	400
423	1594	380
426	2712	460
428	3303	185
432	1483	424
436	2961	548
437	2773	384
439	2371	582
440	3269	564
443	1699	128
444	2482	389
448	3332	550
449	1467	261
451	2741	413
452	1571	367
454	2196	314
455	2835	627
456	2675	468
463	3083	314
463	3083	590
468	3177	458
470	3071	521
476	2231	544
483	1737	348
494	4043	818
495	1711	472
497	1991	227
502	2752	457
503	3124	513
504	3037	549
506	3871	548
509	2285	516
513	3324	185
513	3324	586
516	2345	302
517	4171	561
517	4171	483
518	2966	585
520	1928	344
521	2563	249
528	2189	306
528	2189	206
529	2472	459
531	3304	497
531	3304	443
533	3074	306
536	2538	423
539	3876	534
540	2366	294
541	1890	464
544	2703	521
548	4200	610
549	3762	211
549	3762	349
550	2254	509
553	2321	408
554	1710	278
555	2872	527
558	2069	320
559	1857	334
562	3330	435
562	3330	125
562	3330	259
569	1721	437
572	924	227
575	2453	581
576	2417	647
578	2335	185
581	3464	342
582	2570	533
584	2770	318
586	1931	379
587	1768	408
590	2183	499
592	3379	343
597	1907	392
598	2108	211
604	3616	514
606	2981	435
607	3801	353
607	3801	262
608	1907	307
609	3361	476
609	3361	384
611	1928	211
619	2040	437
620	3352	529
621	3336	369
624	1955	517
626	1850	146
626	1850	129
629	2981	601
630	2563	325
633	1751	715
634	1226	249
645	1601	263
649	2331	428
662	2885	434
663	3300	684
664	2384	469
666	3078	501
667	2918	524
670	2635	342
671	2288	453
674	2655	446
677	3654	569
683	4007	431
683	4007	517
685	3202	316
688	2144	222
689	4108	791
694	1959	544
697	2439	409
701	4255	514
703	2633	313
705	2940	314
707	3135	562
712	3243	370
712	3243	215
713	2376	472
717	4007	759
721	2051	507
724	3457	578
725	2879	681
727	2899	355
729	2653	556
730	2008	464
733	1636	419
734	3587	315
740	3258	646
743	3173	347
743	3173	300
744	1482	317
747	2702	567
751	4026	556
755	2839	711
756	1970	263
757	3164	498
758	3948	506
758	3948	531
759	2267	309
762	3220	768
764	1381	482
767	2749	270
771	2302	335
775	2205	355
781	3072	418
782	2038	300
785	2666	516
786	3936	439
786	3936	393
788	3384	399
788	3384	488
789	3035	471
790	2302	326
791	2999	513
795	3129	544
798	2983	556
803	2918	572
805	2234	545
806	1512	457
807	1945	136
812	3081	610
814	2427	318
814	2427	278
819	2717	403
820	1542	333
823	1807	372
824	2262	385
827	2162	200
833	3915	626
833	3915	548
838	2503	440
840	2840	398
844	2714	349
844	2714	202
847	2112	312
848	3012	456
856	2367	318
856	2367	351
863	3113	279
863	3113	335
867	1839	318
872	3351	526
874	3817	473
877	2331	444
877	2331	446
879	2577	394
882	1662	267
883	2731	171
883	2731	236
887	2926	185
888	3335	539
895	1724	229
898	2449	312
899	2293	261
899	2293	292
900	2537	519
901	3302	570
902	3309	625
904	2479	375
904	2479	314
908	2734	375
909	3441	529
912	2187	452
914	2390	412
916	4033	458
917	3356	364
917	3356	457
918	2512	463
920	3718	410
922	1498	332
924	1918	411
925	1761	359
930	2628	786
933	3724	227
934	1350	282
939	3893	497
942	1884	555
944	2933	591
947	3035	526
950	3468	794
956	2277	359
957	1683	530
958	2138	317
964	3049	463
966	2984	476
967	3416	537
972	2144	275
974	1446	345
975	2222	532
979	3441	281
980	3617	482
981	2519	412
983	3584	390
983	3584	471
986	3001	487
987	3964	494
987	3964	478
990	2741	657
991	3342	779
993	1742	352
995	3266	434
997	3733	530
998	3254	312
998	3254	304
999	2389	503
1000	3643	452
1000	3643	366
1001	1760	324
1002	3128	282
1004	2702	314
1005	2481	503
1007	2331	551
1008	2199	274
1010	2626	548
1011	3382	443
1011	3382	389
1015	2594	574
1017	3298	674
1019	1995	272
1021	2143	594
1022	2559	572
1025	2197	834
1026	2811	375
1028	4006	536
1033	1818	197
1033	1818	191
1034	1677	396
1036	2066	367
1037	1617	284
1038	3146	782
1039	2046	493
1041	2623	340
1048	2144	296
1050	2592	218
1050	2592	326
1054	3320	452
1057	2975	354
1060	3903	551
1060	3903	302
1064	2840	322
1065	3087	222
1068	2929	316
1069	3040	576
1070	1777	250
1072	3968	510
1072	3968	575
1073	2004	389
1074	3749	539
1075	2218	435
1075	2218	188
1076	1898	298
1077	1947	363
1078	2413	255
1081	2692	402
1082	4096	414
1082	4096	576
1083	2217	568
1084	2699	514
1085	2505	435
1088	4042	280
1088	4042	341
1089	1509	327
1090	1963	542
1091	2450	378
1095	3046	519
1096	2425	425
1097	3342	529
1103	2559	257
1104	2689	357
1105	3056	685
1109	2018	483
1113	2791	470
1114	1971	215
1115	2477	258
1118	3121	617
1120	2642	283
1120	2642	429
1122	1713	392
1124	2345	304
1125	2519	521
1126	2875	563
1132	2979	599
1133	2257	309
1134	1934	471
1135	1947	416
1136	2946	368
1138	1972	200
1140	1764	339
1144	2538	315
1148	2779	309
1149	3277	634
1153	3535	538
1156	2267	541
1157	3084	471
1157	3084	300
1158	2719	425
1160	4153	699
1162	2070	552
1164	4128	372
1164	4128	265
1167	1384	215
1172	898	185
1176	1833	394
1178	3123	482
1179	1924	534
1184	1973	654
1188	1603	256
1193	3245	584
1195	2483	478
1196	4085	465
1197	3223	248
1198	3541	318
1199	4689	576
1199	4689	629
1201	2678	316
1205	2044	388
1208	3993	403
1212	2991	472
1215	2053	493
1222	3811	572
1224	4773	406
1225	3641	444
1227	2756	230
1231	2569	318
1234	4646	517
1234	4646	529
1235	2455	300
1236	2062	491
1239	878	211
1242	2551	463
1243	4166	261
1243	4166	242
1245	4284	390
1247	2460	331
1247	2460	349
1251	2443	394
1254	2692	393
1258	3931	565
1262	4622	748
1263	3057	335
1266	1532	313
1270	2718	654
1273	1802	442
1281	2957	561
1286	3592	642
1288	3410	383
1295	1914	200
1299	1419	284
1301	2396	273
1301	2396	326
1302	2328	319
1303	2265	374
1305	4760	598
1308	2597	307
1309	2388	276
1309	2388	347
1312	3720	571
1322	2454	598
1328	2380	286
1337	3002	591
1340	2738	576
1343	2546	395
1347	2923	554
1349	2065	258
1351	2515	513
1353	1939	332
1354	3995	314
1356	4482	602
1359	3255	571
1362	1032	293
1367	3141	345
1368	3076	388
1370	3270	260
1376	3074	550
1379	2146	480
1380	2565	185
1386	3574	762
1396	5328	468
1399	4608	469
1405	2354	516
1408	2135	415
1412	4504	772
1413	2170	232
1415	6454	200
1415	6454	170
1416	3269	537
1424	3932	569
1425	1685	157
1428	3422	626
1431	2753	416
1435	3385	251
1437	2298	248
1443	4689	423
1443	4689	242
1447	4114	306
1447	4114	549
1453	2570	432
1455	2790	536
1462	3083	443
1464	3453	315
1466	3806	486
1466	3806	513
1469	1505	448
1470	1497	256
1471	2204	260
1473	1065	288
1474	3383	400
1480	1540	457
1493	1933	422
1495	2376	414
1498	4526	159
1509	3581	197
1509	3581	486
1510	3246	570
1516	3353	529
1516	3353	227
1518	1527	185
1523	2681	329
1526	4738	200
1530	6546	530
1539	5233	368
1542	2894	312
1543	1727	251
1544	2420	414
1548	4039	662
1550	3156	206
1553	3689	284
1555	4230	378
1562	2327	524
1566	2246	300
1575	1440	248
1597	3273	292
1597	3273	183
1603	3066	361
1603	3066	218
1610	2278	302
1612	5028	347
1617	1408	336
1631	2562	163
1637	2827	318
1649	2040	480
1650	4981	246
1650	4981	731
1672	1491	461
1675	3102	668
1682	2175	295
1684	2769	293
1687	2356	273
1687	2356	359
1698	7749	333
1703	3451	468
1704	3228	211
1704	3228	288
1706	2719	269
1711	2635	481
1712	6368	511
1717	2646	502
1721	3865	424
1725	7542	278
1728	2174	273
1734	2507	454
1736	2431	351
1743	5055	619
1743	5055	606
1747	2901	359
1748	2209	569
1751	2562	451
1753	3921	520
1765	2196	349
1773	3274	435
1780	1863	250
1784	3737	508
1790	2366	238
1791	4194	275
1791	4194	431
1792	1794	342
1800	1979	200
1803	3445	519
1804	4781	460
1804	4781	227
1805	3457	459
1812	5332	614
1814	2885	383
1816	3477	502
1818	3686	370
1819	3945	500
1819	3945	354
1820	2614	580
1821	2333	281
1822	3166	445
1829	2885	326
1832	2149	266
1836	3244	530
1838	1693	564
1842	2101	281
1847	4185	265
1854	3173	698
1856	2317	433
1857	3419	494
1858	4226	578
1860	3566	520
1864	2496	355
1877	3420	221
1879	4208	468
1880	2285	422
1882	3750	561
1883	3888	501
1884	2461	327
1885	4408	375
1885	4408	481
1886	5646	253
1886	5646	180
1888	1783	339
1889	2358	260
1889	2358	210
1894	2166	383
1897	3165	508
1899	2691	316
1899	2691	320
1900	2491	185
1902	2622	499
1904	2434	464
1906	2968	502
1909	2051	200
1911	3112	419
1913	5248	458
1917	3208	298
1917	3208	366
1919	3808	272
1920	2264	499
1921	4140	443
1925	2210	300
1928	2732	283
1930	2522	472
1931	2303	493
1938	2424	344
1941	2122	507
1942	2589	445
1943	2562	185
1944	2574	288
1945	2815	243
1948	2045	296
1949	2611	261
1949	2611	321
1951	1428	244
1954	1777	279
1957	3487	404
1957	3487	438
1959	1800	258
1961	5821	454
1961	5821	442
1963	3354	491
1966	1482	350
1969	3104	334
1973	3671	367
1973	3671	508
1974	3780	262
1974	3780	534
1975	3158	260
1975	3158	286
1976	3837	420
1976	3837	498
1977	1529	216
1978	1675	344
1979	1834	265
1988	2699	356
1988	2699	214
1989	2764	200
1990	1641	307
1992	2895	528
1995	2882	296
1996	2288	469
2002	2726	185
2002	2726	268
2003	3805	461
2003	3805	423
2006	1868	255
2008	4356	438
2008	4356	476
2011	2150	234
2012	2495	291
2013	1963	200
2014	3597	200
2015	2383	216
2017	2748	272
2018	2643	313
2025	1719	215
2026	2577	283
2029	2957	412
2031	1510	277
2033	3973	704
2037	3110	440
2041	1462	185
2043	1343	335
2045	3160	750
2047	4161	490
2047	4161	531
2053	2338	221
2053	2338	293
2054	3870	627
2057	2049	540
2059	2346	256
2060	2354	200
2062	2096	583
2063	1531	395
2069	1798	185
2070	1898	326
2072	1804	469
2075	3875	282
2079	5263	394
2079	5263	532
2080	2595	613
2083	3836	317
2083	3836	308
2084	2137	365
2086	2290	500
2089	4123	492
2089	4123	521
2091	2084	365
2092	2188	220
2092	2188	349
2099	1955	313
2100	3603	346
2104	1937	377
2105	3591	511
2105	3591	507
2107	2313	544
2109	2415	276
2109	2415	352
2113	2457	488
2117	3156	423
2117	3156	158
2119	1371	309
2121	2149	315
2123	2398	297
2124	2620	524
2126	7814	307
2126	7814	256
2126	7814	388
2126	7814	451
2127	2627	200
2128	1077	185
2129	2641	511
2135	2837	304
2137	2464	363
2138	2067	321
2139	1819	237
2140	2511	334
2142	2515	438
2144	3568	445
2145	7679	320
2145	7679	346
2148	4245	200
2149	1483	351
2150	2674	400
2153	2524	320
2156	2011	331
2157	1290	294
2163	3340	543
2164	1949	475
2166	3050	339
2167	3355	573
2168	2929	501
2169	4141	335
2169	4141	238
2171	2540	330
2173	2213	293
2175	2265	356
2178	2804	317
2179	2247	327
2180	2328	315
2183	4691	443
2184	2514	300
2184	2514	262
2187	2124	266
2188	1329	552
2189	2586	313
2190	2819	423
2193	2626	326
2195	1417	343
2199	1848	257
2203	3540	517
2205	4426	364
2205	4426	327
2206	2748	491
2207	2940	321
2208	2345	211
2212	2800	319
2212	2800	273
2221	1305	331
2223	2162	322
2225	1858	317
2226	2325	485
2231	1432	245
2239	3299	284
2239	3299	238
2241	1893	281
2243	3994	398
2246	2884	280
2246	2884	442
2247	2818	211
2247	2818	254
2250	3878	537
2255	702	200
2260	3092	727
2262	1752	266
2269	4055	415
2269	4055	330
2270	1793	351
2272	2006	312
2276	3568	553
2277	1867	433
2280	2285	255
2281	1699	513
2284	2475	276
2284	2475	303
2286	3393	277
2288	2258	200
2288	2258	221
2289	1671	185
2290	1694	355
2292	4103	637
2294	3299	295
2296	3052	298
2296	3052	516
2297	2414	294
2297	2414	256
2298	1217	421
2302	3003	527
2306	3027	385
2307	2301	200
2307	2301	245
2311	3652	352
2311	3652	419
2314	2682	544
2315	3124	466
2316	2249	489
2318	2604	273
2321	2151	357
2324	2427	481
2325	3439	309
2325	3439	493
2327	3224	339
2327	3224	296
2334	3858	329
2334	3858	573
2335	2909	227
2337	3053	543
2338	1235	272
2341	2008	532
2342	2491	458
2348	3052	392
2349	1854	306
2352	2098	297
2354	3123	432
2355	587	200
2356	2356	367
2357	4196	312
2357	4196	502
2363	2736	369
2366	2487	344
2368	4208	573
2374	1889	249
2375	1627	442
2376	2260	605
2382	1881	250
2384	1366	294
2386	1919	328
2389	1743	291
2399	2826	309
2401	2279	348
2406	1928	447
2407	3703	567
2415	3560	461
2415	3560	502
2422	3215	568
2423	2501	508
2427	1705	384
2428	1756	185
2429	2283	412
2430	1372	330
2432	2690	334
2432	2690	265
2434	3822	580
2435	3552	716
2436	1579	237
2439	1956	544
2440	2162	267
2445	2748	423
2446	1633	454
2447	2796	525
2448	1974	245
2449	1503	287
2450	2432	326
2450	2432	356
2452	3847	479
2452	3847	401
2454	2835	347
2456	3368	531
2456	3368	215
2458	1893	776
2464	2577	562
2465	1879	617
2468	2494	273
2474	1823	289
2475	3150	633
2477	4027	336
2477	4027	251
2479	1936	374
2480	2427	579
2488	1298	250
2491	3291	254
2494	1737	238
2496	1575	478
2498	3765	404
2502	1415	296
2503	2529	510
2506	2895	506
2507	1586	448
2508	1395	290
2517	2533	471
2519	2995	200
2520	3467	461
2520	3467	305
2522	2069	577
2524	2631	561
2525	1657	416
2526	2496	272
2527	1639	385
2528	3264	339
2529	2375	244
2530	1765	339
2533	2616	308
2535	4099	577
2539	2489	584
2540	1892	343
2542	2427	340
2544	3495	286
2544	3495	509
2546	3691	513
2548	3763	597
2549	3846	628
2552	3316	309
2552	3316	329
2553	2182	545
2555	1177	409
2556	3271	632
2560	3325	347
2560	3325	374
2566	2132	342
2566	2132	292
2567	3999	555
2568	2451	485
2569	3192	328
2569	3192	365
2572	3953	539
2573	3262	185
2574	2973	638
2575	1823	483
2578	2762	293
2578	2762	295
2580	2475	256
2580	2475	336
2581	2240	473
2582	3464	555
2583	3137	237
2583	3137	332
2587	3968	335
2587	3968	275
2588	2034	411
2589	2773	515
2590	2496	340
2591	2761	444
2594	1829	469
2595	2295	432
2598	2795	337
2598	2795	308
2600	2736	342
2601	3673	481
2602	2317	372
2603	3955	527
2603	3955	535
2607	2979	489
2614	1925	398
2623	1418	230
2624	1739	542
2627	1299	326
2628	1831	200
2632	3495	939
2634	3495	428
2634	3495	232
2635	4194	506
2635	4194	388
2637	2941	472
2644	2446	554
2656	2627	396
2656	2627	254
2658	3131	534
2658	3131	391
2659	4024	672
2660	3144	413
2660	3144	247
2662	2568	527
2664	2493	238
2665	1980	286
2667	2862	427
2671	3303	552
2672	1302	327
2673	3522	185
2675	2260	253
2680	2028	405
2681	2861	653
2683	4226	566
2685	1200	241
2686	1686	298
2688	1806	282
2691	1155	211
2705	1933	304
2706	3103	618
2707	3085	408
2711	1887	200
2715	2059	491
2718	3741	287
2719	2450	495
2723	1476	280
2724	2436	486
2726	1661	496
2727	2938	578
2728	2843	435
2729	2449	413
2733	2673	607
2734	2902	262
2734	2902	444
2736	3502	526
2736	3502	404
2739	3493	215
2739	3493	429
2742	3081	357
2744	2293	548
2745	3042	551
2748	2591	456
2751	2577	326
2754	2365	444
2764	1637	314
2765	1808	321
2772	2241	143
2772	2241	240
2776	3434	490
2777	2508	431
2779	2865	462
2780	1774	390
2786	2727	548
2788	3033	222
2790	1927	381
2791	2980	498
2793	2709	298
2794	2337	270
2801	1520	445
2802	2553	507
2806	1978	185
2807	3652	425
2807	3652	437
2814	2322	315
2815	1376	227
2819	2111	487
2820	3139	527
2822	3542	560
2824	3156	466
2826	1941	567
2827	2222	253
2834	1733	504
2837	4048	699
2838	1973	449
2840	2258	387
2841	2651	428
2843	2368	565
2844	3990	409
2845	1919	432
2846	2147	185
2847	2096	399
2848	2361	378
2851	2010	505
2858	1339	452
2861	2540	474
2863	2104	409
2864	1796	311
2865	2633	467
2874	3031	492
2880	3753	522
2884	1365	279
2885	3107	469
2889	2378	524
2892	1566	488
2895	2388	414
2899	1149	288
2902	2846	518
2903	1265	211
2906	1544	489
2909	3360	444
2909	3360	477
2917	1284	314
2918	3643	502
2920	2775	200
2923	1859	541
2924	3981	467
2924	3981	503
2929	3301	500
2930	2261	327
2933	1374	347
2936	3107	314
2936	3107	185
2940	1856	435
2944	2047	498
2947	1854	313
2948	3668	516
2948	3668	405
2949	4054	318
2949	4054	426
2951	1002	417
2953	1750	329
2957	2292	576
2960	2549	336
2961	3191	345
2961	3191	358
2964	2433	277
2964	2433	354
2966	2496	304
2967	2228	450
2970	3598	516
2972	2750	471
2974	1981	211
2981	2959	492
2984	2347	572
2985	1802	450
2986	3787	493
2991	2792	484
2993	2981	351
2993	2981	341
2994	1700	271
2996	1958	357
3003	1921	270
3006	2028	343
3009	3063	571
3016	3269	783
3017	3002	319
3018	1728	500
3019	1497	326
3020	2880	185
3022	2153	440
3023	2874	554
3028	2732	494
3032	3526	533
3034	2634	461
3040	1948	253
3041	2508	526
3043	3558	914
3048	2342	424
3051	3027	222
3052	3476	493
3052	3476	586
3054	2075	467
3055	1944	416
3066	3141	374
3067	2569	527
3070	1912	547
3072	2984	591
3073	2226	253
3075	3284	574
3076	3318	373
3076	3318	296
3081	2534	373
3082	2991	222
3084	2708	360
3090	3443	570
3096	1951	526
3100	1468	367
3101	2224	465
3104	3165	558
3105	2158	299
3110	3763	295
3110	3763	316
3112	4023	482
3112	4023	303
3113	1608	281
3115	1670	343
3116	2627	565
3118	4020	540
3126	2850	522
3128	2227	601
3130	2966	398
3132	3314	289
3135	2743	465
3136	3227	291
3138	1506	365
3140	3750	604
3141	3358	317
3143	3641	349
3143	3641	367
3147	2340	342
3149	3781	657
3151	2160	439
3162	2343	590
3164	3030	252
3165	2919	564
3166	2273	463
3174	3383	559
3175	1957	450
3176	3977	572
3176	3977	464
3177	2335	244
3182	2185	815
3185	2290	284
3186	2361	340
3190	3804	456
3194	4025	369
3195	3669	340
3195	3669	589
3197	1922	243
3198	3516	487
3201	2708	312
3202	1823	375
3207	1254	502
3208	3971	914
3214	2920	767
3217	3872	487
3227	2785	543
3229	2305	293
3229	2305	344
3232	2703	233
3233	2992	330
3236	1127	269
3240	2762	370
3241	2331	548
3242	3148	465
3245	3288	569
3249	1727	343
3252	1999	366
3254	3041	645
3255	1694	278
3256	3152	519
3256	3152	455
3258	3754	628
3260	1319	442
3265	2873	166
3265	2873	138
3269	1726	365
3272	1770	412
3273	2923	519
3273	2923	209
3274	1285	362
3279	2133	495
3282	1819	260
3284	1305	211
3288	2150	349
3290	2640	243
3291	2259	540
3295	3623	506
3298	1440	523
3299	2228	379
3302	2719	497
3303	2919	247
3303	2919	335
3306	3493	560
3306	3493	285
3308	2002	427
3311	1862	565
3312	1877	318
3313	2067	356
3315	2017	349
3316	2521	229
3316	2521	243
3318	3350	347
3318	3350	382
3322	1442	549
3325	4199	396
3325	4199	271
3327	2141	329
3330	1785	316
3331	3363	342
3333	2821	247
3334	1930	422
3335	2567	481
3338	2803	442
3341	2629	317
3343	1983	312
3344	3696	456
3350	1410	349
3355	2095	375
3358	1859	270
3365	2749	317
3366	2740	286
3369	1723	513
3374	1808	278
3375	2823	203
3375	2823	414
3379	1519	376
3382	2517	306
3382	2517	338
3387	1562	315
3399	3329	626
3402	1759	323
3404	2009	551
3408	2248	306
3409	2272	303
3412	2175	220
3412	2175	237
3414	1761	264
3415	1842	526
3417	1966	216
3421	3620	486
3423	1703	501
3424	3459	752
3429	3536	571
3429	3536	538
3431	2026	530
3432	3073	784
3434	2319	253
3437	1571	268
3438	3484	303
3440	2409	306
3441	1424	255
3442	1780	245
3443	2054	354
3443	2054	374
3451	2406	444
3453	824	236
3455	2993	394
3460	2711	139
3460	2711	199
3461	1353	270
3463	3331	507
3463	3331	655
3464	2155	369
3465	1406	279
3470	2987	374
3473	3479	268
3473	3479	277
3476	2731	563
3477	2110	329
3479	1802	453
3484	2174	200
3485	3486	800
3486	3199	629
3487	2950	627
3488	1614	253
3490	2026	354
3492	2217	315
3498	3382	417
3499	3461	555
3500	1792	406
3502	3179	316
3502	3179	297
3506	3287	289
3508	2985	227
3508	2985	294
3509	3227	605
3513	1947	746
3515	2509	373
3516	1929	387
3520	1435	310
3524	1873	643
3526	3165	226
3529	2395	233
3530	1855	317
3530	1855	201
3531	2283	337
3533	1843	524
3534	1884	427
3538	1986	552
3543	3196	612
3544	2506	279
3544	2506	299
3546	2536	528
3551	2698	297
3552	1476	531
3554	2234	345
3555	3632	534
3555	3632	559
3556	1700	312
3557	1766	267
3559	2177	462
3563	2680	517
3564	1993	448
3571	2231	395
3572	2055	216
3572	2055	285
3584	3248	340
3584	3248	223
3584	3248	113
3585	3359	609
3589	1807	478
3590	1117	309
3591	2712	320
3594	2864	571
3596	2516	391
3597	2770	499
3599	3179	294
3600	1495	497
3603	1790	185
3608	2187	328
3608	2187	327
3611	1937	315
3612	2165	266
3614	2209	294
3614	2209	295
3615	2568	643
3616	1608	335
3619	1969	322
3620	2033	392
3621	2665	266
3621	2665	215
3623	1771	415
3628	1913	227
3629	1841	440
3631	2227	436
3636	3037	551
3636	3037	155
3639	1507	328
3640	1548	462
3645	2882	337
3646	2430	562
3647	2916	279
3647	2916	323
3650	3315	322
3658	1737	268
3663	1181	381
3667	2128	245
3670	2874	362
3671	1777	392
3675	2634	474
3677	2252	334
3681	3261	570
3685	3185	323
3685	3185	330
3687	2162	293
3689	2213	303
3691	2497	357
3692	2679	325
3692	2679	252
3693	1582	226
3694	3418	513
3695	1225	317
3696	1390	306
3697	2277	368
3697	2277	208
3700	2084	370
3703	2771	531
3706	2618	550
3707	1842	318
3709	2128	338
3712	1883	200
3716	2530	466
3720	2196	591
3725	1913	350
3726	2078	331
3729	1836	303
3730	1809	338
3734	2501	471
3739	3196	251
3739	3196	377
3740	1767	280
3741	2669	328
3741	2669	276
3744	2040	522
3746	1714	332
3750	2604	373
3751	3295	338
3752	2636	237
3752	2636	338
3753	3575	564
3755	2387	332
3755	2387	274
3756	2399	594
3757	2011	275
3757	2011	285
3759	2386	331
3760	3145	593
3764	2574	342
3764	2574	233
3765	2653	306
3766	2773	324
3769	1614	318
3771	2174	457
3772	1622	200
3777	2342	490
3784	2189	174
3784	2189	402
3785	2632	296
3785	2632	297
3791	2571	477
3792	2195	337
3794	2720	315
3801	2458	327
3805	2255	373
3806	2836	557
3807	2279	356
3811	3014	281
3811	3014	315
3813	2343	325
3813	2343	176
3814	1729	291
3815	3294	304
3815	3294	513
3817	3567	544
3817	3567	578
3818	2572	362
3826	2761	571
3835	2558	375
3836	2677	202
3836	2677	125
3839	2788	326
3841	1594	220
3845	1859	318
3848	2940	285
3848	2940	185
3849	2570	213
3849	2570	347
3852	3232	303
3852	3232	269
3855	2236	510
3860	1841	275
3861	1925	202
3861	1925	295
3862	1286	185
3866	2373	486
3867	1878	307
3867	1878	238
3869	3304	353
3869	3304	306
3870	1490	185
3871	2324	211
3871	2324	350
3877	2685	359
3878	2324	254
3878	2324	331
3880	2650	332
3883	1683	300
3886	1488	248
3888	2566	293
3888	2566	316
3890	1952	346
3893	2320	313
3894	1898	328
3900	2356	362
3901	2038	304
3911	2869	266
3914	2851	493
3918	2381	287
3922	1979	356
3925	2516	211
3925	2516	296
3926	1976	528
3930	2002	266
3935	1215	200
3939	1584	227
3940	3663	570
3947	2694	346
3949	1756	309
3951	2049	238
3954	2720	537
3955	3320	513
3955	3320	260
3957	1962	319
3959	1946	259
3962	2028	349
3963	2752	371
3965	2424	303
3966	1420	298
3968	2896	294
3968	2896	297
3969	2268	335
3969	2268	208
3980	2773	443
3981	2545	499
3982	2018	513
3983	1540	328
3984	1977	426
3987	3404	643
3988	2319	278
3988	2319	312
3989	2048	233
3990	2898	546
3992	2620	437
3993	2363	375
3995	1475	280
3996	2118	238
3999	2042	313
4007	3276	345
4009	2526	339
4009	2526	284
4011	2272	306
4011	2272	299
4013	1718	292
4017	2089	324
4021	2174	318
4022	3456	278
4024	1859	368
4028	2407	200
4031	2481	296
4031	2481	120
4035	2133	326
4040	3800	482
4040	3800	219
4040	3800	224
4043	1385	309
4047	2281	343
4049	2112	338
4051	1532	322
4054	2304	266
4057	1520	299
4060	3785	538
4061	2156	319
4062	1807	308
4065	1830	255
4068	3153	507
4073	3851	592
4073	3851	206
4074	1815	320
4075	2455	284
4075	2455	211
4078	1848	291
4080	1878	216
4083	1220	272
4093	2061	472
4094	2566	464
4098	2506	582
4101	1902	460
4103	2014	367
4105	1033	317
4106	2462	258
4106	2462	283
4107	2944	666
4113	3242	321
4113	3242	414
4121	2044	386
4122	2369	288
4123	1247	305
4124	2412	433
4125	2380	261
4128	3239	384
4128	3239	316
4131	1762	259
4137	2855	329
4138	1697	333
4139	2493	443
4142	3065	222
4143	1818	278
4145	2632	531
4146	1771	243
4150	2030	385
4151	1248	185
4155	2529	435
4158	1191	178
4158	1191	161
4159	2292	433
4167	1215	298
4169	1458	287
4173	2953	582
4175	2391	337
4176	1955	358
4177	606	261
4179	2145	433
4184	1292	479
4185	1842	220
4185	1842	263
4187	1734	528
4192	2001	243
4193	1400	399
4197	2824	451
4198	1567	211
4200	1932	305
4203	3341	518
4204	2052	453
4209	2686	450
4211	2896	415
4212	2055	488
4214	1274	296
4215	2368	282
4216	3682	174
4216	3682	646
4218	2149	814
4223	3849	258
4223	3849	569
4224	3289	277
4224	3289	195
4224	3289	567
4233	1746	279
4235	3239	579
4238	1580	456
4239	2059	259
4240	2153	440
4246	3316	559
4251	3089	478
4254	3603	569
4254	3603	282
4257	2748	455
4258	2178	550
4261	2390	487
4262	3156	457
4270	3702	548
4271	3703	849
4276	2381	584
4278	3045	463
4279	1553	375
4283	2688	565
4287	3047	306
4287	3047	156
4287	3047	258
4292	3792	548
4293	3386	850
4295	1732	480
4300	1868	267
4301	3445	548
4301	3445	338
4302	3234	352
4303	1448	189
4303	1448	199
4305	2497	290
4309	3033	604
4311	3481	562
4313	2521	354
4313	2521	315
4317	3809	355
4330	2932	227
4336	3334	185
4338	1759	314
4339	4715	464
4340	4044	514
4343	2405	309
4345	2694	262
4346	2514	185
4350	3485	185
4351	4548	145
4351	4548	425
4359	2753	239
4363	2658	693
4365	1711	295
4366	2661	310
4370	3202	423
4375	3037	288
4375	3037	336
4383	2960	274
4383	2960	266
4389	2939	489
4389	2939	410
4391	4199	223
4391	4199	510
4395	4136	501
4395	4136	237
4396	1588	262
4399	3052	185
4402	2070	300
4405	2968	474
4408	3715	169
4408	3715	496
4418	1947	238
4419	2666	420
4421	1847	272
4422	3029	300
4424	1427	270
4432	2256	185
4434	2328	293
4440	2489	259
4441	2527	402
4442	2502	401
4443	2255	559
4448	3405	275
4449	2959	502
4450	2885	401
4458	2442	459
4461	3918	185
4461	3918	408
4469	3387	526
4472	4379	495
4474	4722	713
4478	3647	532
4478	3647	470
4483	3151	332
4485	3680	493
4486	2314	534
4500	4785	795
4501	2890	493
4508	4073	892
4509	3809	569
4520	1508	383
4523	3486	450
4529	2933	453
4529	2933	380
4530	3317	386
4530	3317	186
4531	3201	432
4537	4521	514
4537	4521	544
4545	2762	290
4551	2570	345
4554	2704	327
4554	2704	259
4555	1695	256
4557	3773	340
4557	3773	537
4558	2251	754
4560	2703	306
4562	2991	695
4563	4152	515
4565	1820	472
4566	2028	185
4570	1667	256
4572	2430	494
4579	3780	419
4580	2321	357
4581	2375	509
4587	2446	526
4588	2093	338
4589	3340	512
4591	2205	348
4593	2267	250
4596	2657	424
4596	2657	608
4597	2242	474
4598	3517	329
4598	3517	477
4599	2273	216
4601	3884	295
4602	2674	478
4604	2407	366
4605	3604	543
4607	3317	451
4610	2138	211
4613	2752	707
4618	2363	400
4623	3744	450
4627	4690	500
4627	4690	246
4627	4690	187
4630	3830	765
4641	2836	718
4642	3338	486
4644	2657	605
4645	2648	547
4647	2580	378
4648	3339	508
4649	2271	344
4651	3680	499
4655	2406	242
4655	2406	287
4657	3747	456
4657	3747	485
4664	1953	286
4664	1953	212
4667	1741	336
4668	2333	327
4669	3385	459
4669	3385	437
4670	5015	817
4670	5015	336
4671	2803	771
4672	2596	559
4674	2335	327
4674	2335	295
4676	1873	211
4678	4344	447
4678	4344	762
4695	3817	553
4696	3701	581
4697	2525	489
4699	1875	445
4702	4153	829
4703	3367	748
4705	2699	419
4707	1423	475
4713	2475	318
4715	2847	451
4719	2585	304
4722	2788	479
4723	3234	443
4725	2581	511
4727	2011	242
4728	1348	323
4729	2319	294
4733	3911	400
4736	1947	512
4742	1826	515
4746	1225	260
4749	3251	594
4750	3519	507
4752	2432	543
4754	2518	322
4754	2518	240
4756	3851	695
4758	3413	468
4758	3413	478
4760	3921	556
4760	3921	589
4762	2632	462
4763	2074	402
4767	3356	348
4773	4147	532
4774	3474	508
4775	2667	185
4777	1587	261
4780	4278	678
4781	2681	369
4782	2508	371
4783	3388	675
4785	4209	763
4785	4209	318
4786	2265	483
4790	1225	272
4792	1879	348
4794	2359	547
4799	2899	256
4799	2899	167
4803	2631	275
4803	2631	302
4806	3645	573
4811	3930	460
4811	3930	500
4815	3028	510
4817	2444	270
4822	1685	383
4824	2224	227
4827	2556	434
4830	2751	317
4832	3711	501
4838	3840	660
4841	1613	261
4844	2279	313
4848	2223	418
4851	1969	420
4853	4927	250
4858	1853	185
4863	1919	251
4865	2543	516
4866	2749	772
4867	3588	383
4868	2557	582
4870	1758	293
4871	3062	588
4873	3153	427
4874	3972	246
4874	3972	563
4875	2898	467
4878	4282	418
4882	2070	338
4886	2281	625
4890	1775	288
4896	2507	446
4898	1939	507
4899	3695	872
4904	2177	307
4907	1574	350
4911	4827	481
4911	4827	295
4915	1841	305
4919	3891	795
4920	4921	407
4920	4921	347
4922	1030	376
4929	3310	562
4932	2807	581
4935	2337	525
4937	3394	608
4938	3140	456
4940	2707	473
4941	3439	348
4943	2569	592
4946	3221	685
4949	2797	319
4951	1653	488
4954	2917	579
4956	5085	876
4957	3379	573
4958	3228	311
4966	2763	334
4966	2763	407
4969	2359	537
4974	1789	255
4975	2691	450
4976	1983	550
4980	1676	488
4986	3464	538
4986	3464	214
4988	3494	789
4989	2342	567
4993	3202	551
4994	1826	222
4997	2573	700
4998	3587	480
4998	3587	513
4999	2064	290
5001	4592	309
5003	3300	559
5005	1542	440
5008	1433	275
5012	3759	272
5014	2996	255
5016	2010	490
5024	3158	227
5025	4388	693
5026	2982	400
5028	2685	465
5032	2224	499
5034	3151	392
5036	3804	185
5038	2975	323
5041	1798	422
5042	2990	536
5043	2393	392
5044	2291	222
5048	1765	550
5049	2085	732
5057	2441	465
5058	2653	382
5058	2653	269
5059	2885	512
5062	3112	846
5064	2187	322
5066	1633	437
5068	3967	579
5069	2867	678
5070	2603	556
5077	2401	248
5078	4918	570
5079	3735	538
5081	1746	279
5087	2826	353
5088	3240	529
5089	1734	312
5090	3319	436
5090	3319	361
5092	3474	303
5096	3095	349
5096	3095	453
5101	1709	316
5103	1979	441
5109	1959	512
5116	1568	346
5119	3018	117
5119	3018	277
5121	2299	304
5122	2491	265
5128	2749	524
5129	3319	273
5129	3319	299
5134	3586	569
5141	2009	468
5145	1844	359
5147	2055	171
5147	2055	370
5154	2434	319
5161	2540	202
5161	2540	275
5162	2241	215
5167	2488	296
5168	2342	200
5169	2693	421
5172	2364	316
5178	2429	344
5178	2429	316
5181	927	313
5184	1653	305
5188	2909	525
5188	2909	435
5193	2431	378
5195	2142	279
5204	956	267
5211	3744	300
5214	2377	267
5216	3547	492
5219	1150	316
5226	2433	255
5226	2433	357
5231	1669	307
5232	2609	296
5235	1513	409
5236	1879	453
5237	3003	491
5240	2867	370
5245	2042	238
5246	1700	268
5256	2081	519
5257	1698	236
5262	2671	448
5263	713	185
5271	2329	185
5272	1980	175
5272	1980	191
5275	2151	335
5275	2151	260
5276	1917	461
5277	1982	305
5279	2238	243
5281	1573	511
5287	1974	448
5292	1823	344
5294	2425	324
5294	2425	285
5296	1979	301
5299	2764	504
5301	1156	261
5303	1349	291
5308	1716	300
5309	2839	482
5315	1512	238
5317	2231	479
5319	2176	283
5320	2847	239
5320	2847	227
5329	2077	332
5330	2759	310
5330	2759	258
5332	1975	477
5335	1985	424
5338	2381	194
5338	2381	392
5340	1658	311
5344	2712	518
5351	1394	293
5355	2055	200
5360	2218	300
5366	3883	238
5366	3883	346
5371	997	227
5372	2301	242
5372	2301	290
5374	1611	269
5374	1611	214
5376	2696	514
5379	1883	304
5380	1779	481
5382	1546	310
5384	3166	557
5387	2490	329
5387	2490	287
5388	2459	408
5390	2247	512
5394	3265	488
5395	2822	133
5395	2822	254
5407	2176	351
5409	1972	271
5412	3862	504
5414	2924	437
5415	3319	494
5416	2285	344
5420	2126	341
5423	3771	645
5424	3795	480
5424	3795	200
5426	1730	364
5429	3776	554
5432	2418	516
5437	2082	373
5438	2403	237
5438	2403	231
5439	1934	293
5440	2389	238
5441	2001	477
5443	1655	335
5445	3311	748
5447	2267	517
5448	2154	529
5456	3126	816
5464	3500	400
5467	2049	245
5472	1379	316
5481	1636	234
5487	1439	206
5488	1959	206
5488	1959	287
5494	3909	254
5494	3909	227
5497	2128	245
5502	2563	440
5506	2985	504
5507	2015	291
5508	1940	348
5510	2068	531
5511	976	227
5512	3293	575
5517	1494	342
5519	3190	398
5519	3190	185
5522	2712	704
5524	1596	309
5527	3609	579
5532	2706	442
5533	1797	211
5537	2888	406
5539	2339	466
5541	2965	519
5543	3196	410
5543	3196	227
5547	1789	296
5548	1502	363
5560	1916	664
5563	2999	607
5575	3367	454
5581	2508	497
5582	3068	511
5582	3068	182
5586	3712	730
5587	1987	207
5587	1987	156
5588	1504	222
5593	2660	185
5593	2660	338
5595	2244	398
5598	1813	297
5600	3069	469
5607	2957	362
5611	1843	486
5616	2111	185
5617	2116	437
5627	2932	371
5627	2932	461
5631	1630	270
5633	2463	491
5637	2349	344
5639	2000	269
5646	2142	392
5646	2142	248
5647	2610	185
5649	1770	268
5654	2822	299
5657	3891	709
5658	1850	264
5665	1568	232
5667	2041	382
5667	2041	163
5668	2866	451
5669	2711	356
5671	2986	273
5675	1171	277
5678	2042	398
5680	2707	368
5681	1892	232
5683	1510	293
5685	2502	200
5689	1230	255
5691	2270	216
5694	1914	343
5697	3265	498
5698	2185	286
5698	2185	219
5699	3154	501
5699	3154	329
5702	2096	239
5705	1709	310
5706	2481	371
5707	1852	243
5710	3226	497
5710	3226	419
5711	2405	252
5712	2312	510
5714	2412	488
5715	2101	302
5716	2424	511
5723	3317	459
5725	1623	263
5729	2326	366
5729	2326	310
5730	2295	510
5731	2580	540
5732	2151	363
5736	2835	386
5738	2660	315
5739	2319	227
5740	1568	206
5741	3117	602
5744	1570	274
5747	1982	478
5753	1922	396
5756	1998	500
5757	1920	360
5759	1989	308
5768	1914	293
5769	3414	323
5771	2235	272
5773	2933	560
5778	2131	350
5782	1911	358
5788	2439	610
5790	1559	222
5796	2741	726
5797	3493	519
5798	1662	200
5799	1822	267
5807	2161	266
5808	2110	616
5811	2478	508
5812	1314	290
5814	2350	345
5816	1213	200
5817	1996	268
5818	1604	362
5821	1789	302
5822	2709	508
5825	2146	255
5828	1893	501
5831	1561	482
5833	1299	311
5836	1780	264
5839	2771	455
5840	3580	335
5841	1897	138
5841	1897	336
5842	2179	282
5842	2179	346
5843	2135	210
5843	2135	227
5851	2310	250
5859	2517	504
5861	1356	337
5866	2393	576
5870	2625	333
5872	1568	292
5875	3021	537
5875	3021	395
5877	3907	534
5879	3633	558
5881	2268	355
5882	2313	427
5883	3844	431
5883	3844	463
5884	2364	304
5884	2364	318
5889	1300	275
5900	2623	204
5900	2623	238
5902	1930	459
5907	1634	292
5909	2588	271
5909	2588	210
5910	1635	279
5913	2772	789
5919	3205	544
5921	2677	385
5922	1785	303
5922	1785	284
5924	2353	222
5925	2043	354
5927	2735	255
5928	2205	319
5929	2155	294
5933	1155	286
5937	2491	353
5940	3265	527
5942	3756	270
5951	2898	456
5953	1454	285
5954	1471	255
5955	2622	376
5956	2533	321
5956	2533	324
5959	2525	331
5960	1885	261
5962	1765	236
5962	1765	212
5964	1346	298
5967	1998	459
5968	1816	375
5970	1736	344
5971	2620	535
5973	2405	431
5974	3425	496
5974	3425	478
5975	2687	553
5976	2415	185
5979	1735	240
5980	1611	258
5983	2429	200
5985	1284	282
5986	2237	341
5987	1866	326
5990	2333	383
5995	1944	480
6000	1689	293
6002	1319	309
6004	2657	256
6004	2657	344
6007	2038	353
6008	773	185
6010	1420	296
6013	1876	327
6014	2149	454
6015	2155	267
6015	2155	289
6017	1838	311
6017	1838	271
6023	2862	339
6029	1450	323
6031	2537	185
6032	1933	314
6035	2463	390
6036	1430	268
6038	2877	314
6038	2877	196
6044	1765	482
6045	2535	403
6046	3478	340
6046	3478	151
6049	2493	250
6053	2328	369
6054	1793	372
6059	2882	504
6060	1983	279
6064	3576	474
6064	3576	377
6069	2867	456
6069	2867	462
6074	1556	465
6080	2279	374
6083	2830	185
6084	2144	185
6090	3498	307
6090	3498	250
6093	2738	316
6094	2246	434
6097	1894	474
6100	1953	433
6101	2423	478
6102	2085	129
6102	2085	387
6104	2130	506
6107	2097	456
6109	3044	267
6109	3044	297
6110	2060	419
6113	1506	284
6114	1483	250
6115	1376	200
6121	1715	486
6128	1878	434
6132	2176	236
6137	1010	275
6138	2440	474
6139	2745	456
6144	2695	340
6152	2356	232
6152	2356	264
6155	2017	506
6156	1825	327
6157	1538	294
6158	2099	377
6160	3113	500
6161	1640	338
6162	2231	379
6163	3629	200
6164	1931	311
6164	1931	324
6166	1381	233
6167	1500	262
6168	1820	232
6175	2054	305
6176	2610	206
6176	2610	339
6177	2314	342
6179	1626	244
6180	2421	358
6180	2421	299
6182	983	185
6183	2159	328
6183	2159	293
6184	2133	408
6185	1869	370
6188	1733	292
6190	4529	344
6192	3895	535
6192	3895	299
6196	2059	200
6200	2410	516
6202	1474	462
6204	3894	484
6204	3894	434
6208	1596	330
6211	3292	534
6218	2336	211
6218	2336	185
6221	2193	505
6224	2840	504
6226	2185	387
6232	1495	354
6234	2643	474
6234	2643	375
6236	3822	274
6236	3822	545
6237	1911	487
6238	8922	313
6238	8922	237
6242	2745	526
6243	1181	244
6245	1700	482
6246	3513	753
6248	1960	227
6251	2733	460
6253	2618	541
6255	1532	254
6260	2879	484
6262	1538	272
6268	2101	200
6268	2101	200
6275	1809	358
6277	2961	251
6277	2961	366
6279	3427	404
6284	2442	347
6286	2935	550
6287	4091	215
6287	4091	555
6299	1740	312
6301	1333	310
6309	1598	292
6311	2580	357
6314	3012	570
6320	2312	387
6322	2801	348
6322	2801	175
6323	6600	467
6323	6600	243
6325	3189	775
6329	1796	249
6334	2818	211
6336	2621	303
6339	2129	370
6345	3843	357
6347	1675	243
6350	2313	396
6352	1666	560
6356	3496	591
6357	3251	730
6361	2740	438
6368	4824	596
6369	3051	428
6371	3363	402
6371	3363	382
6375	3075	355
6378	2499	254
6381	3161	587
6382	1396	222
6383	3192	581
6386	2138	652
6387	1134	234
6388	1790	250
6389	3629	652
6394	1280	316
6401	3661	707
6405	2044	343
6407	2233	267
6408	1405	311
6409	2507	478
6411	3367	266
6412	3511	394
6413	4060	595
6416	2113	518
6422	2065	497
6423	2379	314
6423	2379	278
6426	2229	330
6427	5727	350
6427	5727	656
6428	2250	748
6431	3424	642
6432	3716	416
6434	1503	185
6436	3759	531
6439	3338	734
6440	2606	305
6442	1818	286
6448	1834	235
6448	1834	259
6449	4777	617
6450	1585	438
6451	3458	319
6451	3458	316
6452	2280	461
6454	3285	679
6456	4142	267
6456	4142	505
6461	6121	411
6463	1725	308
6464	2115	244
6464	2115	215
6466	2774	541
6467	2675	614
6468	2588	361
6472	2785	366
6474	3703	591
6477	2932	274
6478	1770	595
6482	1189	242
6487	2558	232
6488	2207	241
6492	3225	508
6493	2403	322
6494	1377	466
6496	1272	276
6499	2819	510
6500	4823	347
6501	4720	185
6501	4720	523
6502	1756	429
6503	1854	458
6506	2109	610
6507	1425	211
6508	3625	512
6509	4802	561
6509	4802	606
6510	1314	211
6512	1935	241
6514	1828	268
6521	2273	371
6525	1773	554
6530	2003	333
6531	1956	359
6532	4361	682
6534	3383	394
6534	3383	472
6543	3607	746
6548	2675	555
6551	1276	185
6553	2071	321
6554	2055	278
6558	2909	619
6559	1294	211
6560	3383	582
6562	4002	595
6562	4002	357
6563	2102	350
6565	3860	521
6565	3860	303
6566	3941	214
6566	3941	350
6567	2306	330
6572	2451	322
6572	2451	271
6575	2312	543
6584	2516	185
6584	2516	243
6588	2125	358
6589	3422	472
6590	1459	276
6591	2859	546
6593	3765	529
6595	3313	574
6600	3535	718
6604	2042	337
6609	2456	429
6610	2245	268
6611	2449	396
6615	1889	346
6619	1956	419
6620	3167	511
6628	1876	321
6630	3052	388
6633	1577	344
6634	3873	326
6637	2494	444
6638	2590	496
6639	1935	336
6641	2471	406
6642	1967	337
6645	2337	395
6645	2337	213
6646	3176	200
6647	2401	482
6648	4872	315
6648	4872	345
6651	1384	238
6654	2423	168
6654	2423	329
6656	3275	503
6657	1997	297
6658	2034	419
6661	3725	622
6663	1674	185
6667	2569	480
6668	1897	356
6669	1904	391
6672	1316	200
6677	1990	357
6683	2268	235
6683	2268	327
6684	1221	211
6686	2438	471
6687	1827	281
6696	1585	315
6700	2599	185
6701	3186	204
6701	3186	317
6703	2210	592
6706	2255	307
6706	2255	336
6718	2521	309
6724	2104	238
6726	4615	371
6726	4615	498
6729	1618	272
6730	5224	200
6730	5224	342
6730	5224	311
6733	2029	387
6734	1915	296
6736	2135	280
6736	2135	247
6738	1784	328
6742	2332	304
6742	2332	236
6743	8143	621
6743	8143	482
6746	2827	376
6749	2961	344
6750	1144	308
6753	2720	284
6753	2720	364
6754	1803	359
6755	3242	345
6755	3242	375
6757	2265	300
6758	1265	259
6760	1633	337
6762	1416	402
6763	2537	294
6772	922	311
6773	2737	514
6774	2231	268
6775	3825	474
6776	1944	313
6777	4445	496
6777	4445	533
6783	2062	185
6785	3368	797
6787	1919	242
6788	1070	276
6789	1748	260
6790	2018	355
6798	3390	526
6798	3390	221
6799	2424	346
6800	1976	206
6802	2303	316
6803	2276	567
6806	2340	233
6807	4423	469
6807	4423	200
6813	2227	362
6819	2131	451
6820	1473	295
6821	2631	145
6821	2631	362
6823	2811	553
6824	3574	478
6827	1910	207
6827	1910	172
6828	2922	378
6832	3317	441
6832	3317	272
6835	2353	309
6836	2771	507
6837	3000	371
6838	5746	200
6838	5746	166
6838	5746	205
6839	1819	560
6840	1645	287
6841	1614	279
6844	2239	337
6845	3091	305
6848	2897	574
6851	2497	678
6853	1990	293
6853	1990	344
6855	2843	321
6855	2843	283
6856	1423	200
6859	4641	518
6859	4641	568
6862	3677	516
6875	1821	328
6876	4203	214
6876	4203	583
6878	2264	606
6881	1616	367
6883	2187	394
6885	2409	327
6888	2092	334
6892	3410	340
6892	3410	368
6897	3524	259
6902	2379	342
6905	2669	486
6906	2792	368
6906	2792	238
6907	1980	437
6911	4269	477
6913	2881	361
6913	2881	222
6916	2305	346
6918	2380	558
6919	3941	377
6919	3941	366
6920	3647	692
6921	2034	297
6927	1801	249
6927	1801	253
6928	3855	338
6928	3855	261
6929	1708	166
6932	3153	281
6932	3153	350
6934	6264	347
6934	6264	755
6935	5078	544
6935	5078	528
6937	6226	446
6938	2010	422
6939	1762	397
6945	4187	492
6945	4187	542
6946	2227	492
6948	2312	296
6952	8736	745
6958	5008	454
6958	5008	476
6959	1713	355
6961	3703	479
6967	1972	339
6968	2541	352
6970	2800	354
6976	3299	352
6979	6155	572
6981	3423	249
6982	2113	538
6985	1117	236
6986	4137	791
6988	3562	583
6990	2264	331
6993	2290	324
6994	2331	340
6996	3067	307
6997	1495	227
6998	2611	410
7004	2387	504
7006	1624	481
7009	1978	516
7010	2415	163
7011	2428	261
7012	1334	431
7014	1082	326
7015	1120	174
7016	1387	367
7017	4438	576
7020	3781	297
7024	2228	376
7025	2770	287
7029	2088	356
7030	3324	230
7032	2357	638
7034	2769	365
7034	2769	321
7035	4941	185
7037	2587	386
7038	2346	525
7040	2758	379
7041	2441	466
7046	3963	308
7046	3963	278
7047	2476	329
7053	2904	415
7061	2950	402
7062	2563	367
7064	1822	327
7065	2481	590
7069	2568	334
7070	2546	333
7071	2191	390
7073	3086	262
7073	3086	354
7074	2081	330
7079	2156	326
7081	1664	332
7088	2598	395
7091	3586	325
7091	3586	366
7095	1971	284
7098	1411	344
7099	1744	387
7100	1869	233
7101	2757	398
7103	2916	396
7104	1593	344
7115	1496	303
7116	1151	221
7122	2424	422
7123	994	273
7124	2113	397
7126	1233	226
7127	2003	344
7128	2160	368
7131	2147	642
7132	3194	232
7132	3194	377
7133	1345	227
7135	2424	341
7137	2198	363
7138	2193	504
7139	1837	192
7139	1837	283
7142	3052	397
7145	1859	206
7152	2911	347
7152	2911	338
7156	1484	537
7168	2927	328
7169	1533	334
7169	1533	266
7178	1868	326
7185	1775	530
7187	2665	294
7187	2665	264
7188	2141	552
7191	1726	339
7192	2225	378
7194	1175	506
7195	2104	238
7203	2369	363
7203	2369	178
7210	2157	266
7211	2364	320
7211	2364	252
7213	1990	365
7216	2783	556
7218	1642	261
7220	2372	298
7223	1358	264
7227	1625	499
7228	1669	511
7234	2331	476
7235	2649	535
7241	1814	371
7244	2335	329
7245	2549	529
7247	1623	313
7248	2239	383
7252	1564	332
7254	1369	270
7255	885	284
7259	1712	238
7266	1617	380
7267	2309	687
7269	995	314
7275	1619	347
7276	1698	493
7281	1969	490
7282	1709	320
7284	2496	574
7286	2980	524
7287	2799	807
7290	2337	648
7293	1737	366
7294	1549	317
7299	3002	564
7300	2094	416
7301	3008	817
7305	2749	511
7307	2218	368
7309	1920	339
7310	2056	271
7312	1920	412
7315	2877	517
7317	2130	570
7320	1906	243
7321	2444	536
7323	2633	581
7324	2900	859
7325	2503	570
7331	2120	244
7332	3229	445
7332	3229	371
7338	2547	241
7342	1465	267
7349	2931	521
7349	2931	388
7355	2010	585
7357	1696	380
7360	2415	502
7362	1892	254
7364	1543	272
7366	2189	578
7368	2601	206
7370	1256	296
7374	1739	238
7374	1739	242
7379	1440	286
7389	2914	185
7391	1568	343
7393	3316	265
7401	3938	618
7401	3938	372
7405	2272	396
7406	2371	292
7411	4206	479
7413	3179	437
7416	3650	238
7418	2605	403
7420	2087	509
7424	3694	505
7426	3360	462
7426	3360	432
7428	3351	315
7428	3351	169
7435	2977	513
7446	3076	517
7448	3573	344
7448	3573	487
7449	3966	235
7449	3966	212
7451	3036	507
7455	3254	425
7457	3566	261
7462	4392	395
7462	4392	487
7464	2538	449
7465	2712	296
7465	2712	291
7467	3035	476
7468	2535	376
7474	2150	281
7478	3349	552
7480	3054	507
7486	3068	419
7486	3068	437
7490	3393	669
7493	2761	505
7494	2495	432
7495	3304	337
7497	4191	381
7500	2388	880
7503	1901	547
7507	4089	486
7507	4089	527
7509	2997	449
7513	1690	507
7515	2478	392
7518	2380	501
7522	3929	467
7524	1967	302
7525	2576	474
7526	3036	372
7527	4467	556
7531	1826	277
7534	3788	333
7544	1848	285
7545	4369	768
7548	2996	262
7550	1600	482
7551	4264	486
7554	2370	488
7559	4210	227
7559	4210	470
7564	1899	319
7564	1899	180
7565	2554	286
7571	2977	490
7578	4367	391
7578	4367	381
7583	2610	545
7584	1981	305
7585	2218	352
7588	3555	501
7589	3210	740
7590	3469	483
7592	2635	653
7602	1438	300
7604	3178	606
7605	3842	485
7606	2321	456
7607	2388	298
7611	1709	287
7614	2197	284
7616	4036	364
7616	4036	611
7617	1744	309
7621	2214	342
7629	2561	336
7630	3145	453
7645	2849	531
7646	2608	274
7647	1833	343
7648	2677	498
7650	2613	592
7651	3510	244
7653	2340	422
7654	2142	321
7657	2666	369
7661	2498	359
7662	2027	241
7664	3010	288
7667	2239	458
7668	2677	296
7672	1511	242
7683	2003	511
7689	1691	266
7690	2175	295
7691	3124	480
7693	1988	508
7694	1918	382
7696	2980	332
7698	2626	464
7700	3906	689
7704	1383	185
7705	3029	558
7706	3231	451
7709	2795	304
7711	3053	486
7714	3939	422
7718	4003	327
7719	3728	342
7719	3728	312
7720	1452	267
7722	2632	525
7723	3111	626
7727	3650	637
7735	2663	325
7738	1909	265
7747	3292	716
7748	1958	408
7750	4573	789
7756	3116	260
7761	3841	663
7765	2253	516
7767	3393	731
7768	2401	818
7772	3403	857
7773	3554	626
7776	2662	711
7779	2235	333
7782	3509	503
7792	4264	458
7792	4264	501
7796	3354	611
7797	3857	499
7812	2207	185
7823	3506	449
7827	1845	257
7834	4386	501
7835	3679	828
7839	4342	912
7840	1630	306
7843	2731	262
7844	2112	327
7846	4209	636
7847	4030	582
7849	1527	445
7864	3716	557
7865	2623	329
7866	1853	306
7870	1456	538
7871	1379	211
7872	3521	400
7874	3275	185
7875	2643	565
7879	3368	651
7881	2189	348
7886	2171	516
7887	3161	757
7891	3604	719
7895	2514	493
7896	2644	539
7897	1689	536
7901	2799	446
7902	3384	498
7906	2458	602
7910	2119	311
7914	3735	323
7914	3735	282
7915	2022	281
7918	2366	489
7919	3046	319
7919	3046	469
7922	3513	319
7923	3047	611
7924	4026	585
7925	1865	327
7927	2521	543
7930	3022	701
7933	2924	514
7934	1973	281
7934	1973	182
7935	2957	185
7936	3099	607
7937	2951	239
7937	2951	235
7939	2530	278
7940	1950	560
7941	1967	449
7942	1409	292
7946	3517	557
7947	4270	558
7951	2951	592
7956	2743	450
7958	2604	428
7962	2551	280
7964	2269	527
7966	3967	579
7969	2280	257
7971	2499	298
7974	1460	215
7976	1394	200
7978	3341	491
7982	1796	352
7983	2650	283
7986	4308	623
7987	2209	242
7994	2943	423
7999	3196	545
8004	3092	636
8011	1616	368
8018	2982	301
8021	4355	222
8022	4167	533
8023	2033	256
8024	3148	864
8026	4044	1027
8027	2139	257
8027	2139	313
8029	2448	238
8029	2448	283
8030	3584	736
8031	4179	906
8034	2303	343
8034	2303	144
8035	2361	321
8036	1940	641
8039	1921	315
8042	4251	805
8045	2067	337
8047	1878	238
8049	2186	296
8053	3027	552
8057	3584	792
8059	3554	557
8062	2734	419
8063	2745	338
8067	1295	386
8068	2496	401
8069	2730	482
8075	3591	293
8075	3591	422
8077	3807	379
8077	3807	467
8080	3720	716
8081	2863	344
8082	2942	581
8084	2096	276
8085	3419	449
8086	3658	526
8086	3658	522
8090	1470	268
8091	2718	407
8093	1187	350
8095	3931	442
8095	3931	574
8098	2670	544
8107	2168	222
8110	2415	248
8111	2204	514
