0	26906	17326
1	3556	185
8	3335	469
10	2872	413
10	2872	492
11	2365	321
13	2351	316
18	1165	211
23	1315	274
25	4591	481
27	2917	525
32	2890	489
35	1943	254
36	5185	378
38	2262	310
39	2527	358
40	3966	458
40	3966	401
41	2478	265
47	1946	291
48	1765	347
49	2140	477
57	2528	331
60	1081	200
66	3178	494
70	2071	410
71	1318	258
74	2517	518
80	1766	346
82	4519	355
85	1663	478
86	1653	262
87	1541	286
97	2197	352
98	4183	353
98	4183	244
99	2846	409
107	5135	526
109	2310	326
110	2098	179
110	2098	277
120	2555	341
121	3072	447
122	1133	317
124	3125	329
124	3125	377
125	3240	518
129	5297	322
130	858	185
132	2413	476
137	2610	242
139	1869	340
142	2707	317
148	1940	299
152	2732	485
153	2175	336
159	2454	496
160	2515	480
162	2064	343
166	1994	531
169	3573	315
170	3154	264
171	1495	441
182	1992	293
187	2891	352
195	3576	232
196	2058	356
200	1472	185
206	1648	248
209	2044	423
213	1931	185
214	1801	327
219	3626	237
229	2299	288
230	4592	473
233	4583	339
234	3398	259
237	4122	234
237	4122	335
238	2591	327
244	2621	409
245	3542	245
247	2613	200
250	4817	336
253	2213	331
258	4787	451
258	4787	501
265	5986	584
265	5986	427
267	2207	211
271	2347	275
277	1489	309
285	2367	378
287	1871	249
288	2632	499
291	2323	282
293	3090	288
295	2435	424
297	4686	463
298	2739	256
299	1453	290
306	1663	484
308	2547	337
316	2514	438
325	3617	498
331	1880	185
332	3157	416
334	2001	385
341	4248	555
342	2283	529
345	3039	523
346	3314	393
352	2788	489
352	2788	404
361	2225	303
363	1738	215
365	2721	520
369	3586	321
371	1606	493
373	2932	305
375	2647	257
376	2478	547
382	5086	325
384	2992	285
386	3593	386
389	2871	492
394	2809	419
397	1443	473
399	3013	532
400	4038	500
401	2294	211
405	1493	419
406	4910	531
408	2196	457
415	2009	233
417	2496	344
418	1647	340
425	3461	471
431	2510	361
434	5570	399
435	5333	414
435	5333	258
446	2829	547
447	2059	494
449	5658	515
457	3721	527
460	1276	385
463	3314	448
476	2239	417
480	3343	286
485	3489	497
490	1708	351
491	1765	400
500	1815	465
501	2268	553
507	2015	334
509	4190	500
510	2992	238
514	2201	429
523	4384	486
525	2150	392
528	3282	458
528	3282	280
533	3419	532
536	2263	510
539	4223	457
540	3102	216
541	4932	577
549	2738	404
551	5514	316
553	1039	216
554	2636	513
555	1850	243
558	2898	211
574	2873	394
575	2896	454
578	4418	553
578	4418	500
580	2682	366
582	4963	430
583	1172	310
585	2346	302
587	2399	528
590	3196	278
602	1951	297
604	2501	331
606	4235	679
615	1982	200
616	2132	531
619	3463	353
620	5111	438
623	1824	359
625	2008	500
641	2661	215
645	2446	461
651	2404	297
660	4121	371
660	4121	505
662	4865	344
663	2901	542
675	1849	312
676	5791	360
676	5791	185
686	3506	549
692	2247	348
694	4784	527
696	1707	393
698	4970	227
699	4946	300
706	1834	248
707	2293	323
710	2053	479
715	5542	350
732	1592	243
737	2078	388
738	3061	446
740	1662	304
742	2258	341
750	4150	251
755	2546	185
756	2499	492
760	2159	385
761	2542	392
764	5931	385
764	5931	564
765	3629	185
768	2909	401
771	1933	359
773	3377	435
774	3367	483
778	1970	513
781	4881	280
787	2050	211
789	3278	291
808	4726	377
809	1864	298
811	3111	379
812	2930	200
813	2799	296
816	5400	363
817	3340	367
817	3340	337
820	4093	290
820	4093	313
826	3236	532
830	1804	404
847	1451	302
848	1902	450
854	3163	463
858	1964	292
862	2554	250
866	4060	552
868	3971	563
869	3087	469
871	1833	237
873	1675	336
884	2249	277
887	2889	514
888	3494	233
889	2302	464
894	2732	514
899	3090	367
912	2792	656
914	3222	526
914	3222	267
915	1224	211
917	3792	501
918	2019	237
918	2019	300
928	1339	287
931	1861	327
935	1810	268
937	2898	520
940	2692	321
941	1339	299
944	2628	552
949	2567	185
950	2998	437
951	2552	617
953	2395	295
956	3258	444
957	1678	366
961	2496	633
963	2404	333
969	1447	200
970	1730	479
972	3287	333
973	3987	638
975	2705	326
975	2705	362
979	3777	413
984	5842	431
985	2234	185
987	1928	342
992	2273	336
993	2088	284
999	1928	337
1002	3391	544
1007	2080	226
1009	2164	564
1010	1336	248
1014	2905	355
1017	2141	524
1020	2440	504
1023	2792	465
1025	2305	556
1032	1840	492
1033	1950	200
1036	1979	463
1038	2909	290
1045	2703	427
1049	3036	355
1052	2056	296
1057	1777	455
1058	1955	371
1062	2099	523
1069	2838	464
1075	2161	545
1082	2407	547
1089	1622	316
1089	1622	302
1094	2212	514
1095	2203	459
1099	2630	300
1100	2336	331
1105	2382	458
1108	1494	274
1110	3840	590
1111	2088	238
1112	3172	479
1114	2171	238
1117	2815	499
1118	2271	386
1121	3617	185
1126	1779	292
1137	3206	460
1139	2257	559
1140	2065	325
1143	2775	515
1143	2775	198
1145	2621	372
1146	2240	397
1151	2490	533
1153	1968	439
1154	4223	480
1155	2190	368
1160	2771	472
1166	3167	395
1169	3266	182
1169	3266	398
1170	2576	498
1171	1799	502
1172	3335	437
1173	2108	492
1175	3198	248
1176	4981	501
1180	1811	385
1183	3780	527
1184	2022	590
1185	1913	309
1189	1897	454
1190	2163	541
1191	2075	379
1193	3495	506
1194	2219	464
1196	1947	185
1197	1733	358
1199	3287	499
1211	2436	377
1212	5774	482
1213	2420	428
1214	3603	264
1214	3603	508
1218	2200	393
1219	2270	261
1222	2071	310
1224	3466	452
1228	1637	176
1228	1637	181
1232	1814	486
1234	4568	685
1235	2291	543
1238	2846	323
1241	2040	308
1243	2231	170
1243	2231	238
1246	2458	318
1250	2889	185
1251	2510	290
1255	3384	540
1263	3318	365
1269	1523	211
1275	1626	484
1276	3565	368
1276	3565	303
1286	1995	363
1292	2538	545
1298	2523	526
1299	3278	419
1299	3278	354
1303	1957	200
1311	1359	249
1313	2441	317
1316	2219	185
1320	2793	314
1320	2793	313
1323	4796	262
1326	1916	302
1333	2173	229
1334	1784	286
1341	2866	362
1344	1918	362
1346	2953	333
1347	1885	300
1349	2275	211
1352	1977	338
1356	2787	286
1359	2850	492
1360	2064	290
1364	2661	523
1365	1412	211
1366	4582	530
1369	2579	561
1370	2496	338
1378	1921	234
1379	2519	338
1380	2920	276
1384	3466	575
1385	2678	280
1385	2678	222
1386	2805	329
1398	2066	300
1406	1900	335
1410	3564	530
1416	3737	545
1416	3737	499
1424	1231	211
1448	4169	189
1450	2259	336
1456	2679	303
1460	2040	263
1462	2119	477
1463	3079	366
1466	3133	308
1473	5019	766
1474	3606	227
1474	3606	241
1482	6580	227
1485	4272	399
1493	2769	347
1495	1715	200
1500	4384	378
1500	4384	331
1510	3655	270
1512	2131	292
1514	3732	238
1515	2010	211
1520	4564	331
1520	4564	359
1529	4696	486
1535	4137	189
1537	2826	232
1539	6951	468
1539	6951	256
1542	3388	368
1558	2410	364
1561	3393	319
1565	2648	234
1567	1459	322
1573	2548	280
1596	5831	351
1629	2522	428
1634	3614	378
1655	1894	323
1666	2551	336
1667	2645	222
1671	3561	385
1677	4177	527
1680	1676	292
1686	4432	344
1686	4432	255
1690	2881	290
1695	1832	185
1708	1814	321
1715	4735	300
1720	2092	200
1721	3267	290
1722	9425	275
1727	3363	360
1731	2468	200
1733	4986	364
1739	10112	412
1744	1904	185
1746	3703	425
1749	2219	273
1752	2286	252
1757	3208	442
1761	3234	457
1767	4790	375
1772	2652	366
1773	3664	185
1779	2085	200
1779	2085	366
1782	2063	309
1785	3896	369
1785	3896	502
1786	4155	243
1792	2857	249
1817	1492	447
1818	1948	250
1819	2836	761
1821	1682	412
1825	3838	393
1837	3911	781
1838	9461	545
1838	9461	567
1846	4887	507
1854	2408	463
1858	3512	448
1860	2339	590
1861	7764	403
1873	3876	404
1878	4417	379
1878	4417	321
1909	3255	581
1922	4215	694
1923	8091	350
1939	2920	539
1940	4373	467
1941	3599	262
1945	3466	377
1946	6968	418
1951	4687	586
1963	2031	287
1968	3276	310
1970	2420	442
1971	5205	678
1973	3645	320
1977	2453	206
1982	4508	462
1991	4812	395
1992	2555	548
1993	3012	481
1996	2623	266
1998	3260	494
2005	2997	349
2008	2451	388
2014	2534	473
2017	3839	478
2018	2504	280
2020	3749	474
2021	4329	530
2022	3137	185
2024	6341	320
2025	3641	441
2028	3138	562
2038	2716	518
2041	4681	414
2042	3801	529
2047	4057	602
2049	3860	517
2055	3540	540
2060	3174	254
2061	3549	563
2063	2155	426
2067	3542	585
2070	3440	559
2080	4333	415
2082	5316	396
2083	3883	509
2087	4161	427
2087	4161	428
2089	2298	313
2094	3794	492
2097	3796	241
2098	3119	347
2099	5205	495
2108	3385	435
2111	5134	437
2113	3344	557
2120	2618	390
2132	9901	775
2133	2059	351
2142	2494	507
2144	4468	498
2144	4468	200
2146	5684	314
2149	3977	218
2149	3977	514
2150	3749	485
2156	2209	345
2157	3018	320
2164	2429	544
2165	2148	331
2166	4857	496
2170	3796	547
2176	2983	343
2177	2439	399
2179	2613	329
2182	4747	442
2184	3057	494
2187	3494	510
2189	3532	482
2193	2047	452
2196	4348	812
2199	3929	506
2207	3171	564
2209	3246	514
2212	1844	381
2214	3742	185
2215	2306	356
2221	2548	249
2227	4851	546
2227	4851	391
2228	2486	520
2229	2119	234
2230	2819	205
2230	2819	195
2231	2338	559
2234	5620	520
2238	3019	541
2260	6934	299
2261	2560	226
2264	4125	499
2266	1764	250
2268	2388	275
2275	2911	340
2281	6543	282
2282	3270	200
2282	3270	514
2283	1890	362
2284	4167	455
2285	7656	260
2293	2965	206
2295	4042	328
2296	2726	564
2301	2234	345
2304	3700	372
2308	2984	352
2309	3669	472
2311	3019	342
2311	3019	326
2317	2765	443
2324	5173	353
2328	3096	250
2329	6116	291
2336	3753	635
2341	3264	360
2344	1759	266
2346	3284	291
2346	3284	221
2350	3404	365
2359	2316	308
2360	2063	307
2370	2627	230
2377	2119	198
2380	3251	513
2384	4673	556
2389	3974	361
2389	3974	382
2390	3729	515
2392	4194	503
2399	4833	570
2401	2193	374
2410	2458	185
2414	2040	538
2415	3426	536
2427	2724	559
2431	1869	563
2434	4077	463
2435	3763	584
2437	4563	450
2447	2564	486
2450	4662	597
2458	9278	490
2458	9278	527
2462	2249	512
2463	5593	637
2465	1894	402
2469	1760	318
2473	2517	407
2477	3733	489
2478	1798	346
2479	2540	372
2481	2583	458
2483	1069	268
2487	1816	482
2488	2763	594
2490	3321	386
2498	2380	230
2498	2380	227
2503	3057	492
2503	3057	364
2516	2788	538
2524	2738	552
2526	3804	251
2527	1947	232
2528	2250	333
2535	1904	525
2538	2632	504
2541	3844	453
2543	3461	331
2545	2272	469
2546	3866	185
2547	3490	527
2549	4124	311
2550	2857	453
2551	2601	430
2552	3634	518
2554	4570	492
2562	8044	592
2564	2188	488
2566	2286	387
2567	2428	326
2572	2374	540
2579	1324	278
2588	2328	367
2592	2421	298
2596	2259	511
2598	2019	556
2603	5137	449
2603	5137	211
2606	2856	472
2608	3480	316
2609	3230	339
2609	3230	251
2626	4690	343
2635	6117	528
2643	2589	252
2647	2637	266
2649	2226	185
2653	2579	311
2655	2380	233
2657	2113	286
2661	1768	344
2664	2536	382
2667	2104	319
2670	4042	344
2673	3684	366
2674	2733	512
2682	1594	358
2685	5626	290
2685	5626	273
2690	1588	216
2691	3830	227
2694	3918	185
2695	2124	200
2698	1833	338
2702	2081	342
2711	1510	227
2714	3295	524
2718	4167	261
2720	2920	350
2726	1601	232
2727	3484	467
2736	2105	186
2740	5389	373
2742	4011	276
2746	2190	244
2749	2225	352
2753	3412	238
2756	3131	486
2757	4082	496
2765	2840	328
2765	2840	204
2766	2994	542
2776	2356	303
2778	6986	396
2780	4414	344
2781	2895	289
2783	2898	200
2784	1565	268
2788	2463	509
2789	2835	527
2796	3225	454
2802	2266	356
2805	2754	342
2808	5321	715
2813	5630	266
2817	6450	381
2817	6450	185
2819	1473	342
2821	2428	451
2824	1591	330
2825	2709	227
2825	2709	486
2827	2026	237
2832	3032	444
2835	2423	347
2838	2022	559
2845	1823	355
2851	3776	328
2853	2791	222
2856	2289	299
2859	2356	274
2862	1272	335
2863	5459	222
2863	5459	302
2868	2392	200
2871	1927	302
2877	6484	502
2886	2978	514
2894	2047	462
2896	2498	440
2899	2156	346
2902	2241	312
2904	1996	324
2907	2423	273
2913	2928	206
2914	2715	547
2915	3310	350
2916	2219	299
2919	5725	512
2921	3524	297
2921	3524	321
2932	2506	279
2937	2386	345
2939	2386	302
2944	2759	359
2945	2494	522
2948	2415	407
2950	2541	309
2955	3211	533
2961	1819	222
2962	2721	291
2964	1124	238
2965	2352	366
2968	6949	369
2971	2627	323
2972	3583	185
2982	2166	335
2990	2102	501
2993	3128	325
2995	2098	536
3000	5863	478
3003	1932	309
3008	1962	476
3009	6734	428
3015	1741	277
3019	2704	350
3024	3100	499
3025	2619	441
3027	4176	513
3030	6799	368
3032	3103	400
3038	3251	512
3043	2000	397
3048	3944	290
3053	3695	236
3060	4938	486
3062	7083	586
3062	7083	700
3065	6706	442
3076	3553	262
3078	4988	365
3085	3981	294
3091	5538	483
3091	5538	491
3094	1304	355
3095	2541	373
3097	4421	325
3097	4421	484
3109	2709	432
3116	3750	343
3117	3750	469
3118	3697	432
3126	4184	476
3126	4184	516
3151	3161	303
3158	4179	482
3164	2475	260
3166	3522	558
3170	2021	549
3171	5491	696
3185	3037	327
3189	2505	296
3192	2039	459
3203	1696	272
3205	1675	216
3206	5031	255
3211	2534	360
3212	2846	547
3213	3813	403
3223	1457	392
3225	4191	594
3230	2912	415
3234	2491	533
3242	4841	542
3249	2164	313
3253	5519	498
3257	3425	528
3262	6528	546
3263	2937	502
3264	4486	267
3264	4486	317
3267	2348	504
3276	1636	488
3278	4074	376
3282	3507	241
3285	3053	491
3288	3606	393
3289	2912	185
3292	2805	308
3295	2082	383
3304	2662	338
3304	2662	366
3306	1547	286
3317	2991	421
3329	5519	539
3329	5519	475
3330	2311	511
3331	2093	364
3332	3969	412
3332	3969	327
3334	4205	206
3336	2646	255
3337	1495	309
3338	4551	429
3341	1894	321
3349	2203	270
3355	4210	178
3355	4210	431
3356	5116	340
3357	3082	356
3360	3035	185
3360	3035	309
3362	3523	463
3362	3523	418
3366	4136	335
3369	6168	425
3371	2390	241
3371	2390	225
3375	2022	296
3377	1171	238
3380	4537	327
3381	5868	336
3383	1319	255
3388	1701	233
3394	3109	215
3395	3647	336
3395	3647	334
3397	1821	494
3399	4092	522
3400	3011	473
3412	3217	533
3416	4339	457
3421	5507	353
3424	4217	458
3427	1629	312
3429	4965	476
3446	3654	504
3447	5678	490
3451	7046	451
3452	3612	342
3452	3612	502
3457	5267	448
3459	3430	542
3469	3019	429
3474	3890	582
3482	2842	270
3493	2510	428
3494	5172	535
3495	3832	290
3496	2626	340
3498	3877	259
3502	3587	328
3507	1521	234
3508	3102	211
3510	3368	554
3512	1740	261
3516	3063	315
3517	1873	337
3518	3610	540
3523	2039	263
3525	1872	292
3530	2948	377
3534	2158	476
3535	1128	230
3541	2625	338
3546	2146	393
3551	5564	431
3552	2774	337
3560	5909	299
3562	2989	310
3564	3266	520
3565	2179	524
3566	1723	260
3567	2994	446
3568	2324	215
3569	909	215
3572	3663	488
3575	4379	236
3582	2733	478
3584	1729	420
3586	4194	216
3590	2135	327
3599	3446	443
3601	2924	520
3610	6919	478
3614	2115	475
3615	4243	458
3621	3352	378
3629	2367	431
3635	3684	449
3637	5365	596
3638	2152	345
3640	1792	331
3642	1454	371
3644	3757	261
3650	1508	323
3652	2344	506
3653	1954	342
3655	2061	243
3661	2075	303
3665	2926	492
3667	6408	314
3681	2211	493
3685	2970	482
3691	7088	455
3694	6969	485
3701	3496	503
3702	6825	385
3704	4359	200
3704	4359	305
3705	1721	238
3718	4537	312
3720	5824	361
3721	1331	435
3722	3957	345
3724	2084	312
3728	3299	453
3732	2580	300
3733	2296	317
3734	4196	519
3736	4502	384
3738	2344	332
3743	3336	196
3745	4654	338
3752	2015	285
3753	2449	399
3756	1688	206
3757	3046	338
3759	3121	304
3760	2694	310
3764	6192	501
3777	5924	422
3782	2195	275
3782	2195	218
3787	1555	373
3788	3850	305
3788	3850	248
3790	4092	497
3804	2805	294
3809	4532	516
3809	4532	264
3817	3252	498
3820	1559	317
3826	4556	352
3829	3906	533
3830	2284	462
3833	2855	519
3834	3917	544
3839	4188	528
3839	4188	443
3844	2058	555
3845	1929	272
3847	1791	340
3848	6028	451
3849	2409	488
3850	3680	507
3853	3214	662
3855	2675	330
3856	2253	280
3860	1584	310
3867	6291	349
3868	3481	416
3868	3481	515
3875	2460	481
3876	3905	495
3876	3905	226
3878	4368	383
3881	3065	391
3884	2282	329
3885	3559	322
3887	2398	455
3888	5703	185
3888	5703	434
3892	4763	550
3898	3081	438
3900	2185	541
3903	2464	441
3904	3583	501
3905	2701	491
3907	5322	283
3908	2076	242
3911	2181	230
3916	1813	309
3918	2596	531
3919	1890	377
3929	4038	495
3930	2479	548
3933	1419	298
3935	3198	386
3939	5332	436
3939	5332	333
3945	2974	470
3948	1780	316
3956	2339	444
3957	2633	460
3958	2295	403
3960	3568	535
3960	3568	291
3961	1751	185
3964	3817	496
3970	1145	340
3971	2254	510
3974	2310	332
3977	3411	333
3978	2689	385
3979	2833	335
3981	6271	348
3982	2865	360
3986	2758	478
3992	1380	261
3993	1492	435
3994	2035	269
3995	2936	397
3999	5310	546
4000	3712	378
4008	3789	478
4018	2509	257
4030	3303	268
4033	3767	442
4037	3087	227
4037	3087	465
4040	2681	329
4042	6271	559
4044	2622	319
4045	2304	472
4050	2674	496
4051	4277	316
4054	3718	317
4055	1403	324
4064	2219	301
4064	2219	283
4065	3775	570
4075	1977	206
4075	1977	312
4078	3055	518
4080	3299	435
4082	1797	297
4083	2414	345
4084	1889	320
4089	3122	441
4091	5455	529
4094	2135	261
4099	1558	341
4103	1785	278
4105	3677	342
4106	3701	425
4116	1959	334
4123	4767	228
4123	4767	223
4126	1783	242
4129	2146	327
4133	2616	446
4134	3292	233
4136	1023	285
4137	3068	530
4139	2365	185
4141	1870	346
4149	2412	303
4150	2232	328
4154	4346	345
4156	1863	206
4162	2163	317
4165	4703	540
4165	4703	384
4168	3222	206
4171	1835	555
4172	2988	245
4175	2353	498
4178	3750	390
4187	2957	292
4187	2957	350
4197	2701	561
4200	2286	537
4202	1960	279
4205	1964	520
4206	1809	331
4212	3935	235
4213	1926	293
4219	2181	324
4219	2181	233
4220	2632	308
4221	2450	550
4227	2447	331
4230	1634	239
4232	2420	336
4232	2420	197
4235	4435	302
4236	2158	293
4242	1710	275
4243	2084	267
4248	1635	301
4249	2771	329
4254	2704	317
4255	2532	227
4266	3080	307
4267	1986	318
4281	1999	339
4283	2155	243
4284	1782	300
4288	1805	251
4289	2094	319
4291	1956	328
4293	2430	327
4295	871	238
4296	4065	536
4296	4065	358
4298	1874	261
4305	4356	287
4306	2111	352
4307	2968	391
4308	1546	306
4313	2272	278
4325	1996	353
4326	2199	494
4328	1634	206
4331	2281	454
4337	2397	326
4345	2676	328
4350	3043	514
4357	2570	550
4360	1876	211
4361	5286	509
4362	1826	185
4368	2461	448
4371	2957	337
4371	2957	358
4377	1962	483
4378	2382	312
4382	1842	441
4383	2506	232
4395	5676	203
4395	5676	235
4395	5676	736
4400	6096	200
4402	1915	321
4405	3215	325
4405	3215	341
4409	2308	185
4409	2308	343
4417	2153	324
4418	3611	442
4421	3096	520
4423	3556	463
4423	3556	508
4438	2748	311
4456	3069	472
4459	4509	185
4460	2426	561
4475	1185	292
4477	6085	536
4477	6085	305
4478	1380	336
4485	3746	261
4488	3089	273
4489	3080	340
4490	3515	681
4498	1585	297
4500	1433	327
4501	1922	261
4502	2855	329
4506	1509	294
4512	2151	284
4515	3677	254
4517	2351	216
4518	1492	185
4520	4064	369
4526	4349	226
4544	1692	307
4548	2669	373
4550	2186	319
4552	4238	275
4552	4238	331
4558	1697	297
4561	1725	313
4563	1319	284
4568	2793	327
4569	3707	486
4569	3707	498
4570	2120	370
4571	4032	430
4580	2270	531
4582	2081	345
4589	2168	300
4592	1895	290
4594	2328	226
4595	1515	222
4600	2509	206
4603	1741	286
4604	2454	245
4607	3683	356
4608	2011	211
4614	2739	314
4616	1305	185
4619	2660	337
4631	6166	344
4631	6166	324
4634	5294	492
4635	2695	364
4635	2695	274
4638	1983	227
4639	3298	387
4641	2723	373
4644	1919	332
4646	2718	362
4659	3842	460
4664	2858	206
4665	3774	227
4671	4633	507
4673	2542	266
4674	4318	291
4675	3835	222
4677	2145	530
4681	3364	338
4682	2757	475
4685	2554	488
4686	2748	441
4687	2175	349
4700	3967	775
4702	4192	588
4702	4192	449
4706	3073	516
4712	2290	232
4715	3200	418
4717	2670	428
4721	2456	396
4725	2093	232
4729	2189	242
4750	3040	403
4755	2060	325
4757	2415	380
4762	2938	473
4764	2277	524
4767	1577	378
4768	3991	471
4784	2542	521
4786	3885	546
4787	3665	421
4788	2432	336
4790	1022	296
4791	5070	514
4791	5070	488
4796	1474	522
4801	2324	423
4802	3417	537
4812	2311	280
4816	3092	200
4818	2574	294
4819	2399	325
4820	3041	595
4821	3542	445
4821	3542	409
4825	2636	520
4826	2346	512
4827	1845	464
4828	1871	233
4831	1837	263
4835	2247	267
4836	2959	483
4836	2959	185
4848	2666	475
4851	2258	321
4860	4786	185
4866	1512	299
4873	2711	554
4882	2103	311
4883	3249	527
4889	3013	473
4893	2600	326
4895	2944	185
4903	2306	558
4908	4454	777
4909	2411	219
4919	2897	523
4924	1691	185
4925	5026	661
4926	2536	461
4931	3075	305
4934	1169	230
4935	2256	429
4938	2402	417
4940	2028	411
4941	2448	185
4941	2448	271
4943	1582	361
4944	1791	367
4948	2268	517
4957	2542	516
4966	2634	435
4967	2738	352
4968	4234	585
4970	3210	520
4974	3401	461
4980	3868	508
4981	2093	445
4982	3820	498
4986	3791	204
4986	3791	275
4988	2479	738
4994	5502	323
4994	5502	547
4995	2422	467
4999	3794	449
5000	1750	200
5001	2130	404
5002	1867	245
5004	2023	305
5005	3070	531
5009	2193	590
5011	3270	420
5019	2890	538
5020	2219	352
5024	1232	275
5025	1936	536
5033	2445	555
5038	2777	516
5045	3743	501
5047	2478	532
5051	3173	487
5054	1950	492
5055	5403	507
5055	5403	458
5063	3510	447
5066	2435	385
5069	2293	507
5077	2962	444
5085	2368	289
5086	1485	337
5090	1677	486
5094	3389	508
5095	6244	492
5097	2767	401
5098	2140	540
5102	2154	512
5103	1685	185
5120	3579	327
5122	2913	505
5123	2523	516
5126	3277	248
5127	2889	539
5131	3066	478
5133	3151	433
5133	3151	466
5134	3180	479
5134	3180	407
5136	2182	457
5140	4350	259
5140	4350	245
5143	1588	498
5144	2153	241
5145	3167	439
5146	3123	375
5148	2313	414
5150	2435	483
5161	2215	576
5162	2456	452
5170	2994	399
5173	2172	507
5183	3712	185
5184	1892	328
5186	3536	513
5191	2070	526
5198	4772	200
5203	2285	501
5205	2276	160
5209	2231	299
5212	3505	542
5217	2495	464
5219	1860	404
5221	2273	386
5223	2621	185
5228	3987	457
5230	2868	311
5232	3872	511
5232	3872	498
5233	1988	251
5246	4317	535
5258	3102	356
5258	3102	338
5259	1926	287
5263	2385	310
5264	2201	337
5265	1746	310
5275	3974	488
5277	2287	185
5280	4572	531
5283	3357	474
5287	2581	434
5296	1819	265
5297	6042	263
5297	6042	334
5304	5727	409
5312	4485	573
5313	4197	395
5315	2771	358
5317	1710	475
5334	2586	532
5339	1236	319
5340	1753	245
5341	1972	531
5349	4068	517
5352	3373	293
5364	3832	299
5368	2595	395
5370	4283	374
5371	2124	313
5374	2336	544
5386	1633	238
5390	3702	340
5394	2698	282
5401	3218	376
5405	2537	569
5408	3963	375
5414	2987	290
5414	2987	294
5421	1526	287
5424	4421	304
5429	3320	200
5434	1904	200
5435	3856	527
5437	5973	317
5437	5973	344
5439	1465	312
5440	2143	461
5441	1877	291
5448	2493	341
5448	2493	211
5449	1918	489
5450	1694	296
5452	2040	407
5455	3335	387
5455	3335	315
5457	1731	503
5459	5938	409
5460	2011	278
5464	2072	471
5471	2630	299
5473	1602	279
5474	1216	339
5481	2108	340
5491	3381	408
5497	4390	492
5497	4390	399
5500	2386	237
5503	4168	331
5504	2120	476
5506	3283	434
5507	2428	357
5510	3209	475
5512	3653	529
5513	2570	307
5521	2101	334
5529	2516	348
5530	3231	185
5532	1531	233
5535	1861	272
5542	1438	366
5548	3370	494
5548	3370	271
5550	1012	294
5565	5695	221
5565	5695	441
5566	1364	275
5567	2086	346
5568	2339	451
5570	3793	309
5572	4173	419
5572	4173	222
5574	2401	232
5576	5492	469
5580	3680	520
5585	1850	324
5585	1850	191
5589	1694	508
5590	3148	338
5592	2795	284
5595	2389	509
5599	2906	495
5606	1507	339
5608	1448	211
5609	6249	238
5614	3079	505
5627	1945	258
5635	4403	368
5637	2183	508
5639	1767	501
5643	3977	464
5645	1926	272
5647	1155	328
5648	1965	299
5649	2365	501
5651	3010	441
5653	3300	359
5657	4552	274
5664	1724	335
5674	2839	415
5680	2665	252
5689	3270	527
5699	2114	185
5701	1472	336
5704	3871	522
5705	3180	441
5709	1644	185
5712	2795	556
5716	1757	517
5717	3260	471
5719	1891	525
5721	4660	370
5722	2022	484
5726	5498	462
5732	1751	344
5734	3721	185
5735	2514	558
5736	3069	474
5740	2446	450
5752	2341	332
5754	1792	295
5756	1770	295
5760	2250	415
5763	2360	324
5767	1638	352
5771	2436	289
5773	1564	233
5781	1925	200
5787	2583	596
5790	2468	200
5797	2080	277
5797	2080	178
5799	3003	473
5802	4434	340
5803	4626	529
5806	1708	507
5807	2267	200
5808	1382	264
5815	2646	408
5818	4189	447
5827	3855	588
5828	1817	253
5829	2247	522
5832	1872	271
5833	2263	238
5837	2579	315
5842	2430	481
5846	1636	361
5848	4476	344
5848	4476	326
5852	2315	318
5853	2261	295
5864	1613	486
5866	2056	211
5869	1404	185
5870	2197	322
5872	3072	275
5880	1664	320
5886	3162	521
5888	2046	278
5889	3051	530
5895	1937	475
5897	2016	501
5898	1673	364
5900	2223	474
5901	1690	220
5901	1690	253
5904	2687	496
5905	3671	185
5906	2693	504
5907	2056	312
5911	5003	251
5911	5003	282
5914	1300	297
5919	1903	262
5920	4208	261
5926	2433	299
5928	1298	249
5929	5417	583
5929	5417	313
5940	2395	215
5941	3734	315
5942	2047	205
5942	2047	210
5946	7169	287
5951	2401	185
5951	2401	211
5954	4337	393
5954	4337	560
5957	2070	336
5958	2037	300
5964	1841	393
5973	1846	255
5974	2087	215
5977	2732	328
5980	1569	478
5989	2587	526
5998	2556	534
6004	2122	321
6009	1529	317
6012	2272	361
6016	2000	297
6030	1784	524
6032	1600	215
6036	3236	399
6036	3236	299
6044	1485	312
6046	2977	546
6048	1959	481
6052	5023	479
6052	5023	512
6054	5354	452
6057	1637	200
6059	3265	440
6061	3004	325
6061	3004	274
6062	2082	473
6063	1953	279
6068	2206	440
6071	3226	507
6072	3978	509
6077	2318	485
6079	2400	532
6080	2901	433
6086	2441	496
6088	1964	255
6099	4709	511
6100	2449	233
6114	2238	482
6120	1837	331
6140	2950	243
6145	3576	238
6148	3946	467
6154	2237	244
6155	2844	509
6159	2241	402
6160	1588	215
6161	3727	451
6164	3129	409
6173	2363	200
6174	2329	494
6177	1251	206
6180	2691	323
6180	2691	185
6181	1910	391
6183	695	299
6184	2320	185
6185	2805	312
6193	2191	440
6197	2250	350
6198	4141	505
6199	1664	536
6203	2285	200
6205	2935	344
6209	3793	409
6209	3793	180
6222	1923	288
6225	1935	355
6227	2625	320
6227	2625	273
6230	2646	359
6234	3943	304
6236	4217	305
6244	841	200
6251	6072	433
6265	2135	390
6266	2962	418
6267	4526	519
6275	1564	265
6277	4310	454
6279	2259	461
6290	4217	378
6309	5944	377
6321	4735	490
6333	6900	506
6333	6900	185
6336	1574	300
6339	2158	461
6340	1764	308
6346	2344	266
6350	3954	392
6353	1651	185
6357	3846	516
6358	4390	389
6360	2722	338
6363	5346	478
6367	3395	432
6369	1389	275
6372	3043	357
6374	5937	502
6377	1996	211
6378	3729	363
6379	1540	310
6380	5224	560
6388	1362	271
6396	1677	507
6398	3241	491
6400	3803	407
6402	5648	490
6413	1527	452
6415	2237	573
6418	3144	541
6421	2033	303
6430	5175	472
6430	5175	278
6437	2021	306
6439	6290	524
6447	1691	198
6447	1691	177
6449	1776	521
6453	2250	493
6454	3008	272
6455	6638	534
6456	2089	185
6462	1551	200
6469	2401	334
6471	2150	488
6472	1873	336
6473	2010	267
6483	3092	232
6487	2441	185
6488	1966	389
6489	2342	251
6490	2378	294
6495	2118	222
6499	3511	507
6501	3220	469
6504	2047	290
6515	1568	486
6517	2106	299
6523	2458	339
6524	2194	387
6540	3497	277
6555	4195	200
6560	6824	298
6563	2216	412
6566	1156	266
6570	2372	525
6575	3734	425
6577	5466	385
6579	2222	349
6581	2588	284
6591	3129	527
6594	5366	296
6597	1641	343
6601	5576	245
6605	1944	435
6606	2386	501
6613	1435	450
6620	4026	514
6621	2695	462
6622	2949	531
6627	2885	484
6631	1702	185
6632	2733	289
6633	3202	511
6638	2515	312
6647	7080	343
6648	1630	227
6654	1664	315
6658	3611	333
6660	1845	337
6666	3945	227
6667	1865	332
6668	2115	297
6675	2013	516
6676	2071	361
6678	2832	336
6679	3529	185
6687	5143	348
6694	2497	325
6699	2702	308
6705	2433	292
6707	2464	316
6708	1584	342
6713	2710	578
6725	1761	347
6727	1917	335
6733	2364	249
6733	2364	291
6747	1952	313
6749	4344	514
6753	4734	325
6758	2893	238
6766	2008	513
6771	2181	542
6781	2907	521
6786	3655	359
6787	3244	301
6789	2177	274
6790	2606	483
6795	4266	185
6798	2160	546
6803	3742	629
6807	1690	474
6811	4715	302
6817	6318	537
6817	6318	352
6818	2048	238
6824	3075	511
6825	3451	255
6825	3451	547
6834	3081	322
6839	2851	484
6840	1504	504
6845	2581	365
6846	3712	368
6848	5517	504
6849	5450	542
6852	3345	185
6853	1546	469
6869	1834	507
6871	2678	425
6872	3812	403
6875	3751	381
6876	3286	533
6878	3878	343
6879	3752	401
6885	3735	230
6887	1089	245
6890	3661	185
6892	1923	200
6895	2420	427
6896	2051	484
6900	2427	520
6904	1886	305
6906	3037	488
6908	2071	466
6913	3593	368
6914	3597	329
6914	3597	307
6915	1742	319
6918	1629	335
6920	3907	420
6928	3895	364
6928	3895	401
6940	3390	259
6940	3390	310
6941	2576	450
6943	2185	467
6945	2808	360
6947	2683	380
6954	5370	428
6958	1953	300
6970	2691	321
6975	3178	472
6985	3059	284
6985	3059	214
6989	1968	255
6994	4979	275
6997	3559	284
7002	2919	458
7006	2415	257
7013	1486	232
7017	2235	262
7022	1611	255
7031	2203	330
7032	3236	254
7046	2166	185
7046	2166	222
7050	4271	512
7052	1164	251
7056	2133	211
7063	1999	280
7065	4428	507
7068	4266	295
7070	6089	349
7082	4168	542
7093	4336	503
7095	1723	227
7096	1956	414
7099	1846	309
7106	2763	496
7114	1061	291
7119	1249	296
7124	2790	232
7125	3058	479
7132	1571	489
7139	5835	533
7148	2428	303
7152	3190	293
7154	2068	481
7161	2368	212
7161	2368	330
7164	4050	695
7165	4316	540
7166	4431	206
7166	4431	286
7174	2158	542
7176	3276	513
7177	3017	493
7180	3139	392
7182	3010	308
7182	3010	315
7183	2069	509
7185	2183	177
7188	2373	221
7191	2482	343
7213	2118	311
7215	2026	427
7222	3176	378
7223	2072	457
7225	1870	353
7242	3561	514
7243	4966	459
7245	2401	472
7246	2728	461
7248	2225	331
7254	2056	498
7257	2549	474
7263	1538	206
7267	2315	437
7278	2069	321
7286	2496	349
7287	2720	391
7289	4410	450
7289	4410	293
7290	2633	553
7291	2003	536
7292	1394	400
7293	2740	292
7297	2060	408
7313	1561	412
7314	4187	537
7319	2139	259
7325	2595	222
7325	2595	362
7329	2655	409
7330	1132	292
7333	2142	338
7336	2092	230
7343	2027	318
7344	1950	528
7346	3053	310
7353	3239	406
7353	3239	470
7359	2237	359
7361	2248	285
7363	2259	528
7369	2806	370
7371	2228	545
7383	2267	471
7384	1975	185
7389	1857	267
7391	2322	462
7394	5587	286
7395	2535	243
7399	2221	349
7404	3987	731
7405	3273	565
7408	1960	377
7413	4238	557
7417	3040	401
7417	3040	342
7422	5584	345
7424	2173	200
7425	4620	206
7426	1392	269
7427	1534	298
7429	2755	185
7445	3220	530
7453	5907	554
7454	1692	378
7458	2767	461
7462	2823	518
7465	2353	261
7469	2341	291
7469	2341	506
7479	4199	268
7486	3732	449
7486	3732	325
7492	2129	346
7503	4797	512
7503	4797	476
7507	2551	353
7510	2013	491
7524	2203	524
7527	3612	460
7528	1705	510
7532	4089	382
7550	4844	387
7551	2282	406
7562	5264	291
7566	1225	211
7568	4166	215
7568	4166	411
7580	1991	487
7582	2815	485
7590	2580	337
7590	2580	325
7592	2018	383
7606	5275	471
7611	1506	555
7621	1729	423
7622	2706	373
7623	3445	329
7628	4231	185
7636	2616	550
7637	4285	375
7639	2371	312
7641	2920	404
7651	2713	451
7654	2218	328
7654	2218	273
7655	1786	305
7664	2419	494
7665	2574	587
7667	2765	308
7674	3856	533
7674	3856	560
7680	1933	185
7681	2720	500
7683	3403	327
7685	2068	272
7688	4008	528
7689	2967	366
7700	2145	402
7700	2145	189
7713	2881	459
7725	3494	678
7729	2685	358
7731	3251	273
7743	4040	185
7745	3108	438
7755	1615	422
7758	2917	332
7758	2917	227
7762	2321	341
7763	1268	429
7766	2681	458
7767	3288	522
7776	2866	452
7777	3061	327
7779	2824	516
7780	1363	480
7781	3212	327
7781	3212	305
7799	2740	293
7800	3282	343
7801	3039	287
7804	3053	491
7817	1753	222
7817	1753	312
7830	1996	255
7831	3081	306
7831	3081	338
7832	2348	422
7834	2119	490
7838	2665	229
7838	2665	277
7841	2013	206
7841	2013	244
7846	1808	297
7855	2432	303
7860	4362	215
7860	4362	338
7863	2432	243
7866	2411	285
7867	3583	348
7873	2243	377
7903	2017	478
7904	1591	244
7908	5243	185
7913	2219	304
7918	1352	200
7936	3208	338
7950	2863	246
7950	2863	298
7951	3138	255
7965	2140	509
7968	2637	215
7970	2155	335
7972	2175	326
7980	2030	200
7983	2048	328
7986	3782	256
8004	2307	332
8005	1214	211
8019	2752	512
8022	3752	409
8022	3752	486
8026	2058	249
8027	4329	185
8028	4129	512
8043	1759	473
8045	3005	386
8050	2049	438
8055	2107	306
8060	4670	506
8060	4670	410
8063	5554	516
8070	3463	588
8082	1876	226
8083	1462	290
8086	3127	230
8093	2107	579
8097	2513	222
8105	3631	144
8105	3631	524
8107	4763	458
8109	2648	351
8130	2372	520
8137	2152	278
8138	2123	185
8147	737	200
8151	2795	531
8152	3703	372
8153	2906	227
8164	3835	289
8170	1370	302
8182	2139	264
8192	5166	306
8194	1823	318
8200	2364	185
8202	4488	481
8203	2437	333
8213	3811	311
8227	1624	336
8235	2241	437
8246	2019	303
8246	2019	274
8248	3135	291
8250	3115	316
8251	3489	527
8253	2427	261
8258	3290	541
8262	3159	514
8266	4290	377
8267	3633	514
8277	1754	242
8277	1754	209
8281	4122	474
8281	4122	512
8284	4611	306
8288	3124	494
8289	4579	200
8298	1975	320
8306	2204	335
8306	2204	208
8315	3881	532
8321	2003	389
8331	2906	465
8347	2974	362
8348	5883	238
8351	3535	410
8351	3535	255
8355	2611	355
8361	3219	385
8369	1919	309
8375	1464	530
8380	2447	428
8388	2783	353
8390	3596	419
8391	1626	185
8393	2221	377
8403	2258	360
8425	2613	299
8430	1912	478
8445	3718	200
8451	891	291
8455	3039	494
8458	3111	573
8462	3736	572
8467	2044	227
8469	1186	308
8470	1947	353
8478	2380	180
8478	2380	271
8481	1788	206
8482	3878	503
8484	2151	312
8500	2089	374
8502	2828	566
8504	1854	185
8506	2356	268
8509	1891	185
8514	1955	319
8515	2303	603
8516	2138	586
8528	2015	309
8529	2301	558
8540	2881	579
8551	1213	375
8561	2729	306
8566	3513	363
8570	2240	378
8573	2429	265
8582	2190	355
8582	2190	295
8583	1750	306
8583	1750	292
8584	1831	527
8594	1784	238
8600	2419	404
8604	2333	200
8605	2618	300
8605	2618	332
8608	2332	388
8622	1945	323
8625	1895	227
8627	2013	302
8627	2013	333
8628	1834	346
8629	2466	522
8635	4178	548
8636	1790	348
8648	1565	398
8653	3396	635
8657	2093	542
8660	3131	516
8665	2085	377
8666	2646	358
8667	3287	569
8669	3090	704
8681	2937	230
8681	2937	565
8695	1777	573
8697	2270	509
8700	1906	132
8701	2944	550
8703	1576	363
8706	1672	276
8714	2197	185
8716	3627	337
8716	3627	473
8720	4379	538
8722	2182	375
8724	1820	540
8725	2063	335
8726	2059	378
8727	3406	309
8728	2975	465
8729	4520	390
8729	4520	580
8731	2829	350
8731	2829	144
8731	2829	444
8733	3490	812
8735	1959	345
8740	3307	187
8740	3307	156
8745	1936	329
8747	2348	362
8748	1780	279
8748	1780	389
8757	3940	589
8757	3940	492
8761	2884	557
8762	1433	359
8767	2886	496
8775	1855	328
8777	3634	436
8779	2900	291
8782	2066	185
8790	3040	553
8797	2315	302
8799	2827	547
8803	2504	475
8810	2769	272
8815	2489	366
8831	2141	358
8833	3048	523
8837	3360	605
8843	2307	270
8847	3239	432
8848	2268	518
8850	3143	373
8859	1958	622
8862	3855	520
8866	1825	566
8867	2045	346
8870	3498	668
8871	2820	547
8872	2524	496
8873	2120	215
8874	2870	185
8876	2433	336
8877	2591	421
8878	3369	201
8878	3369	195
8889	3020	385
8890	2739	561
8891	3377	469
8893	3261	480
8895	2693	465
8899	3154	528
8902	4352	379
8904	1831	369
8907	3119	356
8908	2536	577
8909	3249	466
8912	2827	635
8913	3734	497
8913	3734	355
8914	3783	297
8914	3783	311
8918	1793	473
8921	2311	300
8924	3760	574
8925	1752	244
8926	3017	519
8927	2374	498
8928	1841	462
8929	2650	325
8939	4492	491
8941	4540	248
8941	4540	200
8948	2724	299
8953	2327	464
8954	3042	403
8955	1650	333
8958	2470	537
8966	3474	589
8972	2777	270
8975	3062	550
8975	3062	326
8977	2201	350
8980	3486	335
8982	2618	439
8985	3503	564
8986	3639	213
8986	3639	352
8990	2252	380
8996	3697	511
8997	3925	393
8997	3925	261
8998	2657	492
9003	3207	329
9006	2681	654
9010	2807	571
9015	1156	336
9017	1975	255
9027	1999	541
9031	1485	281
9040	2289	387
9041	3476	674
9045	1979	394
9047	3883	618
9068	2114	212
9068	2114	175
9070	1653	255
9074	1595	295
9075	2714	230
9080	3178	408
9081	2356	556
9082	1525	288
9088	2009	336
9101	2073	296
9104	2166	522
9105	3631	583
9115	2550	576
9118	2168	409
9120	2866	227
9123	2807	377
9125	2540	576
9130	3476	633
9139	3202	331
9139	3202	354
9141	4275	559
9142	2584	392
9146	1324	211
9148	2193	380
9153	2055	593
9161	1859	243
9167	2307	383
9169	1770	546
9172	2650	344
9172	2650	369
9180	3946	243
9185	2400	552
9191	2846	290
9194	2415	371
9195	1585	460
9197	2685	200
9202	1408	311
9203	3436	429
9203	3436	547
9206	3573	795
9211	1794	268
9212	1296	267
9213	3861	404
9215	1947	303
9216	1892	238
9217	3478	222
9222	2330	367
9235	2054	307
9242	3518	509
9242	3518	337
9247	3214	417
9247	3214	355
9260	3392	457
9261	1528	397
9263	2130	391
9279	2409	564
9284	3745	362
9289	1367	249
9294	2194	273
9303	2436	335
9306	2109	367
9318	2067	498
9321	2464	598
9325	1564	350
9337	1085	262
9341	2662	346
9344	2467	606
9348	2535	564
9350	1820	222
9352	2472	287
9355	2082	258
9355	2082	213
9359	3216	566
9361	3219	467
9363	2096	402
9365	2283	200
9366	2461	233
9369	2281	416
9373	2850	504
9376	1260	306
9384	2605	262
9388	4010	560
9393	2417	243
9399	4255	206
9400	2189	487
9404	2346	474
9409	2742	517
9412	2534	185
9419	1907	313
9420	2410	332
9424	2423	533
9425	3513	260
9427	2351	380
9428	3858	646
9432	2172	248
9440	4544	420
9441	2882	333
9442	3961	815
9444	3017	157
9449	4013	472
9453	4143	519
9455	2270	277
9462	2079	237
9463	789	251
9470	2818	369
9473	3243	522
9477	2223	297
9499	1513	307
9509	3455	592
9514	965	185
9518	1915	313
9523	3076	378
9524	2387	185
9525	1151	315
9535	3650	216
9544	3720	320
9548	3889	333
9552	2888	211
9554	2778	509
9567	2682	313
9567	2682	222
9575	2265	324
9582	3487	328
9585	1330	357
9587	3873	656
9589	3279	351
9590	2893	374
9591	3982	534
9592	989	285
9597	2657	549
9598	2103	332
9603	2684	318
9605	3060	432
9606	2379	574
9610	2030	301
9612	2053	377
9619	2429	572
9622	2394	309
9624	3852	309
9629	4330	487
9629	4330	327
9632	1783	622
9633	2402	536
9635	2488	570
9636	2380	545
9638	2951	215
9641	2018	243
9642	2022	486
9643	1823	443
9644	2079	392
9645	1943	387
9655	1841	339
9657	3947	556
9658	2026	378
9659	1879	415
9677	2531	266
9679	1450	349
9682	2622	332
9687	2559	356
9688	1861	361
9694	1920	356
9695	1147	317
9703	2519	374
9709	3216	337
9709	3216	455
9710	2170	496
9719	3563	296
9721	2397	402
9726	2097	289
9728	1090	244
9733	1292	327
9735	3642	594
9737	1653	222
9740	1306	298
9743	3761	557
9744	2726	185
9757	1815	360
9759	2085	380
9761	3405	420
9762	1499	365
9767	2493	431
9767	2493	210
9769	2348	465
9770	1690	348
9771	2266	534
9779	4480	625
9781	1891	185
9786	2066	375
9791	2494	267
9792	2163	317
9797	1516	259
9798	1248	267
9807	1677	245
9814	3340	413
9815	1972	498
9817	1636	358
9822	1681	397
9827	2131	312
9829	1648	325
9838	3107	633
9839	3450	287
9842	3487	385
9843	3344	392
9845	2602	348
9849	2524	569
9851	3573	593
9852	2218	211
9857	2130	293
9864	1673	320
9871	1870	486
9881	2046	370
9884	2488	242
9889	2736	586
9893	2285	272
9898	4397	528
9898	4397	351
9899	2801	487
9901	1443	185
9905	2736	624
9906	3374	492
9913	1883	388
9919	3250	452
9921	3040	452
9923	3210	388
9925	3847	426
9927	2656	491
9942	1855	512
9943	3471	382
9947	3057	629
9950	4262	275
9950	4262	327
9952	2301	490
9955	2617	243
9962	3975	549
9968	3977	401
9969	1763	474
9970	1968	493
9971	3188	516
9972	2775	428
9976	2552	360
9979	2212	539
9993	1690	526
9998	2701	238
10000	3370	333
10009	3397	356
10010	3033	509
10011	2758	557
10015	2521	462
10017	2635	391
10018	3751	339
10018	3751	245
10019	3001	485
10022	2650	409
10022	2650	476
10024	2645	505
10026	2584	484
10030	3931	500
10032	2921	406
10033	2388	276
10038	3784	460
10042	2156	461
10048	3534	519
10051	3243	363
10052	2086	460
10054	1778	462
10057	2530	434
10061	3074	515
10062	3418	325
10065	8167	299
10070	5290	497
10072	3525	200
10073	6760	227
10073	6760	299
10074	5097	360
10076	5055	257
10077	2606	305
10079	3421	470
10081	6107	493
10088	2932	185
10091	2240	388
10096	1514	307
10101	3409	211
10111	2059	312
10112	2525	379
10115	3896	352
10116	2474	285
10118	1632	261
10121	8265	499
10124	3860	484
10133	1507	494
10134	2391	519
10135	5985	466
10137	3785	254
10137	3785	507
10139	3201	339
10143	2007	399
10146	2764	439
10150	6646	516
10153	2526	353
10156	1731	333
10157	2226	495
10159	3468	327
10160	2241	185
10161	7494	409
10162	2814	413
10164	3249	320
10165	4683	309
10166	3928	490
10170	6249	251
10171	2010	425
10172	4387	338
10172	4387	513
10174	7145	356
10177	2421	417
10182	3881	561
10183	1659	227
10187	2839	400
10189	2540	475
10191	5486	547
10194	2694	343
10199	1778	318
10201	2179	238
10202	3856	477
10208	2425	478
10210	4109	442
10212	996	239
10213	4237	343
10218	1424	185
10222	2168	555
10224	3597	200
10229	1469	290
10231	3297	504
10232	3039	472
10234	1472	280
10243	2039	215
10247	1376	432
10249	1910	288
10250	1231	271
10254	4528	346
10257	2185	289
10257	2185	328
10258	2974	558
10261	2183	556
10264	4663	294
10264	4663	251
10264	4663	218
10271	2314	292
10273	1279	238
10277	940	340
10286	5576	309
10289	2024	563
10291	3374	334
10292	5006	523
10296	5113	311
10301	4873	336
10302	2247	491
10306	2164	231
10306	2164	293
10308	3178	349
10312	3190	405
10313	2162	220
10328	2518	329
10329	5272	412
10329	5272	317
10331	2271	408
10343	2000	310
10344	1880	304
10347	2553	215
10352	5871	297
10352	5871	307
10362	4663	359
10370	1494	277
10371	5572	303
10371	5572	324
10374	7607	215
10374	7607	206
10374	7607	270
10386	2496	314
10389	4024	446
10399	5305	275
10400	932	211
10401	2047	279
10402	2222	215
10406	2085	239
10409	2119	516
10414	2170	279
10417	4403	533
10428	6447	321
10429	1535	222
10431	3917	322
10434	2808	335
10434	2808	333
10437	1697	337
10440	3180	324
10440	3180	323
10441	2664	206
10445	6111	568
10445	6111	261
10447	1970	251
10450	2246	305
10457	2664	450
10458	2374	294
10458	2374	286
10462	2068	280
10469	1639	185
10472	5409	326
10473	4041	215
10485	2511	329
10487	1944	388
10490	1869	303
10491	2226	292
10494	5322	550
10498	2501	425
10500	2089	521
10503	3575	325
10505	3187	449
10505	3187	450
10506	1098	232
10513	3440	295
10517	2198	400
10520	1359	523
10524	2014	255
10525	2384	200
10529	1765	320
10530	3484	428
10531	2572	471
10536	1801	383
10538	2240	365
10539	3324	482
10539	3324	285
10541	4210	185
10541	4210	279
10543	3144	532
10544	3548	403
10547	1995	344
10553	3047	477
10555	3174	413
10558	2924	331
10559	2748	530
10561	2168	460
10562	2868	532
10571	1960	261
10573	7978	509
10573	7978	477
10573	7978	435
10573	7978	517
10574	3009	492
10585	2060	420
10595	2369	359
10596	2672	305
10599	2769	527
10601	3206	230
10603	2167	185
10606	2788	542
10609	5882	316
10609	5882	243
10613	2802	483
10615	2619	382
10618	1958	227
10621	3066	468
10622	8487	223
10622	8487	173
10622	8487	465
10624	2894	547
10630	3659	464
10632	1146	248
10640	3957	443
10640	3957	483
10643	3960	557
10646	2090	222
10650	8266	485
10651	1466	211
10655	3669	401
10662	2557	352
10668	1774	202
10668	1774	345
10669	3330	498
10670	3282	410
10677	3022	428
10679	4255	303
10679	4255	185
10680	1919	295
10683	4072	552
10687	4050	546
10691	2341	436
10693	3716	352
10696	1928	411
10697	2152	340
10699	2323	525
10705	3193	521
10712	1633	319
10724	2836	502
10725	2276	422
10728	4605	452
10733	1995	506
10734	1888	316
10735	2185	245
10737	6282	377
10737	6282	179
10738	2701	222
10741	3587	431
10741	3587	333
10747	2785	482
10748	2152	289
10752	2619	200
10753	2311	440
10756	1503	222
10757	3205	425
10759	3801	520
10761	2966	309
10765	2654	377
10766	2626	457
10769	3312	487
10771	1748	337
10772	1878	227
10773	1913	316
10775	3515	268
10776	2288	488
10777	1742	222
10778	2567	330
10780	3182	308
10784	4019	521
10788	3369	245
10788	3369	259
10789	2602	398
10790	2722	314
10798	3416	516
10800	2108	465
10809	1978	488
10815	3092	445
10815	3092	430
10817	2871	504
10821	2524	389
10830	2078	534
10832	2070	321
10836	5012	420
10843	1843	456
10851	1562	354
10856	2067	301
10860	5449	219
10860	5449	168
10862	3581	586
10868	2166	253
10871	2351	295
10872	2565	333
10873	2382	302
10887	3049	511
10893	3463	458
10893	3463	325
10899	6941	470
10899	6941	460
10907	2889	530
10910	1714	515
10911	2382	498
10917	2725	534
10918	2638	247
10923	3775	200
10924	3231	299
10926	3841	537
10927	2553	526
10932	3367	185
10940	2465	227
10941	3305	501
10947	2829	250
10947	2829	484
10948	4740	386
10948	4740	517
10954	5632	289
10956	2117	341
10961	3856	341
10963	3410	222
10963	3410	249
10972	3016	295
10973	2080	316
10974	1767	513
10975	1859	325
10980	2060	560
10981	2651	488
10983	4041	407
10992	3050	507
10993	6295	334
10993	6295	330
10994	1717	289
10995	3533	587
11012	2818	499
11014	5402	415
11021	2141	531
11022	2995	226
11024	3959	535
11025	1628	397
11026	2237	464
11029	2887	425
11034	2735	322
11035	4103	267
11035	4103	571
11039	1954	340
11040	1224	310
11041	2161	379
11046	3149	185
11049	3350	504
11051	2655	426
11053	7115	545
11053	7115	511
11063	2809	559
11066	2092	340
11067	2691	270
11067	2691	311
11068	2559	541
11076	6991	495
11083	2200	298
11088	4938	350
11088	4938	288
11090	1495	315
11094	3025	376
11095	3517	575
11099	2225	307
11101	2414	363
11107	1563	311
11111	3970	506
11116	5813	514
11118	3038	185
11122	2574	455
11126	2663	382
11128	2240	324
11134	5577	248
11139	1679	434
11150	2375	534
11156	2220	415
11164	4581	481
11169	5866	547
11183	4285	431
11186	2268	259
11187	1841	185
11188	1793	336
11191	3542	301
11192	3185	478
11197	4383	443
11198	4650	381
11203	1609	338
11206	3016	510
11208	3436	243
11209	5477	258
11223	4638	387
11229	4729	534
11229	4729	312
11230	2631	371
11231	2426	299
11233	2396	479
11234	3358	437
11239	4966	215
11248	2291	200
11250	3228	485
11254	1757	500
11260	7177	338
11260	7177	342
11265	2203	265
11267	4158	403
11268	2499	517
11269	3341	339
11270	2302	323
11276	3344	516
11279	3276	549
11282	2850	245
11286	2319	364
11287	5760	326
11291	3752	309
11293	2438	469
11296	4326	480
11296	4326	484
11300	2548	351
11301	2988	211
11301	2988	226
11304	6202	293
11305	2867	415
11310	2134	211
11311	2450	303
11315	2521	458
11319	2767	391
11321	4976	143
11321	4976	283
11330	3492	429
11332	6596	277
11335	1834	206
11337	5210	582
11341	3516	501
11341	3516	258
11346	3328	260
11346	3328	185
11349	4337	523
11353	1475	317
11362	1662	310
11369	1672	381
11372	3540	378
11376	4546	330
11386	1818	349
11389	918	257
11391	1704	279
11393	4833	211
11395	3856	432
11398	1979	238
11401	2107	238
11408	1923	340
11409	3682	491
11409	3682	434
11413	1527	206
11424	2235	227
11435	1357	185
11439	3712	471
11442	2557	348
11451	4411	343
11453	1489	329
11457	4876	496
11457	4876	449
11462	2645	406
11463	2529	285
11464	2590	350
11469	1582	270
11476	2921	430
11478	1351	422
11487	2938	200
11490	2557	292
11495	1841	469
11498	1404	267
11509	1865	255
11516	3251	248
11518	1791	259
11529	1894	274
11541	3231	338
11541	3231	369
11542	4528	512
11542	4528	538
11546	1876	341
11548	2586	301
11550	2310	350
11567	2078	455
11568	2608	216
11569	2638	185
11574	2175	401
11579	1724	317
11597	1592	519
11601	2708	356
11602	2410	362
11606	2013	353
11611	1992	361
11613	1800	337
11614	3916	401
11614	3916	340
11620	2159	359
11628	4540	301
11628	4540	235
11640	1529	185
11649	2166	366
11652	2389	185
11654	3167	304
11654	3167	351
11659	2053	185
11660	2526	532
11661	3620	448
11662	1712	185
11669	1859	459
11670	1556	471
11684	1573	357
11689	1993	426
11691	2657	434
11692	2342	263
11704	948	291
11708	2951	200
11719	1409	388
11726	2558	319
11726	2558	284
11732	1623	312
11732	1623	272
11735	2083	354
11744	2399	454
11747	3741	336
11754	2673	259
11757	2801	515
11763	5607	211
11763	5607	206
11786	3188	477
11793	658	238
11800	5171	362
11801	1730	373
11805	2260	503
11807	2406	211
11808	4371	405
11808	4371	321
11809	2906	297
11811	3815	267
11811	3815	154
11816	5594	359
11828	1243	303
11829	2100	227
11837	1842	349
11838	3958	377
11844	2138	297
11850	3613	453
11852	2194	255
11861	2215	274
11864	2246	248
11865	1749	309
11867	3118	435
11867	3118	499
11871	3002	499
11875	2011	358
11877	1592	318
11883	1972	319
11886	2200	394
11888	2632	320
11890	3461	352
11898	2683	334
11900	1604	386
11907	1968	222
11910	1523	557
11915	5188	313
11921	2583	383
11926	1955	411
11928	2526	305
11933	4712	272
11936	4335	390
11937	2755	222
11946	2173	307
11948	3106	250
11952	2845	302
11958	1829	365
11969	3218	564
11974	2890	481
11975	3836	418
11991	6001	216
11991	6001	297
11993	1634	243
11995	2962	431
11996	3783	412
12000	2708	272
12004	4208	437
12005	6055	215
12012	3656	185
12012	3656	321
12014	4526	519
12023	2529	434
12025	5039	582
12026	1693	138
12027	2342	342
12029	1797	461
12032	3221	544
12037	2575	427
12040	3000	403
12044	4309	290
12044	4309	264
12054	3084	222
12054	3084	354
12055	4225	421
12065	4683	384
12072	2148	379
12077	6105	278
12078	2541	479
12079	2117	374
12083	3362	493
12085	4282	238
12086	4987	185
12088	3682	509
12092	6288	477
12101	3709	580
12103	2813	371
12105	2453	185
12110	1960	371
12111	786	309
12120	1504	308
12121	1883	435
12126	1989	518
12133	2860	365
12134	2919	495
12135	1586	345
12139	1882	466
12142	2504	530
12143	2455	394
12146	4715	493
12146	4715	444
12147	3842	481
12149	1534	200
12151	3059	352
12153	2329	291
12154	2232	259
12157	1843	447
12164	5340	486
12168	4757	430
12169	1776	292
12174	2767	318
12176	3179	423
12179	2706	521
12180	2448	343
12182	5859	284
12184	1416	438
12194	3466	529
12198	2469	310
12200	3431	545
12200	3431	510
12204	4746	565
12205	3858	522
12215	1698	543
12217	3303	554
12220	4394	200
12223	2658	357
12225	3460	537
12226	4872	544
12231	3889	488
12238	1817	420
12244	2507	331
12245	1070	369
12250	3751	524
12254	2040	280
12259	3181	354
12271	5787	206
12276	1997	236
12278	3000	590
12279	2357	307
12280	1437	460
12295	5840	342
12297	6013	444
12298	4450	539
12299	1296	185
12303	1719	430
12324	2316	400
12326	5038	318
12334	4947	555
12340	3195	261
12345	2134	660
12348	3985	564
12350	1280	287
12355	3331	548
12363	1422	292
12364	5064	602
12367	1701	273
12375	5858	511
12375	5858	428
12378	1982	328
12379	1529	284
12383	996	462
12395	1341	185
12405	3529	441
12408	1409	306
12418	3293	440
12425	2752	261
12425	2752	267
12429	1770	355
12434	1457	235
12438	2611	481
12439	1794	382
12455	3183	478
12456	1978	286
12458	5143	321
12459	1956	272
12460	2748	549
12462	3113	399
12472	2311	327
12474	5101	466
12476	1360	332
12477	3000	462
12480	1667	362
12482	5010	308
12483	2634	380
12486	1695	280
12503	2802	302
12504	2928	548
12506	2859	528
12513	3268	296
12514	1757	443
12515	3073	318
12515	3073	437
12516	4903	547
12518	1961	418
12519	4767	426
12519	4767	559
12522	2644	262
12528	1409	313
12529	4570	574
12531	2430	324
12549	2038	434
12552	2299	211
12564	2871	517
12572	3289	375
12578	4906	332
12578	4906	303
12581	1070	328
12587	5429	335
12594	1516	322
12595	5450	233
12598	1177	337
12599	5309	333
12599	5309	455
12606	2852	185
12607	3850	467
12627	1291	437
12633	3055	185
12635	1737	506
12647	2661	250
12649	2750	266
12657	1969	227
12658	5935	411
12658	5935	485
12659	1851	419
12663	736	258
12667	2211	310
12679	1650	412
12688	5693	464
12688	5693	435
12692	2138	239
12694	2184	200
12699	2299	351
12700	3383	243
12702	1754	340
12706	3050	389
12710	5151	416
12714	3961	338
12716	1945	412
12717	1385	206
12729	2422	215
12730	2505	534
12734	2858	417
12736	2265	245
12739	1706	341
12744	4850	444
12746	3221	302
12750	2515	261
12752	2914	200
12756	1703	301
12759	1485	503
12762	6434	272
12763	3020	261
12770	1282	434
12773	2535	331
12775	3339	317
12781	2106	494
12787	2844	560
12790	2321	185
12794	2079	330
12802	2851	471
12803	3130	530
12806	2149	243
12807	3662	445
12810	6347	549
12811	4459	347
12813	3632	286
12813	3632	273
12814	5706	539
12818	1775	211
12819	2893	200
12823	6718	316
12823	6718	499
12826	2895	393
12827	2709	532
12831	2909	497
12836	3175	266
12839	4601	238
12842	2894	200
12843	2679	284
12846	2789	222
12847	3452	518
12850	1655	541
12852	2359	428
12853	3001	238
12867	2637	498
12868	4755	329
12868	4755	343
12868	4755	307
12869	4118	469
12871	3294	375
12872	2091	304
12877	4408	338
12879	2665	425
12881	1956	319
12891	6541	563
12893	2055	235
12900	7293	351
12901	1103	200
12906	2494	404
12907	2519	478
12908	4208	279
12908	4208	527
12909	1610	448
12919	6473	464
12920	2347	227
12920	2347	327
12925	2856	439
12930	2947	550
12935	5287	654
12935	5287	384
12936	2575	382
12938	2911	495
12939	2652	282
12942	2525	331
12953	1709	309
12954	2573	233
12955	1939	200
12957	3244	493
12958	1900	479
12964	1714	335
12965	3806	490
12967	4662	554
12974	2391	346
12975	1886	270
12981	2116	394
12983	3385	464
12984	3906	498
12987	3077	560
12991	1596	337
12993	2982	491
12997	5216	423
13000	1892	211
13005	2068	431
13010	2092	386
13013	5668	499
13014	2216	291
13015	3375	599
13021	3021	483
13022	3483	537
13026	1427	493
13027	1759	506
13029	4822	345
13032	4251	314
13036	3083	326
13048	2291	439
13049	2381	238
13052	2202	296
13056	3041	346
13058	3917	360
13075	3195	393
13077	2546	430
13083	2581	538
13084	6113	494
13085	3207	244
13087	2538	565
13090	1995	211
13094	6307	398
13096	1906	302
13105	3578	550
13106	4932	665
13108	3510	489
13110	5305	457
13110	5305	723
13111	4386	416
13117	2285	492
13118	4993	283
13121	2726	362
13125	1790	519
13128	3785	486
13129	2223	542
13130	2788	512
13130	2788	402
13135	1830	358
13140	2493	549
13144	1439	251
13147	4055	426
13151	2686	507
13152	5722	477
13152	5722	545
13155	4519	462
13156	4679	211
13158	3804	490
13159	2745	395
13161	3444	270
13162	2930	508
13180	2849	305
13181	2870	318
13182	3049	417
13183	2080	299
13184	3527	351
13189	2715	338
13191	1874	250
13192	2315	216
13201	2150	324
13204	3252	546
13205	5643	286
13205	5643	266
13206	3801	541
13211	3035	361
13213	1626	250
13216	1642	316
13218	3554	227
13220	7114	400
13220	7114	482
13220	7114	395
13227	1698	340
13228	2623	317
13231	4068	232
13232	1908	227
13234	2724	239
13236	2450	467
13239	2661	306
13241	5507	267
13242	4895	355
13242	4895	475
13245	2304	312
13250	3292	504
13256	2886	252
13258	6573	371
13261	2384	312
13283	1831	310
13292	3338	354
13293	3081	522
13297	2852	314
13301	6555	525
13308	5886	329
13311	2579	206
13312	2061	438
13323	2285	544
13346	4141	259
13346	4141	254
13353	2129	327
13355	2415	303
13360	2822	364
13368	3991	337
13370	1692	200
13371	3204	358
13372	3108	304
13377	2115	323
13378	3700	558
13382	3201	355
13383	2034	295
13384	4122	232
13388	4539	442
13393	4723	316
13394	1318	338
13395	1481	341
13397	4979	457
13398	1711	250
13399	1815	349
13401	1732	277
13404	1377	200
13411	5300	425
13416	3553	515
13418	2833	227
13418	2833	466
13422	3578	200
13425	6426	227
13427	3114	305
13443	2705	513
13447	2911	543
13449	4981	373
13451	1370	512
13453	6313	390
13457	2766	267
13459	2698	502
13470	3804	303
13474	2270	272
13480	4964	414
13497	3799	587
13500	3237	330
13502	3955	487
13503	2367	548
13507	3773	430
13508	4561	469
13509	4352	416
13516	2325	466
13518	3513	309
13523	2194	211
13529	3525	337
13540	4093	501
13542	2682	327
13544	2459	348
13555	2590	476
13563	1771	286
13564	3846	309
13572	2075	295
13578	3317	451
13583	4110	545
13584	2313	364
13588	2637	353
13589	2596	398
13590	2536	507
13591	1237	323
13594	2068	500
13598	3051	518
13599	6055	388
13600	2378	286
13602	1526	221
13608	2742	494
13609	1583	296
13613	6830	427
13613	6830	475
13615	2764	392
13616	2571	477
13617	3102	513
13619	2929	200
13620	1767	474
13621	3085	227
13629	1876	260
13631	3921	534
13633	2222	341
13637	2238	300
13640	2941	384
13647	2531	376
13649	3703	521
13652	2876	211
13660	4779	509
13663	5433	473
13670	2145	266
13673	3625	479
13674	4893	207
13674	4893	214
13678	2561	246
13679	2967	542
13680	2354	290
13681	3382	421
13681	3382	438
13684	2026	300
13685	3532	485
13690	1961	346
13691	4599	403
13700	3679	283
13703	2157	317
13706	1844	323
13707	2634	281
13709	2107	305
13712	3889	398
13712	3889	536
13716	2242	501
13738	1744	238
13745	2334	358
13750	1467	244
13753	1959	485
13759	5022	292
13763	6106	296
13770	3692	421
13772	2615	448
13773	1768	354
13778	3539	309
13781	1982	337
13784	3877	558
13786	2507	455
13788	1449	320
13789	988	325
13795	2487	297
13802	3879	501
13807	2941	515
13810	2737	327
13813	5855	443
13821	1730	291
13824	3384	475
13824	3384	418
13832	3677	416
13838	2624	256
13838	2624	215
13840	1983	445
13844	1822	333
13845	2331	292
13847	3715	271
13847	3715	470
13848	3067	501
13850	3959	239
13861	2229	528
13865	4309	481
13866	3185	325
13868	2238	285
13870	2440	498
13877	2106	345
13877	2106	217
13882	1281	230
13885	2167	294
13885	2167	312
13886	4406	502
13886	4406	384
13888	1866	255
13889	2408	284
13898	6699	273
13900	3184	421
13902	2757	501
13906	2169	268
13917	1356	322
13921	1863	239
13924	3325	544
13926	4219	343
13929	1686	302
13930	2162	285
13937	2505	237
13940	6488	232
13944	3760	499
13944	3760	494
13947	3377	454
13948	3063	238
13950	2714	269
13951	3038	490
13952	2479	287
13954	3401	447
13956	3260	422
13960	3967	503
13969	3154	424
13970	2972	555
13974	4299	200
13977	3069	545
13979	2581	515
13983	2991	469
13986	4384	475
13991	3749	456
13991	3749	458
14003	3390	498
14005	2211	518
14006	2466	243
14009	2033	376
14017	2230	500
14018	1418	498
14020	4293	563
14021	3668	298
14022	2793	526
14025	2494	331
14028	1983	195
14028	1983	258
14030	3199	406
14033	2218	354
14034	1874	510
14038	2863	512
14040	3046	345
14041	2002	526
14042	2053	426
14044	1629	384
14047	2701	504
14052	4315	463
14060	6248	512
14066	2895	447
14074	2600	514
14075	3392	317
14078	2556	282
14079	3615	396
14079	3615	300
14084	2124	497
14089	4361	503
14098	2449	473
14101	1868	515
14105	2727	327
14110	5223	405
14112	1876	311
14123	1414	345
14130	2773	248
14137	2670	496
14148	5501	560
14148	5501	501
14153	2791	567
14155	1747	264
14156	2984	361
14161	4942	488
14178	3909	453
14187	2912	320
14206	1980	509
14210	3714	403
14216	1114	353
14218	3720	755
14220	681	383
14223	3267	439
14226	2615	169
14226	2615	148
14227	2927	284
14228	2765	423
14282	655	200
14306	3526	425
14310	1740	249
14316	2511	321
14317	3031	185
14320	7066	433
14322	2083	294
14324	2282	378
14328	1774	330
14333	6524	267
14333	6524	420
14341	2805	357
14343	3315	307
14343	3315	185
14345	1799	329
14354	5627	488
14357	12203	319
14357	12203	419
14369	2059	419
14375	2150	227
14384	9715	326
14384	9715	276
14385	5446	559
14395	4142	499
14399	13873	424
14399	13873	417
14401	5037	215
14410	2884	281
14411	3920	505
14417	7095	697
14418	17201	185
14418	17201	542
14418	17201	420
14425	3857	365
14440	3037	472
14442	10001	534
14442	10001	438
14444	4186	251
14444	4186	291
14447	3553	415
14447	3553	415
14449	2008	238
14453	4296	195
14453	4296	314
14455	2924	543
14466	7254	298
14480	3391	320
14481	3323	382
14484	3316	250
14486	2421	176
14486	2421	178
14488	3853	468
14491	6044	469
14492	2478	649
14495	2635	447
14499	2162	595
14501	5778	349
14501	5778	317
14507	2188	185
14508	1820	274
14512	6879	399
14514	2375	641
14518	2659	328
14522	2448	501
14526	2192	215
14529	4099	185
14529	4099	416
14531	5841	211
14534	4430	409
14534	4430	331
14539	3400	401
14542	3428	493
14546	4596	526
14549	3591	341
14551	3957	524
14552	2831	520
14559	4363	586
14563	4777	309
14563	4777	453
14567	2988	211
14568	4596	444
14573	4100	215
14584	4424	542
14587	3169	464
14593	4549	554
14594	2389	471
14595	3678	300
14598	2479	278
14601	3526	335
14608	10386	574
14610	2981	444
14611	2619	327
14612	4419	468
14616	4106	598
14617	2949	518
14619	2941	436
14620	5076	344
14625	2139	423
14628	6311	440
14628	6311	405
14632	2585	606
14640	4220	416
14649	3942	578
14651	1711	316
14654	2563	361
14655	5895	432
14658	2831	317
14658	2831	387
14664	1852	296
14671	2758	248
14672	2716	310
14673	7133	591
14675	3505	521
14679	7544	578
14680	4500	230
14680	4500	222
14682	4080	185
14684	2019	332
14688	3620	382
14690	4020	573
14690	4020	200
14696	2354	402
14707	3638	329
14709	3218	293
14711	3550	593
14716	1432	298
14718	3624	544
14724	2568	304
14725	2997	336
14726	3081	430
14730	2724	570
14734	5565	337
14736	5054	531
14737	2373	345
14738	6599	263
14743	1786	334
14749	3298	546
14757	4121	272
14766	1495	200
14771	2710	344
14776	3058	342
14777	3192	373
14778	2850	297
14781	4127	562
14783	5076	238
14789	6024	514
14794	3989	345
14797	1730	233
14802	2089	293
14807	3329	306
14808	2712	255
14810	2696	330
14812	4132	559
14813	4821	319
14813	4821	324
14817	3047	385
14818	4302	324
14820	2530	324
14820	2530	313
14830	7279	336
14832	2799	345
14842	2745	267
14845	1988	397
14846	12943	464
14846	12943	422
14847	7169	333
14850	1014	333
14851	10253	553
14851	10253	373
14853	3889	586
14865	2232	200
14868	1656	211
14870	2593	185
14870	2593	287
14872	2301	367
14873	2364	375
14875	11933	400
14879	2629	464
14881	12054	339
14881	12054	212
14882	1160	362
14883	3121	329
14889	4814	256
14892	1756	248
14893	2427	290
14898	2896	317
14903	13037	504
14903	13037	531
14912	13231	636
14912	13231	548
14913	4262	353
14914	2522	334
14920	4431	386
14924	1953	305
14925	1323	318
14927	2128	378
14930	2667	267
14931	3224	284
14935	3163	351
14937	2872	272
14946	3059	296
14948	2371	313
14952	2868	396
14953	2652	200
14956	2808	329
14958	7007	233
14958	7007	259
14959	2270	329
14961	1937	305
14966	5147	327
14968	5221	378
14969	2930	300
14971	6246	283
14974	2764	346
14976	1085	318
14977	12397	310
14977	12397	349
14977	12397	262
14983	3157	492
14987	3747	519
14988	6788	380
15001	2834	340
15002	3325	325
15004	1946	363
15008	3217	382
15009	6546	377
15009	6546	222
15016	2512	521
15017	2519	506
15021	2651	301
15022	3146	304
15023	2949	476
15024	3304	526
15025	4325	526
15028	2238	323
15029	14827	534
15029	14827	432
15029	14827	513
15031	11790	381
15031	11790	455
15033	4917	331
15053	3756	398
15054	2088	357
15057	3437	311
15062	2570	308
15062	2570	248
15063	1808	185
15070	1846	279
15075	3256	449
15077	3755	558
15080	1415	331
15081	4077	476
15109	3446	394
15117	2277	271
15122	1631	414
15123	2712	424
15128	2707	200
15129	2888	590
15130	1648	334
15139	2800	555
15143	2734	560
15151	1716	211
15154	2439	200
15160	2241	336
15165	2141	414
15166	4439	543
15177	2513	366
15179	2747	514
15186	2919	642
15202	3719	543
15205	3866	211
15215	2219	584
15217	2629	230
15237	3676	751
15239	3085	220
15239	3085	376
15243	3414	274
15247	3341	565
15249	3901	330
15249	3901	280
15250	4436	572
15253	3953	335
15258	1912	352
15266	2037	270
15271	2895	427
15274	1830	282
15275	2388	321
15279	2780	239
15287	3097	257
15292	4320	813
15297	2192	384
15299	1447	434
15301	2573	537
15305	2366	443
15309	2275	483
15313	2147	509
15319	2241	428
15320	2246	372
15323	3341	440
15323	3341	185
15327	3327	491
15338	1186	268
15339	2317	384
15345	1880	296
15346	2119	605
15355	1605	356
15359	3677	534
15363	3005	493
15378	1626	532
15379	2529	387
15392	3680	325
15395	3855	185
15399	3823	423
15400	4029	432
15405	2618	324
15405	2618	214
15410	2693	528
15416	4324	422
15428	2357	206
15429	2722	522
15435	2597	296
15438	2225	445
15440	2282	227
15441	3541	325
15443	2491	324
15449	1730	243
15451	2496	521
15452	3159	317
15456	2995	522
15460	2015	547
15463	3236	490
15465	2341	622
15469	2080	306
15476	2244	378
15480	4172	586
15491	3500	304
15492	2266	568
15493	2409	468
15495	3453	238
15501	2633	363
15503	3619	567
15504	3270	597
15533	2944	305
15534	2377	293
15534	2377	270
15541	1952	274
15542	1538	284
15546	3861	346
15547	3316	645
15551	3123	527
15554	2550	371
15559	2798	268
15561	2382	270
15563	3732	588
15564	2285	572
15566	2329	515
15576	4544	316
15577	3418	444
15580	2073	311
15589	2905	563
15590	3891	463
15592	2784	390
15598	3182	222
15606	1721	316
15614	3783	561
15618	2111	242
15622	1773	348
15628	1867	215
15636	3279	397
15640	2318	257
15642	2714	555
15645	1844	227
15656	1494	234
15659	2233	535
15665	2796	383
15666	2577	315
15689	2734	407
15693	4391	511
15693	4391	436
15694	2112	344
15714	2569	317
15719	1919	328
15721	2286	298
15724	2376	542
15729	2424	410
15732	2838	510
15737	4078	281
15741	2370	364
15743	1987	456
15752	2971	552
15753	2525	467
15761	2189	307
15769	2243	362
15773	2969	391
15781	1997	565
15783	3198	319
15785	2200	571
15788	4081	573
15789	3886	425
15797	2930	322
15801	2100	513
15817	3723	238
15820	2845	402
15823	2646	453
15832	3093	531
15836	2033	618
15838	2429	466
15841	2880	408
15847	3022	313
15849	3601	466
15850	1897	238
15854	1499	349
15857	2545	222
15858	3206	506
15859	2259	470
15869	4455	586
15881	3532	368
15881	3532	532
15885	3744	609
15888	3394	266
15889	2282	386
15894	2379	458
15896	2606	351
15902	2100	342
15909	3085	211
15912	2586	369
15914	2818	192
15914	2818	224
15915	2098	568
15923	3819	418
15924	3501	555
15924	3501	573
15925	1790	333
15930	2909	385
15942	4102	497
15950	2982	557
15952	2171	282
15956	3287	520
15959	2228	287
15960	3415	520
15961	2452	222
15963	2757	505
15971	3869	333
15981	1892	472
15989	2146	368
15991	1900	534
15992	4085	232
15992	4085	229
15995	3530	632
16005	2951	292
16015	3021	511
16018	3439	443
16018	3439	314
16021	2646	563
16030	2511	423
16031	3267	185
16031	3267	408
16036	2603	533
16038	1741	508
16041	3753	266
16049	2275	272
16054	2592	576
16057	2103	548
16058	3734	493
16065	3339	562
16067	3953	571
16072	1321	227
16075	2664	600
16077	2078	569
16081	1521	303
16085	2074	185
16086	1731	185
16089	2345	216
16103	2464	513
16104	3031	539
16109	1960	344
16115	2090	319
16120	2170	541
16124	2996	608
16125	1412	289
16133	2515	265
16139	3703	487
16144	3265	797
16154	2135	339
16155	3434	375
16158	2171	519
16167	2267	317
16168	1558	407
16174	3599	420
16174	3599	453
16176	2241	442
16194	2361	284
16198	1935	372
16202	1801	211
16204	2396	356
16204	2396	295
16211	3988	568
16214	3810	561
16216	1816	315
16218	2592	590
16221	3469	403
16224	2568	573
16225	3344	540
16229	1454	341
16231	4192	559
16233	3570	529
16237	1606	185
16243	2034	316
16251	3167	417
16252	2623	497
16253	3863	553
16258	3445	629
16259	3288	508
16261	3365	227
16266	3856	187
16266	3856	174
16269	4567	542
16276	2423	364
16281	2706	604
16282	2539	383
16286	2692	237
16289	2379	200
16293	4032	465
16293	4032	382
16302	3203	440
16303	3579	300
16304	3966	307
16307	2456	317
16308	3234	287
16313	1783	200
16329	1937	345
16331	3067	399
16331	3067	416
16332	2965	286
16334	3312	472
16339	2595	622
16340	3626	407
16358	2619	361
16369	2060	581
16370	2869	188
16372	2726	352
16377	2760	542
16381	3970	310
16383	1635	444
16386	1703	227
16388	2518	570
16401	3215	321
16402	2391	325
16404	2087	353
16408	2071	583
16420	2222	200
16422	3007	541
16426	3778	238
16429	3852	418
16432	1938	328
16434	3108	618
16436	1874	433
16455	2328	391
16476	2121	450
16481	2719	185
16482	1937	215
16505	2369	335
16506	3997	387
16515	3471	204
16515	3471	444
16522	1566	330
16523	2445	517
16540	1427	403
16542	3139	427
16544	3186	501
16551	2233	432
16555	3352	238
16567	4237	533
16567	4237	307
16570	1788	318
16576	4074	471
16581	2655	372
16593	2503	462
16601	2412	275
16603	2238	309
16616	2569	227
16617	2589	413
16621	2489	301
16622	1958	479
16637	2034	430
16652	2136	416
16656	2074	302
16658	2330	446
16659	1800	274
16660	2637	185
16665	2798	617
16674	2901	516
16677	4550	837
16677	4550	441
16678	4300	590
16679	2546	185
16682	3699	508
16683	2381	402
16686	2284	215
16693	1953	383
16695	2057	517
16708	2827	479
16711	3613	513
16711	3613	582
16714	1326	354
16717	2111	376
16723	2252	487
16724	1342	367
16728	2430	259
16729	3565	311
16731	2149	399
16731	2149	450
16737	2278	254
16739	3526	254
16739	3526	211
16740	1979	572
16741	1515	292
16748	1564	331
16749	4462	621
16755	1952	406
16756	3444	616
16759	2586	579
16760	2873	803
16767	3209	567
16770	3200	457
16772	2701	565
16774	2576	185
16776	3146	536
16779	3381	603
16786	3078	480
16788	2095	312
16794	4579	573
16795	3558	486
16802	1641	339
16803	1376	259
16805	2296	593
16807	1852	185
16808	2735	572
16813	1654	244
16816	1729	283
16818	2029	330
16824	3652	329
16827	2356	238
16831	2191	462
16833	2554	393
16835	2290	385
16836	2561	404
16840	1623	399
16841	3514	516
16845	2837	641
16847	2447	515
16851	1468	215
16859	3104	502
16862	1752	342
16864	2735	581
16869	3751	529
16870	2477	394
16874	2223	538
16875	4227	525
16879	1766	185
16881	1966	288
16887	749	211
16891	3768	304
16893	3311	562
16895	3081	346
16902	3617	584
16908	2576	499
16910	1859	313
16919	3791	462
16923	2616	352
16924	2122	396
16925	3764	255
16926	1774	322
16928	1906	238
16929	3792	566
16934	2574	380
16936	2787	460
16941	2125	482
16948	3026	249
16948	3026	562
16951	3324	389
16956	3475	441
16956	3475	301
16963	2689	422
16967	2327	310
16968	3835	211
16972	2393	362
16976	1793	409
16979	2303	460
16983	1815	392
16986	2831	302
16990	1734	283
16992	4152	466
16992	4152	383
16999	1994	317
17006	1775	507
17008	2562	512
17010	2369	550
17011	3255	573
17014	2077	388
17016	1709	300
17022	2153	185
17025	2526	460
17027	2206	324
17039	2505	428
17041	1699	388
17050	3534	518
17050	3534	504
17056	2020	536
17064	2081	585
17065	3796	481
17067	2123	211
17071	2188	258
17072	2012	185
17078	2322	507
17084	1201	319
17088	2510	453
17091	3050	306
17094	2888	486
17097	1793	294
17097	1793	226
17098	2040	259
17103	1486	406
17106	1010	307
17110	1566	255
17118	2003	353
17121	1514	293
17127	2078	307
17129	1547	185
17130	2056	386
17139	4396	508
17139	4396	249
17149	1845	222
17150	1903	185
17153	688	255
17175	1797	364
17178	1575	211
17180	3450	545
17183	2801	535
17184	2474	637
17186	1694	393
17187	1850	215
17189	2461	365
17190	1746	489
17192	946	279
17194	2177	341
17197	1418	284
17201	2856	246
17204	2589	344
17205	1757	332
17208	2308	313
17215	3039	367
17215	3039	283
17217	2781	525
17218	2566	361
17219	2504	567
17220	2234	470
17223	1875	454
17228	2282	420
17231	2449	542
17234	2402	185
17239	3128	824
17240	1587	280
17241	1892	233
17242	2932	390
17250	3204	263
17250	3204	284
17251	1596	185
17253	2102	233
17254	4510	206
17254	4510	415
17255	1536	280
17259	1731	528
17260	2489	362
17263	2442	252
17267	2599	243
17268	1932	253
17269	2601	200
17272	1813	541
17273	2521	454
17276	2316	325
17280	2845	255
17285	3610	566
17289	2417	416
17293	2997	320
17293	2997	324
17295	2063	347
17300	2341	506
17302	1908	348
17303	2018	486
17307	1752	330
17309	2299	266
17310	4503	242
17313	2381	211
17317	2855	431
17318	2350	555
17320	3037	474
17332	3524	532
17333	1945	318
17337	2127	287
17339	1912	349
17343	1610	490
17348	2015	302
17349	2909	183
17349	2909	320
17357	3131	569
17358	4650	563
17361	2057	376
17364	4071	283
17365	3494	553
17366	3274	498
17370	2180	361
17383	1849	272
17391	2004	275
17394	3077	644
17399	2608	525
17401	1280	223
17405	3463	338
17418	3787	556
17419	3101	424
17425	1952	347
17426	2947	298
17427	2908	440
17433	3235	265
17434	4301	520
17439	3071	556
17444	3842	354
17445	1004	333
17448	2823	263
17451	3506	520
17458	3535	486
17464	4161	627
17467	2758	328
17470	3056	450
17471	1556	338
17479	3160	847
17480	2518	227
17483	2707	560
17488	4126	365
17488	4126	289
17489	4238	572
17489	4238	385
17492	2589	250
17496	3910	571
17497	3159	575
17511	2419	360
17514	2451	256
17520	2127	535
17521	3401	284
17523	1170	548
17533	1270	215
17535	2529	388
17540	2876	185
17543	3044	554
17547	2051	238
17548	1929	397
17550	1860	323
17554	2438	368
17557	4089	829
17562	3057	607
17563	2356	551
17564	1624	518
17567	1453	315
17568	2408	382
17574	1647	249
17575	2398	341
17578	2528	495
17579	1651	341
17589	1954	566
17592	1990	488
17594	1975	307
17595	2085	528
17603	2484	362
17612	4069	833
17614	2024	371
17618	2028	359
17623	2746	359
17627	2896	501
17628	3335	221
17628	3335	484
17629	3168	358
17635	2368	185
17636	1896	260
17638	2127	384
17642	1534	227
17647	1715	509
17649	1840	400
17658	2016	185
17664	2320	338
17670	1816	273
17675	2726	278
17676	2339	536
17679	2555	377
17679	2555	308
17683	2646	491
17684	2607	247
17684	2607	304
17689	3967	250
17693	3654	370
17696	2622	587
17699	2667	324
17699	2667	358
17702	990	275
17704	2726	569
17707	2010	227
17709	1764	347
17710	1705	221
17712	2566	281
17716	2258	222
17721	1498	307
17724	1581	386
17729	2065	268
17732	1576	347
17744	1990	407
17746	3046	534
17747	1813	352
17750	1970	316
17751	2157	342
17755	2317	360
17756	1637	289
17760	3461	364
17760	3461	185
17766	1500	216
17770	1561	279
17771	2369	330
17771	2369	271
17782	2179	291
17784	1793	262
17787	1367	333
17790	1276	298
17797	1689	227
17800	2276	397
17801	2396	526
17803	2076	284
17808	3659	360
17810	2622	571
17813	2138	553
17814	2414	358
17818	2740	436
17821	2012	260
17824	1853	369
17825	2020	538
17826	1598	357
17838	3959	539
17843	2752	336
17843	2752	280
17849	2509	200
17856	1967	558
17861	2455	266
17864	2528	271
17866	2328	325
17871	2286	185
17874	3875	533
17874	3875	384
17881	4115	416
17894	1300	347
17899	3346	211
17900	2012	211
17900	2012	185
17905	3993	621
17910	4323	522
17915	2224	273
17918	2900	388
17921	3628	401
17926	2688	432
17927	3705	316
17927	3705	365
17928	3983	331
17929	3300	563
17930	2491	394
17934	2602	271
17940	2054	260
17942	3500	535
17945	2723	337
17953	1857	267
17958	2545	395
17958	2545	291
17969	2053	606
17977	4042	490
17978	4039	551
17978	4039	329
17983	2635	442
17989	1798	535
17990	2867	255
17991	2054	358
17999	1858	335
18007	2748	552
18016	2577	582
18019	2714	230
18021	3103	185
18029	2522	573
18033	2075	485
18037	4116	616
18046	2028	374
18059	1985	383
18067	3174	436
18071	1997	266
18074	886	250
18084	1870	243
18087	2981	391
18090	2709	396
18094	2760	377
18099	2338	347
18106	2897	491
18108	1937	462
18109	2768	260
18112	3702	206
18118	2545	399
18120	2512	343
18132	2229	238
18133	3553	444
18135	2375	513
18138	3238	222
18140	2159	292
18141	1786	322
18144	2661	285
18146	3096	405
18162	2954	561
18171	4479	537
18173	3597	564
18175	2325	339
18185	2268	423
18189	1968	211
18191	2214	318
18193	2204	265
18195	3412	701
18200	1997	604
18201	2565	370
18209	2804	491
18210	2858	268
18213	1851	431
18214	2785	524
18216	1763	344
18218	1888	454
18219	2215	185
