0	28806	34571
3	1610	483
7	6146	461
9	7499	417
9	7499	391
9	7499	241
10	4992	417
11	11340	559
14	1658	261
19	1439	456
20	10822	275
21	11959	490
21	11959	376
21	11959	424
22	14239	458
22	14239	426
26	3330	245
33	6143	243
36	2132	281
41	2868	598
42	4671	323
46	7107	244
46	7107	329
47	1544	332
48	9905	267
53	5077	343
55	2193	595
57	10057	347
60	1498	249
62	10051	437
62	10051	330
62	10051	312
69	7921	408
70	3288	347
71	1932	273
74	2338	370
77	1459	254
80	2533	215
81	2115	361
82	2028	369
87	13510	369
87	13510	230
93	1632	279
93	1632	231
94	8657	434
95	3801	222
96	2152	255
97	1792	200
100	2009	200
101	16149	339
101	16149	185
101	16149	344
101	16149	242
106	2778	185
107	11671	365
107	11671	456
110	3539	255
111	6968	337
111	6968	318
114	1778	279
115	12046	469
116	9949	227
116	9949	232
121	4596	423
123	2506	282
123	2506	194
128	8599	268
128	8599	337
133	7352	490
136	10457	278
145	2691	285
147	2059	237
150	3236	222
152	12298	227
153	5237	427
153	5237	257
156	13039	425
156	13039	357
156	13039	442
156	13039	200
159	1165	256
161	4729	401
161	4729	261
163	2900	594
164	6035	405
165	2443	454
167	6070	338
170	1895	364
178	2431	221
185	6164	415
188	6424	211
188	6424	395
190	12021	371
192	10330	405
192	10330	398
192	10330	371
200	4364	246
201	2195	185
202	5204	230
204	3931	395
205	3810	250
205	3810	383
206	10309	379
207	1521	232
208	3191	254
212	1610	232
218	2094	216
219	12243	236
221	4998	428
222	1318	255
226	4258	272
227	12140	404
230	1434	410
233	2495	466
238	1754	268
239	1290	304
240	11655	244
240	11655	249
248	7302	218
249	1343	319
250	2965	328
253	9641	243
257	2546	561
260	4485	464
262	6134	238
262	6134	239
264	3670	227
265	9768	399
265	9768	398
266	2838	402
266	2838	262
272	7599	257
279	1845	239
285	1280	222
288	941	227
293	6641	222
296	2992	401
297	8598	237
297	8598	344
298	1370	185
300	2237	185
301	2268	249
302	1551	262
308	6367	331
316	2776	356
316	2776	349
317	2050	185
319	2812	256
320	1958	215
322	2809	353
323	3318	324
326	2721	342
330	1561	254
331	2412	387
338	1773	239
338	1773	211
340	2417	471
342	929	385
348	5136	415
349	4576	401
350	4090	357
352	2302	268
354	5296	244
357	3217	637
359	1712	239
361	7275	222
364	1546	358
367	1724	273
368	2834	414
369	1682	405
373	2556	380
379	4280	382
379	4280	270
381	5463	342
381	5463	220
381	5463	435
383	1958	329
384	2327	392
388	11472	244
389	1580	206
391	975	415
393	1983	239
394	7719	222
396	11673	255
397	10777	434
398	8720	185
399	2502	402
404	5541	399
408	6647	238
408	6647	338
413	1793	400
415	2173	455
418	3416	376
419	1752	417
424	6589	406
427	9601	185
427	9601	414
430	1526	343
434	2486	404
438	3948	442
438	3948	447
438	3948	228
442	15004	352
445	3424	488
449	1773	185
450	2688	388
455	4322	227
457	2199	411
458	3428	409
458	3428	260
459	6560	391
459	6560	410
465	1781	351
466	7520	338
467	4769	326
469	7527	293
470	7504	571
471	6215	390
472	2696	407
475	1386	425
485	8786	259
488	3644	401
490	1930	294
494	5009	250
495	1531	402
498	8446	255
507	5884	433
508	9958	353
510	4159	206
511	3232	372
529	2981	411
533	3389	406
537	6857	420
537	6857	289
543	4087	394
544	8314	388
544	8314	357
544	8314	327
554	8100	406
560	2834	553
563	3159	332
564	6662	409
566	5497	317
566	5497	288
567	4129	324
568	1709	304
571	2458	347
573	3223	416
578	3476	460
580	7030	228
580	7030	184
580	7030	438
583	5055	308
583	5055	174
589	2733	437
590	3221	459
590	3221	348
591	1442	250
592	2354	267
594	5450	206
598	1252	255
599	15845	237
602	2935	459
603	2913	322
608	2107	329
609	3686	452
609	3686	333
610	1529	310
624	1604	474
625	2604	377
626	5731	244
627	5510	263
630	1256	414
634	2359	320
640	5626	383
642	5819	371
642	5819	239
644	5259	216
646	4481	180
646	4481	419
648	9204	307
659	3516	215
661	1548	211
664	2584	323
665	10863	410
665	10863	414
668	2486	461
672	1333	351
676	6586	320
676	6586	243
677	2137	344
682	10770	317
685	1977	353
685	1977	369
689	4377	419
692	2961	257
692	2961	264
696	14483	230
697	1828	222
700	917	226
705	15353	206
705	15353	400
705	15353	236
711	3055	336
718	2247	185
719	6262	311
722	1471	247
722	1471	257
726	2171	408
728	3918	289
730	6775	256
730	6775	248
730	6775	206
734	9214	429
734	9214	443
740	3906	314
742	4926	243
744	1799	447
750	8105	393
753	10785	227
756	1649	216
757	6144	372
757	6144	232
757	6144	394
758	10905	352
758	10905	256
761	13379	436
761	13379	317
764	2558	331
770	3492	371
771	4794	261
772	3511	216
774	2205	185
775	4015	405
776	2153	352
777	10857	437
777	10857	564
779	3098	378
780	13320	264
780	13320	314
780	13320	330
786	2454	387
788	9061	448
792	12379	256
792	12379	254
792	12379	227
800	1424	410
802	8533	474
802	8533	440
811	3073	400
812	2390	400
819	4263	349
820	4773	282
821	4384	344
822	5995	255
824	9298	215
826	10235	429
826	10235	437
829	1634	222
831	13428	256
832	3637	410
834	3346	464
839	12555	374
840	2598	514
842	2717	304
843	2410	211
847	1701	200
852	13977	242
852	13977	215
852	13977	215
853	3265	409
855	6917	635
856	1914	423
858	1004	264
859	5586	396
860	5251	300
864	1547	340
866	3475	324
866	3475	390
867	4522	256
872	15064	251
872	15064	206
872	15064	386
872	15064	393
874	1740	250
876	11661	407
879	3658	444
884	4704	237
886	5777	234
890	911	185
892	4774	330
892	4774	512
897	5758	309
899	1880	186
913	11103	403
913	11103	388
914	4564	200
917	1976	185
918	4446	274
922	1467	350
924	2594	227
924	2594	263
926	2259	382
931	5204	230
933	7564	372
933	7564	352
937	1784	402
940	6968	429
943	5143	327
949	1987	403
952	8597	336
952	8597	428
954	1444	372
955	1344	268
958	6863	227
969	1783	522
972	2128	306
977	15657	448
977	15657	421
978	8666	255
978	8666	394
979	2665	428
979	2665	228
980	5449	239
981	8759	363
982	7159	417
983	14244	227
984	8984	274
984	8984	268
984	8984	185
985	6088	238
985	6088	406
986	1574	215
987	5710	239
987	5710	233
988	2727	237
988	2727	206
993	3036	261
1000	2399	239
1004	5647	254
1005	12674	254
1006	6083	237
1007	5592	324
1019	3776	222
1024	5670	159
1038	2650	589
1044	4296	227
1044	4296	185
1057	3299	412
1057	3299	388
1063	1471	233
1071	4013	420
1076	4537	211
1076	4537	255
1092	5878	627
1092	5878	423
1099	13115	426
1099	13115	429
1099	13115	314
1100	4615	268
1103	9226	441
1112	3114	200
1116	1803	216
1119	1791	243
1120	1426	421
1133	3092	341
1135	6374	286
1144	7853	227
1144	7853	235
1144	7853	185
1144	7853	237
1144	7853	232
1144	7853	257
1146	3953	530
1146	3953	570
1154	1852	268
1154	1852	207
1169	1935	227
1171	10296	200
1171	10296	271
1173	3789	495
1174	1780	283
1177	1802	436
1181	2589	407
1181	2589	378
1183	1005	421
1184	8066	418
1186	2675	395
1187	8681	222
1189	8193	444
1192	1836	413
1206	7666	325
1206	7666	206
1213	2367	232
1217	2662	215
1221	1122	320
1222	1878	185
1223	7513	359
1223	7513	447
1226	2250	623
1234	1988	399
1242	864	216
1243	1217	238
1246	1783	261
1247	3009	634
1251	3205	491
1255	1801	401
1256	1828	306
1259	3662	356
1267	2929	244
1275	2175	621
1277	3582	298
1283	923	206
1283	923	234
1288	1606	410
1291	7493	415
1294	9405	458
1296	1751	418
1317	1656	260
1317	1656	239
1327	2264	453
1327	2264	178
1332	2342	439
1334	5530	308
1341	2240	328
1343	3282	535
1345	2707	185
1347	4203	232
1349	5151	482
1350	7608	175
1354	4244	384
1365	2846	448
1373	2386	367
1374	4476	550
1375	2417	206
1379	2192	437
1380	1555	343
1381	2255	274
1383	1813	413
1384	5688	489
1389	1505	244
1390	4882	254
1390	4882	350
1393	2189	275
1395	3712	537
1398	13452	492
1400	3893	292
1402	2567	292
1402	2567	266
1403	3674	693
1404	2455	325
1406	3805	425
1416	6929	497
1417	7595	704
1417	7595	511
1418	9773	411
1422	6130	478
1422	6130	238
1427	2667	283
1428	1716	445
1433	1906	426
1434	8534	492
1436	8561	297
1438	3810	427
1443	3163	487
1448	5686	407
1449	6768	480
1453	5589	348
1453	5589	373
1457	13773	777
1459	2470	215
1460	2390	510
1463	2598	466
1464	13646	324
1464	13646	514
1464	13646	463
1475	2311	485
1479	2313	515
1485	6130	450
1487	4970	692
1488	3136	491
1490	3769	297
1498	2125	464
1500	3676	419
1500	3676	326
1501	4318	417
1507	2016	350
1509	5664	494
1512	2162	238
1518	16110	443
1518	16110	439
1525	7044	473
1525	7044	444
1532	1936	281
1535	3070	322
1536	6182	289
1538	9098	261
1538	9098	553
1539	8101	399
1541	5446	216
1558	6148	449
1560	4317	185
1563	2511	483
1564	5100	331
1566	3454	355
1569	4487	336
1578	13682	283
1578	13682	429
1579	4274	471
1580	7548	465
1583	1894	448
1585	13804	389
1585	13804	333
1586	13341	500
1586	13341	418
1587	2843	522
1589	1381	435
1590	12622	459
1599	3827	395
1609	5402	426
1611	3354	316
1612	2028	235
1612	2028	209
1614	4336	216
1616	2427	446
1621	1180	185
1622	5692	459
1624	3402	597
1626	5446	211
1630	3178	380
1631	744	221
1636	6907	642
1641	2174	394
1642	1619	262
1643	2487	348
1646	3420	275
1646	3420	456
1647	2420	309
1654	2148	427
1657	5618	388
1662	11354	185
1662	11354	426
1665	3459	460
1667	4343	439
1675	5527	299
1678	3270	634
1681	3163	211
1687	1954	293
1702	2146	423
1703	5695	260
1703	5695	248
1704	4526	431
1707	3830	216
1708	1691	365
1715	13071	347
1715	13071	256
1718	2315	348
1725	1374	350
1728	4189	238
1731	3104	454
1742	6520	382
1745	5023	317
1745	5023	225
1745	5023	325
1760	5223	371
1763	2271	373
1765	7474	185
1768	2578	450
1770	2730	337
1770	2730	316
1773	15996	469
1774	1325	273
1777	2183	688
1780	3724	297
1782	3887	222
1788	3146	519
1789	1404	226
1790	2531	303
1795	1307	185
1796	1667	211
1797	8638	159
1797	8638	326
1797	8638	343
1800	6053	215
1809	6295	402
1818	2532	372
1820	5440	418
1826	2469	221
1828	15063	266
1828	15063	317
1835	15769	494
1835	15769	457
1835	15769	315
1847	3813	600
1848	1838	373
1850	15056	185
1850	15056	233
1852	11327	329
1856	3612	250
1858	2618	300
1860	2350	299
1861	2309	344
1865	2156	440
1866	2792	441
1868	5166	365
1868	5166	300
1872	2851	357
1873	14962	185
1878	2035	277
1888	7344	185
1894	3002	724
1897	2216	407
1898	9471	206
1898	9471	249
1902	2001	278
1906	5166	238
1910	1590	381
1911	2331	204
1913	6688	274
1918	1949	255
1919	1997	334
1920	7902	420
1920	7902	492
1929	13391	200
1929	13391	255
1931	7236	370
1931	7236	273
1933	1984	486
1934	11278	185
1934	11278	411
1936	4333	430
1938	1868	487
1943	4543	283
1950	13134	263
1950	13134	261
1953	2336	413
1969	1817	310
1971	2767	245
1975	1978	331
1976	1902	330
1978	2738	450
1981	2039	444
1983	3911	624
1984	3622	221
1985	2951	353
1988	2029	421
1993	5355	185
2001	4130	355
2002	9588	543
2005	3091	222
2006	3077	277
2008	1586	448
2016	4893	720
2021	3381	466
2022	2978	369
2025	2888	443
2026	3814	230
2026	3814	212
2029	1964	306
2032	10976	225
2032	10976	160
2032	10976	378
2032	10976	293
2033	3000	429
2036	1986	299
2042	5361	409
2044	2928	396
2044	2928	338
2045	2875	404
2058	2730	432
2059	3663	248
2061	5993	378
2061	5993	481
2063	1211	351
2066	1878	396
2067	1931	360
2068	3830	479
2073	1731	405
2075	6150	490
2075	6150	439
2078	2338	463
2079	1886	334
2081	2588	245
2083	3083	683
2086	3475	332
2089	4410	711
2090	2486	478
2091	2279	422
2092	12019	409
2096	1311	303
2097	5961	465
2097	5961	453
2099	1668	238
2100	4586	411
2100	4586	406
2101	3344	542
2104	1871	414
2105	17728	277
2105	17728	260
2105	17728	448
2107	3091	253
2108	4605	789
2111	3051	267
2112	5398	495
2114	9331	515
2114	9331	185
2119	7914	450
2119	7914	768
2133	3069	309
2133	3069	344
2135	4370	198
2136	4024	352
2137	9828	395
2140	2907	385
2141	2116	393
2142	6827	227
2148	3559	417
2150	9100	599
2152	2215	477
2155	6390	281
2156	2872	262
2161	2308	432
2163	3831	419
2166	1771	446
2167	3616	456
2170	7833	342
2170	7833	442
2173	1182	243
2174	1896	429
2179	11406	439
2179	11406	449
2179	11406	450
2182	4577	254
2187	3018	674
2189	10525	413
2189	10525	407
2189	10525	429
2189	10525	488
2199	1755	274
2200	5363	329
2204	1918	211
2211	5214	287
2211	5214	270
2217	17862	215
2220	4915	299
2221	2601	419
2229	1875	211
2234	2949	357
2236	7468	335
2236	7468	275
2237	2990	211
2243	5656	407
2244	8373	211
2244	8373	255
2244	8373	239
2248	9707	234
2253	3483	455
2259	2286	445
2261	5540	275
2262	2815	451
2265	4877	367
2267	2638	377
2272	1960	499
2279	1524	295
2281	1867	211
2283	3847	646
2287	2620	238
2289	2279	211
2291	1306	261
2293	4752	356
2294	5675	440
2294	5675	444
2296	1505	238
2300	3284	413
2303	1913	200
2315	2478	185
2320	1794	428
2322	1670	226
2325	2406	452
2326	2224	385
2329	2747	350
2330	1530	291
2332	15053	216
2332	15053	285
2332	15053	222
2332	15053	406
2336	1679	415
2342	3353	211
2342	3353	200
2345	2476	358
2345	2476	425
2347	1604	443
2348	7170	414
2348	7170	410
2353	1385	225
2355	1151	294
2357	3265	185
2363	3326	299
2364	2642	435
2365	854	185
2368	1535	200
2375	2880	436
2376	6060	266
2382	1783	185
2384	1628	238
2385	1584	408
2386	10937	239
2389	1785	279
2390	3990	465
2392	1111	392
2396	2590	433
2398	2388	274
2400	1328	305
2406	6934	294
2407	2336	396
2409	7285	451
2409	7285	457
2420	3028	398
2420	3028	254
2427	2222	457
2430	1727	253
2432	3836	406
2434	3220	184
2434	3220	516
2437	8687	349
2437	8687	200
2441	1766	303
2449	1632	262
2453	3239	508
2454	2440	434
2458	1111	275
2460	1374	268
2463	6624	275
2463	6624	216
2465	2801	491
2467	5151	278
2471	2231	555
2477	2004	350
2478	2975	424
2480	4798	364
2482	1150	185
2483	4090	402
2485	3647	334
2491	4844	438
2492	2376	470
2500	2242	393
2501	2361	206
2502	3065	445
2503	2621	390
2505	4695	185
2507	3594	386
2509	3401	472
2511	1743	387
2513	1858	510
2520	3381	458
2526	9046	438
2529	4942	419
2529	4942	299
2533	6995	437
2535	2284	230
2542	7156	279
2545	2876	271
2548	3849	492
2549	3415	731
2551	1847	325
2553	2645	406
2555	904	361
2556	5019	470
2561	4925	756
2563	4785	255
2563	4785	246
2563	4785	315
2565	4021	332
2566	3740	294
2569	7222	424
2570	6294	608
2570	6294	478
2578	6955	246
2584	4474	424
2587	3214	226
2588	15867	452
2591	2198	522
2592	5870	467
2593	15828	211
2593	15828	206
2593	15828	353
2593	15828	227
2594	3047	470
2594	3047	489
2600	1840	390
2601	4453	332
2604	10257	341
2604	10257	253
2604	10257	306
2606	3015	418
2608	1903	211
2609	2263	236
2615	5128	381
2616	9141	381
2619	1652	262
2620	6202	245
2635	1610	409
2637	8461	522
2642	4624	443
2649	1628	350
2652	2376	464
2654	3991	478
2655	15629	200
2655	15629	211
2657	3150	518
2661	5604	383
2668	8991	627
2668	8991	462
2669	2918	338
2672	3744	185
2676	2280	454
2679	2907	514
2682	1333	449
2688	2832	455
2691	9405	457
2692	5344	361
2694	3884	324
2697	3845	496
2698	2603	401
2700	2168	283
2706	3392	437
2709	1652	358
2718	8440	415
2720	4796	434
2721	4634	340
2724	2125	283
2724	2125	258
2725	2297	312
2726	14777	318
2726	14777	215
2726	14777	250
2730	3229	262
2732	3024	469
2733	2885	331
2737	13383	432
2737	13383	494
2738	5287	395
2742	2181	462
2748	1896	412
2750	5715	538
2750	5715	379
2751	2387	544
2753	2258	413
2755	8150	200
2757	4945	342
2760	2664	695
2764	2152	394
2768	2174	613
2769	3881	409
2778	7456	469
2782	3712	232
2782	3712	427
2787	2247	248
2790	1171	185
2793	6997	355
2794	16872	405
2794	16872	414
2794	16872	388
2795	5565	255
2795	5565	237
2796	3815	475
2796	3815	434
2800	2883	522
2801	3647	436
2804	12098	444
2804	12098	628
2807	1329	254
2813	7214	462
2814	8724	305
2814	8724	450
2821	1766	286
2823	3283	471
2823	3283	264
2829	3242	185
2829	3242	356
2838	2204	335
2839	2476	301
2846	8092	215
2846	8092	305
2850	1903	714
2851	2417	445
2860	3769	279
2865	1962	457
2870	2098	226
2872	5099	253
2872	5099	386
2874	4875	386
2876	5635	488
2876	5635	405
2879	11178	384
2881	9050	410
2884	5732	402
2885	9241	371
2885	9241	206
2885	9241	389
2887	4616	363
2889	3266	265
2889	3266	244
2893	7824	274
2893	7824	404
2895	16561	239
2896	7936	348
2897	2129	200
2902	2801	327
2904	1575	356
2906	1572	413
2907	7708	411
2908	4954	395
2909	3232	478
2911	14761	405
2914	1676	391
2923	2224	286
2923	2224	320
2924	1563	360
2926	5408	406
2927	12157	354
2927	12157	436
2928	4353	485
2929	3849	410
2930	2311	459
2932	3407	317
2932	3407	314
2933	6481	426
2934	2708	255
2935	10275	211
2935	10275	256
2935	10275	195
2938	6932	222
2939	9160	334
2939	9160	314
2942	3520	247
2944	4890	373
2950	13980	434
2950	13980	440
2952	2168	415
2954	2860	411
2954	2860	243
2955	8521	323
2955	8521	424
2957	3251	249
2959	1832	332
2961	6971	216
2961	6971	353
2962	2073	229
2963	1267	305
2964	2094	185
2966	2063	396
2967	9293	238
2967	9293	299
2968	4198	652
2973	2263	427
2977	1228	343
2978	3775	211
2981	5180	428
2985	6553	243
2986	7457	221
2986	7457	227
2986	7457	222
2987	6082	481
2988	4683	497
2990	2516	261
2991	2993	647
2993	2642	409
2994	6962	365
2996	7689	262
2997	14723	357
2997	14723	361
2998	6265	325
2998	6265	256
3001	7227	379
3001	7227	273
3001	7227	199
3002	2576	243
3004	6463	249
3005	11944	286
3005	11944	211
3005	11944	386
3007	4085	401
3014	4854	328
3014	4854	340
3017	2132	365
3019	14827	200
3019	14827	337
3019	14827	357
3020	9054	401
3023	14349	504
3023	14349	440
3025	1589	340
3025	1589	313
3026	5849	215
3028	5021	462
3028	5021	430
3031	1794	311
3032	7943	342
3034	2949	357
3036	13678	427
3036	13678	238
3039	2011	442
3040	15769	573
3040	15769	526
3040	15769	653
3040	15769	274
3042	7937	230
3042	7937	200
3043	2428	582
3044	2503	326
3045	2742	476
3046	13453	245
3046	13453	415
3046	13453	255
3049	1320	407
3051	11700	185
3051	11700	189
3056	10949	398
3056	10949	222
3057	5246	277
3058	16322	445
3058	16322	449
3059	5932	402
3059	5932	409
3061	4286	507
3063	1977	380
3073	3475	343
3073	3475	280
3078	7189	463
3084	16312	335
3084	16312	313
3089	2763	364
3094	16085	419
3094	16085	385
3094	16085	474
3097	9196	266
3097	9196	261
3097	9196	261
3097	9196	267
3098	2628	674
3099	5302	331
3099	5302	431
3103	3727	227
3104	3897	411
3104	3897	607
3109	3200	221
3112	4148	387
3115	15387	407
3115	15387	644
3115	15387	449
3120	2331	273
3120	2331	395
3121	8657	371
3124	7946	310
3124	7946	273
3127	2738	233
3129	1105	403
3133	2405	185
3134	1733	381
3136	11736	200
3136	11736	401
3137	1626	289
3138	9435	482
3142	1520	402
3151	4070	641
3153	8608	211
3153	8608	185
3153	8608	216
3155	3240	243
3156	3789	232
3157	3650	253
3158	1690	464
3161	1704	410
3168	1645	216
3169	8516	672
3169	8516	661
3170	5194	366
3173	2208	185
3175	5323	318
3177	1796	244
3180	1087	200
3182	1046	216
3184	2187	406
3188	1542	292
3191	5476	245
3191	5476	205
3192	7636	227
3192	7636	238
3192	7636	400
3193	3156	185
3194	1690	413
3195	2239	200
3198	9766	301
3198	9766	302
3198	9766	421
3199	7642	284
3199	7642	424
3199	7642	357
3201	3451	289
3201	3451	249
3202	1030	237
3204	2346	254
3205	1545	270
3208	1640	299
3209	3917	277
3210	7445	255
3210	7445	304
3210	7445	260
3211	2360	251
3215	4881	183
3215	4881	207
3219	5838	440
3219	5838	385
3220	3397	238
3224	1524	255
3225	4336	419
3228	2841	280
3229	13268	286
3229	13268	267
3229	13268	380
3230	3390	242
3233	7982	323
3233	7982	261
3238	2059	406
3239	4038	425
3242	5250	292
3242	5250	403
3248	1729	261
3249	2402	337
3250	4742	290
3253	3258	256
3254	1570	222
3257	3191	448
3259	2362	403
3260	2753	267
3262	6175	244
3263	5887	281
3263	5887	361
3269	9513	251
3269	9513	237
3270	6496	236
3270	6496	267
3274	3626	238
3278	4250	407
3282	4874	302
3283	12123	244
3283	12123	409
3283	12123	429
3284	7683	211
3284	7683	226
3284	7683	293
3285	1072	294
3289	4080	216
3290	8543	467
3290	8543	215
3290	8543	327
3292	3598	417
3293	2855	242
3293	2855	263
3294	1180	222
3296	15489	261
3296	15489	185
3296	15489	429
3296	15489	283
3296	15489	287
3296	15489	211
3296	15489	261
3299	5573	395
3299	5573	250
3300	2592	255
3303	2609	244
3304	9163	361
3304	9163	441
3305	827	200
3307	3298	267
3307	3298	242
3309	12317	279
3309	12317	423
3309	12317	402
3311	1380	258
3311	1380	241
3312	15363	238
3312	15363	376
3313	1880	420
3316	9801	313
3316	9801	460
3317	7445	301
3317	7445	324
3320	6577	319
3321	8051	314
3321	8051	211
3323	2629	255
3324	3536	200
3326	5779	200
3327	12354	250
3327	12354	238
3328	1247	362
3329	6030	239
3336	2036	268
3337	8956	272
3340	7973	305
3340	7973	482
3341	3179	226
3342	9833	451
3342	9833	290
3345	1979	249
3346	1687	222
3347	1601	255
3348	7069	200
3348	7069	386
3354	2015	239
3356	2281	251
3356	2281	215
3357	2431	250
3359	3146	389
3360	1609	227
3363	2693	421
3364	2493	250
3369	11178	399
3369	11178	395
3371	8741	263
3371	8741	414
3371	8741	362
3372	1978	415
3378	7910	293
3378	7910	415
3379	4761	260
3379	4761	406
3380	6664	331
3380	6664	383
3384	2484	404
3386	6808	285
3388	3966	200
3388	3966	311
3390	5089	275
3394	1670	321
3395	7517	293
3396	8355	483
3398	15583	318
3398	15583	185
3398	15583	238
3402	1237	444
3405	16350	271
3405	16350	299
3405	16350	372
3409	5936	185
3410	4580	379
3411	2917	359
3415	1734	296
3416	2097	385
3418	6152	411
3420	6383	324
3423	4260	286
3424	14294	440
3424	14294	360
3424	14294	328
3426	2333	424
3427	4710	405
3428	1921	301
3430	4386	484
3434	6456	377
3435	2760	298
3435	2760	409
3436	8485	337
3437	3551	234
3438	2999	223
3438	2999	410
3439	5116	433
3440	1823	256
3441	3741	432
3448	1885	416
3449	2516	315
3450	3894	185
3452	8255	386
3452	8255	309
3453	7182	415
3455	1607	435
3459	3214	338
3462	7417	239
3462	7417	342
3463	12592	311
3465	8716	270
3468	2543	245
3468	2543	236
3471	9199	416
3471	9199	405
3471	9199	632
3473	3120	269
3473	3120	336
3474	5129	275
3477	3169	391
3482	2102	638
3489	4338	336
3489	4338	367
3493	5446	258
3495	1575	386
3496	3005	447
3497	1143	300
3498	3966	286
3499	1421	389
3501	2938	415
3502	9052	373
3502	9052	439
3503	3253	423
3506	9408	482
3507	10750	458
3507	10750	455
3509	4637	423
3509	4637	252
3510	2590	599
3511	5988	407
3512	5154	389
3515	4428	296
3517	5879	417
3517	5879	405
3519	8873	226
3522	1318	243
3524	1180	261
3526	6111	500
3529	4565	428
3529	4565	412
3530	7005	294
3531	2444	370
3532	12578	391
3532	12578	364
3533	8788	398
3533	8788	408
3537	918	251
3538	2388	423
3540	1077	408
3545	8517	298
3545	8517	238
3545	8517	261
3545	8517	267
3546	1796	227
3547	2607	649
3549	2283	407
3550	5439	273
3551	5169	425
3554	1448	256
3555	8247	357
3556	13647	310
3556	13647	300
3556	13647	332
3557	3611	645
3559	9751	286
3560	896	200
3561	1107	285
3562	4437	249
3562	4437	403
3567	2239	295
3568	1869	388
3569	4521	406
3572	7548	399
3573	4107	317
3574	2454	402
3575	8735	274
3575	8735	211
3575	8735	266
3575	8735	185
3575	8735	227
3577	5655	452
3578	6778	226
3578	6778	255
3579	7387	206
3581	6049	251
3581	6049	263
3584	3045	409
3588	1750	244
3594	3234	234
3596	8559	304
3596	8559	185
3598	3149	255
3603	5666	364
3604	3742	250
3605	4693	267
3605	4693	224
3608	2669	276
3608	2669	246
3612	1646	200
3616	3596	361
3616	3596	301
3618	7771	424
3618	7771	254
3619	5083	278
3620	7330	304
3620	7330	185
3620	7330	251
3620	7330	255
3621	3205	211
3625	4192	244
3626	15989	416
3626	15989	308
3626	15989	359
3627	3995	215
3627	3995	263
3630	4642	227
3636	6747	317
3640	4763	250
3643	2671	275
3644	5942	185
3649	6636	291
3651	15886	266
3651	15886	232
3651	15886	232
3651	15886	185
3651	15886	238
3658	3241	281
3659	1522	236
3661	2922	354
3662	2725	243
3665	14941	200
3665	14941	222
3666	2063	375
3668	2400	371
3670	2146	440
3678	2552	411
3679	1500	256
3680	12880	250
3682	4719	394
3682	4719	227
3684	1516	350
3686	2854	266
3687	4253	268
3691	3436	302
3698	3008	295
3700	2883	340
3701	4214	211
3703	1423	279
3704	1350	264
3712	2472	200
3714	1282	238
3717	2702	443
3718	1638	250
3718	1638	178
3719	1612	234
3722	3872	387
3725	1680	441
3727	1427	286
3730	1511	232
3731	1860	292
3732	1239	272
3734	2800	468
3738	2607	259
3738	2607	361
3744	3616	483
3745	5373	256
3745	5373	215
3745	5373	221
3746	937	200
3748	7937	222
3749	1752	334
3755	1366	239
3755	1366	239
3757	3698	464
3762	1793	340
3763	5375	261
3765	3687	519
3766	3098	277
3767	2281	255
3767	2281	247
3773	1065	198
3773	1065	175
3774	1455	279
3775	2372	297
3778	7266	415
3778	7266	259
3781	6623	263
3782	5381	289
3782	5381	238
3787	3488	449
3787	3488	254
3793	8007	422
3793	8007	184
3793	8007	271
3793	8007	239
3794	2769	335
3794	2769	398
3797	1625	196
3797	1625	244
3798	1738	453
3799	3083	468
3801	1632	238
3802	2752	236
3805	1324	226
3806	2363	254
3808	4469	302
3811	881	233
3817	2621	237
3817	2621	268
3819	1202	245
3820	1754	216
3823	1959	294
3824	1743	256
3830	2202	398
3831	2394	158
3831	2394	276
3832	1532	248
3840	2669	262
3842	1304	233
3848	8368	211
3850	1713	271
3851	1855	247
3851	1855	203
3853	2717	455
3853	2717	314
3854	1874	371
3858	1695	221
3859	3402	371
3860	2190	222
3868	921	239
3869	2774	285
3870	1757	185
3877	3032	384
3877	3032	323
3885	1279	255
3889	2013	238
3894	10375	206
3894	10375	211
3894	10375	371
3895	913	226
3900	1665	185
3903	1748	400
3904	2288	185
3906	2231	409
3909	1926	200
3910	1197	185
3911	1988	207
3911	1988	218
3912	1858	280
3919	6950	200
3919	6950	273
3920	4548	351
3921	3537	456
3922	1251	280
3932	1897	232
3939	7994	293
3939	7994	210
3939	7994	183
3940	1754	268
3942	904	256
3944	4688	185
3945	4129	475
3946	2838	273
3946	2838	406
3952	1818	274
3957	7055	360
3957	7055	172
3957	7055	425
3962	2737	472
3963	1605	243
3964	3056	216
3966	2125	262
3969	1745	248
3970	2966	437
3972	1641	249
3973	2361	226
3975	2265	279
3976	1831	263
3977	2784	173
3983	2541	251
3986	3079	251
3987	853	185
3988	1588	468
3990	2943	251
3992	1698	222
3995	3924	390
3996	3373	412
3999	1774	458
4002	1591	274
4004	1812	343
4005	3678	364
4005	3678	396
4006	1140	391
4007	3677	222
4009	4202	264
4012	3067	281
4016	2699	478
4018	4482	408
4018	4482	346
4022	1273	352
4023	3349	440
4028	2093	398
4030	2576	397
4032	4196	414
4032	4196	494
4033	1884	206
4036	3149	295
4038	1382	222
4049	2644	378
4051	3636	293
4053	1426	284
4056	989	245
4058	1025	247
4058	1025	178
4060	1754	353
4061	4649	430
4063	2034	256
4064	1392	261
4065	2184	211
4068	2316	519
4074	1824	274
4076	1482	279
4077	3587	268
4077	3587	374
4078	1373	248
4080	1330	272
4084	5351	451
4091	1998	417
4092	2650	394
4092	2650	381
4094	1554	303
4095	1417	160
4095	1417	250
4099	1379	294
4100	6519	415
4100	6519	412
4100	6519	227
4101	1479	250
4103	2769	477
4104	1432	234
4106	4040	382
4106	4040	385
4107	1842	395
4112	1036	391
4115	1386	243
4116	2498	466
4120	1395	171
4120	1395	263
4123	3363	464
4127	3121	403
4129	2707	436
4131	1619	357
4133	1723	236
4140	1885	443
4142	3144	400
4142	3144	370
4144	1816	185
4146	1416	200
4147	1591	175
4147	1591	216
4149	1434	230
4150	1907	434
4151	1595	257
4153	1740	286
4156	1750	341
4158	1624	243
4159	1683	185
4160	1569	393
4164	1309	249
4165	2090	410
4167	3384	444
4168	1809	261
4170	2506	470
4173	1834	346
4174	1286	238
4175	1278	280
4179	1667	355
4180	1779	485
4182	3256	440
4183	1943	397
4184	1306	266
4185	2838	402
4186	2351	340
4188	1506	200
4190	3732	378
4190	3732	431
4193	1576	250
4195	1599	318
4196	2645	475
4197	1336	278
4199	1234	239
4203	1863	227
4205	1675	227
4206	3982	418
4206	3982	324
4210	4705	406
4211	1526	267
4213	1825	418
4214	3794	237
4215	1460	185
4218	3782	348
4219	2339	347
4220	2326	392
4226	1671	407
4229	2016	367
4230	2524	454
4231	1740	290
4233	1230	500
4234	2687	315
4234	2687	217
4235	6904	323
4239	3467	394
4241	1959	383
4248	3085	215
4250	2267	298
4252	1385	403
4253	1639	243
4254	1999	374
4255	1294	261
4256	1662	206
4257	3359	339
4259	1876	477
4262	1299	245
4264	1453	242
4265	1604	347
4268	1933	471
4270	1437	379
4272	1389	266
4273	1233	212
4273	1233	228
4275	1026	271
4277	1495	388
4279	1500	185
4282	2298	408
4285	2107	442
4286	2535	397
4289	1799	341
4292	1142	257
4293	2068	431
4300	3445	336
4301	1865	251
4301	1865	257
4305	1190	423
4311	2276	317
4312	1326	185
4315	1345	227
4322	2512	366
4323	1035	245
4325	1882	393
4327	3385	496
4329	1171	413
4330	1086	314
4332	2133	386
4336	2699	348
4343	1259	408
4344	4537	238
4344	4537	380
4344	4537	444
4347	3454	534
4351	2763	248
4352	1812	294
4356	1163	211
4357	816	200
4360	1635	277
4366	2082	349
4371	2051	193
4371	2051	286
4374	2332	271
4374	2332	262
4376	2116	402
4377	1435	399
4379	8026	238
4379	8026	450
4381	1073	185
4388	2167	391
4393	3133	285
4396	3042	250
4397	1508	266
4403	1363	299
4405	1230	375
4408	1582	261
4410	1595	304
4411	3402	338
4412	955	211
4416	1261	232
4423	1741	344
4426	2864	450
4430	1899	384
4432	2332	211
4435	1138	280
4437	5177	310
4437	5177	321
4450	1276	171
4453	2817	235
4453	2817	332
4454	1280	227
4458	3312	469
4458	3312	400
4459	2027	330
4461	1878	381
4463	3144	476
4465	2098	200
4468	1242	254
4473	2594	453
4478	2323	230
4480	1689	418
4485	1076	378
4486	2739	454
4489	1440	414
4492	1691	238
4494	1393	211
4497	1651	264
4502	1661	255
4504	3450	409
4504	3450	382
4505	1629	311
4506	4662	407
4509	6288	303
4509	6288	267
4512	1317	347
4514	1054	211
4519	2473	503
4520	2062	271
4524	2059	413
4526	1785	185
4531	3950	405
4534	1433	247
4534	1433	171
4537	7258	256
4538	4347	391
4539	2485	306
4540	1773	456
4541	2141	333
4543	1289	215
4546	1181	344
4547	2572	356
4550	1146	379
4551	1488	379
4558	2372	567
4561	929	211
4573	2246	227
4574	3083	284
4576	1283	185
4577	3078	457
4578	1795	269
4579	2955	264
4580	2800	240
4580	2800	246
4588	1771	250
4589	2094	364
4598	4575	297
4603	1563	282
4605	1901	404
4615	1720	229
4624	1641	254
4624	1641	238
4629	2665	479
4631	1567	333
4634	1209	316
4636	978	266
4639	2742	451
4639	2742	250
4642	1797	213
4642	1797	251
4643	3456	262
4645	1725	248
4646	881	230
4649	1429	185
4650	1298	239
4653	2191	528
4657	1311	211
4658	2066	249
4659	1457	238
4660	1973	387
4661	2178	429
4664	1292	162
4666	1995	392
4667	1427	286
4668	1627	388
4671	1080	200
4672	2656	446
4675	1589	376
4676	1697	261
4678	1906	275
4680	1556	238
4683	1485	398
4686	1983	228
4686	1983	350
4687	1858	471
4688	1497	333
4691	1980	215
4696	1498	386
4698	1628	406
4704	1828	389
4704	1828	375
4708	2408	425
4710	2930	337
4711	1891	239
4713	1565	211
4714	1432	442
4716	1490	450
4722	1241	268
4727	1884	386
4729	3054	375
4730	1834	401
4731	1190	216
4733	3044	410
4733	3044	211
4735	2341	349
4740	2580	322
4741	2531	474
4744	4591	280
4749	2359	429
4750	2681	393
4750	2681	237
4755	1285	283
4758	1094	211
4759	2347	284
4760	1998	427
4761	2391	413
4761	2391	179
4762	3033	496
4765	2827	290
4772	1370	185
4773	1909	476
4778	1908	260
4779	1612	233
4780	1199	185
4783	1532	278
4791	1676	232
4792	3193	448
4794	5209	294
4794	5209	449
4795	1788	453
4796	1666	299
4798	1730	302
4802	2514	185
4811	1367	245
4814	2835	416
4820	1921	255
4821	1848	277
4825	1618	350
4829	1751	427
4832	3505	452
4832	3505	201
4834	1401	319
4836	4806	423
4836	4806	420
4837	1991	487
4843	1719	389
4844	1966	391
4845	1624	439
4848	2807	497
4850	5634	426
4851	3516	206
4851	3516	356
4853	2843	402
4854	1443	435
4855	1412	563
4859	2008	177
4859	2008	164
4862	9040	495
4862	9040	508
4866	2014	464
4868	2169	303
4872	2103	530
4879	1631	185
4880	1396	211
4884	2669	339
4887	1909	497
4898	2566	515
4902	3230	406
4904	1418	348
4905	2601	412
4905	2601	332
4906	4653	440
4907	1895	424
4909	1404	374
4912	2005	434
4913	958	254
4914	1075	261
4919	2477	268
4927	2510	393
4930	3919	347
4930	3919	386
4933	1326	416
4934	9176	200
4936	2195	613
4937	2963	562
4941	1465	348
4945	1210	262
4948	1824	309
4948	1824	157
4949	2318	419
4952	2253	422
4954	1460	279
4955	2261	211
4958	2536	464
4959	1553	564
4960	1610	410
4962	2985	488
4965	1919	381
4967	3669	295
4969	2948	370
4973	2194	276
4973	2194	420
4977	1521	341
4979	2640	395
4980	1224	451
4987	2526	408
4988	2292	459
4989	2567	464
4990	1782	328
4990	1782	240
4997	1859	343
4998	1055	309
4999	5244	304
4999	5244	468
5001	1591	227
5002	942	227
5004	1457	427
5007	2159	317
5008	1915	304
5011	2305	399
5016	1892	448
5017	1543	312
5018	1911	182
5018	1911	235
5021	1784	261
5023	1140	243
5025	1944	456
5028	1670	591
5029	2468	350
5031	1340	431
5032	3712	285
5032	3712	421
5034	1512	330
5035	1650	248
5037	1532	381
5042	1682	333
5043	2254	215
5054	1407	272
5057	2615	563
5064	2489	424
5065	3143	383
5065	3143	320
5068	1729	288
5070	3290	296
5070	3290	473
5071	1895	430
5074	2250	456
5075	2863	457
5079	2735	298
5080	1171	211
5081	4938	216
5084	2184	243
5085	1539	431
5087	1313	442
5088	1673	349
5089	1951	329
5090	1525	357
5092	1730	292
5096	2727	333
5098	1623	250
5099	1851	238
5103	2146	339
5105	2221	390
5109	1740	243
5114	1053	243
5115	2257	185
5117	2567	246
5119	1454	407
5122	1259	287
5129	1692	271
5131	1831	279
5132	3761	409
5136	1142	227
5142	2043	348
5150	1458	310
5153	1311	243
5155	1177	271
5157	2316	222
5159	2913	409
5159	2913	331
5162	1811	233
5162	1811	237
5165	1613	279
5167	1967	313
5167	1967	314
5168	1815	420
5169	1744	301
5169	1744	207
5171	2811	414
5173	1233	429
5174	1461	314
5175	1721	252
5179	1409	256
5186	2283	339
5195	1926	267
5197	2878	426
5200	1279	244
5201	1228	185
5202	2100	371
5211	1754	403
5216	2427	353
5219	1611	293
5220	1568	395
5228	2507	286
5228	2507	250
5237	956	227
5242	1230	415
5247	1412	266
5248	2532	433
5251	2865	350
5260	1662	243
5268	1380	200
5274	1349	185
5276	1077	261
5278	1394	256
5282	2831	424
5282	2831	305
5286	1554	309
5291	1572	411
5292	1546	377
5296	2370	421
5298	1291	303
5301	905	243
5303	3687	227
5313	1150	280
5322	2293	348
5330	1429	315
5331	1279	222
5332	1017	185
5334	5633	408
5335	1904	249
5335	1904	209
5337	1872	253
5337	1872	222
5338	1628	279
5346	1750	185
5351	6202	234
5354	3695	272
5354	3695	255
5355	1552	211
5356	4006	292
5356	4006	286
5361	1391	232
5364	5029	392
5364	5029	325
5365	743	248
5366	2065	500
5371	1954	227
5375	1699	340
5377	2519	330
5380	1503	275
5384	1811	245
5387	1946	533
5395	1114	226
5397	1262	211
5401	1888	185
5403	1621	426
5404	2879	421
5411	1732	422
5412	1776	268
5416	1712	185
5418	2168	295
5419	2666	485
5422	1359	222
5428	1722	261
5433	2765	245
5435	1315	200
5441	1860	240
5447	1741	333
5450	1631	307
5454	1353	401
5467	939	200
5469	1823	243
5488	2144	305
5489	3037	302
5492	3391	305
5492	3391	409
5494	1476	227
5494	1476	231
5501	1130	222
5508	3530	250
5509	1258	200
5511	1972	401
5516	1327	408
5517	1736	232
5530	2479	251
5530	2479	263
5540	1947	367
5548	1882	238
5558	2309	292
5560	2358	404
5561	6002	262
5561	6002	222
5562	3000	227
5568	2066	495
5570	2292	227
5575	5175	336
5575	5175	206
5575	5175	185
5583	1396	291
5586	1400	280
5588	2149	417
5590	2712	475
5605	1597	267
5607	1635	226
5611	1488	310
5619	1755	418
5624	1433	255
5627	1979	185
5628	1929	462
5630	1657	158
5630	1657	219
5631	1514	261
5636	2160	330
5637	3291	402
5637	3291	284
5642	1766	242
5644	2996	412
5648	2165	374
5650	1870	290
5653	2923	427
5655	2169	243
5657	941	232
5662	2196	257
5666	1616	244
5667	1281	289
5671	2359	499
5675	3520	242
5675	3520	467
5676	3791	420
5676	3791	312
5677	1783	310
5680	1880	350
5684	2857	446
5684	2857	225
5686	1628	304
5688	1985	249
5689	1828	171
5689	1828	229
5692	3134	324
5692	3134	373
5701	1981	488
5703	1848	255
5707	1059	185
5710	1112	227
5712	1840	299
5713	2454	282
5713	2454	448
5715	971	255
5717	1482	412
5719	2618	406
5719	2618	315
5721	1038	244
5723	5249	470
5723	5249	386
5725	2637	446
5728	1587	328
5729	1716	290
5730	2050	401
5738	5008	326
5738	5008	280
5743	1211	251
5744	2469	422
5761	3025	450
5764	1527	200
5766	1776	243
5766	1776	291
5772	1176	200
5773	1544	385
5777	1532	211
5778	2001	414
5798	1721	373
5799	1867	268
5801	1194	336
5806	1767	280
5808	3561	273
5810	2877	159
5810	2877	473
5811	3683	222
5811	3683	397
5813	1468	267
5822	1703	305
5826	2702	411
5826	2702	170
5827	2868	321
5827	2868	378
5831	3315	478
5833	2064	412
5839	7062	442
5840	1546	300
5842	3282	234
5845	2686	276
5846	1207	222
5852	3101	412
5854	1716	185
5855	2390	620
5857	2656	341
5862	1739	501
5864	2093	416
5865	1163	200
5872	1436	410
5873	1872	273
5875	2342	356
5878	1261	243
5879	3662	309
5887	5733	392
5890	1360	250
5892	3745	222
5897	2507	360
5900	2291	341
5905	1657	241
5910	6336	355
5910	6336	270
5910	6336	249
5912	1606	273
5916	879	185
5918	3823	325
5923	2183	311
5924	1599	207
5924	1599	228
5925	1708	215
5929	2742	301
5929	2742	191
5933	1545	185
5937	2285	327
5944	890	269
5946	2977	200
5947	1733	323
5952	1773	364
5953	1554	317
5955	2008	313
5956	1707	428
5960	1344	238
5962	681	299
5963	1510	328
5966	1194	232
5968	2023	239
5968	2023	246
5969	2272	440
5970	2856	525
5974	1974	262
5974	1974	289
5975	5704	248
5975	5704	181
5978	2598	206
5979	1045	227
5981	1809	282
5982	1769	310
5987	1370	354
5988	2456	279
5990	1162	262
5993	2241	227
5993	2241	270
5996	1499	309
5999	2060	423
6002	2475	580
6004	1866	228
6004	1866	266
6010	1335	276
6013	2493	483
6016	4172	526
6025	5160	338
6033	6979	655
6034	1490	200
6036	2740	393
6036	2740	200
6039	1730	245
6039	1730	175
6046	1179	340
6047	2288	255
6050	7099	249
6054	1737	244
6054	1737	206
6056	2595	422
6057	2086	185
6060	7099	403
6060	7099	410
6065	3984	550
6069	7057	238
6069	7057	232
6071	1957	200
6074	1124	277
6075	1446	309
6076	6274	323
6078	1618	299
6081	11072	413
6081	11072	261
6099	1513	331
6107	1642	366
6113	6580	381
6121	8802	449
6123	9734	292
6123	9734	261
6128	11696	238
6128	11696	647
6128	11696	357
6131	1579	252
6133	837	232
6134	6371	282
6136	4205	290
6136	4205	229
6147	1286	397
6157	1488	196
6158	1583	185
6161	4453	243
6169	2370	378
6171	6967	351
6173	13654	327
6183	8565	382
6194	1948	238
6195	11913	268
6195	11913	357
6196	5703	200
6197	2781	448
6200	7187	364
6201	2092	462
6208	13186	280
6208	13186	379
6215	4505	339
6217	11895	373
6217	11895	242
6219	2984	406
6223	12285	416
6223	12285	420
6229	6954	275
6235	2663	297
6240	1725	376
6241	2866	509
6246	1738	318
6247	2979	260
6249	1760	403
6250	10495	396
6250	10495	598
6254	998	268
6258	2454	200
6272	1123	227
6274	5215	243
6274	5215	321
6275	6287	238
6275	6287	291
6276	1989	372
6280	14261	357
6280	14261	193
6280	14261	268
6280	14261	348
6280	14261	339
6281	3935	387
6283	3463	448
6286	1364	243
6291	1727	305
6294	6479	364
6294	6479	308
6294	6479	277
6302	13687	421
6302	13687	440
6310	7101	379
6323	1657	400
6332	10397	252
6332	10397	232
6332	10397	243
6335	3349	185
6343	11727	185
6344	3351	324
6345	4594	255
6346	6146	200
6352	2589	363
6353	7937	267
6353	7937	356
6357	9851	343
6359	2624	363
6366	5696	273
6373	10801	227
6387	1395	200
6391	1772	185
6395	1127	347
6405	11083	346
6406	2331	206
6408	3739	407
6420	10329	243
6421	1523	277
6422	2532	232
6423	1874	359
6428	2321	404
6437	6243	185
6441	2772	343
6452	4374	406
6455	5242	450
6460	1682	211
6461	6006	244
6463	1532	346
6464	3134	298
6465	8237	279
6467	4312	265
6469	3758	379
6470	2796	303
6471	1668	216
6472	5493	272
6472	5493	249
6475	2720	413
6476	4584	462
6480	1337	318
6481	4582	445
6487	2316	439
6489	1765	470
6499	2299	331
6500	1563	222
6505	1844	403
6509	8345	409
6509	8345	338
6520	4724	324
6526	1677	425
6528	3090	491
6529	8131	388
6529	8131	274
6540	3494	416
6543	6537	389
6543	6537	353
6543	6537	350
6543	6537	222
6545	5482	359
6545	5482	206
6546	2755	396
6553	4906	451
6553	4906	313
6556	3511	296
6559	2977	253
6559	2977	349
6567	6186	227
6567	6186	483
6570	6211	456
6571	6386	239
6579	2862	268
6582	1530	324
6583	1473	200
6586	2842	286
6589	2009	339
6614	1850	354
6618	1797	398
6622	2739	239
6623	1555	386
6627	2081	272
6630	1606	366
6632	1814	308
6633	2670	399
6637	6749	284
6637	6749	256
6637	6749	358
6638	1430	400
6640	2860	385
6640	2860	345
6644	1175	232
6645	1495	185
6646	3430	185
6648	1554	171
6648	1554	207
6655	2269	272
6660	1081	286
6666	5259	411
6668	1990	277
6671	1898	200
6671	1898	251
6672	1754	379
6675	1373	338
6690	1447	263
6692	1873	250
6700	1298	272
6703	5599	278
6703	5599	410
6707	2937	388
6715	1895	430
6716	2246	357
6722	2414	422
6726	6856	419
6726	6856	329
6732	1048	200
6734	7314	296
6734	7314	445
6736	1646	238
6738	1167	339
6739	3231	376
6741	3350	251
6742	1383	389
6743	1026	215
6745	8122	216
6745	8122	430
6747	2701	359
6748	4068	285
6748	4068	350
6749	5895	581
6750	3578	255
6750	3578	271
6750	3578	209
6751	1850	257
6752	7875	290
6762	3599	344
6763	6405	426
6764	6652	252
6765	1539	407
6770	6905	269
6771	4062	361
6773	1977	370
6776	913	260
6778	3480	399
6786	2331	415
6787	3433	351
6794	3289	327
6801	5804	304
6803	3868	200
6805	6798	355
6807	3911	414
6812	7367	395
6818	2493	471
6829	2736	368
6831	4045	316
6835	4011	334
6838	2110	224
6838	2110	262
6839	4108	422
6841	2941	394
6841	2941	368
6852	1423	439
6857	3468	230
6859	1050	370
6862	1205	288
6870	5790	452
6871	3061	422
6878	1245	238
6879	2067	396
6884	5767	321
6885	1697	185
6896	1857	245
6897	1817	232
6904	2666	395
6912	4315	185
6918	3617	421
6918	3617	245
6918	3617	238
6920	1407	396
6922	1652	262
6923	1476	243
6924	4067	285
6927	2439	375
6937	4142	185
6938	6610	259
6940	2364	254
6948	6876	389
6950	2534	266
6954	4299	372
6954	4299	410
6955	2251	301
6956	2700	239
6967	1279	410
6970	3077	200
6974	2783	368
6981	2791	197
6981	2791	406
6990	4265	185
6991	3605	243
6995	1443	275
7001	2119	397
7002	4958	391
7003	5482	227
7005	7602	185
7007	4644	173
7007	4644	232
7008	5167	244
7009	1733	256
7017	1411	302
7021	3601	440
7021	3601	348
7026	2791	398
7030	1205	377
7031	2417	392
7034	4424	243
7035	2708	197
7037	1596	306
7046	7185	364
7046	7185	366
7050	7906	268
7050	7906	258
7052	1818	234
7056	6036	349
7058	2580	262
7067	2899	319
7075	4847	400
7080	1673	211
7082	1319	143
7082	1319	230
7088	5335	390
7092	6742	265
7093	3856	400
7095	4142	239
7098	6782	309
7099	2353	404
7100	1397	250
7101	2545	287
7102	2786	389
7105	3699	287
7105	3699	298
7113	7875	227
7113	7875	238
7114	1585	383
7120	4735	259
7120	4735	227
7121	6180	304
7123	2035	244
7129	7759	262
7131	2916	322
7132	1116	226
7134	1954	185
7137	3547	413
7144	1418	239
7146	5893	438
7151	1545	292
7152	1688	365
7158	2227	275
7167	3057	276
7168	2687	400
7169	2000	423
7170	1638	273
7175	5777	274
7175	5777	273
7183	7095	279
7183	7095	401
7189	3710	305
7190	2900	318
7190	2900	336
7201	7491	397
7205	1984	371
7216	3805	412
7218	2632	364
7221	3565	340
7225	5920	243
7227	7274	315
7242	5216	238
7259	1734	424
7261	1425	216
7264	3354	256
7265	8142	148
7266	1843	252
7270	3346	255
7271	3896	249
7271	3896	403
7278	1735	286
7283	7342	199
7283	7342	169
7283	7342	435
7284	2148	375
7286	1378	200
7294	1498	274
7298	2144	268
7299	3134	393
7302	5562	232
7304	2695	422
7310	4803	211
7314	5608	231
7314	5608	463
7314	5608	436
7316	1667	463
7317	1295	376
7319	2220	516
7334	3930	335
7335	1818	206
7341	2089	319
7341	2089	213
7349	1209	185
7349	1209	155
7356	7459	291
7356	7459	200
7357	1952	455
7362	1381	424
7363	7372	439
7366	1365	292
7367	4167	248
7367	4167	381
7372	2898	297
7376	2217	238
7386	2396	414
7392	1564	185
7395	2523	238
7397	1718	222
7400	7065	396
7401	2165	313
7401	2165	338
7402	2336	266
7407	3462	251
7408	1981	275
7409	1326	269
7414	3400	372
7415	1616	284
7416	7457	413
7417	4937	188
7417	4937	230
7419	1816	316
7420	4547	226
7422	3250	422
7423	2513	416
7429	3248	215
7430	3419	419
7430	3419	204
7432	1049	185
7437	712	211
7441	4244	425
7443	2515	163
7447	5867	347
7448	1652	307
7453	1931	243
7456	5299	336
7460	1015	185
7461	4406	466
7461	4406	336
7463	2375	390
7464	1574	324
7466	4122	211
7466	4122	257
7468	1221	446
7475	2484	290
7477	7063	446
7479	4212	185
7483	2857	342
7484	5373	424
7484	5373	316
7489	2860	259
7493	3510	251
7493	3510	200
7496	1486	351
7497	2262	226
7512	3373	410
7514	2096	403
7515	2291	410
7519	2768	400
7521	2630	431
7523	6953	332
7524	1317	185
7528	1639	185
7529	4922	430
7530	7180	211
7531	1491	394
7535	2070	340
7536	6756	398
7537	1604	459
7538	2723	211
7540	3990	307
7542	1456	446
7545	1303	216
7549	3158	412
7551	3390	391
7551	3390	371
7552	2066	372
7552	2066	412
7554	2337	370
7555	2103	399
7558	4038	409
7562	1437	392
7567	4161	394
7573	3932	488
7577	2072	448
7578	4020	475
7581	1276	215
7591	983	259
7592	1679	456
7602	2929	401
7610	6274	358
7613	1224	206
7614	1727	273
7617	6759	278
7618	4164	278
7618	4164	222
7621	5263	371
7624	2772	227
7626	3123	270
7631	3733	331
7635	1801	571
7640	1309	270
7642	1183	402
7644	2008	250
7647	1466	200
7648	2387	442
7650	1761	185
7654	2282	272
7662	7676	227
7677	4216	256
7677	4216	388
7678	1917	254
7684	5528	248
7689	7518	229
7689	7518	185
7710	3081	369
7711	1716	310
7715	1958	390
7717	1827	185
7719	1605	216
7724	2111	275
7726	7094	321
7726	7094	395
7727	1539	398
7738	2361	226
7738	2361	242
7743	1540	200
7748	2957	400
7749	1733	246
7749	1733	214
7750	1777	390
7753	1846	393
7754	1214	256
7755	1621	259
7760	1511	206
7760	1511	212
7774	1985	392
7775	2299	410
7776	3090	256
7776	3090	208
7782	2127	311
7786	7429	200
7786	7429	451
7790	3178	434
7793	3852	425
7794	2255	441
7795	2220	491
7797	6541	470
7797	6541	279
7798	3526	552
7803	1489	320
7804	3521	454
7807	1334	308
7812	1715	274
7814	5154	274
7814	5154	216
7816	4685	587
7816	4685	558
7819	1958	476
7820	5041	422
7822	1477	427
7824	2090	458
7829	1945	451
7831	1909	469
7833	2387	487
7836	8076	382
7837	5169	536
7839	2542	445
7853	2508	498
7854	3102	494
7854	3102	466
7856	2654	413
7861	6043	399
7862	3066	499
7863	2215	185
7865	1494	362
7868	2506	276
7869	1813	451
7871	1656	454
7875	3276	525
7877	1419	475
7879	3172	256
7882	2032	676
7883	1965	266
7884	3761	381
7885	2188	320
7886	2458	509
7887	2313	470
7888	1439	185
7888	1439	227
7889	1670	216
7890	1388	268
7895	1665	501
7898	1800	485
7900	1433	415
7902	4968	562
7905	2308	479
7910	2248	429
7912	4370	488
7915	8705	430
7915	8705	267
7923	1463	447
7924	842	261
7925	1871	444
7929	2535	420
7930	1831	404
7935	2256	392
7937	1103	415
7940	9392	405
7942	1717	659
7944	2443	514
7945	2088	438
7946	2067	309
7951	1138	419
7952	11235	487
7954	5774	356
7954	5774	361
7954	5774	386
7957	1473	241
7962	2045	428
7965	1067	458
7966	2614	185
7967	1493	447
7968	5232	702
7977	1851	451
7978	995	445
7980	1590	398
7983	1896	478
7984	1924	483
7985	2179	215
7985	2179	169
7989	1979	653
7991	4677	232
7993	2121	438
8004	3313	556
8007	1609	252
8010	3168	251
8015	3713	238
8021	1984	456
8023	1624	383
8025	1771	439
8027	1620	185
8029	2451	513
8035	3729	261
8035	3729	342
8036	3316	426
8038	4467	483
8045	2870	293
8046	2795	389
8052	2869	417
8055	1912	238
8056	1538	432
8060	2264	463
8063	2313	510
8065	2390	502
8068	2420	374
8069	2326	321
8070	2841	711
8071	2068	523
8072	3735	284
8075	2337	377
8077	4351	414
8078	2884	331
8081	2318	158
8082	3106	468
8089	1330	314
8098	2829	369
8098	2829	461
8099	2027	417
8101	2029	498
8109	1291	255
8111	2447	603
8114	1981	522
8115	5871	466
8120	1984	353
8120	1984	220
8121	2107	227
8123	1182	273
8126	2841	516
8127	2347	469
8134	1604	431
8136	3311	233
8140	3890	449
8140	3890	268
8142	10504	415
8142	10504	398
8145	1636	423
8147	2526	385
8148	3426	321
8149	3880	468
8153	1215	268
8154	2671	411
8157	1424	255
8158	4836	373
8159	3400	417
8162	2806	211
8163	4525	464
8168	1906	396
8169	2425	442
8173	5227	427
8175	956	248
8176	2084	266
8178	2369	539
8179	1697	404
8181	2946	700
8182	2522	442
8190	2418	177
8193	2328	412
8194	2182	443
8195	8782	222
8195	8782	248
8196	2309	326
8203	2490	467
8208	3176	390
8211	2742	400
8212	2462	200
8213	2617	443
8215	2134	390
8219	4190	234
8234	2754	306
8255	5411	485
8257	2468	271
8259	1685	398
8267	2978	381
8269	1847	236
8271	2445	434
8272	5912	461
8273	7108	404
8273	7108	402
8276	2058	452
8277	4033	465
8282	1843	452
8283	5398	255
8283	5398	415
8287	2196	448
8291	3776	473
8292	3255	419
8293	2874	200
8293	2874	358
8299	2206	264
8303	3719	337
8305	2009	434
8309	3609	516
8312	4456	471
8313	3128	647
8321	2396	468
8325	1843	232
8332	4268	409
8340	8793	463
8344	2640	355
8350	2313	430
8353	2607	271
8354	4196	394
8358	1043	226
8360	4082	444
8361	4001	382
8363	2402	419
8364	3239	455
8365	1663	254
8370	2753	222
8370	2753	249
8371	4211	268
8373	1475	305
8376	3717	690
8383	5241	292
8387	2360	258
8391	9518	291
8393	1561	273
8398	2766	215
8400	1679	272
8402	2606	465
8404	2356	517
8405	6812	403
8406	1738	206
8411	8186	185
8411	8186	446
8411	8186	379
8411	8186	399
8416	2074	710
8417	2190	393
8418	3850	209
8418	3850	280
8419	2708	399
8420	2812	544
8422	1270	255
8424	2551	297
8432	2948	433
8433	1738	365
8438	3087	372
8439	1729	432
8443	2605	409
8443	2605	336
8446	2186	460
8447	3205	482
8452	1904	487
8457	1993	178
8457	1993	269
8460	5827	498
8460	5827	445
8461	2013	227
8463	1613	426
8464	2742	474
8465	2587	393
8465	2587	425
8466	6927	408
8466	6927	439
8470	1178	185
8472	2361	396
8473	4509	424
8474	1600	248
8476	2263	469
8479	7565	273
8486	2011	185
8487	3201	239
8490	2439	502
8494	2358	426
8497	2676	633
8503	1406	383
8504	1795	394
8505	3337	318
8506	1815	279
8507	1904	356
8509	3959	414
8510	2593	200
8516	3631	423
8520	6385	238
8530	1780	281
8531	5963	686
8531	5963	662
8534	1930	368
8535	6125	389
8536	2694	389
8538	3064	457
8540	3362	317
8541	1609	387
8543	5140	490
8544	2078	470
8548	1338	269
8553	2618	445
8555	2454	416
8558	2994	537
8569	4150	443
8576	1812	222
8580	2086	275
8581	2384	483
8582	1826	384
8585	1781	279
8592	2601	373
8592	2601	415
8594	2929	535
8597	3368	479
8600	2149	411
8601	1790	396
8608	1989	608
8610	2003	281
8612	3582	486
8619	3493	486
8620	2433	300
8626	2078	292
8637	1499	294
8643	4936	515
8644	1955	433
8646	2117	432
8655	5839	457
8657	3724	694
8658	1389	420
8659	2507	454
8662	3689	432
8662	3689	322
8664	2861	391
8666	1222	427
8676	1141	260
8678	2573	200
8681	3680	299
8682	2798	491
8683	3311	465
8684	2419	440
8685	3714	224
8685	3714	271
8686	2431	230
8687	1187	280
8688	2877	476
8690	5328	473
8698	1799	215
8702	2657	417
8704	8658	234
8704	8658	291
8704	8658	564
8706	3562	438
8707	2780	386
8711	2675	351
8711	2675	298
8712	2377	498
8718	5562	477
8718	5562	331
8719	7862	185
8721	7410	440
8721	7410	338
8722	1432	266
8725	5765	337
8726	5653	419
8729	5342	293
8729	5342	227
8730	2366	443
8735	2369	241
8735	2369	185
8737	5527	373
8738	8559	397
8738	8559	597
8746	1205	227
8750	2579	425
8752	1582	284
8753	1787	267
8754	2732	281
8758	3002	536
8761	1876	440
8763	2124	396
8765	1952	243
8770	2081	278
8772	1541	339
8774	6678	430
8775	2373	185
8776	1797	185
8779	1787	492
8782	3649	329
8782	3649	273
8783	3664	425
8783	3664	465
8784	3665	255
8790	9770	346
8791	3343	388
8797	2494	215
8798	3738	227
8799	1286	468
8800	1500	261
8809	1914	272
8811	2749	490
8813	10571	704
8813	10571	479
8816	3869	509
8818	2042	267
8821	4921	450
8827	10373	570
8828	3890	427
8828	3890	296
8829	3612	399
8830	1844	429
8836	2305	423
8837	1303	232
8843	2295	371
8844	4488	185
8849	3325	200
8850	5892	509
8850	5892	497
8852	1254	211
8853	2258	375
8854	5836	460
8857	5564	380
8857	5564	424
8858	1553	185
8864	2082	185
8865	4246	185
8866	3143	477
8868	2022	281
8870	4690	200
8871	1158	446
8872	5540	684
8877	2453	418
8880	3295	533
8881	3036	468
8882	3521	475
8884	1628	328
8887	1796	291
8889	9362	401
8891	4599	422
8891	4599	389
8891	4599	450
8893	1810	377
8896	1950	250
8905	1754	431
8907	4169	485
8908	6867	252
8908	6867	254
8908	6867	286
8916	3516	216
8916	3516	321
8918	1595	266
8919	1751	312
8920	4481	430
8920	4481	360
8928	5757	394
8930	8815	456
8931	6059	525
8936	7114	427
8936	7114	299
8937	7317	506
8937	7317	432
8942	4439	375
8944	1590	406
8947	2434	474
8951	5338	677
8955	5470	415
8955	5470	693
8956	5234	441
8956	5234	322
8959	7450	388
8965	2729	473
8973	4053	466
8973	4053	443
8974	12079	283
8978	3249	450
8981	2332	382
8981	2332	442
8983	1531	377
8985	2504	215
8989	4807	541
8989	4807	266
8990	1237	433
8992	11172	483
8992	11172	470
8993	4007	635
8995	1570	255
8997	1683	294
8998	2130	313
9003	13807	307
9003	13807	477
9003	13807	465
9005	1721	521
9009	1899	225
9009	1899	307
9010	4389	295
9010	4389	251
9013	3146	427
9015	7127	410
9015	7127	361
9017	1586	185
9019	2872	211
9023	2926	331
9025	5470	378
9028	4409	483
9028	4409	293
9029	4358	427
9029	4358	368
9041	1301	216
9044	9382	450
9044	9382	627
9046	3379	237
9048	3165	189
9048	3165	478
9051	1664	211
9052	11417	330
9052	11417	309
9052	11417	243
9053	12124	541
9056	2299	525
9057	6150	259
9059	12120	440
9061	3108	376
9061	3108	381
9063	1047	243
9065	2862	399
9067	3587	512
9067	3587	420
9068	10576	272
9068	10576	251
9068	10576	255
9068	10576	269
9070	1532	255
9071	7076	462
9071	7076	575
9072	6810	268
9074	3579	462
9076	1766	424
9080	2057	253
9081	853	261
9093	845	185
9101	1561	261
9103	4592	552
9104	4060	494
9104	4060	403
9106	2884	453
9108	1504	227
9111	1594	333
9113	11642	374
9113	11642	257
9113	11642	425
9115	5790	307
9117	2955	354
9117	2955	401
9118	1682	383
9122	4216	449
9124	1921	247
9124	1921	262
9125	1627	445
9129	4176	215
9129	4176	404
9130	1100	272
9133	2126	185
9135	2532	463
9140	3080	442
9142	1911	470
9144	5666	541
9146	2651	439
9153	2395	498
9157	10041	494
9157	10041	444
9159	5032	200
9160	966	200
9163	6568	655
9163	6568	457
9166	6566	505
9170	10261	185
9170	10261	263
9170	10261	375
9173	1497	400
9174	3749	393
9177	2712	290
9177	2712	251
9178	6084	442
9178	6084	434
9181	4762	217
9181	4762	216
9182	2867	404
9182	2867	387
9183	3094	335
9183	3094	392
9184	2623	460
9185	4313	426
9186	3831	264
9186	3831	185
9187	5252	552
9188	4068	403
9188	4068	425
9189	2413	392
9196	3858	222
9197	1536	443
9198	5492	452
9199	5021	243
9201	2726	263
9201	2726	273
9204	2610	428
9205	7783	512
9208	2800	400
9210	10091	393
9213	4152	295
9216	2339	468
9218	4838	631
9221	9513	453
9221	9513	271
9221	9513	473
9225	3927	270
9225	3927	419
9226	7620	445
9232	6987	326
9244	2094	259
9250	2935	426
9254	1479	268
9255	1453	211
9258	3276	465
9264	4367	618
9266	2066	406
9270	2894	385
9272	6144	185
9272	6144	236
9272	6144	216
9274	1933	431
9278	7677	280
9279	1697	280
9281	3499	401
9282	2929	382
9284	5623	479
9288	3564	447
9289	4110	436
9289	4110	254
9294	2220	451
9296	1435	273
9297	2578	281
9300	2419	260
9301	2999	296
9302	2855	430
9310	4124	500
9312	2102	462
9313	2493	366
9313	2493	383
9314	1157	330
9315	4323	272
9317	6079	292
9319	2212	317
9322	2381	376
9326	5224	336
9326	5224	411
9327	2633	255
9328	7130	477
9329	2752	463
9332	3083	496
9333	1948	392
9334	4589	404
9337	2971	492
9338	966	185
9340	1609	250
9341	8834	436
9342	3407	470
9343	7529	243
9348	3299	194
9355	1649	286
9361	2345	338
9362	13481	455
9366	8043	381
9366	8043	295
9367	9518	413
9367	9518	502
9367	9518	200
9367	9518	248
9368	1704	405
9369	1082	320
9374	2056	354
9375	7879	323
9377	3625	320
9379	2168	444
9382	1694	303
9383	4021	291
9385	3142	185
9385	3142	432
9386	5029	477
9387	3038	227
9391	2005	326
9392	5726	457
9392	5726	450
9394	7101	516
9394	7101	328
9395	6875	492
9396	8775	249
9396	8775	292
9398	11089	291
9398	11089	408
9403	3596	381
9403	3596	461
9406	2067	543
9407	2120	274
9408	3641	267
9412	2816	331
9415	2490	429
9417	2435	413
9418	13230	322
9418	13230	691
9418	13230	358
9418	13230	295
9422	13536	274
9423	11331	423
9425	1539	453
9426	3797	452
9429	3180	319
9430	13149	355
9430	13149	365
9430	13149	343
9430	13149	244
9432	2234	436
9434	1226	227
9438	2087	396
9440	5503	286
9442	1711	391
9443	7759	343
9443	7759	264
9443	7759	486
9445	3440	404
9448	3603	369
9448	3603	335
9449	2857	169
9449	2857	297
9451	2585	463
9456	5560	288
9456	5560	291
9457	1792	414
9459	3507	325
9459	3507	255
9461	6868	490
9466	3193	289
9468	2621	495
9469	12370	465
9469	12370	479
9471	6500	382
9472	5025	398
9476	4015	445
9477	2148	422
9478	3854	424
9483	9368	370
9483	9368	388
9485	3090	348
9486	6863	271
9487	10211	216
9487	10211	377
9491	4240	445
9493	12750	384
9496	3769	414
9498	3837	295
9499	1056	268
9503	1285	326
9507	1424	413
9509	3891	476
9511	1838	407
9513	1825	185
9514	4443	211
9517	8266	445
9517	8266	404
9523	5473	446
9524	1552	211
9526	5549	450
9527	2464	397
9528	4621	655
9528	4621	449
9532	5175	278
9532	5175	469
9538	5013	544
9544	1037	278
9547	1207	378
9551	3793	259
9552	1859	465
9558	2253	441
9565	2801	411
9568	1155	380
9572	9069	312
9572	9069	244
9576	979	258
9578	4321	246
9578	4321	250
9579	1600	232
9580	2468	441
9582	1826	256
9585	2209	422
9586	6205	437
9587	4304	342
9588	7109	381
9588	7109	433
9589	1940	428
9590	3986	414
9590	3986	361
9591	3127	301
9593	3259	402
9603	3033	409
9604	1414	244
9606	5588	200
9606	5588	424
9607	4093	340
9608	2527	211
9608	2527	271
9610	1679	273
9612	3582	432
9616	8179	268
9616	8179	293
9616	8179	283
9617	1862	437
9619	4371	467
9619	4371	240
9620	6482	389
9620	6482	291
9621	6576	453
9630	7096	482
9630	7096	349
9631	1748	253
9631	1748	366
9633	3538	248
9637	2118	439
9638	2596	431
9639	4888	310
9641	2126	292
9642	2736	405
9643	10588	442
9643	10588	402
9643	10588	430
9645	4224	667
9647	1935	503
9648	1219	289
9650	2364	454
9659	1716	284
9661	2268	267
9663	1418	312
9664	2057	421
9666	1576	298
9667	2755	399
9668	1565	344
9670	2336	446
9673	989	376
9676	2912	415
9679	1413	335
9682	1775	337
9685	2602	407
9688	1454	393
9696	3815	453
9700	1610	230
9703	1191	289
9706	2441	421
9707	13287	240
9707	13287	242
9707	13287	429
9708	4505	208
9708	4505	256
9712	1798	429
9713	8662	412
9713	8662	416
9719	1701	458
9720	1398	431
9721	3194	378
9721	3194	410
9722	2176	418
9725	1916	263
9725	1916	251
9726	1523	449
9727	2901	242
9727	2901	272
9729	2615	406
9731	3596	218
9731	3596	232
9732	2199	399
9734	2607	588
9737	6647	388
9737	6647	454
9739	2871	383
9744	1111	274
9746	4262	401
9746	4262	310
9750	1142	226
9753	1096	313
9755	1488	284
9762	4008	312
9764	2323	238
9765	2434	444
9768	1814	394
9773	6820	255
9773	6820	403
9774	2072	436
9780	3195	456
9781	3198	388
9785	1910	296
9786	1716	515
9787	1756	446
9788	2033	436
9792	868	185
9794	1784	286
9796	750	243
9798	2557	238
9800	2063	404
9801	1859	293
9805	4047	287
9809	1750	354
9821	3135	435
9823	5273	311
9823	5273	316
9825	2548	280
9826	2425	297
9827	5943	271
9831	2676	323
9831	2676	415
9834	3079	668
9836	2649	356
9838	2609	292
9843	3060	360
9846	4205	302
9849	3866	474
9850	1071	273
9851	4704	560
9853	1213	255
9854	2348	256
9854	2348	284
9856	4837	274
9856	4837	266
9859	2153	269
9859	2153	230
9860	4745	185
9862	4834	466
9866	7087	455
9866	7087	523
9872	2202	467
9874	2310	721
9875	2248	468
9876	2297	267
9880	8174	188
9880	8174	254
9880	8174	260
9880	8174	425
9882	3290	312
9884	4233	263
9884	4233	530
9886	2715	206
9888	2560	479
9889	10964	717
9889	10964	667
9890	3150	264
9896	1768	265
9896	1768	227
9899	1044	239
9900	1942	283
9903	8878	458
9907	4918	303
9910	2057	505
9913	2483	281
9914	4465	671
9915	6626	243
9915	6626	200
9916	1874	339
9919	4095	489
9921	12715	344
9921	12715	245
9921	12715	275
9921	12715	168
9921	12715	260
9922	1329	436
9923	5847	256
9926	3966	347
9926	3966	221
9927	2506	461
9928	2446	687
9935	2719	273
9936	2027	395
9939	1998	467
9941	1001	238
9942	2835	447
9944	4817	598
9944	4817	342
9945	1596	261
9948	5267	261
9950	2166	392
9951	2143	448
9953	2606	428
9954	5486	261
9954	5486	433
9958	6785	670
9961	1671	485
9965	5990	233
9965	5990	255
9965	5990	273
9966	2098	410
9967	2178	304
9970	2276	405
9971	3722	378
9976	1626	375
9977	2012	255
9979	1426	395
9981	6682	277
9981	6682	384
9983	3443	421
9983	3443	383
9985	13231	256
9985	13231	418
9985	13231	342
9985	13231	280
9985	13231	271
9985	13231	395
9987	1702	362
9991	12904	430
9991	12904	357
9991	12904	423
9991	12904	333
9992	4176	483
9997	2049	441
10000	6802	442
10007	6103	440
10010	1710	294
10012	4752	691
10014	1527	278
10017	6118	302
10021	5720	208
10021	5720	243
10021	5720	227
10021	5720	261
10027	4565	702
10028	2265	418
10031	2126	488
10032	12090	288
10032	12090	250
10032	12090	472
10034	5716	473
10034	5716	321
10034	5716	437
10037	1492	273
10038	10531	589
10038	10531	459
10039	1932	211
10040	3672	267
10045	1550	275
10046	1477	285
10047	3276	417
10052	1471	281
10053	7933	484
10053	7933	470
10054	2654	441
10057	1847	307
10062	4605	428
10063	6003	663
10066	6576	387
10066	6576	299
10069	2882	185
10070	1635	286
10073	1733	407
10074	1574	415
10075	7874	292
10075	7874	249
10076	2628	444
10082	2768	351
10083	1672	157
10083	1672	161
10085	4411	298
10085	4411	313
10086	5363	316
10086	5363	489
10086	5363	482
10088	2002	452
10089	4136	238
10090	2044	260
10091	10737	451
10091	10737	324
10094	2597	457
10096	2069	280
10098	2691	293
10101	10800	697
10101	10800	367
10102	3498	402
10107	7874	284
10111	3846	317
10111	3846	470
10117	4326	350
10120	3574	211
10121	1791	529
10122	2737	285
10126	3479	504
10128	1684	263
10130	1258	459
10131	10088	264
10132	12706	415
10134	6011	439
10136	2136	275
10136	2136	245
10137	3539	425
10137	3539	438
10143	1677	281
10149	3180	430
10149	3180	388
10152	6638	335
10153	2198	286
10156	7288	475
10158	2166	284
10161	4061	185
10162	8722	422
10162	8722	274
10162	8722	256
10162	8722	288
10163	1596	200
10164	2422	627
10169	1698	332
10172	2574	288
10181	1332	416
10184	11048	301
10184	11048	326
10185	5780	291
10185	5780	289
10185	5780	222
10188	2244	470
10189	1800	399
10190	1674	497
10194	2445	447
10199	1866	435
10200	8099	333
10200	8099	335
10201	4381	204
10208	5855	376
10208	5855	342
10211	6747	434
10215	4587	349
10217	3491	262
10224	4188	368
10224	4188	400
10232	10509	355
10234	2875	209
10234	2875	211
10243	4933	237
10244	2062	300
10248	2065	349
10251	3512	489
10251	3512	490
10255	4097	379
10255	4097	222
10256	11161	636
10256	11161	359
10256	11161	588
10262	9531	284
10262	9531	274
10267	4073	386
10270	2019	437
10272	2381	427
10276	3773	216
10277	1833	437
10286	1960	412
10289	1871	332
10291	4592	227
10291	4592	200
10292	2703	267
10293	2574	243
10295	6019	227
10295	6019	403
10299	1869	185
10303	5072	185
10304	4126	437
10310	4040	381
10310	4040	360
10312	5427	185
10314	2324	307
10317	4073	393
10319	5925	426
10319	5925	267
10329	7204	227
10331	2573	440
10333	2103	289
10337	5117	441
10338	4123	416
10339	2520	261
10348	6867	451
10353	3724	433
10358	2989	185
10363	3438	377
10363	3438	397
10364	6248	245
10366	2819	470
10380	1728	689
10392	2024	440
10395	2913	516
10396	4885	215
10405	1557	463
10409	3965	271
10411	5054	185
10412	3505	425
10415	8810	633
10415	8810	631
10417	2714	487
10418	7324	430
10423	4884	476
10424	2568	416
10428	2600	649
10432	2493	247
10438	3479	428
10439	5048	406
10440	1638	254
10441	6152	261
10441	6152	205
10441	6152	290
10443	6058	222
10444	2740	454
10447	6847	456
10447	6847	590
10452	4635	447
10454	2727	211
10460	3088	371
10461	2361	450
10465	2037	364
10468	8903	303
10468	8903	243
10475	2027	297
10478	2349	482
10482	11222	251
10482	11222	261
10482	11222	261
10484	1722	399
10491	2344	443
10494	5241	404
10494	5241	453
10494	5241	242
10499	3531	317
10500	4932	432
10503	5552	314
10503	5552	470
10505	5061	457
10507	9071	200
10507	9071	419
10507	9071	255
10507	9071	488
10511	5990	482
10511	5990	436
10514	2868	496
10518	3536	416
10519	7206	256
10519	7206	185
10519	7206	267
10520	5984	309
10521	6381	302
10521	6381	400
10521	6381	228
10524	1217	342
10525	3096	200
10526	5768	362
10527	1264	248
10528	5039	405
10531	3162	357
10533	2022	321
10537	8526	211
10546	1084	290
10547	2081	200
10553	3213	485
10554	6035	445
10554	6035	254
10554	6035	259
10556	4471	366
10558	7680	286
10559	2671	281
10564	4995	185
10564	4995	439
10568	10636	302
10570	10865	200
10570	10865	185
10571	2195	471
10576	2507	478
10580	4100	278
10580	4100	465
10581	5331	539
10583	7399	386
10586	8064	274
10586	8064	283
10587	8563	341
10588	3042	478
10589	2090	461
10590	6388	471
10596	5559	468
10602	1622	340
10603	4452	299
10603	4452	279
10606	4001	505
10607	2534	326
10609	2103	397
10613	1992	242
10616	2925	451
10616	2925	236
10617	1563	297
10618	7890	422
10619	2605	666
10623	2492	401
10626	2671	411
10634	2370	306
10635	1884	267
10640	5690	185
10641	3705	436
10641	3705	335
10642	8815	421
10642	8815	383
10642	8815	497
10645	1484	411
10647	2580	275
10648	1303	273
10650	4110	401
10651	3628	470
10653	5299	394
10663	2799	460
10664	3317	279
10664	3317	340
10665	2814	431
10669	4005	401
10669	4005	236
10671	4561	412
10671	4561	345
10675	7607	260
10675	7607	289
10676	1789	472
10678	1873	450
10680	2323	661
10690	4786	464
10690	4786	415
10697	3473	324
10698	5514	417
10700	4359	410
10700	4359	432
10705	6979	392
10705	6979	448
10707	9095	397
10710	7100	707
10714	802	258
10718	2011	282
10718	2011	289
10723	2346	383
10731	1933	355
10732	3213	423
10734	2276	345
10738	2128	425
10739	2203	462
10742	6329	406
10742	6329	351
10745	2114	423
10747	2316	361
10747	2316	200
10749	3694	314
10750	2305	466
10752	1308	334
10755	2432	444
10757	9028	316
10757	9028	410
10757	9028	424
10757	9028	285
10765	4275	500
10770	1125	227
10775	11229	238
10775	11229	273
10775	11229	378
10775	11229	283
10778	1907	388
10784	3392	301
10785	5623	389
10787	1126	348
10790	6967	233
10790	6967	440
10794	6900	220
10794	6900	475
10796	4872	471
10801	3226	204
10801	3226	282
10802	6697	200
10802	6697	234
10809	3936	264
10809	3936	189
10809	3936	186
10811	8108	432
10811	8108	396
10812	4784	474
10815	2355	446
10818	2867	227
10819	6573	253
10819	6573	422
10820	1920	305
10825	6646	416
10831	3874	674
10832	1607	244
10835	5453	445
10835	5453	254
10843	1874	297
10848	4018	285
10855	10481	391
10856	6540	533
10856	6540	572
10857	7516	206
10857	7516	282
10860	2707	374
10862	5624	456
10864	1424	234
10866	3258	524
10869	2872	319
10873	3022	283
10874	2966	451
10876	2193	297
10877	3452	567
10878	1689	408
10881	1906	445
10884	2634	400
10884	2634	402
10894	2403	338
10902	6347	264
10904	2586	292
10914	2013	452
10916	1300	312
10927	4319	414
10927	4319	425
10928	1732	384
10931	1978	412
10933	2390	450
10935	2016	461
10938	4167	721
10940	5990	268
10940	5990	242
10941	2669	439
10943	7964	278
10943	7964	478
10943	7964	206
10943	7964	286
10945	7032	508
10949	2030	289
10956	6501	440
10956	6501	306
10958	5623	479
10964	1603	291
10965	2725	185
10968	4262	242
10972	8528	435
10972	8528	378
10975	2098	185
10979	1969	206
10981	3352	185
10982	8438	439
10984	4558	310
10986	5485	200
10989	10856	368
10989	10856	232
10996	2787	403
11002	2972	222
11007	10697	371
11007	10697	426
11010	1384	244
11011	2001	435
11013	6100	633
11013	6100	660
11016	3469	453
11017	3040	412
11018	3443	473
11025	1717	425
11033	2139	439
11034	1769	408
11035	4983	267
11036	3364	480
11036	3364	396
11041	1460	471
11044	3282	271
11044	3282	343
11046	2516	222
11055	2638	434
11056	4560	270
11056	4560	273
11058	5598	282
11058	5598	400
11073	1391	230
11079	4957	452
11079	4957	253
11080	1318	321
11084	1506	330
11087	2518	289
11091	10978	261
11091	10978	280
11091	10978	291
11093	2279	597
11094	8065	497
11096	1558	211
11097	3350	456
11100	7153	505
11102	3804	477
11103	3512	211
11109	2323	433
11113	2767	182
11114	5862	453
11114	5862	185
11117	1700	185
11118	4222	559
11119	4617	426
11119	4617	461
11123	6455	428
11127	3802	354
11128	5564	412
11128	5564	300
11133	1940	239
11135	2584	438
11137	3941	276
11139	7788	404
11140	10345	306
11140	10345	387
11141	3017	372
11142	3257	438
11149	1715	435
11151	1492	292
11155	10107	185
11155	10107	281
11155	10107	221
11161	2621	421
11162	4236	310
11165	2328	457
11170	3332	354
11172	1953	291
11174	1740	270
11176	4710	525
11180	1391	256
11182	1746	238
11189	1793	444
11191	2769	345
11191	2769	393
11201	3929	297
11201	3929	357
11211	2567	426
11212	4840	528
11212	4840	437
11215	1150	222
11216	3105	454
11222	2390	250
11223	953	270
11224	5083	476
11226	2138	269
11227	3450	414
11228	1692	416
11234	1512	211
11240	1622	268
11241	7838	484
11241	7838	540
11246	7257	433
11246	7257	440
11246	7257	654
11247	7744	506
11247	7744	420
11251	8848	227
11251	8848	248
11251	8848	275
11251	8848	273
11252	4961	477
11252	4961	303
11253	3886	293
11255	2502	256
11256	3223	250
11260	2489	262
11265	3919	200
11265	3919	413
11266	6179	462
11267	1338	261
11274	1541	249
11277	2943	493
11280	2132	455
11281	4282	244
11288	3503	446
11291	1327	469
11294	3522	506
11295	2143	558
11298	2446	383
11301	2583	277
11302	3577	215
11304	3180	221
11306	1899	267
11307	1381	200
11309	1483	464
11310	1901	299
11311	2932	449
11313	7353	349
11316	3864	300
11320	1331	185
11327	8786	312
11327	8786	485
11328	1577	296
11329	2144	313
11335	2369	319
11336	3495	454
11342	4125	428
11344	2071	222
11345	10202	254
11346	7394	273
11346	7394	259
11346	7394	271
11346	7394	227
11356	4854	463
11357	3242	401
11357	3242	476
11358	7906	392
11366	5348	511
11373	2062	332
11374	1641	285
11375	1786	227
11376	1153	344
11378	2259	274
11378	2259	290
11386	7973	489
11389	2251	274
11389	2251	273
11390	1907	458
11393	2803	382
11397	7743	491
11399	1521	436
11403	2610	272
11403	2610	275
11404	2528	438
11407	3111	422
11413	2391	364
11413	2391	327
11415	4369	405
11418	1765	256
11419	3967	404
11419	3967	276
11421	2467	308
11422	9476	393
11422	9476	440
11422	9476	313
11422	9476	285
11427	3150	294
11429	4822	614
11431	1280	428
11438	2641	392
11439	1747	450
11441	3103	287
11441	3103	310
11445	1835	481
11446	7547	380
11447	3683	374
11450	2120	222
11452	1862	360
11458	2497	427
11462	9885	237
11462	9885	298
11464	11056	479
11464	11056	409
11466	5586	253
11466	5586	448
11467	2227	279
11467	2227	311
11470	2736	703
11471	10403	454
11471	10403	409
11471	10403	254
11480	5068	285
11481	4481	347
11483	4821	504
11483	4821	432
11489	2776	404
11489	2776	379
11491	2284	278
11492	3674	288
11494	2199	410
11495	3708	723
11500	9112	498
11501	3152	285
11503	3848	524
11503	3848	485
11507	4660	651
11507	4660	645
11510	2696	446
11511	2060	494
11512	4656	485
11518	4384	298
11519	1416	266
11521	1839	479
11522	5738	238
11523	4551	521
11524	3368	300
11526	1851	287
11529	3415	286
11532	9259	185
11532	9259	305
11532	9259	274
11533	2353	488
11535	1679	420
11538	2501	235
11542	3258	266
11543	2700	250
11545	6051	379
11550	3779	469
11551	1780	566
11552	5350	450
11553	7839	431
11553	7839	433
11555	3206	273
11556	2977	448
11561	3139	487
11569	3679	352
11571	2330	424
11572	5963	467
11574	1471	307
11578	5291	439
11578	5291	271
11580	9493	318
11584	3277	446
11586	1383	185
11587	6844	680
11587	6844	715
11588	2305	213
11588	2305	220
11590	10241	381
11590	10241	465
11592	4578	446
11596	5095	400
11599	2882	445
11601	2309	253
11609	1098	272
11612	7193	273
11612	7193	252
11612	7193	230
11617	3320	469
11619	2005	238
11621	2218	391
11622	2140	642
11623	3312	455
11627	3928	462
11627	3928	429
11628	6704	200
11630	2303	397
11631	2151	453
11632	3723	200
11633	6423	462
11638	2715	429
11643	1893	441
11646	6618	447
11647	3034	458
11648	1947	318
11650	1522	185
11652	3714	347
11652	3714	656
11653	5705	252
11655	4336	443
11655	4336	324
11657	3992	433
11658	2490	516
11659	3621	435
11660	1992	405
11662	5597	426
11664	1347	250
11667	1929	369
11669	5014	263
11669	5014	261
11670	3402	482
11672	6145	341
11679	1161	200
11680	3544	487
11683	3251	279
11686	5502	692
11686	5502	215
11693	2550	513
11697	1924	361
11699	6058	651
11700	2785	419
11701	3285	431
11702	4156	417
11702	4156	402
11705	2267	450
11709	3908	415
11710	1836	249
11713	4627	340
11715	10978	447
11715	10978	329
11715	10978	407
11715	10978	227
11717	8814	673
11717	8814	385
11718	4097	300
11718	4097	459
11719	4067	571
11721	1757	374
11725	4160	286
11725	4160	289
11727	4018	282
11727	4018	185
11727	4018	239
11729	4869	287
11730	1795	496
11731	5201	457
11732	2073	293
11736	4274	346
11738	7036	425
11741	2685	458
11744	2288	392
11746	4122	450
11748	3443	259
11749	8669	481
11749	8669	476
11751	6176	292
11751	6176	408
11754	2675	420
11755	2308	244
11755	2308	326
11757	2401	387
11757	2401	263
11759	1002	340
11771	1584	306
11772	1707	406
11774	4097	468
11776	2693	242
11781	2199	338
11782	3348	455
11786	3568	367
11789	2232	200
11791	1907	399
11799	2084	465
11801	5857	431
11801	5857	294
11803	5124	504
11806	1766	497
11808	4341	240
11809	8261	301
11809	8261	268
11809	8261	248
11809	8261	456
11813	2257	279
11813	2257	238
11816	5874	453
11821	6795	272
11821	6795	281
11822	2070	244
11827	1578	307
11830	1859	275
11831	3466	452
11832	2608	408
11834	1141	394
11836	4227	446
11837	1252	281
11840	8051	267
11842	1500	255
11843	8809	379
11843	8809	279
11847	2404	330
11847	2404	291
11851	1574	238
11852	3252	520
11856	1948	477
11859	3731	515
11860	1315	279
11865	4567	280
11866	8001	239
11866	8001	245
11870	7037	637
11871	1898	499
11873	4025	500
11875	3951	355
11882	6208	707
11886	1319	200
11887	1585	246
11888	2263	457
11891	1665	255
11894	1497	299
11895	3476	404
11896	4695	206
11896	4695	277
11896	4695	305
11899	1784	397
11900	3372	443
11902	1774	259
11910	4522	358
11911	3794	250
11914	10516	562
11914	10516	417
11914	10516	393
11918	3341	310
11918	3341	257
11919	5841	349
11928	4715	387
11929	1522	295
11932	2408	211
11936	2699	280
11942	1673	296
11945	3563	344
11945	3563	429
11949	2315	185
11950	10246	256
11950	10246	230
11953	3301	206
11954	1778	435
11956	2487	439
11957	4141	473
11957	4141	333
11959	1779	250
11961	998	266
11964	2760	227
11968	3573	287
11971	1624	297
11975	1973	280
11976	2424	253
11977	3878	437
11980	1195	275
11983	2441	452
11984	3474	249
11984	3474	471
11985	4278	279
11988	2815	471
11992	5526	343
11995	1411	329
11998	1652	397
11999	4977	185
11999	4977	247
12003	1712	211
12007	2489	206
12010	5292	235
12015	3502	250
12025	3618	440
12028	6591	519
12028	6591	339
12031	3297	456
12032	3275	423
12039	1531	444
12046	1808	233
12048	6008	292
12048	6008	430
12051	2721	272
12058	1607	325
12059	3168	316
12063	3646	403
12064	2026	287
12069	2999	298
12070	2592	307
12072	2223	273
12072	2223	305
12074	1600	251
12075	2330	274
12076	2210	470
12078	3359	268
12084	2476	388
12084	2476	357
12086	2741	451
12087	2074	324
12093	2174	304
12096	2907	285
12103	8660	416
12103	8660	358
12107	2459	427
12108	1762	185
12109	5643	226
12110	3447	472
12115	2840	222
12116	1735	258
12125	2285	480
12132	2607	329
12134	1472	449
12135	2074	311
12140	4625	440
12141	1325	200
12147	2674	425
12147	2674	410
12149	2469	290
12153	1436	440
12154	9383	431
12160	6576	336
12162	1862	323
12163	1737	243
12166	3475	247
12166	3475	298
12168	2295	281
12172	2367	413
12173	3638	483
12175	2222	290
12177	2709	415
12179	2157	265
12181	3383	436
12182	2286	286
12183	2010	294
12187	1038	200
12190	3945	474
12190	3945	416
12194	7496	353
12194	7496	291
12204	2076	342
12208	2813	261
12212	2259	415
12213	5956	465
12217	2003	417
12219	3865	631
12221	1874	458
12222	6258	708
12225	1726	274
12226	5398	452
12230	3163	431
12234	1883	379
12235	2699	412
12236	1313	266
12237	2093	291
12238	3773	249
12238	3773	480
12241	2723	275
12243	5167	644
12246	2974	237
12246	2974	473
12249	2066	495
12250	3034	404
12257	1638	411
12259	2414	675
12260	3234	669
12262	1243	304
12265	3210	331
12265	3210	368
12271	1996	428
12272	1917	267
12273	5622	437
12273	5622	403
12278	2461	256
12282	1616	475
12283	1808	200
12284	1710	256
12287	4747	227
12288	1272	211
12297	4559	287
12300	4370	370
12301	3877	604
12302	2938	439
12304	2537	440
12307	1915	289
12308	2012	439
12319	3989	470
12322	1729	222
12325	2077	438
12326	1707	401
12330	6709	362
12330	6709	412
12334	2500	445
12337	4053	398
12337	4053	415
12341	2888	496
12342	5272	269
12343	2333	468
12345	2414	425
12346	3704	543
12347	2298	338
12348	1529	290
12351	7089	493
12356	5047	324
12357	3550	465
12358	2035	343
12360	2123	206
12363	1536	270
12365	3710	466
12365	3710	473
12367	1689	371
12371	4630	381
12373	3836	479
12375	778	269
12377	5002	420
12378	10479	472
12378	10479	488
12379	2453	450
12381	6324	450
12381	6324	484
12384	1427	410
12388	5639	541
12391	4236	461
12392	9698	275
12396	1864	422
12397	3229	515
12400	4239	698
12401	3535	479
12402	2079	376
12403	2349	400
12404	4591	424
12405	1518	426
12406	1357	243
12408	6239	420
12408	6239	423
12410	1725	311
12413	1974	350
12414	1850	322
12415	3125	440
12424	1534	245
12425	8676	466
12425	8676	310
12426	2176	471
12430	9621	277
12430	9621	309
12431	3542	479
12432	3293	392
12436	1368	242
12439	4135	442
12440	3053	467
12447	2409	710
12448	3168	245
12448	3168	393
12450	4534	483
12452	1650	185
12458	5038	489
12459	2365	283
12462	1423	211
12465	1900	227
12467	5368	185
12469	1984	246
12469	1984	265
12471	3667	461
12474	4963	489
12480	4747	718
12485	5573	215
12487	3601	338
12487	3601	324
12489	2160	310
12491	2977	411
12493	1980	481
12496	3467	458
12497	1603	357
12500	6909	268
12500	6909	461
12502	1866	185
12516	2158	453
12517	4703	295
12518	2446	453
12520	5309	565
12520	5309	297
12521	5725	439
12534	2075	334
12540	1778	446
12541	2330	502
12543	2012	462
12544	2983	526
12546	2212	222
12547	3942	720
12551	954	232
12553	6899	417
12557	4217	307
12561	2092	222
12562	3898	662
12568	3937	441
12573	2371	506
12575	3833	708
12578	1326	385
12579	2799	415
12579	2799	337
12581	2493	200
12581	2493	277
12582	6853	508
12582	6853	435
12586	1584	393
12587	2716	388
12588	2034	403
12592	9384	476
12595	2814	358
12595	2814	377
12598	1996	510
12599	3268	260
12601	4332	434
12603	1732	425
12617	8596	425
12617	8596	438
12617	8596	221
12618	3491	424
12618	3491	451
12620	3878	406
12621	4045	480
12622	3621	343
12624	1126	233
12629	1254	244
12632	2216	390
12633	816	253
12637	3050	520
12638	944	303
12640	1726	290
12643	1585	290
12644	3156	675
12646	2448	200
12647	3087	480
12655	2848	501
12656	2313	636
12657	1492	251
12660	1799	211
