0	22117	24357
1	2000	332
2	3717	358
4	3419	468
5	4479	500
6	2669	564
7	2362	499
8	3539	493
9	5024	537
12	1987	244
15	3829	466
22	2375	451
24	3208	489
27	1361	350
33	3796	665
36	2790	531
37	2509	359
39	2967	341
40	3052	499
47	4369	595
49	3148	422
55	3069	369
56	2440	351
63	1914	352
65	2498	355
72	2265	531
74	1797	310
75	3541	495
75	3541	325
78	2145	573
82	3210	480
83	4610	516
85	3543	753
88	2794	403
93	2791	424
107	2091	491
110	2082	337
112	3668	428
112	3668	233
113	2317	462
116	2805	440
116	2805	242
118	3208	384
119	2020	390
120	2590	324
121	3131	250
124	2894	502
126	2526	357
127	2871	439
134	2543	525
136	3272	373
140	3873	620
141	2560	302
141	2560	297
150	2790	238
153	4049	375
153	4049	309
155	2728	337
156	3148	516
159	2653	526
162	3465	388
166	1943	351
171	5543	472
175	3509	513
175	3509	270
179	2439	345
180	1511	360
182	2148	531
190	3110	523
196	2020	426
204	3311	211
211	5116	565
212	2801	514
217	2809	185
220	2614	311
220	2614	303
223	3201	363
224	3939	213
226	2226	304
226	2226	319
227	3299	458
227	3299	439
235	2388	352
237	1966	206
240	4139	397
240	4139	323
241	2990	185
243	2377	286
244	2711	405
248	3588	569
250	3490	600
257	3377	437
257	3377	281
261	3329	176
261	3329	438
264	2861	382
266	3460	215
275	4948	559
281	4958	229
285	3396	565
286	9327	335
289	3981	514
292	1004	334
297	2856	288
301	4264	480
301	4264	307
302	4041	266
305	5396	392
305	5396	537
306	7060	473
306	7060	704
309	3558	573
312	2893	200
315	2922	308
316	2655	372
316	2655	250
318	3919	638
322	2525	510
326	5556	515
326	5556	527
331	4682	422
334	2892	400
337	3667	491
338	1409	307
339	2788	395
342	3125	541
343	1686	271
347	4602	493
349	5104	278
351	3022	292
352	3488	244
358	2545	600
361	3179	185
362	2843	301
365	3556	272
366	2509	478
367	2495	459
368	4729	438
370	2392	355
372	3246	512
373	2520	266
375	2571	319
380	6635	362
380	6635	461
382	5464	653
385	2341	364
385	2341	261
390	3553	415
392	7197	344
392	7197	446
394	1516	321
407	2478	343
422	2636	160
422	2636	204
425	9748	273
427	1612	305
432	4749	438
434	3157	635
435	1950	316
436	3500	513
439	2513	424
439	2513	278
440	8156	254
440	8156	383
441	3347	343
445	2414	273
445	2414	211
451	3051	473
453	3787	526
453	3787	324
455	9049	270
457	2341	480
458	4763	769
461	3270	619
462	3465	333
471	4427	480
473	2117	227
479	2722	573
483	2133	313
487	4193	218
488	5827	204
488	5827	340
492	2833	426
493	1865	274
498	5159	546
498	5159	468
499	2949	333
500	3699	379
502	4246	487
504	6821	361
505	2357	159
508	2951	453
509	1980	308
514	4398	347
520	1757	367
522	4090	522
524	3085	426
527	4059	513
530	2013	387
532	1344	245
533	4259	528
535	1874	200
539	2616	432
548	1762	312
549	2700	402
551	3613	305
555	2245	273
555	2245	232
567	3026	709
568	3381	206
571	2472	303
585	3208	341
586	3669	561
588	4373	386
589	3872	311
593	4784	517
593	4784	432
599	1954	289
606	3115	389
615	2279	303
616	4269	388
617	2708	488
628	4360	498
628	4360	512
631	4368	484
633	2792	278
638	3860	342
639	2668	227
649	1999	233
653	2490	305
656	5168	701
664	3986	343
666	3716	749
670	4963	569
670	4963	615
675	2269	185
676	3783	606
685	4867	510
687	3345	414
687	3345	426
688	2326	543
690	2257	371
691	2967	504
692	2597	206
696	3228	245
696	3228	229
698	3496	364
701	2127	301
702	2786	143
702	2786	255
712	4855	362
713	1600	369
715	4767	511
717	3949	469
719	2047	327
725	2584	317
727	1718	346
729	3085	481
731	2990	250
735	5138	503
735	5138	349
738	2931	303
740	4097	471
742	2656	350
745	2165	487
752	5399	482
756	5400	185
764	2459	280
765	2220	567
769	3728	411
770	4120	489
776	3910	491
776	3910	523
779	3067	389
786	4410	529
786	4410	529
790	3873	416
798	4474	448
800	3296	360
806	8415	346
806	8415	524
808	3562	185
811	3244	466
812	5601	294
812	5601	321
813	5822	511
823	3128	406
826	4103	442
832	3093	454
832	3093	452
839	2877	250
840	9382	342
840	9382	494
842	3694	416
845	3479	394
850	4837	503
851	3092	493
852	3291	435
853	4531	433
856	3357	520
857	5671	486
858	3269	330
864	3208	373
867	9632	587
868	3855	462
868	3855	448
869	4686	441
870	3584	466
871	2873	360
886	3500	457
888	2215	509
889	2887	516
892	2137	277
893	2141	478
895	2953	390
897	3063	479
902	4313	388
902	4313	200
907	2205	321
910	2938	473
911	9353	391
911	9353	185
915	3492	222
924	5088	472
926	3333	338
929	3311	557
933	3635	436
934	4470	305
935	3721	396
942	1535	200
945	4110	484
950	3694	466
955	8293	386
955	8293	185
964	4916	474
964	4916	201
967	2628	508
969	7871	462
973	3124	260
973	3124	295
976	1985	383
977	3475	508
979	5748	234
979	5748	551
985	6999	569
985	6999	585
989	4220	519
994	4823	458
998	3012	665
999	4008	393
1001	1717	293
1003	3858	549
1009	3513	244
1013	2072	321
1017	4722	387
1019	4076	383
1021	2017	304
1023	2348	477
1026	3426	481
1032	7836	465
1035	5736	405
1035	5736	467
1039	2682	524
1043	2968	367
1044	2330	274
1045	6981	490
1055	4150	458
1060	4272	717
1063	5649	558
1068	2071	500
1069	3108	573
1070	1898	366
1071	5078	750
1073	2966	452
1074	2442	474
1079	1823	331
1082	3022	285
1086	3015	211
1087	2796	259
1089	5523	484
1090	1949	350
1101	2442	471
1105	4497	505
1111	5087	479
1112	3120	366
1112	3120	457
1114	3376	480
1116	2852	185
1121	4399	553
1125	6038	322
1127	1992	286
1132	2223	311
1135	2171	373
1138	3944	486
1138	3944	258
1144	6502	452
1155	4169	330
1159	2209	200
1160	3117	554
1162	3130	330
1163	3333	549
1166	1716	289
1167	4682	515
1172	2762	315
1178	2540	310
1184	1362	250
1185	3316	243
1186	1548	216
1187	5033	464
1188	4780	252
1188	4780	284
1192	2118	185
1196	3952	295
1196	3952	265
1197	3235	457
1204	2180	211
1209	2392	298
1211	2063	269
1213	2752	348
1215	3759	469
1216	1195	211
1217	1731	287
1219	2891	424
1220	3379	423
1223	3913	440
1232	3623	589
1234	5918	453
1238	4142	280
1239	3475	437
1240	4193	368
1240	4193	185
1247	3182	584
1248	5152	185
1252	3164	272
1258	2462	320
1259	3068	250
1262	3824	503
1268	4042	481
1269	1923	320
1272	3508	444
1275	3983	519
1276	2519	462
1280	1592	399
1281	2257	315
1284	4148	450
1284	4148	412
1290	2647	265
1292	4250	403
1292	4250	298
1293	2118	313
1300	3116	238
1304	2735	320
1307	4087	490
1308	3958	244
1321	2731	319
1325	4246	185
1325	4246	280
1327	3701	472
1333	2689	422
1335	2836	408
1335	2836	339
1337	4300	243
1341	3033	470
1347	2335	271
1363	2479	552
1368	8078	402
1375	1855	393
1376	2659	455
1377	5801	389
1383	2750	469
1390	1725	249
1395	5958	499
1395	5958	286
1402	3131	482
1405	2723	365
1407	1796	463
1408	3370	456
1409	2876	292
1412	2618	329
1413	2322	469
1415	3260	689
1417	3131	319
1421	2154	310
1427	3388	454
1427	3388	454
1432	3283	346
1434	3182	448
1439	3855	343
1444	2635	422
1446	1993	370
1447	2613	233
1450	4527	241
1457	3503	648
1468	4134	467
1468	4134	357
1488	5111	682
1500	2178	299
1508	3210	363
1512	3419	460
1516	2707	447
1518	2188	479
1520	2786	396
1535	3657	238
1536	3700	375
1538	8331	531
1538	8331	247
1553	2879	268
1563	4459	401
1566	4305	567
1570	8236	576
1573	2888	345
1573	2888	208
1574	4164	293
1579	1133	316
1580	4040	468
1580	4040	350
1583	3022	411
1584	2806	342
1586	2265	409
1587	2490	234
1591	3991	509
1594	6921	499
1594	6921	499
1600	3944	459
1602	4340	340
1605	3470	436
1610	2751	271
1610	2751	214
1616	1931	200
1618	3012	250
1621	3422	170
1621	3422	297
1622	2751	484
1626	2702	292
1627	2986	593
1628	2212	340
1629	4707	449
1630	3600	239
1633	3744	472
1638	2428	222
1641	3387	506
1648	2906	346
1649	2851	270
1649	2851	309
1662	2308	510
1663	3708	493
1666	2411	360
1669	2606	509
1674	3974	516
1675	1655	234
1681	3543	418
1682	3356	428
1682	3356	371
1683	2439	460
1684	4019	423
1685	2832	342
1692	3912	430
1699	6550	277
1699	6550	200
1702	3103	498
1705	4713	347
1706	2438	461
1707	4857	344
1709	2608	414
1712	2706	437
1713	1650	383
1714	4961	222
1717	4824	285
1717	4824	274
1719	3644	451
1720	3951	233
1724	8050	185
1724	8050	453
1738	3165	575
1740	3043	243
1741	3206	318
1742	3084	328
1745	3367	379
1756	4171	373
1763	6003	266
1763	6003	388
1764	4512	406
1764	4512	518
1765	2910	371
1767	6955	531
1769	3055	290
1774	4785	512
1774	4785	440
1777	4141	498
1778	2831	419
1780	2775	281
1781	4559	522
1784	4227	439
1787	4038	499
1789	3644	282
1791	4650	460
1794	2094	297
1795	2173	316
1800	8339	206
1802	2827	200
1808	3497	374
1809	3174	326
1820	1355	318
1821	3853	541
1822	2450	357
1825	2835	501
1834	4885	411
1835	3053	260
1835	3053	310
1836	4875	382
1836	4875	277
1841	2462	316
1841	2462	220
1842	2933	298
1843	2904	309
1847	3209	502
1858	5322	285
1871	3875	423
1874	5438	443
1880	2536	323
1883	2147	308
1889	3207	450
1891	2159	294
1893	1958	282
1895	8443	552
1895	8443	575
1896	3020	312
1898	3849	419
1903	2001	350
1911	2390	345
1912	6111	288
1914	1824	306
1915	4758	315
1915	4758	473
1916	2752	311
1917	8377	298
1921	4613	529
1922	2576	345
1925	2753	506
1927	3354	262
1929	3630	391
1936	4104	526
1937	1964	274
1940	2793	304
1940	2793	244
1945	6686	200
1945	6686	317
1947	3350	406
1950	4092	227
1950	4092	211
1952	2611	296
1954	2535	545
1959	2093	326
1960	2334	359
1961	3709	504
1962	5750	284
1962	5750	322
1962	5750	269
1963	3314	272
1977	4246	211
1982	2355	211
1983	4442	304
1996	2621	234
1998	7335	404
1998	7335	566
1998	7335	429
2002	2713	282
2008	3045	589
2010	5218	577
2016	4713	498
2016	4713	491
2020	4728	322
2020	4728	344
2020	4728	296
2025	1140	271
2026	2922	280
2028	3179	230
2029	2186	285
2033	7912	411
2035	2261	347
2037	3543	386
2038	3404	342
2039	3616	369
2041	3824	394
2043	3164	259
2045	5511	256
2047	4125	472
2047	4125	359
2048	2037	200
2049	3184	303
2050	2834	279
2053	5195	244
2053	5195	224
2060	8375	313
2064	3972	346
2064	3972	403
2069	5244	349
2069	5244	391
2072	4927	297
2078	2721	291
2079	2495	366
2083	1959	200
2084	3351	487
2090	3682	276
2091	6915	362
2093	8305	255
2099	1204	222
2102	2936	200
2106	2683	309
2114	3901	483
2114	3901	295
2117	2981	452
2120	3026	303
2120	3026	322
2124	2877	352
2127	1933	185
2128	1540	279
2129	1345	287
2130	2899	547
2133	1993	449
2136	3186	516
2136	3186	427
2149	1278	274
2150	5278	213
2150	5278	225
2154	3703	495
2154	3703	358
2157	3842	500
2158	2333	221
2159	2703	335
2165	4480	209
2165	4480	306
2166	4534	546
2167	3925	344
2167	3925	275
2167	3925	239
2174	2050	317
2175	1552	226
2180	7469	244
2180	7469	427
2184	3857	352
2185	2960	405
2188	1615	345
2189	2567	304
2190	5034	521
2190	5034	581
2191	3482	304
2194	2918	308
2199	1513	221
2204	7933	330
2208	2236	535
2209	3189	285
2210	6032	301
2210	6032	211
2210	6032	386
2211	2295	211
2214	3375	482
2224	3640	541
2225	1485	221
2227	2639	352
2228	7818	479
2230	3326	532
2231	4704	697
2233	2532	335
2235	5412	281
2235	5412	248
2237	6176	309
2240	7856	313
2240	7856	236
2250	5211	531
2254	4070	486
2255	3656	349
2258	2205	324
2261	3061	456
2273	1555	289
2280	2986	378
2284	3474	518
2289	2113	483
2290	3849	569
2299	3095	257
2301	6979	321
2306	3286	418
2306	3286	429
2307	6233	233
2314	3094	469
2316	3292	499
2318	3266	379
2324	3355	494
2325	3700	316
2326	2492	278
2347	2609	508
2348	2704	326
2349	3269	512
2351	3802	267
2364	6383	237
2370	3498	449
2373	4559	185
2377	2091	302
2379	2034	317
2381	3739	367
2386	3000	495
2388	2847	386
2390	3553	566
2406	4521	494
2406	4521	467
2407	3347	487
2409	3609	215
2410	4831	292
2414	3902	258
2415	4805	364
2418	7159	487
2418	7159	510
2420	1656	273
2421	2484	458
2427	3926	487
2430	4809	295
2431	3175	206
2437	2059	206
2441	3813	521
2443	5231	393
2443	5231	573
2444	1251	322
2446	2812	312
2448	5828	385
2448	5828	464
2449	2423	185
2457	3034	232
2461	3195	211
2468	2453	185
2471	4760	222
2473	4079	426
2481	1585	288
2483	3068	509
2487	3204	199
2487	3204	317
2489	2357	315
2490	5598	286
2492	3310	424
2495	3658	698
2496	2295	326
2502	1827	341
2510	2663	455
2512	1884	297
2516	1776	267
2518	3185	507
2521	2765	408
2523	2504	526
2527	6590	506
2530	8047	279
2530	8047	232
2532	4720	234
2532	4720	291
2537	2631	297
2541	2544	412
2546	2957	350
2548	4304	428
2552	3911	303
2552	3911	329
2553	3341	396
2555	4945	524
2557	1749	376
2558	4631	355
2559	2379	222
2560	7055	347
2560	7055	168
2560	7055	494
2566	2437	286
2568	2594	245
2570	3316	185
2572	4630	321
2572	4630	351
2573	2949	328
2574	5964	489
2575	4555	238
2579	2611	200
2581	2903	507
2584	3040	478
2585	3282	280
2588	3911	307
2591	3739	200
2591	3739	477
2592	1650	227
2595	2216	249
2598	3605	343
2601	3781	260
2604	6159	227
2604	6159	320
2606	1778	258
2608	3078	331
2609	3428	560
2612	2802	200
2617	3500	278
2619	1250	200
2620	5092	238
2621	2584	289
2623	2167	305
2627	3671	507
2638	4022	300
2642	2541	524
2646	3219	311
2650	3113	333
2656	2671	309
2660	4527	464
2664	3049	346
2672	3629	506
2674	2507	323
2676	2108	273
2680	4335	529
2684	6127	251
2684	6127	210
2684	6127	461
2689	2612	301
2698	4318	316
2700	3408	374
2704	3264	287
2705	4255	540
2705	4255	475
2712	5451	232
2713	3041	316
2714	2984	185
2715	4517	536
2716	8368	459
2724	2574	289
2731	5604	738
2733	5487	296
2734	2877	315
2735	2601	515
2736	4803	289
2738	4268	438
2743	4317	496
2746	2637	185
2747	3989	299
2748	3312	279
2751	2735	311
2762	2595	528
2764	2579	418
2768	3492	317
2771	5703	222
2772	6209	243
2775	2105	292
2781	2389	345
2782	2943	222
2786	2718	227
2794	3123	307
2798	5206	325
2798	5206	476
2801	3080	469
2802	2898	304
2809	2408	254
2812	2442	312
2817	3064	355
2824	3837	486
2825	3786	297
2833	1764	316
2837	3846	302
2841	2226	211
2842	4480	415
2845	2590	292
2862	2145	286
2863	2808	297
2867	2351	325
2868	3656	456
2872	1804	313
2875	2846	330
2875	2846	401
2876	3576	185
2882	3227	500
2883	3525	491
2890	3190	323
2893	3721	487
2897	2875	434
2900	1431	200
2902	5257	353
2902	5257	215
2903	3092	290
2906	3132	246
2921	2978	338
2926	2104	287
2930	3064	326
2937	3510	283
2945	2424	252
2950	2779	371
2955	5394	608
2958	3105	442
2962	4315	515
2962	4315	418
2973	2197	232
2976	1650	250
2979	2362	473
2993	4392	292
2998	2932	450
2999	3721	560
2999	3721	272
3000	2095	169
3002	3854	275
3010	5611	349
3020	2477	292
3021	2949	355
3025	5219	550
3027	2472	340
3028	2651	529
3032	4436	482
3032	4436	511
3033	4239	502
3034	5923	481
3041	6685	298
3042	5306	185
3044	2048	267
3046	1842	244
3047	3222	653
3051	5016	223
3051	5016	503
3057	3526	323
3058	7621	284
3058	7621	295
3059	3512	456
3059	3512	344
3060	2564	185
3063	5725	222
3064	7361	506
3064	7361	219
3064	7361	246
3064	7361	215
3065	1682	275
3066	4230	429
3072	1779	228
3072	1779	190
3076	2189	280
3087	1265	284
3103	2852	250
3112	3572	396
3118	3221	227
3120	7738	211
3121	3004	284
3121	3004	263
3125	2558	481
3131	1896	325
3137	2243	299
3138	2432	391
3139	4002	230
3144	959	271
3146	2687	435
3150	3409	312
3152	3001	308
3154	6476	509
3154	6476	335
3155	1869	284
3155	1869	271
3159	5875	481
3161	4205	430
3172	2323	276
3174	3688	255
3175	3096	185
3178	2059	268
3186	2590	307
3186	2590	232
3187	2456	232
3198	4616	304
3198	4616	271
3199	2198	200
3204	4734	495
3217	2858	341
3217	2858	245
3218	3081	547
3220	2453	163
3226	2538	423
3231	4223	391
3235	2970	379
3238	4632	364
3240	8570	275
3241	3471	489
3241	3471	500
3246	3685	531
3254	2866	553
3264	2771	290
3269	6880	547
3270	3347	545
3275	2340	332
3284	3081	311
3287	3917	428
3287	3917	458
3293	6324	541
3294	3902	333
3295	7437	485
3295	7437	488
3301	2051	299
3302	2662	200
3313	1995	378
3316	3122	311
3316	3122	318
3318	4944	464
3318	4944	260
3319	3684	573
3323	4193	366
3324	2800	227
3326	3213	381
3326	3213	411
3327	3102	546
3336	3141	460
3339	3803	425
3348	6162	330
3348	6162	323
3350	3779	543
3352	2420	367
3356	6238	389
3364	1885	255
3371	4502	227
3372	3359	222
3376	2585	310
3377	7025	452
3377	7025	486
3381	1489	294
3383	2378	243
3385	2135	503
3387	6963	647
3391	3696	433
3394	5233	728
3403	8181	540
3430	3095	399
3434	1431	300
3436	4750	599
3437	5857	439
3440	6913	245
3446	7630	361
3448	2458	185
3449	2669	322
3449	2669	262
3450	4875	617
3457	2466	361
3457	2466	381
3466	6858	664
3466	6858	665
3468	4414	495
3474	2946	350
3478	3603	444
3485	5630	716
3488	4487	483
3490	2027	295
3493	3027	396
3498	3703	470
3499	1772	351
3500	3461	302
3503	2062	316
3505	3299	417
3508	3694	396
3509	3378	526
3512	3941	300
3517	2032	250
3518	2688	333
3520	2335	274
3526	5117	461
3566	3632	474
3572	3190	476
3574	8741	261
3582	3174	408
3584	1964	315
3586	5170	247
3587	4855	315
3587	4855	519
3591	1925	490
3594	3063	375
3602	3049	221
3606	3767	436
3613	1493	267
3624	3376	385
3628	7935	200
3633	5709	510
3637	7903	206
3637	7903	333
3645	3366	432
3656	4256	455
3656	4256	528
3657	2264	440
3660	2619	552
3669	4959	438
3669	4959	287
3673	1972	509
3674	2865	200
3677	2246	309
3678	1765	398
3679	3148	378
3683	3350	543
3686	2954	425
3686	2954	498
3687	4239	238
3694	3354	349
3699	2851	379
3699	2851	380
3703	4550	471
3707	4412	471
3709	2442	532
3711	3458	270
3723	2538	526
3730	5851	475
3739	1844	426
3740	3975	695
3745	4282	580
3747	3019	505
3750	2868	318
3751	3176	289
3752	2284	454
3762	2027	226
3771	3755	363
3772	2616	185
3774	2647	523
3782	3688	233
3785	2461	206
3800	2287	304
3803	2952	200
3805	4156	505
3807	5318	238
3807	5318	243
3811	1795	390
3813	1292	368
3814	3736	230
3814	3736	332
3821	1617	232
3833	3559	519
3836	4377	242
3836	4377	285
3838	4322	534
3838	4322	480
3844	1395	312
3846	1634	222
3856	3166	281
3859	2882	447
3860	4404	291
3860	4404	249
3861	1611	243
3862	2674	346
3863	1561	299
3865	2540	346
3865	2540	287
3871	2654	296
3873	3707	352
3875	3921	432
3876	2236	211
3885	4093	472
3885	4093	284
3887	4648	277
3887	4648	310
3893	2168	278
3914	4111	497
3916	1638	372
3924	1731	275
3940	2004	299
3943	3408	278
3946	5585	375
3956	3277	439
3960	2349	222
3961	1693	257
3962	2587	200
3964	2251	200
3978	2925	200
3982	2562	252
3983	2453	291
3990	2518	312
3991	5796	243
3997	3241	553
4003	1669	416
4004	2249	266
4006	7725	318
4007	5654	542
4014	5485	266
4020	2315	281
4039	1816	185
4051	1321	238
4056	2684	336
4070	2204	243
4074	1908	211
4077	2430	358
4078	7556	335
4078	7556	266
4086	1442	258
4095	7046	200
4102	3998	227
4103	2066	310
4103	2066	294
4111	2148	185
4117	2680	321
4131	2339	332
4132	5196	388
4135	8918	326
4135	8918	300
4148	4249	273
4151	5208	227
4152	4495	303
4152	4495	226
4154	1605	303
4155	5052	421
4157	1217	185
4159	4419	311
4161	2612	543
4164	3974	650
4165	3218	224
4165	3218	239
4169	2330	253
4170	3855	330
4170	3855	359
4171	2608	286
4172	3828	370
4173	4570	273
4177	7852	339
4183	7319	288
4183	7319	432
4186	8365	185
4189	1741	308
4191	2280	216
4200	3260	318
4206	2633	185
4207	6016	402
4210	1114	334
4233	3144	279
4234	6708	322
4238	3469	491
4246	3281	309
4246	3281	227
4252	3556	484
4258	2285	329
4265	4485	371
4266	7217	324
4289	2611	509
4297	3390	340
4302	2724	298
4305	4488	299
4305	4488	549
4325	3344	384
4326	1928	508
4332	2195	316
4335	5448	242
4337	8273	230
4337	8273	474
4339	2498	284
4349	2936	267
4349	2936	206
4352	6916	578
4352	6916	668
4354	2877	232
4363	1863	270
4367	3244	465
4381	3203	221
4382	4853	236
4382	4853	291
4383	5317	249
4391	4232	260
4391	4232	202
4398	3668	443
4400	1897	291
4406	2747	321
4411	4256	435
4411	4256	289
4415	3461	323
4419	3333	320
4424	4579	531
4425	3842	548
4426	3250	299
4440	4658	399
4459	2739	340
4461	3321	532
4463	6617	380
4465	3991	336
4471	2502	381
4473	3875	503
4474	2907	387
4475	4182	222
4480	3773	492
4485	2817	344
4490	4781	322
4491	2166	336
4495	3013	489
4497	4277	626
4500	3971	483
4501	4234	412
4503	2114	215
4505	2576	200
4512	4127	263
4512	4127	371
4515	3066	327
4516	2977	641
4517	4554	489
4517	4554	564
4521	2396	256
4523	1709	410
4524	2247	243
4527	7376	611
4532	4437	510
4533	2056	385
4534	3440	614
4540	2252	285
4541	2252	323
4543	6403	549
4543	6403	379
4544	1880	356
4548	4190	646
4549	7480	513
4555	2821	285
4557	1541	211
4561	2089	349
4564	3893	261
4568	2745	318
4568	2745	336
4570	4739	490
4570	4739	489
4576	6030	558
4577	6788	526
4583	4320	340
4593	3009	341
4596	5581	211
4597	1842	278
4597	1842	220
4599	4838	552
4599	4838	362
4600	2525	389
4606	3792	470
4611	3915	559
4614	1722	327
4615	2616	613
4617	5489	496
4617	5489	370
4619	1862	385
4620	4223	639
4620	4223	555
4622	6759	543
4622	6759	412
4624	4017	534
4627	1896	337
4629	1718	345
4631	4271	566
4632	2429	290
4635	3891	185
4636	1889	346
4643	5025	243
4644	6218	489
4644	6218	374
4651	3887	579
4652	2794	372
4654	4498	326
4654	4498	331
4659	2552	247
4661	2434	313
4662	3185	238
4662	3185	160
4670	2189	309
4674	3275	235
4674	3275	335
4678	2847	321
4679	2463	317
4680	2731	595
4684	1912	297
4687	5695	539
4690	780	289
4691	1592	382
4694	5712	408
4695	6638	578
4697	2909	404
4699	3133	539
4700	2636	264
4700	2636	256
4701	2791	369
4704	2980	211
4705	2098	260
4712	2847	345
4714	4262	557
4717	2849	322
4726	3345	568
4732	3211	273
4732	3211	271
4737	2178	514
4746	4556	396
4747	3461	185
4749	4870	238
4759	3561	317
4764	4555	524
4765	2656	453
4768	2733	490
4770	2794	211
4771	2630	250
4773	2998	299
4778	3867	250
4778	3867	339
4784	2613	266
4786	3633	426
4788	2693	394
4795	4137	437
4804	2132	350
4806	3333	310
4814	2132	328
4831	3323	293
4831	3323	215
4837	2682	243
4838	1278	227
4839	2570	300
4842	2903	494
4848	5404	578
4850	5076	463
4851	2193	393
4855	5120	414
4857	2768	399
4861	2260	325
4868	2531	299
4874	2525	520
4877	2501	185
4881	3280	476
4883	2555	200
4891	3467	293
4893	5345	539
4893	5345	488
4899	3096	249
4901	4663	511
4904	2971	456
4907	3483	348
4908	3616	438
4916	6721	222
4917	3486	337
4921	1976	423
4923	2830	357
4927	3064	236
4929	3997	570
4930	1743	538
4932	2472	264
4932	2472	222
4935	2688	272
4939	3062	487
4941	6464	387
4942	3057	272
4948	4131	327
4948	4131	575
4953	4875	345
4960	4466	498
4963	2335	458
4964	6147	549
4964	6147	261
4968	2450	322
4969	3203	574
4970	2741	363
4972	2996	488
4975	2599	415
4976	1702	297
4977	2774	405
4978	2225	273
4990	3351	308
4991	3011	412
5000	5510	249
5005	3374	651
5008	1915	185
5012	3510	526
5013	2676	320
5015	3800	383
5017	4933	417
5022	2537	243
5024	2616	278
5025	4529	272
5030	3682	381
5031	2918	495
5033	2977	336
5035	5250	670
5038	2191	185
5048	2748	330
5054	3826	436
5055	1747	351
5056	1199	221
5058	2099	328
5069	903	343
5073	5049	185
5075	2005	222
5089	2633	242
5094	3172	695
5095	3165	319
5096	2917	523
5100	3126	424
5106	3839	369
5108	3364	296
5109	1770	215
5113	5483	305
5116	2333	379
5127	3080	374
5127	3080	248
5129	5373	345
5129	5373	349
5131	2595	362
5133	5760	452
5138	3161	258
5143	4453	499
5143	4453	571
5145	3772	343
5148	3461	269
5151	2723	371
5154	2723	336
5155	3082	439
5156	5085	508
5161	3197	360
5163	2011	364
5171	3679	519
5171	3679	229
5192	5247	539
5194	3690	426
5196	4486	577
5200	6324	449
5201	3505	499
5202	3342	544
5206	3910	268
5206	3910	271
5207	2344	341
5211	3839	371
5215	3015	531
5216	3749	596
5218	3576	652
5223	3190	701
5227	2213	272
5230	2566	309
5235	3536	442
5237	2560	350
5239	2150	324
5244	7312	535
5247	7404	232
5250	2373	378
5251	1699	377
5252	2259	389
5253	3238	388
5256	3148	605
5262	2257	357
5266	7301	567
5267	3546	557
5269	2640	330
5270	6289	588
5270	6289	427
5271	6159	550
5271	6159	443
5274	4208	301
5275	3142	169
5275	3142	157
5276	2276	320
5285	2345	338
5287	4144	384
5288	7313	452
5288	7313	414
5289	4141	528
5291	4802	440
5294	4074	601
5298	3046	211
5300	2380	216
5303	4448	344
5303	4448	266
5304	3686	452
5308	4763	499
5309	4021	522
5310	3243	510
5311	4892	464
5311	4892	479
5315	2661	305
5316	2065	335
5317	4874	292
5320	3617	526
5322	2142	488
5323	3891	593
5325	2776	273
5332	2355	371
5334	2123	351
5335	4586	361
5335	4586	185
5337	3285	507
5338	4111	495
5345	3320	355
5345	3320	250
5352	3965	289
5352	3965	535
5354	3302	517
5357	3559	328
5361	2675	222
5362	3022	549
5364	2879	346
5369	3491	338
5369	3491	278
5370	1592	206
5374	4588	551
5376	2200	185
5384	7075	489
5384	7075	550
5387	2082	338
5392	2905	439
5393	1780	428
5395	2620	312
5396	4346	630
5399	4294	548
5404	5232	464
5404	5232	473
5405	3586	384
5409	2978	421
5410	2500	323
5419	1996	422
5420	3760	389
5420	3760	472
5421	2255	527
5429	2811	306
5430	6951	279
5430	6951	305
5431	2472	509
5432	4855	382
5444	3646	185
5450	4780	439
5451	3040	508
5452	1471	337
5456	1334	329
5458	3348	298
5463	3662	347
5472	3210	185
5475	3159	461
5480	1929	299
5482	4785	575
5482	4785	558
5483	3808	505
5489	4190	496
5490	1553	303
5492	2368	320
5500	5424	516
5502	1898	211
5515	2535	274
5515	2535	216
5522	2362	515
5523	2608	530
5526	1904	215
5533	2293	399
5534	4464	545
5535	3373	313
5536	4950	334
5538	3559	380
5538	3559	276
5540	2826	524
5542	3984	462
5546	3441	338
5549	3793	520
5555	3290	429
5555	3290	263
5557	2710	477
5558	2633	309
5559	2777	329
5561	2378	383
5562	2177	296
5567	2399	332
5567	2399	323
5572	3382	352
5572	3382	357
5575	2542	243
5576	1969	334
5577	4447	408
5578	2404	384
5585	2869	517
5589	3111	520
5591	3987	280
5605	3305	560
5606	3034	503
5607	3929	380
5608	3736	545
5610	2374	244
5614	4221	592
5623	4760	391
5623	4760	507
5624	1570	295
5629	2552	253
5639	4509	394
5639	4509	534
5649	3576	467
5650	3128	537
5662	1591	185
5668	2301	331
5676	2450	304
5681	2213	284
5684	1343	336
5688	3265	211
5691	3364	336
5691	3364	255
5699	2381	353
5704	1166	232
5707	2151	321
5713	2321	501
5719	2642	191
5720	3429	352
5722	3310	185
5728	2037	360
5731	3358	587
5732	3277	579
5735	2908	331
5737	3103	419
5737	3103	185
5744	2661	480
5747	2932	342
5747	2932	323
5749	1979	185
5750	2433	343
5753	2852	307
5755	3538	300
5759	3818	352
5761	7328	245
5764	5067	185
5767	3749	451
5769	4421	359
5769	4421	296
5771	2980	327
5777	2111	321
5779	4315	411
5781	5335	250
5781	5335	453
5782	2210	394
5785	2586	330
5786	3195	185
5792	1589	359
5795	3688	413
5796	3058	578
5800	3370	280
5804	2927	291
5811	4128	374
5813	2667	295
5823	4924	340
5827	4206	557
5831	2334	332
5837	2961	323
5841	2946	377
5842	2257	242
5846	3744	315
5855	2338	309
5855	2338	224
5856	4484	523
5858	4597	513
5860	1743	360
5863	1654	304
5866	2734	372
5867	3535	545
5871	4649	417
5872	1387	292
5882	2857	314
5882	2857	242
5887	2746	211
5889	2884	324
5891	2841	215
5894	2838	232
5897	1758	261
5898	1160	303
5903	2428	408
5904	1829	185
5905	4364	548
5910	4935	558
5910	4935	512
5911	2376	561
5921	2809	293
5921	2809	316
5925	3076	467
5930	2629	253
5932	2076	491
5942	5962	543
5942	5962	185
5948	1795	347
5952	2813	338
5954	2065	245
5960	1698	495
5962	2953	470
5963	3235	200
5965	3788	332
5970	2741	517
5975	2757	297
5982	1984	391
5983	2363	525
5986	2513	295
5989	2951	305
5993	4464	466
5999	5289	185
6003	2306	321
6004	2412	256
6005	4097	425
6008	2262	200
6012	2967	333
6019	1951	302
6020	2406	185
6027	3007	221
6040	2557	314
6050	1979	267
6052	3164	266
6084	5073	286
6088	1410	249
6093	3423	804
6094	1974	388
6108	3540	227
6134	3191	319
6152	1446	250
6160	7267	225
6160	7267	287
6176	7625	332
6188	1514	298
6189	2226	427
6196	2196	391
6198	5842	409
6198	5842	276
6205	7162	379
6218	3938	515
6234	6103	623
6237	4989	392
6245	7927	548
6246	6062	450
6246	6062	356
6266	4416	376
6271	3294	511
6281	2460	307
6289	5350	227
6289	5350	415
6293	4150	185
6296	4240	571
6297	5151	504
6297	5151	410
6298	2669	233
6301	7460	307
6301	7460	258
6308	4428	553
6315	2979	329
6319	3015	185
6321	1952	528
6325	3968	524
6327	2654	534
6346	4764	505
6348	3024	185
6355	4219	495
6356	2147	286
6360	4763	408
6360	4763	278
6367	2840	323
6368	6237	300
6382	5865	491
6385	1702	306
6391	6382	332
6391	6382	345
6392	2082	313
6403	3423	342
6408	2864	599
6410	3984	460
6415	4203	341
6418	3496	254
6419	2482	288
6420	9801	317
6422	5140	488
6422	5140	278
6423	2578	185
6430	2404	383
6443	5325	329
6447	3398	291
6449	2869	310
6454	3639	316
6468	1826	307
6478	2016	324
6485	4646	627
6487	5127	416
6490	3210	185
6491	1992	256
6495	3655	270
6499	2233	258
6500	8942	431
6501	1912	280
6520	3405	317
6525	3992	266
6527	1839	284
6529	3557	304
6532	1079	305
6536	1723	311
6537	2677	395
6544	4262	430
6547	2370	248
6551	3085	305
6555	4455	531
6557	4909	200
6560	4869	329
6563	5161	185
6563	5161	206
6572	6412	425
6577	2810	432
6579	5163	344
6584	3601	303
6595	4024	206
6597	3145	255
6599	2642	387
6601	1601	222
6603	4190	319
6613	7816	438
6614	4062	384
6615	2612	285
6621	3272	316
6622	6210	382
6625	3419	185
6628	2832	291
6631	3216	527
6637	3029	288
6639	2454	308
6640	4384	442
6641	3009	254
6645	2199	305
6649	2399	211
6652	1596	431
6653	2944	579
6656	3076	263
6657	2988	330
6660	3723	287
6661	4388	486
6662	5088	478
6663	3138	185
6667	5558	553
6678	4897	417
6678	4897	496
6679	5811	185
6681	9573	274
6681	9573	271
6685	6632	243
6687	6103	232
6688	2367	554
6691	3229	297
6694	4046	537
6698	2720	275
6699	2473	572
6702	3481	515
6706	1582	211
6708	2578	200
6709	3969	372
6715	1027	227
6716	3559	333
6717	1896	355
6723	1706	200
6726	1417	361
6727	3585	492
6733	4031	559
6743	8520	349
6748	3407	463
6757	2516	349
6761	4197	518
6765	3620	303
6769	3507	320
6771	5473	408
6772	3107	369
6775	4326	523
6777	3514	423
6779	4526	414
6786	6369	582
6787	1846	264
6788	4503	484
6789	5156	312
6789	5156	337
6795	2581	325
6803	2538	483
6804	4869	477
6808	3640	473
6816	4173	414
6818	3691	433
6821	3310	333
6822	4483	271
6824	2490	290
6831	4218	543
6832	3683	519
6833	3389	293
6834	3496	329
6838	4691	483
6842	5110	505
6842	5110	472
6845	2947	428
6847	8698	310
6847	8698	206
6850	1936	402
6862	5220	266
6864	2968	454
6865	4000	469
6866	3003	307
6868	2116	216
6870	2661	471
6875	5309	280
6884	6290	571
6889	2622	452
6901	2648	583
6905	4359	516
6912	5339	292
6918	1973	262
6926	2691	185
6927	1867	531
6936	3206	238
6937	3428	234
6937	3428	374
6940	5261	449
6940	5261	301
6942	2303	419
6944	3526	222
6946	3624	565
6947	3860	488
6952	6339	488
6953	2481	328
6957	7154	727
6963	4280	185
6965	6196	477
6973	3935	491
6978	2413	365
6980	3958	521
6986	3360	281
6986	3360	214
6987	3367	185
6991	4744	574
6992	5648	519
7008	2626	506
7010	3689	558
7011	2167	334
7012	1830	336
7013	1470	366
7017	2952	490
7019	3701	259
7020	3595	543
7021	4573	547
7034	2885	365
7042	1715	222
7047	5138	323
7048	7541	366
7048	7541	261
7053	3483	238
7055	4479	463
7057	3477	185
7060	3741	349
7069	3095	389
7079	3119	366
7080	3248	375
7089	3991	746
7096	1795	211
7099	6798	275
7101	5824	326
7103	2549	449
7105	2312	418
7107	7227	337
7112	2336	317
7114	3120	458
7120	1887	288
7131	7246	227
7132	6753	281
7137	3214	326
7140	1728	226
7141	3786	185
7143	2551	343
7146	3620	295
7146	3620	216
7148	4722	474
7150	6444	227
7154	4031	322
7158	7506	415
7159	3605	481
7162	2433	211
7162	2433	324
7168	6240	336
7170	6321	821
7183	3503	519
7184	2319	215
7186	2627	222
7188	2046	309
7192	2671	487
7195	3383	384
7201	2646	504
7202	2125	431
7204	3477	387
7207	7603	338
7207	7603	355
7207	7603	238
7209	2730	364
7213	2785	234
7215	3648	323
7216	5772	188
7216	5772	279
7223	4551	488
7223	4551	354
7225	2072	221
7232	3789	278
7233	2781	424
7236	3608	200
7237	2815	292
7243	2300	252
7245	8825	353
7246	2491	420
7247	4357	441
7247	4357	324
7248	4785	343
7259	2273	243
7261	3609	431
7265	5762	588
7269	4155	484
7269	4155	431
7271	9200	256
7271	9200	554
7272	3178	344
7280	3061	464
7284	3396	221
7285	2024	560
7287	2950	277
7290	2788	243
7291	4818	477
7293	2332	301
7298	4669	553
7298	4669	319
7304	6144	291
7306	2900	232
7308	6235	740
7311	3252	264
7312	1554	353
7320	1546	291
7327	4348	239
7330	2385	384
7339	3232	527
7343	6017	514
7343	6017	502
7344	2174	200
7346	4177	470
7346	4177	487
7347	1703	238
7359	3623	185
7365	9768	185
7366	2660	345
7369	4844	315
7373	3723	430
7378	3543	352
7380	2048	295
7381	2458	564
7385	3071	424
7386	3400	349
7387	9802	513
7388	2934	393
7389	4384	214
7389	4384	384
7394	5717	255
7394	5717	566
7396	2853	389
7398	4719	185
7398	4719	473
7399	3395	185
7404	2717	537
7405	4319	400
7408	3796	408
7415	7421	266
7416	4376	529
7419	2307	430
7426	1850	337
7429	5149	459
7430	4021	461
7439	3421	484
7445	2671	273
7447	2833	480
7457	2309	599
7458	2666	326
7469	3473	351
7469	3473	520
7471	7103	335
7471	7103	316
7475	1357	266
7479	4118	297
7481	2677	344
7484	3275	695
7487	3651	419
7488	3004	252
7488	3004	312
7489	2622	506
7490	2991	534
7491	4690	544
7492	2445	574
7494	1849	397
7496	2372	328
7500	3098	238
7501	2705	545
7503	3705	358
7505	2158	366
7506	1790	315
7513	2353	332
7515	3919	333
7518	8100	504
7520	6020	471
7521	6552	553
7522	7087	287
7528	2352	360
7536	3888	525
7540	5335	307
7548	5561	502
7551	3714	419
7552	2618	500
7553	3637	356
7566	6956	764
7569	2245	509
7574	6011	538
7577	3963	465
7580	2312	289
7583	1653	302
7584	986	185
7585	2773	330
7593	3063	375
7594	3014	268
7596	5341	330
7600	3265	270
7602	4595	672
7603	2128	333
7604	2055	261
7606	4852	312
7609	2597	335
7612	3048	329
7623	4172	578
7625	2762	245
7630	1735	307
7639	4943	221
7643	3168	315
7646	3589	545
7648	3009	285
7649	3561	194
7649	3561	401
7653	3847	579
7660	3920	324
7660	3920	336
7663	3777	332
7664	8496	260
7664	8496	200
7665	2514	362
7669	2553	401
7674	3518	564
7675	2540	474
7677	4479	245
7678	7036	315
7688	2614	399
7689	3573	349
7689	3573	284
7694	3743	320
7695	3437	200
7695	3437	374
7696	4205	529
7703	3749	470
7705	4820	435
7709	1712	269
7712	7169	268
7712	7169	664
7715	2879	428
7717	6825	278
7721	2278	279
7725	2939	502
7728	7872	517
7728	7872	502
7730	3265	557
7731	5029	185
7736	3952	438
7738	5243	185
7738	5243	524
7747	6598	200
7748	1608	232
7750	2717	200
7752	2825	185
7755	2356	305
7761	1868	244
7763	3174	345
7764	5272	221
7767	6517	185
7767	6517	588
7777	3099	371
7781	2521	365
7785	2444	211
7792	3587	243
7797	4471	449
7801	2423	321
7807	3070	567
7810	7527	369
7810	7527	320
7816	5284	284
7820	3620	254
7823	2678	347
7825	4900	500
7827	2228	359
7835	2047	548
7841	5704	409
7851	6800	402
7855	4889	410
7855	4889	485
7858	3869	511
7864	2926	336
7867	2166	206
7868	8042	737
7872	4802	614
7873	3813	427
7879	3712	200
7879	3712	303
7883	2691	520
7887	2497	358
7890	2473	490
7891	3784	373
7897	2784	337
7901	5281	552
7901	5281	527
7902	2186	506
7915	3141	511
7921	4680	259
7923	2576	330
7925	6706	490
7937	3466	422
7939	5332	255
7939	5332	396
7940	2490	360
7941	3358	461
7946	3563	489
7947	1581	330
7954	4074	321
7963	6518	488
7966	4744	490
7969	3148	555
7970	3501	227
7971	2946	366
7975	3266	441
7978	2554	444
7979	4343	724
7980	4769	711
7981	7118	238
7983	3461	232
7984	4509	642
7985	4814	347
7985	4814	446
7991	3307	285
7991	3307	286
7993	4209	255
7994	3689	434
7996	2111	262
8007	4126	534
8012	2736	384
8013	2257	185
8024	2728	449
8027	3552	520
8035	2743	238
8039	2712	563
8047	3963	506
8049	2785	399
8052	2879	472
8053	2284	293
8054	2903	489
8055	2176	307
8056	2820	328
8067	3373	462
8068	2523	299
8071	3476	460
8076	3673	280
8077	2833	238
8088	2510	310
8096	2766	349
8097	2564	425
8102	2598	281
8104	2450	215
8105	2060	226
8107	5450	185
8108	2511	355
8110	2836	531
8112	2997	475
8116	4026	402
8120	4422	508
8123	4024	264
8131	1655	237
8132	2965	334
8136	3160	248
8139	4664	334
8139	4664	520
8144	5042	370
8144	5042	185
8145	3140	520
8148	2197	529
8149	3630	265
8151	3908	491
8153	2072	269
8153	2072	279
8154	2763	344
8159	6770	484
8163	6392	480
8164	3437	305
8165	2473	281
8165	2473	196
8167	3299	536
8174	2580	508
8176	1467	467
8177	6375	354
8177	6375	572
8180	3082	325
8185	2312	316
8193	6980	379
8193	6980	514
8195	7161	323
8195	7161	165
8199	1659	344
8203	2226	316
8213	2263	360
8217	1933	573
8218	3546	386
8222	2301	200
8223	3067	185
8226	4695	443
8226	4695	448
8229	4412	444
8231	5913	311
8231	5913	397
8236	3011	316
8236	3011	213
8238	2938	372
8241	3504	539
8242	3616	466
8244	5375	316
8244	5375	528
8247	4230	341
8247	4230	405
8249	4481	655
8249	4481	155
8250	3495	496
8251	5029	370
8251	5029	273
8255	4141	514
8257	2951	200
8262	2936	368
8264	6736	554
8264	6736	227
8266	3326	438
8269	2786	385
8276	4331	588
8278	3874	703
8281	2189	347
8282	4565	469
8283	4881	326
8285	3608	517
8290	3320	346
8297	4247	226
8298	1122	200
8299	4807	323
8299	4807	277
8301	2257	303
8302	4378	439
8303	3902	379
8306	2944	273
8308	7101	323
8311	3235	248
8316	6804	222
8316	6804	200
8316	6804	317
8317	2030	492
8323	4151	234
8325	1772	278
8329	3327	292
8331	3680	308
8340	3226	640
8343	3418	401
8346	3072	295
8348	2808	325
8350	5838	300
8354	3690	492
8355	3961	529
8358	2704	291
8358	2704	212
8372	3363	486
8377	7803	448
8379	4150	369
8382	2421	245
8383	3651	463
8386	4045	273
8389	2392	286
8390	2698	318
8391	2085	273
8399	5537	396
8405	1554	293
8408	4232	575
8409	4471	285
8409	4471	532
8410	3436	286
8412	2605	444
8417	4294	510
8419	3905	335
8423	3282	470
8429	2718	346
8430	6330	233
8430	6330	242
8430	6330	211
8434	3119	279
8438	2018	266
8439	6705	455
8439	6705	376
8440	3627	514
8447	3299	237
8449	4742	529
8449	4742	166
8450	4477	221
8454	3919	402
8457	2565	200
8460	3144	541
8461	3470	501
8462	3570	503
8463	3218	386
8468	7489	507
8468	7489	440
8470	2079	237
8474	5084	255
8476	8515	479
8478	4835	308
8484	3374	361
8490	3032	265
8501	2209	334
8502	4629	460
8505	1891	317
8506	5234	316
8506	5234	304
8510	4788	285
8521	5481	518
8522	2780	494
8523	1891	206
8524	6704	490
8527	1273	266
8533	1871	289
8538	2281	266
8541	1837	211
8549	2839	294
8562	4382	185
8564	4536	238
8564	4536	241
8565	4451	508
8569	2211	305
8572	5988	510
8573	6155	433
8574	4049	323
8578	2888	254
8581	1387	265
8582	5390	275
8583	4159	221
8584	3393	277
8585	4057	436
8586	3184	562
8590	2656	318
8593	1545	185
8596	1151	269
8599	1948	372
8611	3994	358
8614	3303	277
8617	3958	335
8618	1863	478
8619	3783	304
8622	3382	302
8623	4190	349
8624	2044	301
8625	2883	309
8627	1902	293
8633	8298	494
8634	3025	363
8634	3025	330
8636	2723	507
8643	3895	319
8644	6167	244
8644	6167	309
8645	3335	216
8646	4376	277
8648	4669	553
8648	4669	490
8650	2570	244
8651	5297	584
8668	3768	433
8681	2702	318
8681	2702	305
8688	3526	331
8693	4006	245
8700	2453	200
8705	2065	300
8706	2215	375
8707	3428	361
8707	3428	293
8708	6028	353
8708	6028	321
8712	3067	255
8712	3067	305
8716	3667	440
8721	2062	286
8728	3066	359
8737	3229	211
8737	3229	275
8740	3121	178
8740	3121	322
8741	2136	200
8742	3705	457
8744	2028	298
8751	8149	523
8752	2295	206
8754	2452	312
8756	2266	327
8759	2973	185
8763	3087	427
8769	3973	533
8775	5417	212
8775	5417	293
8777	2900	404
8778	2635	383
8786	4959	201
8794	3745	389
8794	3745	340
8795	3965	393
8795	3965	335
8797	5926	659
8797	5926	738
8806	6093	558
8814	2422	320
8819	3405	467
8819	3405	481
8822	2653	457
8823	4556	494
8823	4556	529
8825	2245	185
8833	2017	332
8844	5156	414
8844	5156	426
8845	5273	234
8847	4596	380
8852	3751	350
8855	2207	310
8856	5799	311
8875	4053	253
8877	3312	239
8880	3927	521
8881	4425	388
8886	2911	292
8891	6977	413
8892	1789	372
8894	6717	284
8895	1721	331
8909	1730	273
8912	1844	331
8913	4910	241
8913	4910	237
8914	4999	273
8918	4602	440
8919	3774	413
8920	972	200
8923	3733	413
8933	1235	286
8939	2493	504
8942	2863	442
8947	2025	222
8950	5295	600
8959	4800	260
8971	3312	409
8974	7145	327
8975	3639	233
8977	4322	524
8978	5352	611
8984	6381	434
8984	6381	322
8988	2228	245
8990	2825	137
8990	2825	122
8999	4872	380
8999	4872	523
9000	3348	239
9010	2869	363
9013	3530	327
9018	4763	569
9018	4763	158
9019	6330	516
9022	3385	466
9026	2760	357
9029	5135	380
9030	5009	511
9031	5589	305
9031	5589	542
9036	3384	401
9037	2108	383
9039	3336	315
9040	2804	456
9041	3056	263
9041	3056	236
9045	2968	356
9047	3270	406
9048	4708	449
9057	3470	281
9060	1831	272
9062	1154	294
9065	4290	321
9065	4290	305
9070	1969	514
9072	2546	485
9074	1831	441
9080	2113	336
9081	2755	298
9083	3902	289
9089	3302	476
9093	2194	388
9101	2071	215
9102	1914	238
9120	3191	357
9123	2224	185
9136	2844	227
9143	2227	272
9144	1669	288
9152	688	200
9162	4425	343
9162	4425	280
9164	4331	206
9169	4366	542
9169	4366	384
9172	3331	480
9173	2580	309
9184	4483	494
9187	2535	228
9187	2535	309
9190	2004	341
9191	6926	526
9192	3170	427
9194	3782	483
9196	6292	349
9196	6292	406
9198	3517	551
9201	2611	227
9205	1623	222
9206	3164	492
9208	3237	274
9212	1961	336
9222	4086	373
9224	3116	505
9231	3476	445
9231	3476	523
9233	1351	387
9241	3491	353
9241	3491	300
9243	2782	274
9258	5153	479
9258	5153	458
9259	3289	364
9268	2339	298
9269	6830	295
9269	6830	297
9269	6830	200
9272	4925	404
9274	2410	496
9280	2451	326
9285	4565	481
9285	4565	444
9289	3687	313
9289	3687	287
9300	2400	469
9302	4608	563
9309	2890	457
9321	5284	297
9321	5284	173
9323	5276	335
9325	2030	349
9328	2155	280
9329	2552	380
9331	4052	279
9331	4052	299
9332	5134	536
9332	5134	532
9334	2432	393
9337	3377	499
9350	2454	558
9353	3497	433
9354	3496	254
9355	3191	349
9355	3191	311
9356	2854	327
9359	3493	200
9361	4836	575
9378	2821	357
9384	3387	281
9384	3387	374
9387	3216	185
9388	4217	344
9391	4030	528
9391	4030	177
9392	4242	263
9395	3183	339
9396	3223	205
9396	3223	256
9402	3367	533
9403	7152	357
9403	7152	333
9405	2710	321
9407	2118	349
9412	4369	448
9418	4664	568
9418	4664	476
9420	2886	357
9421	3346	253
9429	2837	341
9433	4755	526
9433	4755	509
9438	3132	487
9439	2554	398
9445	2033	338
9452	2263	323
9454	4055	406
9455	3518	537
9459	2382	347
9461	2749	200
9461	2749	353
9466	5681	340
9471	2801	297
9476	3966	245
9480	3804	288
9481	3831	394
9483	2213	411
9485	5420	721
9489	2616	322
9489	2616	185
9498	2993	303
9498	2993	288
9503	3316	596
9510	3031	289
9512	1725	299
9513	4206	545
9514	4476	317
9518	4488	337
9518	4488	226
9519	3734	185
9519	3734	266
9521	2503	298
9523	3156	454
9524	2182	344
9525	5859	570
9534	2732	513
9536	2736	333
9539	2658	185
9541	2765	342
9544	3657	616
9551	2819	537
9561	2752	552
9562	4903	293
9562	4903	501
9567	6496	226
9568	3526	200
9571	4473	312
9571	4473	315
9578	3494	309
9581	2227	340
9583	2766	338
9591	1774	278
9594	1702	336
9596	2839	302
9599	1338	185
9600	2446	518
9605	2836	533
9609	2946	301
9611	2737	185
9613	2183	324
9617	2403	264
9618	2742	226
9619	2134	200
9620	3015	346
9622	2102	367
9629	1606	360
9631	2160	476
9635	2060	322
9641	2553	231
9642	2743	254
9646	2850	543
9648	1946	324
9649	6669	776
9651	3020	335
9652	6821	248
9652	6821	306
9653	1573	310
9659	6494	722
9667	4566	354
9675	3491	322
9676	3658	317
9678	3099	445
9688	2157	283
9690	2741	330
9691	5154	574
9693	3349	285
9693	3349	221
9701	3270	289
9703	4008	564
9705	3425	254
9720	2965	303
9730	1535	305
9733	1842	346
9745	3950	378
9746	6419	271
9748	5874	469
9748	5874	358
9753	3369	354
9753	3369	388
9754	3529	266
9760	1811	319
9764	1470	310
9769	2809	321
9770	2893	330
9770	2893	296
9775	3539	504
9791	3730	342
9791	3730	171
9794	4528	557
9795	1984	317
9798	4517	309
9799	2359	334
9800	3464	253
9804	1623	308
9813	4482	500
9823	3231	239
9825	1356	263
9831	5809	353
9832	4884	346
9832	4884	350
9836	2617	366
9841	1808	335
9842	4122	538
9843	4378	443
9844	4262	290
9844	4262	277
9853	4739	550
9853	4739	382
9855	3298	200
9857	2759	348
9860	2836	241
9864	3140	391
9873	2801	287
9873	2801	333
9874	4871	583
9875	2694	211
9883	2468	311
9884	5300	765
9885	2442	259
9886	2781	421
9888	4714	465
9895	3235	526
9901	5211	616
9901	5211	706
9902	4695	237
9902	4695	512
9904	3118	330
9912	3465	528
9917	3656	740
9920	2523	306
9935	2989	509
9936	3010	283
9937	2905	319
9939	5921	295
9939	5921	599
9940	3916	445
9940	3916	484
9944	3434	503
9944	3434	329
9951	3747	211
9953	3874	539
9954	2588	553
9956	2711	481
9970	3757	572
9971	3248	454
9978	4661	375
9983	2886	576
9984	5044	479
9986	3036	305
9992	4565	200
9993	2906	431
9995	3836	443
9998	2760	498
10003	4556	329
10003	4556	413
10004	4524	390
10004	4524	559
10011	3660	185
10011	3660	494
10014	4361	500
10028	2627	524
10029	2079	499
10033	2130	531
10036	4046	484
10036	4046	520
10038	4900	534
10045	6184	306
10046	1558	400
10047	5676	368
10050	3662	278
10051	3831	463
10051	3831	264
10052	2527	534
10053	4445	522
10060	2319	335
10064	3580	357
10067	4554	400
10068	2027	299
10069	7011	460
10069	7011	455
10080	2404	328
10080	2404	309
10081	5188	617
10081	5188	609
10082	2243	560
10084	3074	552
10086	1639	200
10091	3163	200
10091	3163	330
10101	3088	370
10103	2130	525
10105	3499	370
10106	3097	373
10113	4100	522
10114	4030	543
10117	4292	570
10118	5543	613
10121	3127	293
10124	3171	242
10126	4215	476
10137	2968	292
10137	2968	336
10138	4256	396
10143	5461	597
10146	3592	352
10150	4079	474
10151	4298	578
10152	3676	576
10157	2615	359
10159	5647	311
10165	2473	354
10166	3185	294
10174	2932	200
10184	2923	297
10185	3005	314
10187	3083	226
10201	4561	433
10202	2785	537
10205	2876	319
10214	2011	268
10215	4817	329
10215	4817	363
10216	1435	421
10222	2754	347
10223	4114	273
10227	5510	482
10227	5510	536
10228	3904	377
10234	3104	419
10241	2979	324
10242	2555	427
10243	2202	200
10246	4159	361
10248	5502	410
10248	5502	314
10249	1292	253
10250	3227	420
10251	2315	351
10255	2871	364
10259	5456	381
10262	1990	211
10264	3307	356
10266	3991	328
10269	2578	303
10272	3715	508
10278	7009	564
10278	7009	312
10282	5021	200
10283	3398	372
10301	3209	412
10303	2904	444
10304	5099	434
10304	5099	467
10307	2621	287
10310	4287	445
10314	1266	200
10316	3934	206
10316	3934	208
10317	3790	480
10326	3278	293
10327	2506	200
10329	3875	455
10329	3875	575
10330	3916	431
10331	2049	277
10340	3480	320
10342	5823	305
10342	5823	306
10343	2116	428
10345	2746	415
10348	3114	161
10353	2822	305
10355	1936	264
10357	2958	385
10359	1724	327
10368	2783	531
10370	2628	524
10372	5147	480
10375	2702	583
10376	2366	261
10385	2817	501
10391	3531	546
10392	2112	303
10392	2112	263
10393	2930	293
10396	3704	185
10400	5380	637
10402	2498	303
10408	1537	332
10412	4308	439
10412	4308	482
10415	2615	221
10415	2615	168
10417	3625	465
10426	1877	232
10426	1877	295
10428	1653	300
10429	1637	324
10431	4406	776
10442	4275	543
10442	4275	290
10444	2850	372
10446	2951	304
10453	4965	301
10455	2214	270
10458	3100	222
10458	3100	256
10459	2190	329
10460	2937	363
10461	3816	255
10465	1572	353
10469	3508	333
10471	4152	570
10477	2492	322
10478	2982	371
10478	2982	255
10481	3466	511
10485	1844	269
10486	4828	497
10486	4828	446
10493	3991	539
10497	1997	243
10498	2707	374
10499	2533	266
10503	4303	489
10505	1729	462
10506	3210	216
10509	1931	317
10515	3342	277
10515	3342	176
10524	2993	523
10526	2368	222
10527	6077	560
10529	3358	472
10530	1321	200
10534	5546	493
10534	5546	469
10540	2600	532
10541	5092	384
10542	2838	267
10544	3485	399
10551	2696	352
10554	2938	429
10555	4496	446
10555	4496	246
10555	4496	179
10558	1754	353
10559	2053	238
10561	3383	459
10570	1647	215
10579	2443	200
10580	2513	344
10582	3109	400
10583	2992	313
10584	2301	238
10584	2301	277
10589	2430	316
10594	2384	254
10599	2913	491
10600	2104	362
10603	2138	380
10611	5192	278
10617	3216	562
10619	2005	326
10621	4429	502
10622	2551	319
10622	2551	344
10623	4312	590
10627	2271	323
10628	2849	215
10632	3539	185
10639	2691	359
10642	3271	351
10652	6355	339
10655	3151	349
10658	2265	241
10660	5029	308
10666	2382	360
10668	2536	519
10674	5902	320
10675	2146	324
10681	3289	447
10685	2627	337
10687	1661	492
10689	2048	316
10693	2088	311
10696	6251	273
10700	1856	386
10713	3420	289
10717	5147	279
10721	1217	263
10726	2745	292
10730	2048	200
10745	3479	379
10749	4033	524
10750	3512	475
10751	2947	287
10755	3530	291
10758	3032	185
10760	3307	469
10768	2617	185
10770	3337	327
10779	2153	368
10808	5986	200
10808	5986	474
10820	3420	310
10821	2554	447
10825	3400	200
10832	5068	232
10837	3147	230
10840	3369	279
10848	3497	448
10861	2198	276
10862	2020	185
10866	2101	237
10874	2245	273
10880	2201	465
10896	6136	304
10897	4209	397
10900	2443	364
10902	2563	245
10904	2294	256
10912	3720	376
10920	3267	238
10925	2712	483
10941	2334	249
10946	1887	308
10956	5041	504
10965	1961	236
10967	1990	384
10968	2737	368
10980	1451	274
10984	2952	460
10986	4829	387
10993	2057	290
10996	3123	343
10998	4298	411
11011	5337	369
11019	3932	471
11020	2024	362
11025	2828	330
11026	4301	238
11042	3223	406
11046	4560	419
11048	2928	424
11049	2270	375
11057	5411	457
11071	3157	278
11083	3048	321
11091	13001	354
11094	4110	355
11103	3356	243
11109	4020	275
11111	3450	222
11119	4030	307
11119	4030	249
11122	4037	525
11129	4839	329
11131	2176	237
11134	4978	252
11137	4736	328
11138	5644	421
11141	3088	305
11158	8558	291
11169	5797	262
11172	4363	303
11172	4363	280
11175	1162	222
11187	3424	261
11224	3373	227
11270	4396	499
11295	1851	275
11310	2824	245
11312	3823	463
11316	3390	232
11318	1118	216
11320	8131	313
11336	7643	200
11337	3956	396
11339	5742	405
11344	2307	339
11363	2158	364
11372	6430	435
11384	2281	397
11388	2171	447
11399	5306	428
11408	2801	311
11410	2367	301
11411	5372	550
11411	5372	524
11413	2403	320
11414	3491	513
11430	4493	278
11430	4493	441
11435	2163	238
11438	3316	246
11438	3316	258
11445	1588	206
11446	3427	261
11446	3427	284
11452	2457	304
11456	2792	312
11457	4301	259
11462	2750	317
11464	3320	540
11468	1865	276
11475	2843	513
11476	4833	572
11481	3554	322
11483	3242	320
11487	4015	390
11489	2756	206
11490	3010	248
11491	2966	278
11496	4195	620
11497	2085	318
11501	3499	370
11503	5109	715
11503	5109	185
11508	5590	375
11508	5590	332
11511	3162	579
11514	2832	227
11517	3050	535
11521	1791	321
11522	2986	486
11528	5154	403
11530	3079	277
11538	5975	354
11538	5975	351
11541	2760	409
11544	4629	526
11547	3581	377
11550	2323	346
11553	2576	470
11555	4357	504
11556	2946	325
11559	5696	287
11559	5696	432
11560	2572	446
11563	2772	262
11570	3994	325
11571	2327	307
11576	3572	754
11577	2052	351
11581	3431	457
11585	1861	273
11587	2269	259
11588	3546	300
11589	5047	407
11592	2902	342
11593	4987	185
11593	4987	525
11606	4462	404
11607	3706	535
11609	3363	407
11610	3328	563
11611	4046	645
11617	1936	492
11620	2923	566
11621	3494	556
11624	3950	502
11624	3950	452
11625	2215	451
11626	3885	220
11626	3885	355
11628	1618	226
11629	3787	526
11631	1811	233
11633	5179	431
11636	3656	694
11637	2091	518
11644	4936	549
11644	4936	346
11650	2641	302
11650	2641	341
11651	1259	446
11653	2487	430
11659	5274	326
11661	4925	372
11663	4375	370
11663	4375	483
11664	3016	463
11672	3595	492
11675	3155	490
11676	5302	476
11679	1147	259
11681	3691	296
11684	3527	364
11688	3008	222
11695	3302	548
11696	3205	711
11697	3859	496
11697	3859	248
11703	5491	315
11705	3169	408
11706	2283	333
11709	2744	333
11710	3420	200
11711	2546	328
11729	2586	521
11732	2594	227
11737	3744	367
11740	3675	520
11744	2664	296
11745	3513	473
11747	3136	390
11759	2993	372
11761	4159	317
11769	2251	226
11775	2661	302
11780	3839	416
11781	2210	185
11786	3489	272
11787	3008	339
11792	2545	514
11793	4821	661
11797	4350	760
11801	4426	499
11801	4426	538
11804	1315	278
11813	2344	482
11822	4287	369
11825	1011	299
11828	4310	275
11836	2705	262
11837	2306	494
11848	4327	147
11848	4327	84
11848	4327	544
11850	5396	443
11853	2766	185
11855	1122	219
11857	3787	509
11859	1864	399
11865	3106	523
11867	3887	596
11870	1711	435
11877	4707	438
11887	2212	255
11889	2343	304
11890	2619	254
11893	3212	706
11905	2130	484
11907	1840	266
11912	3903	239
11913	3014	491
11918	5062	243
11922	2158	206
11925	3295	678
11931	3222	490
11935	2997	460
11936	4332	408
11939	2929	277
11945	5213	355
11945	5213	190
11959	3773	525
11959	3773	370
11960	3197	304
11963	3722	398
11966	1566	324
11968	3421	292
11969	1443	298
11985	1976	303
11988	2141	215
11989	2483	192
11989	2483	218
11995	3105	487
11996	3405	506
11999	4274	471
12007	4021	251
12007	4021	316
12009	2877	303
12018	2209	211
12019	4733	404
12019	4733	232
12020	3469	287
12032	1992	301
12034	4033	250
12046	3921	545
12047	3377	285
12050	3284	688
12051	1853	232
12054	2225	316
12055	2475	391
12063	5106	349
12066	3330	185
12067	5868	200
12067	5868	317
12072	2935	400
12074	2706	272
12078	1703	227
12080	2900	284
12080	2900	247
12081	2267	259
12084	2110	312
12084	2110	292
12085	2920	298
12097	2499	336
12102	4187	307
12106	4692	342
12106	4692	488
12108	4003	304
12110	3219	305
12112	4419	361
12115	3019	488
12119	2372	295
12121	4468	496
12126	4665	712
12130	3131	298
12130	3131	243
12133	3560	459
12142	4911	618
12157	4575	211
12161	3870	297
12162	3492	542
12165	3004	261
12166	2765	274
12167	1929	232
12168	2421	243
12170	3029	331
12174	2295	309
12175	3706	336
12176	3657	340
12179	3758	315
12191	2790	302
12193	4971	423
12197	2486	352
12201	3469	394
12211	3074	539
12213	4259	525
12215	3860	473
12216	3304	389
12225	4516	604
12225	4516	412
12230	5233	585
12241	1990	215
12246	3482	406
12248	2262	304
12249	2511	283
12255	3445	459
12258	4419	321
12266	4024	430
12275	3609	328
12275	3609	298
12276	2885	270
12279	4936	477
12282	5262	185
12283	3512	446
12286	3752	322
12286	3752	387
12291	5313	500
12295	3644	790
12300	2297	222
12303	3734	534
12305	2005	261
12309	5179	576
12311	3539	262
12311	3539	206
12313	2279	507
12314	3043	215
12314	3043	268
12315	4451	747
12324	2390	535
12325	3702	512
12330	3119	322
12332	2106	311
12333	3818	752
12335	2308	478
12337	2522	368
12340	4664	504
12349	1230	311
12352	4146	289
12354	4064	350
12358	4534	496
12358	4534	518
12369	2224	223
12369	2224	292
12370	3564	508
12371	4003	304
12373	3800	365
12374	2108	185
12376	2100	344
12384	1465	485
12388	4172	411
12388	4172	302
12390	2374	448
12398	4024	306
12404	4842	536
12404	4842	593
12408	2032	556
12411	5099	519
12412	4480	334
12412	4480	206
12413	5066	735
12421	4700	448
12421	4700	319
12424	2557	525
12425	4804	705
12430	3589	786
12433	4009	200
12434	3350	497
12434	3350	320
12439	3712	185
12444	3104	322
12447	3227	323
12447	3227	347
12451	2742	504
12452	3978	535
12455	2738	352
12456	4760	544
12459	3318	484
12460	4386	420
12468	2041	538
12469	2806	522
12470	4543	521
12470	4543	459
12484	5505	337
12503	3183	494
12504	3809	487
12504	3809	501
12507	4374	209
12507	4374	167
12515	5590	359
12516	5353	574
12523	4112	390
12523	4112	545
12524	2280	263
12526	2859	299
12526	2859	327
12528	2311	376
12530	3285	215
12531	5116	489
12537	4373	200
12541	4021	392
12541	4021	254
12546	2676	243
12551	3484	319
12555	3301	324
12558	4717	319
12558	4717	185
12560	2730	308
12564	3592	478
12572	2217	324
12574	3744	451
12575	5672	335
12575	5672	293
12580	2741	782
12581	4349	363
12582	1994	238
12586	1294	294
12588	2700	340
12594	3285	370
12596	2395	274
12598	3126	516
12600	4443	414
12601	2516	255
12604	3284	238
12607	2467	188
12610	3800	321
12610	3800	238
12611	4187	504
12619	4429	307
12619	4429	228
12624	2144	333
12627	2466	260
12628	2582	487
12629	3547	248
12629	3547	266
12630	2193	241
12631	1799	242
12634	2253	455
12636	3465	301
12637	3651	227
12638	2235	238
12640	3575	437
12640	3575	323
12642	3978	526
12644	1482	185
12646	5532	469
12646	5532	502
12654	3417	350
12663	4861	301
12667	2187	226
12673	2190	339
12677	4370	325
12677	4370	295
12680	3295	261
12680	3295	257
12683	2435	232
12698	3777	236
12700	2361	289
12701	2445	263
12702	1898	211
12703	4149	328
12707	1696	215
12711	3919	259
12714	1782	200
12720	4094	185
12724	4422	306
12729	1315	292
12734	1855	315
12735	1966	360
12743	4925	545
12744	3400	276
12746	1802	289
12746	1802	306
12753	4594	273
12756	4390	461
12757	4773	211
12759	1899	246
12762	2782	335
12767	2761	353
12770	2962	266
12771	4073	245
12772	2730	338
12774	2500	336
12775	1497	335
12776	2673	216
12782	2791	286
12786	2319	282
12789	3157	502
12794	5402	263
12795	2410	311
12800	4249	344
12807	1561	412
12809	2343	341
12819	1449	369
12820	2955	200
12820	2955	227
12825	3852	513
12831	2049	227
12832	3155	372
12836	4083	344
12846	3068	306
12854	4177	332
12857	2505	260
12859	3046	185
12864	2280	395
12865	921	297
12875	3585	311
12879	2500	493
12881	3858	387
12885	2728	325
12886	2450	281
12888	2965	327
12899	3533	478
12900	2028	288
12907	3636	298
12909	2519	337
12911	2602	566
12923	1853	494
12930	2214	470
12936	4107	274
12937	2667	477
12939	3024	243
12944	2552	238
12945	3701	374
12948	2919	548
12949	5088	365
12953	4280	261
12968	2944	242
12975	3851	555
12980	3736	405
12983	2046	511
12985	2379	336
12986	4159	255
12991	3694	492
12996	4108	464
13002	1776	428
13006	3931	401
13011	3721	532
13016	2467	556
13021	4780	441
13028	3367	258
13032	3454	200
13045	4440	441
13045	4440	506
13047	5747	536
13047	5747	662
13049	1611	230
13051	3752	487
13054	4481	221
13054	4481	541
13055	2362	320
13056	4292	185
13056	4292	366
13059	2997	200
13062	3415	298
13063	2019	211
13065	4005	211
13067	3742	185
13071	3545	299
13071	3545	343
13076	4058	508
13079	4005	485
13082	2157	438
13085	2808	382
13090	4685	412
13095	2047	319
13103	2532	485
13105	2492	336
13110	2517	287
13111	4515	525
13112	4968	663
13112	4968	503
13113	2750	236
13113	2750	286
13115	4563	234
13118	4727	259
13118	4727	156
13121	2981	528
13122	2056	442
13126	1933	272
13128	3661	414
13132	2486	412
13138	3535	185
13141	1680	278
13143	3133	493
13145	1079	185
13153	4595	572
13161	3286	433
13162	2558	314
13166	3775	248
13175	2643	297
13177	1326	250
13187	2435	293
13192	4991	472
13192	4991	193
13193	3002	382
13193	3002	364
13197	2964	272
13202	3556	328
13203	2777	326
13205	3647	239
13210	5602	345
13212	3022	488
13226	2068	309
13227	2421	259
13231	3373	291
13231	3373	325
13236	3146	446
13239	2523	256
13241	4091	505
13245	2976	228
13245	2976	282
13248	2165	248
13252	3806	479
13253	2343	469
13255	2801	316
13256	2531	314
13260	4972	451
13260	4972	227
13262	3591	253
13262	3591	270
13265	2880	456
13266	3014	316
13273	2735	200
13279	3197	347
13280	2641	297
13283	4413	438
13283	4413	510
13285	1580	259
13287	2533	308
13290	2551	206
13293	3548	742
13295	3146	284
13297	1643	329
13299	1827	200
13305	4863	403
13309	3497	252
13309	3497	257
13309	3497	199
13310	5681	486
13324	1260	320
13325	2398	301
13326	2295	309
13329	4479	629
13336	2151	237
13337	2124	491
13339	2329	426
13340	3615	504
13342	3228	387
13343	5938	393
13347	3502	483
13355	3317	271
13356	4474	482
13360	2553	248
13378	3192	215
13379	3362	463
13380	1760	200
13383	2360	253
13388	3596	282
13389	4654	385
13392	5126	242
13393	2539	227
13394	2164	299
13395	3802	453
13397	4264	367
13398	3516	530
13405	2501	410
13407	2963	530
13412	2253	160
13413	4936	380
13416	4413	501
13419	4801	551
13423	3329	454
13429	3889	279
13429	3889	422
13430	5256	555
13433	3805	461
13434	2572	399
13435	2961	406
13440	1544	381
13446	2127	291
13452	2642	611
13454	3836	261
13454	3836	238
13456	5304	272
13457	3361	522
13460	2261	473
13464	2118	377
13466	2587	279
13469	4638	227
13472	5089	237
13474	4395	458
13482	3475	436
13483	3377	294
13483	3377	311
13486	4187	486
13491	4232	486
13499	4259	320
13499	4259	422
13502	3266	295
13510	2883	206
13511	1929	239
13514	4380	568
13515	4664	564
13516	2951	268
13524	3098	352
13529	1361	331
13530	3986	485
13530	3986	237
13531	3280	360
13554	2154	287
13560	2401	391
13561	3351	323
13563	4079	313
13564	2969	588
13565	3241	377
13570	3175	408
13581	3397	302
13592	3238	453
13593	2614	285
13593	2614	298
13595	2479	329
13598	4372	546
13599	3563	469
13605	4547	244
13608	2209	185
13610	5325	338
13610	5325	362
13612	3602	480
13615	2099	327
13616	2174	238
13620	4642	346
13620	4642	245
13627	3301	257
13635	3359	311
13636	2167	211
13640	2058	339
13644	2474	221
13647	4049	519
13651	5092	572
13661	3678	472
13665	3737	185
13668	4349	470
13672	5160	308
13675	2594	284
13682	3512	315
13683	2726	492
13685	4620	261
13688	3661	482
13688	3661	483
13689	3570	425
13691	3864	497
13691	3864	448
13692	2782	312
13692	2782	364
13693	2758	243
13697	5284	287
13698	4348	343
13698	4348	415
13705	4054	274
13706	2749	528
13707	4069	255
13707	4069	561
13708	4849	457
13708	4849	252
13709	2741	309
13710	2899	234
13713	3109	472
13717	3040	322
13717	3040	264
13719	2014	298
13721	5302	518
13721	5302	409
13725	4210	487
13727	2424	319
13728	2426	377
13729	3416	468
13732	5891	272
13738	5582	339
13740	2274	290
13741	3150	428
13742	2852	341
13743	3367	344
13744	3081	227
13745	6015	566
13747	2371	453
13751	2897	390
13752	4050	476
13752	4050	376
13757	2756	309
13763	4695	315
13764	2403	281
13769	2921	383
13774	3445	439
13778	2750	361
13779	2629	332
13779	2629	331
13781	2613	281
13783	2257	291
13786	3785	552
13789	1518	269
13792	2935	327
13793	2389	200
13798	3021	211
13805	3134	316
13806	2133	323
13809	2529	306
13810	1699	233
13812	3733	301
13813	3196	152
13813	3196	285
13815	1034	293
13820	3593	378
13826	1504	261
13827	2644	403
13828	2758	282
13834	2761	322
13836	3360	456
13850	2580	338
13853	1636	338
13858	2100	318
13860	2236	200
13863	3423	343
13863	3423	220
13864	3455	211
13865	2596	319
13866	4137	456
13869	2510	332
13875	2875	279
13881	3419	284
13883	2872	299
13887	2599	387
13887	2599	438
13889	1783	407
13892	2890	233
13897	2701	222
13903	2241	232
13907	3932	447
13909	2623	341
13909	2623	278
13918	6064	310
13922	3144	476
13926	2970	361
13931	3550	267
13933	1577	302
13943	2332	221
13949	2411	512
13951	4505	533
13951	4505	162
13951	4505	145
13956	2154	322
13964	3158	304
13966	2548	305
13969	2537	336
13972	4930	260
13973	3946	457
13974	3921	614
13974	3921	272
13980	4806	185
13981	1381	227
13982	3696	313
13984	3279	483
13987	3297	337
13987	3297	211
13991	2755	447
13997	2811	379
14001	2933	300
14004	2273	442
14017	2634	508
14021	2911	460
14022	5738	322
14022	5738	232
14023	2886	317
14026	3173	340
14027	2795	261
14031	2359	606
14032	3173	488
14036	3195	380
14039	3911	227
14045	4474	604
14045	4474	181
14049	3475	323
14051	3253	289
14055	2518	273
14056	2359	332
14059	1693	274
14060	2775	185
14068	3698	439
14069	2051	474
14071	5750	447
14071	5750	444
14072	2407	230
14072	2407	186
14074	927	241
14075	4879	526
14078	3983	313
14079	2125	401
14087	2779	334
14090	2795	350
14092	1609	200
14099	4481	700
14100	3863	366
14103	4920	472
14103	4920	502
14107	3856	477
14108	3448	264
14115	2761	254
14118	1600	234
14119	3921	306
14120	4985	332
14120	4985	211
14125	5518	459
14126	3028	294
14129	2426	322
14132	4041	308
14140	2597	211
14143	2810	397
14146	3654	507
14150	3254	309
14154	3497	364
14161	2848	493
14164	3145	350
14175	1905	302
14176	1823	276
14183	2482	255
14184	2494	441
14189	2894	278
14191	3625	429
14195	3232	285
14196	2089	455
14199	4016	295
14203	1354	268
14204	3434	475
14205	6069	499
14205	6069	520
14206	4540	622
14207	2214	462
14212	4408	518
14213	3245	324
14214	3065	329
14224	1188	302
14241	3336	484
14257	4991	543
14261	2993	221
14264	3341	562
14267	2730	389
14268	4482	483
14282	3256	296
14284	2671	516
14286	2718	266
14295	1660	232
14296	3991	358
14299	3976	450
14301	3934	398
14304	1685	296
14312	1187	302
14314	4066	379
14317	3990	455
14317	3990	489
14318	2096	393
14322	4035	388
14325	3721	521
14328	3177	460
14331	4242	288
14331	4242	458
14333	3139	565
14334	3163	303
14338	2947	458
14340	2699	492
14343	2819	533
14346	2551	281
14347	2939	479
14347	2939	161
14348	3060	353
14353	4372	401
14357	3249	348
14358	2454	546
14361	5376	358
14361	5376	324
14365	4119	261
14366	4810	475
14366	4810	470
14369	3190	185
14375	2664	206
14384	4491	285
14384	4491	316
14386	2432	486
14389	2138	264
14396	2697	356
14399	2469	340
14405	4519	533
14406	3523	474
14409	3252	374
14415	3070	280
14417	4547	520
14426	2855	312
14428	2621	184
14428	2621	302
14431	3911	510
14434	3614	393
14438	3753	537
14440	4408	537
14440	4408	222
14442	3031	215
14444	3685	322
14449	2237	444
14452	2035	289
14456	2427	304
14457	3426	331
14461	4043	211
14463	3614	566
14465	3352	442
14471	2305	416
14473	2200	348
14474	3266	297
14477	3878	341
14484	2568	324
