0	21420	18033
4	1708	333
5	1565	344
8	1555	444
14	1895	394
15	1456	274
17	1365	315
18	2275	351
21	1718	291
22	1718	342
25	1040	227
27	1224	268
28	1759	282
29	1503	420
35	2147	610
36	2180	450
38	1957	290
41	1543	357
44	2119	286
47	1921	477
50	2332	617
54	1512	364
55	1111	367
58	2439	487
62	2252	316
64	1413	474
67	1267	389
69	1376	321
70	1118	400
72	1287	322
73	1735	389
74	2129	475
75	872	211
76	1446	507
80	1466	447
82	1460	324
85	1571	218
85	1571	192
88	1971	440
92	1629	423
92	1629	360
109	1791	237
111	1720	522
121	1666	289
122	1561	453
126	1364	238
127	1648	304
128	676	306
130	1395	426
133	1754	185
134	2139	518
135	1361	393
136	1692	281
136	1692	232
137	1423	405
138	1666	440
139	897	227
140	1653	322
151	2369	275
151	2369	304
152	2243	283
152	2243	308
154	1774	365
155	1450	313
157	1822	251
157	1822	294
167	1524	211
169	2008	266
170	1647	289
172	1389	302
174	2336	291
174	2336	292
175	2102	304
175	2102	304
183	2074	396
190	1527	222
196	1405	313
197	1239	293
200	1360	261
201	1401	482
202	1772	285
205	1850	241
210	1748	222
213	1874	387
214	1579	298
221	2178	242
222	1975	306
225	1234	435
227	2322	324
227	2322	310
236	1381	291
242	2180	227
247	1462	286
251	2236	321
251	2236	315
253	2290	337
255	1462	316
259	749	206
261	1818	271
267	1032	277
268	1564	259
269	1676	273
271	1886	200
274	630	185
275	1068	288
277	2355	216
277	2355	318
281	1706	193
281	1706	227
283	2026	318
285	2459	343
287	1032	255
288	1630	306
290	1737	325
293	1606	265
295	2263	343
297	848	270
299	1710	307
301	1111	311
303	1386	393
307	1445	322
308	1012	306
310	1540	283
313	1719	310
314	1057	286
315	1167	254
319	1940	333
325	1665	191
325	1665	374
326	1758	268
326	1758	279
329	2403	303
330	1564	285
331	1521	185
334	1565	399
334	1565	177
337	1717	615
346	902	242
352	1787	241
353	1638	336
356	1836	185
358	1303	200
362	2045	238
362	2045	254
373	1699	189
373	1699	157
376	1369	281
386	1360	206
388	1551	497
394	2399	639
400	2442	445
401	1721	359
404	1749	230
405	2377	230
410	2236	344
410	2236	158
413	2085	505
414	1834	438
415	1775	360
418	3090	592
420	2536	366
427	1986	481
428	1155	546
432	1742	717
439	3130	542
443	2486	466
445	1731	397
447	1517	273
449	1893	629
456	2704	268
460	2704	384
461	2116	408
462	1569	185
464	1152	273
467	1987	632
469	2459	370
471	2997	544
473	2099	507
479	1502	312
480	2324	535
481	2589	443
484	2197	696
485	2120	301
491	1748	227
492	2125	254
492	2125	109
492	2125	330
493	2470	455
494	1832	400
501	2263	650
502	2100	185
503	2970	298
503	2970	531
506	2475	561
509	1990	428
512	1809	397
517	2270	343
521	923	200
524	2230	492
525	1060	238
528	1977	481
531	2200	370
534	1748	533
535	1796	502
539	1578	396
540	1903	517
542	1905	300
545	1720	539
547	1947	373
548	1487	298
552	1341	281
553	2205	560
556	2041	374
558	2152	574
559	1988	264
562	1892	302
566	2190	501
567	1684	185
568	2145	450
571	2970	384
573	1220	358
574	3047	352
574	3047	490
580	2038	503
584	1821	367
588	1541	546
597	2250	301
598	1457	439
599	2344	536
603	2651	614
606	3018	308
606	3018	504
611	955	347
615	1153	185
616	1812	230
617	2174	551
621	2018	636
624	3050	506
625	2628	441
626	1474	349
627	2869	581
627	2869	465
628	1346	265
629	1214	330
630	3066	389
630	3066	451
632	2492	557
633	1815	516
634	2977	470
635	1303	311
636	2742	514
639	2215	560
640	1007	400
643	2412	328
643	2412	287
644	2137	566
646	1427	200
648	1770	346
649	2027	329
652	2657	376
653	1600	340
657	2032	495
661	2546	434
664	2581	489
665	2799	545
665	2799	473
667	2336	353
667	2336	307
668	2760	431
668	2760	413
669	902	220
673	1318	215
675	1764	568
677	2926	211
677	2926	610
679	1761	174
679	1761	342
681	1509	428
682	1430	239
684	1509	444
685	2265	543
689	1678	447
690	1776	261
691	1961	284
692	2294	485
694	2535	463
695	1891	317
697	1708	387
705	883	248
707	1865	480
709	2017	524
711	1570	475
715	1556	510
718	961	457
721	3087	539
721	3087	412
726	2462	314
726	2462	311
727	1724	250
727	1724	237
732	1101	342
736	1689	477
737	2394	528
742	1884	303
746	2033	588
747	3004	320
747	3004	353
748	1559	301
749	1414	499
751	1488	268
755	1591	384
757	1407	343
759	2456	327
759	2456	373
762	1762	321
763	2962	400
765	2091	422
767	1511	544
768	1259	394
772	2101	732
774	697	216
779	1331	443
785	2962	519
792	1970	520
797	2424	200
802	1472	255
802	1472	271
803	1220	185
806	2085	332
813	2292	519
813	2292	262
815	1696	362
825	1116	227
831	2442	172
831	2442	553
832	1878	654
833	1423	344
837	968	185
838	1514	378
840	1901	491
842	1648	284
843	1282	382
847	1609	506
852	2327	567
853	2815	482
853	2815	211
856	1374	328
858	2669	564
859	1825	306
859	1825	262
864	2365	423
864	2365	494
866	1444	191
868	1728	439
870	909	185
872	2328	338
872	2328	355
876	928	364
877	1745	566
880	2292	233
880	2292	331
881	1544	393
882	1709	444
883	1849	571
884	1406	315
885	1625	386
886	811	285
887	1608	185
889	2136	578
890	1285	447
892	2027	495
896	2941	539
897	3041	707
900	1492	390
901	1163	310
902	2318	455
905	779	261
907	2038	315
907	2038	185
908	2641	454
910	2980	510
910	2980	379
916	1954	360
917	1245	278
920	1683	442
927	915	284
928	963	211
932	1846	531
933	1183	200
935	1644	300
943	2163	471
944	2071	349
945	1453	524
946	1359	185
948	2047	158
948	2047	362
949	2751	292
957	1281	361
959	1150	292
960	1161	323
964	1431	323
966	1084	256
967	2330	349
968	1342	304
969	2044	281
971	1556	313
972	1421	348
973	1344	323
974	1038	275
977	1702	252
977	1702	225
978	2698	501
979	1866	524
980	1650	334
983	2331	489
985	1420	238
986	1478	490
987	1331	237
990	1509	268
991	2309	290
992	1040	460
993	1662	292
994	1957	252
996	1475	185
1001	1659	347
1002	1078	185
1004	2171	348
1007	1436	149
1007	1436	173
1011	1324	418
1016	1183	345
1019	2009	391
1020	1914	311
1022	1222	294
1023	1944	309
1025	951	307
1028	2083	307
1028	2083	187
1032	1461	345
1038	2025	535
1040	2550	480
1041	1520	464
1042	2006	340
1043	2388	382
1044	1923	440
1045	1032	254
1046	1531	313
1047	2982	355
1047	2982	431
1048	2080	296
1055	1871	244
1055	1871	271
1058	2122	537
1060	1745	334
1063	1293	460
1066	1603	298
1067	911	283
1069	1440	254
1070	1388	446
1071	1381	310
1073	1704	418
1077	1369	313
1079	1786	358
1081	1716	334
1085	1114	285
1086	1406	335
1090	2181	326
1090	2181	239
1093	1738	540
1094	1745	211
1098	1286	316
1099	1837	459
1102	2954	513
1105	2451	726
1107	2359	567
1110	3013	522
1112	1769	391
1113	1659	481
1120	1824	268
1125	1911	185
1125	1911	243
1126	1223	206
1129	2172	265
1134	1408	328
1136	2122	439
1145	1380	388
1149	1555	296
1151	1462	337
1153	1478	286
1157	1568	296
1158	2460	521
1159	2984	527
1159	2984	226
1161	1660	185
1162	2508	522
1163	1485	441
1166	1598	450
1170	1754	358
1171	2318	471
1176	2620	116
1176	2620	181
1176	2620	426
1184	2511	366
1188	1378	294
1189	2106	521
1190	2188	258
1191	3029	471
1192	2072	314
1197	1596	349
1198	2023	531
1199	1837	517
1202	1684	480
1208	2663	498
1209	1631	285
1216	1911	470
1218	2034	482
1219	2085	295
1227	1458	211
1228	1515	419
1229	2611	448
1230	1305	453
1231	2690	175
1231	2690	178
1233	1401	356
1238	2313	483
1240	1320	263
1241	2564	476
1245	1596	319
1249	2258	535
1253	1657	436
1254	1641	443
1255	2968	570
1257	2272	250
1260	2127	518
1270	1998	347
1272	2635	849
1273	2126	527
1277	2396	574
1280	2075	475
1292	3032	165
1292	3032	604
1294	2622	469
1295	2514	398
1296	2970	495
1297	2720	607
1299	1978	492
1301	1443	486
1303	1327	301
1305	1475	232
1311	1857	597
1314	1520	531
1315	2753	494
1316	1658	513
1317	1911	227
1318	1367	294
1319	1860	333
1324	2766	312
1325	2019	477
1328	2478	443
1330	1715	249
1332	2879	472
1334	1094	275
1335	1678	571
1340	2140	496
1341	1861	517
1342	2257	495
1343	2535	578
1347	2090	481
1349	2946	645
1351	1578	238
1352	1853	589
1356	2207	512
1360	2127	302
1364	2522	473
1368	2062	298
1369	1853	351
1371	2325	516
1372	1807	185
1373	2340	529
1374	2343	572
1376	1860	499
1380	3059	480
1381	2300	294
1385	2258	620
1387	2760	200
1390	1279	220
1395	1763	250
1397	1934	243
1398	2341	490
1399	1718	227
1403	1775	514
1404	1659	316
1407	2191	560
1411	1920	484
1413	1838	341
1414	1705	284
1416	1744	476
1420	1914	378
1422	1953	538
1423	2031	441
1424	1891	345
1425	1396	559
1426	1787	503
1428	2392	336
1436	2473	470
1439	2261	534
1444	1970	416
1446	1631	227
1447	2112	485
1448	843	309
1449	1385	284
1452	2380	454
1454	2426	206
1463	1563	429
1464	2292	587
1465	1273	289
1467	1147	288
1468	1949	308
1470	1736	621
1471	1338	241
1472	1783	294
1473	1561	364
1475	2101	146
1475	2101	342
1476	1416	377
1477	1918	185
1480	3058	538
1482	2119	368
1483	2458	392
1485	1642	422
1489	1788	343
1493	2363	356
1498	1144	400
1500	1312	342
1503	2175	289
1505	1640	211
1506	1709	362
1507	2284	603
1511	1768	255
1513	3146	560
1515	2477	243
1515	2477	326
1519	1409	185
1522	2422	299
1527	2169	374
1538	2640	259
1542	1877	324
1544	2256	388
1545	2313	548
1549	1702	403
1551	1828	321
1552	1784	319
1555	1554	360
1559	1813	404
1567	2470	333
1567	2470	286
1569	1421	308
1573	2165	261
1574	2889	337
1575	1258	305
1576	2908	341
1583	1125	232
1584	1781	239
1586	1682	200
1588	1649	298
1590	1231	309
1594	1951	329
1597	1748	254
1602	2832	590
1605	1173	429
1607	2233	331
1608	1711	299
1611	2603	273
1611	2603	234
1616	1950	333
1620	1008	262
1623	2858	317
1623	2858	324
1624	1528	365
1626	1998	227
1628	1123	286
1629	3016	238
1630	2096	363
1631	3181	698
1635	1967	388
1637	1146	252
1639	2704	349
1641	1776	165
1641	1776	138
1644	2544	353
1646	2526	598
1648	1807	323
1654	840	249
1665	2013	227
1667	1843	211
1671	1968	327
1672	1104	307
1676	1446	307
1678	2658	684
1682	2186	359
1685	2070	510
1688	2036	359
1689	2721	561
1695	2150	261
1703	2257	537
1708	2175	379
1711	3103	361
1714	1874	444
1719	2177	539
1722	2597	480
1725	3284	462
1728	1559	322
1730	1949	333
1732	817	215
1734	1950	270
1745	1501	253
1751	2122	560
1753	1505	313
1756	2267	282
1757	1573	496
1760	1471	576
1761	929	309
1762	2294	750
1763	2561	568
1764	1406	301
1766	3014	676
1767	1835	319
1768	2235	211
1770	1063	215
1774	3059	311
1777	1506	360
1782	1023	343
1787	2828	634
1789	1799	365
1790	2808	369
1792	2294	548
1794	2605	348
1795	1770	441
1799	1805	347
1803	1766	447
1804	1929	464
1807	1912	385
1809	1966	283
1812	2727	473
1814	1833	542
1815	1801	358
1821	1616	312
1825	1813	348
1829	3390	566
1832	2333	535
1833	1523	295
1835	1790	529
1840	2300	200
1841	1878	484
1842	2126	328
1843	1681	316
1844	1204	200
1851	2258	391
1853	1267	206
1854	2491	509
1857	2589	296
1857	2589	317
1858	2107	310
1863	1741	456
1869	1883	539
1870	2203	536
1874	1752	332
1876	1692	466
1878	1394	358
1879	1715	377
1884	1583	334
1886	1514	222
1887	1216	200
1889	1530	516
1891	1253	484
1894	1318	273
1895	1780	541
1896	1040	185
1897	1686	243
1900	2482	809
1903	2341	597
1904	1848	518
1907	1534	341
1908	3300	566
1910	1006	222
1913	2906	318
1915	1519	317
1924	2493	185
1924	2493	197
1925	2144	495
1927	1919	520
1934	2340	320
1934	2340	364
1937	1663	543
1938	2178	594
1939	2897	447
1939	2897	428
1944	1783	493
1945	1608	659
1946	1894	571
1950	2132	547
1951	1721	284
1953	2563	498
1958	1335	185
1960	3096	818
1961	3114	405
1961	3114	370
1963	3151	483
1963	3151	306
1964	1825	417
1966	2855	227
1971	3256	185
1972	2129	396
1976	2836	573
1977	1933	458
1982	1615	261
1983	2605	482
1984	2693	523
1995	2185	645
1997	1789	440
2001	2122	567
2007	2434	444
2009	1576	327
2011	2645	644
2013	1282	312
2015	1525	429
2018	2613	569
2019	2472	553
2026	3239	590
2027	1701	250
2028	1553	480
2030	2506	578
2031	2732	548
2035	3600	347
2035	3600	502
2037	2327	547
2038	2373	238
2043	1820	372
2045	2110	567
2047	2910	528
2048	2533	393
2050	2056	357
2053	1756	524
2059	2768	492
2061	2999	471
2064	2161	471
2065	3239	545
2066	3096	356
2066	3096	270
2069	1786	352
2073	2094	359
2078	2786	700
2082	2647	557
2083	1945	411
2085	1546	485
2089	2931	562
2090	3247	585
2093	2748	557
2097	2958	345
2102	1880	136
2102	1880	141
2102	1880	169
2104	2253	339
2105	2011	259
2107	2140	139
2107	2140	177
2109	1877	500
2112	2475	528
2114	2639	599
2115	1646	380
2116	2354	600
2118	2279	503
2124	2701	316
2127	2404	215
2134	2289	302
2141	1929	458
2142	2583	685
2143	2450	333
2149	2718	496
2150	1724	553
2151	1723	479
2153	2584	245
2153	2584	322
2154	1251	211
2156	2217	390
2158	2405	516
2162	2075	458
2165	1836	371
2167	2597	338
2168	2867	454
2168	2867	341
2171	2455	353
2172	2042	351
2174	1918	249
2175	2026	486
2177	1586	376
2178	3317	144
2178	3317	391
2181	1806	407
2188	2958	607
2190	2045	230
2193	1845	374
2196	2593	185
2206	1878	534
2207	1587	350
2210	2019	191
2210	2019	122
2211	1912	354
2213	3044	572
2217	2740	327
2217	2740	370
2219	2166	262
2222	3120	326
2222	3120	351
2225	2363	384
2227	2038	328
2227	2038	245
2227	2038	33
2228	1956	281
2229	1786	334
2230	3603	494
2233	1526	373
2235	1775	515
2238	1439	545
2245	2680	507
2249	1947	370
2251	1455	216
2252	2388	308
2252	2388	248
2255	2611	396
2261	1999	538
2265	3265	684
2266	1460	266
2267	2282	384
2267	2282	376
2270	3632	185
2270	3632	443
2273	1496	245
2276	2497	282
2278	1550	447
2281	3241	589
2284	1966	333
2286	1783	180
2286	1783	214
2287	1958	312
2290	1966	421
2292	3370	211
2293	1348	468
2294	1337	243
2294	1337	171
2295	1941	543
2297	2047	391
2299	1823	372
2300	1589	328
2301	3387	436
2310	1360	481
2311	1594	336
2313	2852	455
2314	3624	377
2316	1934	290
2319	2017	641
2326	2323	522
2331	1749	343
2333	2448	368
2333	2448	398
2339	2549	350
2341	1383	352
2342	2655	804
2343	1431	419
2344	1972	334
2345	2560	495
2349	1906	559
2350	1699	266
2351	2432	521
2354	1859	185
2357	1916	309
2365	1942	453
2366	2793	227
2366	2793	345
2369	3071	533
2370	3491	517
2371	2309	574
2375	2603	396
2376	2683	541
2377	1797	571
2378	2727	349
2378	2727	223
2379	2486	394
2381	2439	328
2382	1651	356
2384	2373	479
2387	2077	418
2392	1492	429
2393	2119	294
2393	2119	256
2396	3609	569
2397	1927	317
2400	1606	215
2402	2347	358
2403	2569	351
2404	1886	428
2406	3331	540
2407	2992	369
2409	3177	237
2410	2907	626
2412	1643	238
2413	1739	270
2414	2091	365
2417	1901	343
2419	3251	289
2421	1561	355
2423	2771	205
2423	2771	382
2426	2725	345
2426	2725	211
2431	3635	304
2431	3635	206
2435	2468	259
2435	2468	322
2436	1566	323
2437	2593	351
2439	1916	319
2441	2788	348
2442	2843	761
2446	2672	427
2447	1723	433
2448	3420	348
2450	2151	269
2451	3032	356
2452	2886	351
2452	2886	311
2455	3072	339
2455	3072	174
2456	2341	206
2458	2842	304
2462	1436	227
2466	2628	467
2467	1956	441
2478	2939	338
2479	2721	311
2480	3281	220
2480	3281	266
2484	2155	276
2484	2155	288
2490	2179	349
2490	2179	186
2492	2250	603
2494	2837	271
2496	2921	706
2498	1978	338
2500	3449	347
2500	3449	282
2504	2521	530
2506	2855	632
2507	2434	349
2513	2988	595
2515	2389	534
2517	2580	538
2519	2945	377
2524	3569	158
2524	3569	522
2525	2133	340
2526	3228	531
2535	1760	185
2536	2338	340
2539	3160	185
2540	2393	364
2542	3575	287
2542	3575	325
2544	1280	311
2548	3177	355
2549	2706	237
2549	2706	318
2550	2754	617
2551	1903	354
2552	1258	443
2553	1002	193
2555	1136	322
2565	2590	234
2570	2440	552
2572	1296	277
2574	2378	322
2579	1753	506
2581	2567	273
2581	2567	341
2582	1044	269
2583	2155	292
2583	2155	295
2584	2014	316
2588	3160	541
2594	2452	368
2596	2313	496
2597	1633	403
2601	1534	389
2602	2444	432
2604	2175	167
2604	2175	185
2604	2175	222
2606	2923	507
2606	2923	389
2608	2005	586
2609	2849	586
2611	1439	185
2612	3141	213
2612	3141	296
2614	2995	278
2614	2995	320
2616	3516	666
2617	1744	352
2622	2863	360
2622	2863	286
2625	1675	394
2627	1824	572
2629	2762	442
2630	951	330
2631	2729	217
2631	2729	292
2633	2554	324
2633	2554	330
2634	2083	527
2640	1419	333
2641	2313	462
2648	1619	404
2649	2046	364
2652	1689	361
2654	1534	536
2656	1956	549
2662	2601	320
2662	2601	256
2664	3121	591
2665	2485	403
2666	1410	286
2668	1799	467
2673	2523	227
2675	2231	243
2676	2093	482
2676	2093	397
2678	1272	306
2682	1775	568
2684	3004	521
2685	2816	270
2685	2816	599
2688	2268	325
2688	2268	207
2689	1295	241
2690	1447	238
2692	1119	266
2694	2445	370
2694	2445	300
2697	1789	540
2699	2205	355
2702	2825	351
2703	1343	463
2705	2032	313
2708	3105	588
2709	1730	343
2711	1789	287
2713	1381	299
2718	1866	359
2720	1362	410
2721	2147	585
2722	2245	296
2724	2217	493
2728	1883	466
2729	2213	335
2729	2213	461
2730	1519	321
2732	3451	335
2732	3451	474
2734	1970	447
2738	2104	574
2739	2582	227
2740	2106	250
2744	1688	346
2745	3207	580
2745	3207	307
2749	1978	299
2750	1806	315
2763	1271	324
2764	2297	360
2769	2368	236
2769	2368	326
2770	2819	322
2773	1674	185
2778	1321	122
2778	1321	127
2781	1155	211
2782	2015	185
2784	2205	485
2785	2695	328
2785	2695	318
2790	2142	582
2791	2015	333
2792	1899	332
2795	2652	200
2797	2529	530
2802	3112	278
2803	2648	524
2808	1985	314
2809	1551	327
2810	1651	478
2816	1271	286
2817	2627	234
2818	2572	291
2819	1130	245
2819	1130	227
2825	1846	359
2826	2138	280
2827	2041	432
2828	1545	298
2829	2625	524
2830	1917	298
2830	1917	179
2831	3258	565
2831	3258	264
2833	1508	320
2839	1835	185
2840	1718	259
2840	1718	151
2840	1718	222
2841	2055	370
2843	1897	266
2845	1407	310
2846	1638	323
2848	2877	419
2852	2036	330
2852	2036	225
2861	3352	289
2863	2942	404
2866	2272	265
2872	1989	310
2876	2511	333
2876	2511	296
2878	1739	405
2879	2120	207
2879	2120	335
2880	2243	459
2881	2055	484
2889	1340	333
2891	2277	469
2892	2026	301
2894	1949	363
2895	1509	413
2896	1532	144
2896	1532	283
2897	2634	329
2897	2634	287
2899	2166	333
2899	2166	263
2901	2209	521
2903	1366	238
2904	1524	313
2912	1083	211
2916	2459	312
2919	2229	338
2921	1586	390
2922	2117	677
2924	2019	496
2925	1583	257
2926	2878	367
2931	2593	322
2931	2593	346
2933	1995	469
2940	1895	344
2942	3321	700
2943	2720	376
2944	3169	227
2946	2242	338
2947	2493	354
2948	2186	361
2949	3146	300
2949	3146	316
2950	2561	609
2953	1763	307
2953	1763	304
2955	2119	308
2955	2119	297
2959	2102	294
2959	2102	306
2963	1405	355
2964	2440	369
2965	1862	332
2966	1809	327
2967	2379	457
2968	2325	348
2972	2030	308
2974	2284	354
2978	3467	366
2978	3467	331
2981	1783	590
2983	2379	369
2986	2336	335
2989	3391	437
2989	3391	259
2990	2286	184
2990	2286	120
2994	3758	488
2996	2011	342
2997	1971	315
3001	3606	322
3002	1005	262
3004	2908	221
3004	2908	319
3006	3377	570
3006	3377	642
3007	1511	325
3008	2041	245
3011	2978	317
3011	2978	400
3012	2186	294
3014	1781	334
3018	1753	274
3020	2088	407
3026	1900	349
3030	1551	381
3031	2715	496
3032	1028	258
3034	2291	421
3035	2986	223
3035	2986	603
3036	3069	255
3036	3069	343
3037	2137	270
3048	1973	442
3051	2821	219
3051	2821	262
3052	2448	234
3052	2448	312
3054	2691	343
3060	1835	244
3060	1835	286
3063	2285	290
3063	2285	253
3067	2013	422
3068	2579	376
3071	1681	274
3079	2585	322
3079	2585	332
3080	2565	469
3080	2565	420
3081	1716	239
3081	1716	300
3082	2221	222
3082	2221	296
3083	1760	367
3089	3258	288
3089	3258	352
3090	1880	681
3092	2300	238
3096	1433	222
3097	1231	342
3102	1588	244
3104	2870	383
3104	2870	435
3113	2811	382
3114	3452	599
3114	3452	405
3115	2653	346
3115	2653	237
3118	2317	518
3121	1884	420
3125	2149	214
3125	2149	486
3126	1802	211
3130	1357	307
3134	2467	568
3136	2686	238
3136	2686	328
3138	3638	451
3140	1848	358
3142	2021	227
3145	1820	269
3151	1459	336
3152	2780	527
3153	2167	303
3156	1572	379
3161	3086	478
3164	2142	237
3167	3544	469
3169	2634	606
3170	2358	295
3170	2358	303
3172	1870	513
3173	1738	288
3176	1539	421
3177	2554	390
3177	2554	488
3178	2507	584
3182	2140	603
3183	2619	580
3187	2584	544
3188	1589	348
3189	2736	442
3190	1934	315
3193	3317	589
3199	2438	530
3202	2418	353
3205	2662	528
3209	2652	392
3209	2652	183
3214	1791	342
3215	1823	319
3216	1912	550
3219	1971	530
3224	1481	222
3225	2626	322
3225	2626	364
3238	2467	488
3239	2150	323
3242	3421	493
3243	1774	339
3246	2166	329
3247	2568	321
3248	2642	495
3250	3417	748
3252	3234	298
3252	3234	247
3254	1351	150
3261	2294	632
3262	2403	327
3262	2403	133
3264	3383	598
3268	2242	296
3271	2633	354
3277	1816	662
3281	2690	287
3282	2791	362
3282	2791	325
3284	1765	271
3288	1785	185
3289	1704	420
3291	1043	283
3294	2303	528
3295	2673	206
3298	2707	524
3300	1400	284
3303	3717	612
3307	1848	365
3309	2580	310
3310	3462	217
3310	3462	336
3315	2547	365
3320	2696	601
3329	1619	280
3334	2061	347
3335	2093	404
3339	2505	508
3345	2625	309
3347	1510	391
3349	1532	351
3350	2893	473
3354	2804	339
3354	2804	294
3355	2565	512
3364	2631	416
3365	1570	273
3369	2963	631
3375	2475	514
3380	2322	356
3381	2843	336
3384	2127	388
3390	3020	312
3392	2110	318
3394	2362	367
3398	2729	633
3399	2736	501
3403	2949	185
3416	1962	531
3419	2419	518
3423	2589	633
3424	2364	599
3426	2543	401
3428	1174	185
3430	912	255
3432	2522	550
3435	1493	294
3436	1873	227
3438	2952	211
3444	2271	533
3446	2141	371
3448	2036	586
3458	2070	367
3462	2818	211
3464	1621	279
3471	3769	427
3472	2697	385
3473	1306	298
3475	2611	283
3477	2021	411
3481	3207	396
3486	979	326
3490	1230	341
3493	2033	248
3493	2033	270
3495	1094	384
3496	1487	254
3500	2138	622
3505	2354	412
3507	1846	463
3511	2348	400
3512	2971	538
3515	2375	249
3515	2375	232
3518	3371	407
3518	3371	373
3519	2700	362
3521	945	200
3526	1450	341
3527	2740	253
3527	2740	328
3529	2183	307
3531	1847	271
3533	2186	337
3537	2765	271
3537	2765	399
3539	2044	325
3543	2907	416
3543	2907	467
3544	3149	500
3545	2493	342
3547	2088	499
3548	1415	290
3551	1982	354
3555	1459	290
3563	1805	334
3567	1836	338
3572	3102	519
3574	2857	356
3575	2674	379
3576	2187	308
3577	2141	412
3578	2377	387
3583	2124	206
3586	1109	301
3595	2514	580
3596	1907	347
3598	2716	297
3598	2716	337
3601	1364	256
3603	3605	275
3603	3605	352
3605	1557	378
3606	1778	336
3609	1520	305
3624	1030	222
3634	2438	332
3636	2293	234
3644	2284	323
3644	2284	185
3645	2543	319
3645	2543	262
3649	1363	279
3650	3756	419
3650	3756	338
3652	2899	261
3658	2350	317
3659	2523	346
3666	3013	341
3666	3013	342
3675	1267	495
3679	1289	301
3686	2307	362
3691	2013	211
3693	2094	588
3696	1667	411
3703	2472	408
3705	3122	314
3708	2069	362
3710	1920	200
3713	3383	615
3714	1246	317
3715	2311	255
3724	1231	279
3725	2342	358
3728	2006	534
3729	2581	365
3731	1051	185
3735	2931	267
3735	2931	326
3738	2964	520
3739	3751	292
3740	1755	221
3741	2152	200
3742	2210	641
3743	2209	365
3744	3463	338
3744	3463	186
3745	2647	281
3746	2577	357
3747	3210	185
3747	3210	287
3749	1816	279
3751	2274	345
3759	2576	299
3770	3345	233
3770	3345	156
3771	2174	298
3772	1506	373
3775	3041	185
3778	2502	374
3782	1838	448
3783	3146	488
3783	3146	402
3787	1848	373
3789	1310	238
3791	1274	321
3794	2777	332
3796	2785	238
3800	1819	221
3802	1379	351
3803	1706	459
3808	2236	302
3813	2295	293
3814	1829	350
3817	2990	422
3822	1427	351
3823	1665	371
3824	2163	379
3824	2163	300
3834	2394	355
3840	1366	506
3843	1307	252
3844	2832	327
3845	3102	269
3845	3102	392
3852	2603	284
3858	2061	254
3861	2751	238
3863	2723	387
3863	2723	331
3864	2629	268
3864	2629	177
3865	2867	200
3870	2447	522
3871	2854	317
3875	3212	348
3876	3662	533
3889	2721	332
3891	3027	362
3891	3027	311
3897	3052	351
3897	3052	318
3899	1374	221
3904	2057	310
3907	2230	347
3909	2394	286
3910	2502	227
3916	1068	402
3917	1970	535
3919	3221	259
3922	1169	250
3925	1279	225
3930	1616	346
3932	1805	300
3933	2328	363
3942	1492	405
3943	2508	286
3944	3398	394
3946	2245	547
3947	2030	261
3953	2693	400
3955	1609	331
3956	1841	227
3957	2433	442
3965	1048	238
3967	1935	329
3972	677	211
3973	2830	384
3973	2830	358
3975	2282	314
3977	1787	358
3981	1583	255
3982	1425	355
3987	3744	304
3989	2575	396
3998	3066	325
3998	3066	261
4003	1493	354
4014	2079	215
4016	3024	398
4016	3024	369
4017	2067	347
4019	1618	335
4026	1759	167
4026	1759	329
4027	2187	359
4036	2516	356
4038	1443	272
4042	1752	375
4043	1596	327
4043	1596	282
4044	1059	265
4045	1880	185
4046	1528	373
4054	1639	418
4059	1765	310
4067	1660	200
4068	3622	267
4076	1671	348
4079	1684	326
4080	2527	341
4080	2527	274
4082	2152	374
4084	1334	284
4090	2550	299
4093	1487	309
4094	2285	313
4095	2776	331
4095	2776	479
4096	1131	246
4103	1870	553
4105	2155	438
4106	2157	350
4106	2157	189
4107	1972	227
4107	1972	332
4109	2160	336
4111	2173	243
4115	1715	258
4116	2173	562
4118	2400	200
4119	1062	292
4126	2115	327
4131	2796	375
4131	2796	315
4132	1032	185
4134	1753	308
4138	1302	353
4143	2289	556
4146	1431	315
4149	1510	463
4155	2437	368
4161	1550	356
4170	1401	295
4171	2024	300
4171	2024	175
4174	2257	482
4176	2753	653
4177	2800	273
4177	2800	317
4179	1883	211
4182	2521	360
4186	1405	222
4189	980	216
4190	1110	242
4201	977	290
4202	2010	333
4204	2673	266
4206	1737	273
4207	2119	243
4208	1615	293
4209	2535	307
4209	2535	186
4210	2685	333
4210	2685	360
4216	2248	266
4220	2310	185
4222	1809	206
4225	2730	368
4226	1434	297
4229	1235	322
4233	1945	297
4233	1945	222
4237	1080	185
4240	2406	314
4243	1711	273
4249	1416	308
4250	1711	297
4256	1207	291
4257	1972	310
4267	1931	321
4269	2524	337
4271	2349	550
4272	2260	354
4273	2426	222
4276	1458	267
4280	2460	325
4282	1392	298
4284	2753	566
4289	2707	491
4290	2706	455
4291	1261	579
4294	2992	373
4297	2509	327
4298	2299	393
4301	2692	266
4302	2428	376
4304	1083	200
4308	1999	329
4309	1372	185
4310	1839	497
4316	1289	185
4318	1908	654
4321	2088	281
4323	1813	200
4325	1693	309
4326	1643	476
4330	2790	314
4330	2790	334
4332	1463	285
4336	2178	491
4337	2766	266
4337	2766	299
4338	1777	243
4340	2181	335
4341	2402	542
4342	1483	353
4346	2522	284
4347	1941	306
4348	2523	441
4349	1745	553
4354	1678	604
4356	1355	278
4358	899	299
4360	2685	507
4361	1614	327
4362	2394	622
4377	2207	412
4383	2897	225
4383	2897	268
4389	1888	221
4390	1853	312
4393	2282	273
4398	1944	185
4399	1093	263
4402	2103	314
4411	1739	323
4414	2311	641
4419	2270	367
4423	1959	309
4425	1300	350
4432	1488	444
4434	2346	605
4440	1948	340
4447	1964	542
4449	2660	595
4450	3092	524
4455	1785	490
4457	1995	554
4464	3057	493
4474	1263	185
4478	2232	424
4480	2688	766
4481	2626	415
4481	2626	526
4484	2109	632
4489	2856	572
4490	2801	505
4492	3119	602
4493	2299	222
4494	2997	608
4498	1267	328
4499	2131	479
4506	1775	405
4508	1468	554
4509	3061	582
4511	1602	433
4512	1794	401
4514	1518	322
4522	2076	552
4525	2116	498
4527	1608	397
4531	1808	319
4534	830	211
4536	1887	482
4537	3159	176
4537	3159	584
4541	2185	305
4542	1558	325
4547	2429	597
4548	2337	601
4549	1442	338
4550	1769	227
4557	1992	469
4558	1129	248
4559	2218	302
4561	2339	327
4562	3038	206
4564	3092	340
4564	3092	384
4565	1430	370
4566	2181	313
4568	2042	319
4570	1222	254
4574	973	185
4576	2041	361
4577	887	326
4578	2346	349
4581	1494	405
4584	2707	347
4586	1998	292
4591	2346	260
4596	2802	365
4598	2955	469
4598	2955	421
4602	1973	290
4605	1909	238
4606	1466	332
4611	2144	405
4611	2144	268
4612	2544	316
4612	2544	365
4617	1434	364
4619	1549	360
4622	1780	319
4631	1814	185
4641	2821	361
4648	1649	192
4648	1649	265
4649	2555	300
4651	1990	354
4653	1435	230
4654	3056	534
4655	1632	319
4656	2214	307
4668	1328	211
4669	1185	391
4671	1625	266
4672	1108	238
4678	1435	420
4679	1870	307
4681	1148	185
4683	2527	226
4685	2291	232
4690	1677	243
4694	1624	234
4695	1405	200
4699	1648	185
4705	1272	185
4706	1398	356
4707	2522	445
4708	2204	241
4712	1236	313
4714	1154	449
4715	981	227
4719	1228	268
4720	1633	308
4725	1978	648
4728	2391	285
4728	2391	273
4729	1767	271
4730	2016	342
4731	2381	518
4732	669	250
4733	1616	259
4737	3135	484
4740	2112	344
4741	2724	333
4746	1549	200
4749	2008	293
4750	1660	493
4752	1346	226
4756	1411	256
4757	1410	200
4763	2208	358
4772	1862	367
4775	1472	371
4777	1783	242
4779	2667	600
4782	2091	441
4783	1200	267
4785	1432	317
4786	2746	393
4786	2746	532
4787	1105	211
4790	1956	243
4795	2046	424
4796	1329	215
4797	1466	487
4798	1798	250
4799	1324	227
4800	1804	290
4801	936	238
4803	942	255
4808	1337	466
4810	1693	182
4810	1693	279
4811	1243	258
4817	2551	571
4823	2109	498
4824	3135	366
4829	1754	382
4831	1935	307
4833	2812	515
4837	3013	185
4838	2256	280
4839	1307	222
4843	2156	371
4846	2038	222
4847	2538	613
4848	2757	527
4853	1326	292
4854	1906	207
4854	1906	268
4858	1939	309
4859	2150	200
4869	2340	490
4873	2347	610
4874	1828	185
4875	1572	362
4878	1104	185
4881	1667	530
4882	2867	351
4884	2093	210
4887	1549	277
4889	2220	327
4892	1538	314
4895	2203	275
4896	1625	302
4897	2374	583
4909	1155	296
4910	1697	361
4910	1697	363
4911	1280	245
4912	1866	367
4913	1829	227
4914	1527	434
4915	1812	295
4919	1939	215
4922	1768	283
4923	2111	285
4923	2111	326
4924	2502	309
4929	2217	291
4931	1978	731
4934	1164	272
4935	1217	318
4936	2249	506
4939	1800	227
4944	2144	490
4948	2129	331
4949	2296	255
4951	1306	238
4984	2415	230
4985	2498	238
4988	1704	200
4994	2387	309
5003	2455	467
5005	2757	453
5015	1730	310
5025	2315	485
5028	2573	430
5031	3401	470
5033	1538	344
5035	1515	252
5037	1850	303
5040	985	232
5042	2597	514
5043	2770	468
5044	3019	238
5044	3019	414
5048	1436	274
5051	1464	319
5052	1861	455
5056	2059	583
5058	1920	372
5060	2118	315
5061	1917	520
5062	1491	468
5064	1935	234
5067	1652	456
5069	1115	376
5072	1930	463
5073	2203	200
5074	1554	374
5075	3086	474
5077	1497	322
5079	2901	309
5083	2249	487
5094	1600	292
5095	567	320
5096	1454	308
5097	728	185
5099	1943	228
5099	1943	314
5100	1980	316
5103	1473	271
5103	1473	211
5104	1796	560
5105	1636	306
5106	1872	278
5106	1872	279
5109	1606	385
5113	1797	322
5115	1664	227
5116	1142	285
5121	1866	305
5123	2336	304
5123	2336	134
5123	2336	105
5126	3288	383
5127	2298	267
5133	1757	414
5137	1549	276
5139	1356	222
5140	1308	305
5141	1178	271
5144	1060	255
5146	2108	390
5147	1497	363
5151	1383	185
5155	1321	349
5160	828	279
5165	970	261
5166	2164	461
5178	2671	419
5180	1920	334
5182	1695	185
5188	1371	211
5196	2297	327
5207	1123	432
5208	1383	446
5213	1798	268
5214	1423	303
5215	1214	206
5216	973	306
5224	1289	402
5259	1854	556
5260	1736	347
5261	1351	511
5263	2725	535
5265	1761	492
5267	1463	323
5270	1028	279
5274	1252	243
5279	3108	868
5280	2153	271
5282	2459	616
5284	1607	372
5289	1548	167
5289	1548	277
5290	2202	365
5293	1327	206
5293	1327	178
5296	1835	621
5299	1780	442
5304	2836	376
5305	1735	492
5308	2747	493
5309	1990	348
5309	1990	173
5312	3207	332
5313	2106	249
5313	2106	171
5314	1608	416
5315	3448	621
5315	3448	193
5317	2879	185
5318	1850	408
5320	3290	434
5324	1493	357
5326	1030	355
5327	2352	539
5331	1946	200
5332	1973	424
5333	1390	302
5334	2402	412
5334	2402	185
5335	3150	590
5337	2284	433
5340	2038	339
5349	2428	610
5354	1885	512
5355	1713	348
5358	698	238
5359	1784	287
5362	1210	243
5363	1201	239
5365	2254	533
5379	2474	470
5382	2593	537
5385	1871	470
5386	1365	451
5392	2135	290
5392	2135	291
5394	3201	234
5394	3201	531
5398	3172	559
5399	1687	331
5401	2243	192
5401	2243	249
5404	2324	320
5404	2324	292
5405	2145	185
5407	2666	573
5408	1524	211
5409	2108	455
5414	1958	426
5415	3190	571
5418	2173	532
5421	1754	238
5422	1835	205
5422	1835	317
5423	3020	344
5425	2228	432
5426	2171	486
5427	1961	305
5428	1815	541
5430	3062	704
5431	1475	200
5432	2589	634
5433	2611	365
5433	2611	370
5434	1515	493
5436	2235	559
5438	1852	516
5439	1895	444
5445	1855	318
5446	3394	746
5447	2523	595
5454	2250	562
5457	1860	291
5459	1691	233
5460	2150	501
5461	973	243
5462	1142	304
5464	2879	290
5465	3059	607
5470	2875	594
5471	1331	211
5472	2465	503
5474	3016	745
5475	1312	267
5477	1853	307
5480	2876	449
5481	1118	330
5485	2398	185
5487	1252	296
5489	2335	585
5494	1987	478
5495	1704	360
5496	1008	200
5500	1395	249
5505	2368	556
5507	1969	537
5508	2420	347
5508	2420	323
5510	1761	342
5512	1249	468
5514	2934	362
5516	2460	546
5517	2028	545
5519	1587	317
5534	2316	401
5539	1877	332
5541	1477	423
5550	2289	332
5550	2289	309
5555	3356	343
5555	3356	255
5558	1615	480
5559	2108	386
5560	1583	329
5562	1163	285
5564	1244	334
5569	3197	322
5576	1662	366
5578	3144	543
5578	3144	378
5579	1768	288
5579	1768	274
5580	1947	455
5590	2629	479
5594	3378	770
5597	2537	341
5598	1804	310
5600	1978	272
5600	1978	327
5602	1922	272
5604	1791	260
5606	1876	348
5609	1956	560
5610	1931	460
5611	1186	185
5613	1680	408
5615	2046	220
5615	2046	278
5616	2099	368
5617	1491	317
5619	2163	279
5619	2163	239
5621	2877	393
5622	2295	451
5623	3042	250
5623	3042	266
5625	1011	367
5628	1769	544
5632	2035	629
5633	1192	200
5636	1170	466
5638	1214	302
5642	2158	599
5643	1097	185
5646	1786	296
5646	1786	242
5651	1901	261
5656	1591	425
5657	1529	227
5659	1876	185
5664	2528	312
5666	1524	200
5669	1226	531
5672	2163	569
5675	2448	347
5677	2244	308
5681	1686	306
5682	1162	329
5683	2483	550
5684	2707	520
5690	2005	303
5693	1065	185
5695	2104	462
5696	2596	312
5696	2596	346
5698	1620	271
5699	2791	295
5702	1219	277
5704	1576	357
5705	2779	359
5705	2779	460
5706	2651	469
5708	1468	215
5709	2699	560
5714	2091	280
5716	1964	358
5718	2793	473
5719	1902	544
5722	1228	318
5725	2486	514
5726	2699	295
5728	1368	297
5730	1394	337
5734	1567	466
5736	2008	377
5737	1508	542
5739	2036	591
5742	2849	512
5742	2849	434
5746	2158	551
5747	2095	495
5750	3264	249
5752	1178	261
5756	2611	421
5757	1673	333
5758	2978	348
5762	1856	185
5763	1583	408
5767	2061	320
5776	1802	401
5779	2879	384
5779	2879	255
5781	3205	583
5785	2500	512
5787	1466	249
5793	1542	310
5796	774	211
5797	2324	512
5806	1556	290
5808	2358	482
5811	1648	522
5813	3029	419
5814	2780	403
5814	2780	483
5815	2633	280
5815	2633	316
5818	2322	442
5819	1726	330
5823	1799	621
5826	2724	456
5828	2048	320
5829	2926	840
5832	2660	354
5832	2660	221
5835	1747	271
5836	2782	185
5839	1437	396
5840	1332	200
5842	1493	472
5843	2071	518
5845	1224	339
5847	3173	358
5847	3173	333
5856	1123	297
5857	2123	296
5861	2134	421
5864	1901	211
5864	1901	257
5865	1756	492
5869	2317	327
5871	1936	282
5871	1936	228
5872	1294	335
5876	2290	163
5876	2290	384
5878	2243	334
5878	2243	478
5880	1199	301
5883	2321	457
5884	2144	389
5885	2055	449
5886	2195	301
5887	3207	280
5887	3207	508
5889	1679	692
5898	1461	238
5900	3466	484
5900	3466	197
5900	3466	267
5901	2166	742
5902	2735	292
5905	1604	489
5909	1823	499
5911	1654	307
5914	2044	297
5916	1947	297
5916	1947	305
5918	2165	185
5920	1816	222
5922	2497	526
5925	1552	412
5926	1276	411
5927	1093	311
5929	1546	390
5931	2973	440
5931	2973	555
5933	2405	185
5940	2998	442
5940	2998	211
5942	3129	323
5946	1873	546
5948	1292	399
5950	1468	458
5951	1030	211
5959	1590	250
5965	1473	259
5967	1631	485
5970	1658	477
5971	1496	406
5974	1386	265
5976	1290	200
5978	1483	409
5979	2162	417
5981	1459	298
5984	1911	467
5988	1502	555
5990	1843	322
5991	936	232
5992	2435	396
5993	1560	253
5994	1318	244
5994	1318	250
5996	2405	494
5999	1727	358
6003	3371	302
6003	3371	591
6005	1246	304
6007	1579	244
6009	1111	376
6013	3128	531
6015	1892	285
6015	1892	295
6016	1845	275
6016	1845	259
6019	1860	236
6020	2857	469
6023	2030	230
6023	2030	238
6030	2390	342
6034	1541	272
6034	1541	280
6035	1767	507
6036	2168	321
6037	1831	514
6038	2150	470
6039	1257	211
6044	2224	370
6045	1046	233
6047	1055	298
6051	1651	359
6053	1911	484
6056	1961	335
6058	1934	303
6059	2438	356
6059	2438	334
6061	1738	448
6063	2157	403
6065	3377	272
6068	2649	584
6070	1738	223
6070	1738	290
6071	2557	346
6074	1694	325
6074	1694	307
6076	2398	259
6077	1854	567
6079	1871	238
6080	2244	505
6087	1814	389
6087	1814	210
6089	1307	185
6090	1910	295
6090	1910	269
6094	857	261
6095	1972	319
6095	1972	299
6097	2454	723
6099	1975	300
6102	2103	269
6102	2103	345
6105	1455	330
6107	2079	297
6110	2357	595
6112	2419	374
6113	1143	322
6114	1792	283
6116	2988	414
6116	2988	413
6121	1555	510
6122	1608	334
6123	1462	328
6129	1131	308
6131	2441	278
6137	2646	601
6138	1595	334
6142	2107	486
6143	2039	257
6149	1296	331
6152	1329	320
6155	1438	326
6156	2510	423
6158	3072	664
6160	2505	504
6166	2192	412
6170	1725	315
6171	1770	286
6171	1770	273
6174	1149	298
6177	3444	578
6179	762	331
6180	2006	460
6185	3030	536
6186	2644	261
6186	2644	351
6188	2255	409
6191	2372	471
6197	1763	314
6199	1260	509
6205	2616	321
6210	2537	344
6213	1458	345
6214	1339	238
6216	1729	328
6218	1811	407
6229	1944	427
6235	2879	310
6235	2879	284
6237	1661	407
6242	1267	243
6243	2746	499
6243	2746	424
6247	1394	275
6252	2434	305
6252	2434	286
6254	3023	845
6257	542	256
6258	1444	317
6260	3481	481
6262	1969	400
6263	1121	249
6264	2312	360
6267	1620	331
6270	1141	420
6272	1717	238
6273	1393	297
6274	2671	455
6274	2671	508
6278	1977	305
6280	1264	260
6283	1205	427
6286	2199	394
6287	1571	222
6288	797	200
6289	2298	238
6290	1408	330
6293	2247	371
6294	1879	351
6295	1859	253
6298	2253	460
6300	2561	326
6300	2561	342
6302	928	463
6304	1449	383
6307	1051	226
6310	1051	206
6317	1966	336
6321	1521	325
6327	1608	448
6331	1685	477
6332	1700	506
6334	2268	335
6335	1386	222
6339	1225	239
6342	2311	336
6347	1522	285
6347	1522	420
6349	1761	402
6355	1677	337
6364	1740	269
6364	1740	203
6367	1309	206
6369	2647	435
6372	1554	313
6376	1010	250
6381	3458	571
6385	2486	745
6387	1375	185
6390	2133	297
6393	2736	598
6395	1369	274
6396	2259	379
6397	1442	275
6400	2674	423
6402	1696	301
6403	1385	322
6405	3077	305
6409	2369	291
6412	1262	288
6414	976	301
6416	1329	455
6417	1759	200
6424	2238	401
6426	1243	261
6429	2578	358
6429	2578	183
6431	1333	185
6433	2012	341
6433	2012	222
6434	1754	398
6436	1729	535
6437	2449	510
6439	3025	515
6439	3025	469
6441	1423	337
6446	2941	206
6448	1321	276
6449	2397	267
6451	1634	484
6453	1612	233
6454	1131	185
6458	1682	324
6460	1956	215
6461	2031	427
6463	1277	215
6464	1844	312
6465	1524	418
6466	1901	395
6471	2733	520
6477	2193	255
6478	2741	406
6481	1278	243
6482	1702	312
6486	829	216
6487	2618	417
6489	851	200
6491	1989	269
6492	1289	295
6493	1266	340
6495	1918	353
6496	2251	332
6502	1565	281
6505	2346	728
6506	1632	425
6509	2145	478
6510	1259	206
6512	1603	238
6514	1503	190
6515	3168	574
6528	1969	382
6529	2058	590
6531	1405	185
6534	1193	237
6538	1683	353
6539	2433	314
6540	2259	219
6540	2259	307
6541	1890	349
6542	1464	471
6543	1112	347
6544	1309	271
6545	1612	211
6546	2098	470
6549	1525	476
6550	1686	334
6558	1168	230
6558	1168	183
6563	1672	333
6565	1636	296
6568	1820	533
6571	3483	560
6576	1897	295
6578	1670	563
6579	1752	256
6580	1632	352
6583	1181	243
6585	1742	300
6585	1742	200
6588	1251	294
6589	2256	366
6591	2839	298
6597	2650	273
6597	2650	352
6601	1739	185
6603	2234	587
6604	2469	432
6605	1477	376
6614	2662	266
6614	2662	249
6617	2918	297
6622	3095	281
6632	1778	520
6635	4139	162
6635	4139	261
6636	1710	200
6643	2254	260
6644	1807	441
6648	873	275
6650	1827	211
6652	1588	314
6655	1425	215
6657	1408	296
6658	2111	425
6662	1680	304
6671	2743	325
6672	2437	309
6672	2437	325
6675	1029	206
6677	1961	316
6679	3706	592
6679	3706	542
6682	2181	338
6686	1741	227
6686	1741	327
6693	2635	398
6693	2635	140
6695	1401	234
6701	3007	266
6701	3007	365
6702	743	241
6705	3122	247
6706	1725	398
6707	1707	260
6712	1750	282
6713	1492	358
6713	1492	279
6714	2817	239
6714	2817	244
6715	2358	504
6716	887	243
6717	2331	404
6720	1141	227
6721	1148	211
6731	1574	296
6732	1922	410
6734	1681	289
6738	2016	474
6739	1662	206
6749	868	257
6753	2308	185
6754	2343	255
6754	2343	119
6754	2343	126
6756	1494	244
6758	2917	542
6758	2917	421
6760	1915	332
6762	1423	215
6764	1669	338
6766	1022	290
6767	2983	579
6769	2089	222
6772	1720	274
6779	1706	183
6779	1706	323
6783	1671	333
6784	1451	308
6785	1922	259
6788	1515	321
6793	1817	307
6793	1817	309
6797	1662	326
6801	2497	467
6803	1273	244
6805	2049	533
6810	2103	341
6811	1501	200
6814	933	215
6815	1871	331
6816	1928	259
6817	1416	295
6821	1501	323
6822	2156	345
6829	1923	200
6829	1923	200
6831	2392	370
6839	1882	234
6840	1126	292
6845	1407	296
6846	1348	485
6856	1830	337
6860	1554	286
6863	2208	462
6865	1920	372
6868	2030	250
6869	1997	326
6872	855	250
6874	1049	185
6876	910	200
6877	1910	261
6878	1149	185
6880	1687	320
6881	1469	259
6882	1739	335
6884	3097	410
6886	1900	244
6887	1492	185
6887	1492	249
6891	1367	272
6896	1072	185
6898	2230	185
6900	1996	430
6905	1585	281
6907	1359	261
6908	2195	265
6909	1785	308
6909	1785	124
6910	1627	347
6910	1627	246
6911	2052	487
6917	1834	340
6918	1040	227
6919	1718	215
6921	965	267
6923	2292	542
6924	3054	602
6925	2009	453
6928	1334	308
6930	1971	532
6931	2592	461
6933	1783	220
6933	1783	255
6936	1829	198
6936	1829	215
6937	3323	533
6937	3323	444
6938	1237	312
6939	1568	406
6940	1342	266
6943	1415	227
6945	1585	279
6946	1505	215
6947	2608	423
6947	2608	419
6950	2211	608
6955	1804	452
6958	2672	769
6959	1828	311
6961	2220	430
6962	2182	405
6962	2182	393
6964	2702	481
6968	1638	206
6970	1755	339
6971	1178	227
6971	1178	138
6973	1900	547
6975	1606	421
6978	1566	433
6979	2164	238
6982	1932	412
6987	947	440
6990	1870	259
6991	3856	436
6991	3856	509
6993	2161	550
6994	3242	453
6995	2406	200
6998	2574	543
7006	2017	551
7008	1085	350
7009	3102	609
7009	3102	174
7010	1636	351
7012	1643	304
7015	2311	338
7015	2311	287
7020	2009	317
7021	1416	325
7031	1630	294
7038	1618	206
7039	2307	530
7039	2307	205
7050	1327	250
7053	1651	168
7053	1651	244
7056	1829	465
7062	1274	421
7065	2423	364
7067	1152	185
7081	1541	296
7082	1407	391
7084	1841	267
7089	2053	336
7090	1104	185
7091	3832	468
7091	3832	300
7099	1170	354
7100	1348	326
7104	1671	469
7107	2114	359
7108	1543	292
7110	1928	351
7113	1551	283
7121	1906	538
7125	2082	270
7125	2082	204
7129	1904	314
7133	1522	309
7133	1522	199
7134	1369	464
7142	2789	560
7143	1170	244
7147	777	406
7148	2172	282
7151	2457	377
7153	2436	504
7161	2030	230
7167	2198	238
7168	2355	529
7172	2463	356
7173	838	226
7174	2047	301
7174	2047	258
7181	1454	350
7182	2275	347
7188	4060	457
7188	4060	532
7194	1340	372
7198	1166	259
7203	3177	580
7207	1015	359
7211	2786	423
7211	2786	324
7212	2291	390
7213	3917	537
7213	3917	482
7218	2042	361
7220	1176	185
7221	3538	532
7224	2382	313
7224	2382	328
7225	1475	466
7229	2669	538
7230	2033	406
7236	2333	403
7241	2070	292
7241	2070	310
7246	1735	309
7247	2969	399
7248	1141	185
7250	1477	301
7253	2905	358
7253	2905	383
7255	2354	501
7257	1598	333
7259	1545	283
7262	966	279
7263	2816	390
7263	2816	366
7265	1232	239
7266	1470	185
7270	1642	263
7270	1642	211
7273	2122	309
7274	1973	432
7277	1719	282
7278	2014	251
7278	2014	237
7281	2827	536
7283	858	253
7284	3231	443
7288	1410	291
7294	3163	285
7295	2348	571
7297	2691	290
7297	2691	337
7298	2067	319
7299	1238	304
7310	2536	211
7313	3143	244
7313	3143	419
7315	1759	492
7316	1541	321
7316	1541	263
7318	2267	325
7318	2267	335
7320	1800	290
7320	1800	217
7323	1525	451
7324	1229	272
7328	1606	186
7328	1606	245
7330	1459	399
7337	2217	335
7337	2217	250
7342	1558	322
7344	2031	502
7346	1713	357
7347	2483	529
7353	2421	250
7353	2421	324
7354	1588	386
7356	2828	610
7357	1250	253
7360	1483	288
7361	2878	356
7361	2878	322
7362	1206	285
7363	1288	206
7366	2512	434
7367	1535	540
7369	1988	255
7369	1988	289
7370	1757	495
7372	1565	373
7374	2441	323
7377	1343	434
7378	1344	335
7379	1754	334
7381	1743	250
7382	1106	348
7386	2252	368
7387	1816	309
7388	2277	284
7389	2017	365
7391	1504	451
7394	2119	424
7398	1261	451
7399	1285	258
7403	1141	185
7404	2055	469
7407	2343	245
7409	3061	586
7412	3051	443
7412	3051	451
7413	1564	223
7413	1564	178
7414	3812	350
7417	2210	456
7418	1093	249
7420	3726	590
7422	1413	274
7424	1710	286
7425	2710	493
7431	2087	458
7436	1727	359
7439	2439	714
7442	2032	357
7444	2660	250
7444	2660	452
7445	1985	336
7447	1675	355
7450	2265	344
7451	2097	247
7451	2097	369
7452	1806	455
7453	3128	520
7455	1578	394
7458	1496	373
7463	2723	540
7466	2010	557
7470	3111	474
7470	3111	441
7471	2145	494
7473	1720	404
7474	1806	307
7475	1934	357
7477	4194	577
7478	3277	532
7480	3664	563
7483	2661	669
7487	2018	620
7490	3695	508
7490	3695	421
7495	1151	195
7495	1151	203
7496	1321	454
7498	2344	434
7499	2344	641
7500	1800	391
7502	2980	542
7502	2980	215
7503	2111	411
7506	2242	389
7508	3807	520
7509	1038	255
7510	1830	288
7517	1886	467
7518	3030	719
7519	2101	470
7521	1403	296
7523	1069	464
7524	2341	370
7530	1212	397
7533	1699	515
7537	3283	505
7539	1237	457
7544	2136	154
7544	2136	219
7547	1086	267
7549	2542	579
7553	1707	304
7557	837	206
7560	2378	471
7563	1745	333
7564	938	435
7567	2239	695
7569	1735	341
7571	2694	523
7573	3075	575
7574	2223	571
7575	3002	477
7579	1799	533
7581	2600	475
7584	1780	354
7589	1757	336
7601	1853	185
7601	1853	385
7602	2273	348
7602	2273	206
7604	2291	563
7606	2060	185
7607	2180	452
7611	2303	575
7617	2127	340
7623	1444	442
7627	1229	206
7631	3681	579
7633	2834	313
7636	2207	525
7637	2003	418
7638	2770	509
7638	2770	453
7645	2033	296
7648	1316	319
7649	2196	420
7650	1855	317
7651	2354	274
7651	2354	342
7653	2941	519
7654	2286	555
7659	2096	561
7660	1049	308
7661	1607	406
7662	1823	149
7662	1823	197
7664	2178	534
7665	1888	322
7667	1901	490
7669	2065	327
7671	3236	442
7674	3239	541
7676	1934	284
7677	3270	378
7678	1578	341
7682	3276	384
7682	3276	398
7687	2883	624
7688	3048	337
7691	1652	336
7695	2402	660
7697	2015	398
7699	2124	359
7700	1121	185
7701	1995	738
7704	976	227
7707	1569	358
7708	2376	557
7711	1465	239
7712	2255	371
7714	2107	292
7715	1329	185
7716	2805	729
7720	1812	471
7722	1914	294
7725	1695	319
7726	1567	327
7727	1560	295
7735	1523	259
7737	2067	192
7737	2067	240
7738	1836	577
7740	1138	329
7741	1962	319
7748	3061	339
7748	3061	357
7752	1487	367
7753	1669	315
7756	1460	475
7760	1536	222
7761	1797	398
7762	1581	309
7764	2657	645
7765	3769	643
7767	4086	646
7767	4086	221
7772	2376	337
7773	2050	449
7777	1730	679
7780	1757	349
7787	1115	292
7789	1579	359
7792	2985	261
7792	2985	281
7793	2888	509
7799	2898	457
7800	1012	249
7802	1921	279
7804	2227	325
7809	2266	395
7810	1420	367
7813	2776	496
7819	1653	275
7819	1653	176
7821	3287	262
7821	3287	215
7821	3287	227
7828	2045	383
7830	1693	359
7831	1175	398
7835	2881	447
7835	2881	461
7839	1727	255
7843	2201	250
7848	1263	304
7850	1277	345
7852	2765	349
7854	1437	270
7868	2053	351
7875	2128	325
7875	2128	176
7878	1072	279
7881	1245	249
7884	2163	321
7886	2057	398
7893	4712	213
7893	4712	277
7894	1623	467
7898	1346	311
7904	2020	330
7905	1910	427
7906	3612	200
7910	3315	449
7912	1074	369
7914	1576	353
7921	2006	233
7921	2006	241
7926	2448	452
7927	2245	196
7927	2245	439
7929	2240	323
7929	2240	297
7937	1363	303
7941	2376	280
7943	1990	278
7946	951	336
7948	3099	528
7949	1426	417
7953	2594	450
7954	2683	546
7954	2683	526
7959	2295	205
7959	2295	276
7966	1723	245
7969	1940	200
7969	1940	313
7970	1297	185
7971	1962	307
7975	2348	271
7978	1128	234
7985	1359	216
7985	1359	414
7989	1621	480
7993	1778	267
7996	1173	376
8000	1947	349
8001	3166	502
8001	3166	438
8005	3241	445
8008	1346	120
8008	1346	219
8010	1394	303
8013	2535	455
8013	2535	471
8021	2750	456
8023	1646	227
8027	1860	417
8030	2108	281
8030	2108	320
8031	1920	331
8033	1805	272
8039	1532	281
8041	1150	200
8042	3221	454
8043	1818	312
8044	1307	215
8045	1712	516
8046	2419	390
8048	2990	639
8053	1761	222
8054	1170	271
8056	1244	256
8057	1298	222
8059	2238	352
8060	1375	389
8063	1904	292
8064	1834	444
8068	1403	250
8070	2477	263
8073	4086	563
8078	1479	318
8079	2221	553
8082	1825	264
8082	1825	292
8084	1655	361
8086	1997	463
8098	2067	234
8102	1331	232
8104	1625	486
8106	1087	230
8113	2058	382
8113	2058	378
8117	3006	441
8118	4125	337
8118	4125	351
8121	1440	429
8127	1992	215
8130	1259	222
8134	1993	380
8135	2073	224
8135	2073	192
8136	2598	323
8136	2598	260
8138	1371	237
8139	1841	590
8140	1057	299
8144	1787	291
8146	2054	313
8146	2054	306
8147	1573	285
8149	1048	260
8150	1796	215
8152	1712	238
8162	1650	324
8163	993	266
8165	2125	434
8166	2141	351
8170	3413	110
8170	3413	200
8170	3413	180
8172	2370	337
8181	2453	255
8182	2753	317
8183	1666	307
8184	2264	532
8186	3586	453
8186	3586	453
8187	1949	442
8191	1451	335
8193	3433	486
8200	1996	266
8200	1996	196
8203	2204	244
8204	2240	290
8207	2707	412
8208	944	206
8211	1775	309
8212	1674	161
8212	1674	310
8214	2874	283
8214	2874	275
8215	2134	293
8215	2134	253
8220	3374	276
8223	1752	355
8230	2359	308
8233	1378	277
8236	2604	419
8238	1830	291
8239	599	206
8241	2265	330
8243	1776	456
8245	1722	527
8250	2334	355
8251	1417	468
8256	2500	540
8257	1993	320
8257	1993	319
8258	1871	233
8264	2494	312
8264	2494	357
8265	1856	312
8267	1550	443
8270	2375	422
8270	2375	286
8272	3204	495
8273	1718	337
8277	1810	323
8277	1810	254
8279	1535	263
8281	1949	200
8282	2154	364
8282	2154	333
8284	1047	299
8287	3456	406
8288	1545	274
8289	2631	452
8291	1704	211
8294	3802	162
8294	3802	585
8295	1792	279
8295	1792	200
8297	2216	260
8297	2216	321
8300	1878	487
8303	2069	254
8304	1893	324
8309	1685	280
8310	2462	289
8311	2167	224
8311	2167	136
8314	2005	270
8314	2005	190
8318	2013	297
8321	1919	554
8330	1712	337
8331	1905	221
8332	2014	227
8332	2014	274
8333	1352	305
8334	1995	531
8337	860	232
8338	1390	200
8340	1735	283
8342	1344	373
8343	1663	342
8346	1922	300
8351	1251	260
8354	2401	253
8356	1846	375
8357	1083	323
8364	3468	437
8364	3468	379
8365	1690	305
8371	2449	525
8375	1437	286
8377	1654	467
8379	2239	243
8379	2239	297
8381	3546	438
8381	3546	315
8387	1521	279
8390	2159	404
8390	2159	392
8391	1578	322
8393	2623	406
8394	1695	326
8398	2024	200
8402	1884	367
8403	3161	373
8403	3161	429
8409	1664	295
8411	1502	279
8412	1580	393
8419	1714	309
8420	1815	470
8422	2200	450
8425	3457	531
8430	1167	421
8434	2096	253
8438	1271	264
8441	2226	530
8446	1161	232
8448	1912	310
8449	2222	299
8449	2222	221
8450	1971	468
8452	1226	262
8457	3097	532
8457	3097	357
8459	2767	550
8460	2474	456
8462	649	185
8465	1447	221
8472	1539	319
8474	1508	336
8478	925	227
8480	1156	291
8486	2042	206
8487	1912	185
8488	2616	306
8489	2006	348
8489	2006	170
8490	2129	227
8493	1501	278
8496	2138	259
8496	2138	266
8505	4470	285
8505	4470	232
8512	1814	294
8515	1825	241
8515	1825	323
8517	2822	312
8517	2822	180
8519	2060	492
8521	1232	227
8522	1395	239
8523	2282	276
8523	2282	278
8527	2289	559
8530	1824	407
8530	1824	264
8531	3115	200
8531	3115	514
8532	1915	328
8534	2163	384
8535	2457	535
8536	1886	290
8537	3776	437
8537	3776	189
8541	4599	248
8545	3738	566
8546	2178	171
8546	2178	259
8548	1358	185
8553	2841	346
8553	2841	326
8559	3523	284
8562	1548	270
8564	1066	200
8565	2042	185
8566	1131	437
8570	1749	320
8571	2256	363
8574	2709	306
8574	2709	383
8575	1731	300
8578	2153	335
8579	2342	391
8582	2007	185
8583	1624	314
8590	2144	489
8591	2491	370
8591	2491	408
8599	1982	285
8599	1982	261
8600	3233	470
8600	3233	369
8601	4831	434
8615	1935	408
8616	2070	277
8616	2070	184
8617	1302	264
8618	3124	479
8628	3472	577
8629	1999	588
8636	4580	471
8642	813	200
8644	2169	550
8656	2485	335
8656	2485	198
8659	3014	502
8661	1275	440
8667	3071	548
8672	1890	478
8676	1641	355
8677	1343	248
8679	3220	535
8679	3220	435
8680	2006	355
8683	1803	296
8693	3411	564
8697	1572	492
8699	1454	309
8700	2063	326
8702	3674	317
8702	3674	284
8703	1334	207
8703	1334	209
8704	4202	452
8704	4202	517
8705	1834	191
8705	1834	125
8707	2411	415
8712	2187	425
8718	1475	518
8721	2405	276
8721	2405	490
8727	3256	551
8727	3256	234
8729	2109	515
8731	1959	321
8732	1873	595
8734	3870	465
8734	3870	591
8738	4064	512
8738	4064	335
8741	2162	341
8741	2162	321
8743	2541	563
8746	1506	329
8747	1584	436
8748	1430	185
8750	846	239
8754	1456	352
8757	4678	159
8757	4678	539
8758	1244	255
8762	4141	516
8762	4141	459
8763	751	185
8767	2029	573
8767	2029	352
8768	2260	398
8774	1257	299
8781	2024	279
8781	2024	232
8783	2156	304
8783	2156	353
8784	3101	221
8784	3101	396
8785	845	268
8788	3311	707
8788	3311	531
8789	1918	503
8790	1762	238
8792	3138	521
8795	2235	490
8799	3435	455
8799	3435	494
8800	2365	538
8802	2284	462
8802	2284	252
8803	1401	292
8804	2506	544
8805	2563	395
8807	2155	254
8808	1802	442
8810	1335	267
8811	2364	444
8811	2364	371
8812	1105	409
8814	1692	311
8815	1327	312
8816	1308	343
8818	3386	632
8821	3771	554
8826	1219	345
8829	1538	185
8830	3493	500
8830	3493	531
8833	3813	246
8833	3813	250
8833	3813	463
8836	1534	503
8838	2004	529
8842	2463	515
8844	2357	206
8844	2357	299
8845	796	356
8847	1135	278
8848	5009	250
8849	1668	338
8850	2075	556
8851	2760	598
8855	1614	343
8856	1373	267
8862	2670	462
8862	2670	409
8863	1553	313
8865	2296	289
8879	2491	330
8880	2609	364
8880	2609	347
8882	2285	309
8887	1756	307
8888	2151	368
8888	2151	238
8891	2383	542
8893	1520	327
8894	2307	416
8896	2199	200
8896	2199	304
8898	2668	398
8898	2668	469
8900	1064	296
8903	3060	376
8903	3060	480
8906	2826	255
8908	1606	244
8909	3054	436
8909	3054	401
8911	1438	215
8915	1908	338
8917	1415	432
8918	1973	503
8920	1264	185
8922	2084	482
8924	1312	419
8926	1699	340
8927	1874	314
8928	1951	450
8929	2340	488
8930	1511	232
8931	1875	323
8932	1363	370
8933	2040	322
8935	2229	326
8939	1622	252
8940	2282	344
8948	2051	331
8950	3466	613
8952	2058	298
8952	2058	170
8954	2083	341
8956	1278	473
8958	2076	443
8960	1537	541
8964	2410	255
8965	2416	238
8965	2416	445
8972	2516	185
8976	868	200
8978	2120	266
8979	1754	437
8981	3017	395
8983	1661	117
8983	1661	117
8986	1789	483
8987	1223	342
8989	2483	308
8996	2304	407
8997	1513	539
8998	1946	352
8999	1903	340
9001	2165	363
9002	1676	389
9004	2162	334
9004	2162	313
9006	3928	538
9006	3928	527
9009	3658	528
9010	2326	373
9010	2326	375
9011	2483	267
9011	2483	345
9013	1923	298
9014	1583	375
9016	3134	475
9017	1659	499
9021	1709	544
9022	1352	397
9023	1564	262
9025	2222	469
9028	2395	381
9028	2395	394
9031	2509	345
9031	2509	291
9034	2702	370
9038	1831	412
9039	1258	211
9041	1311	283
9047	3660	515
9049	1874	348
9052	1988	152
9052	1988	266
9057	2014	319
9058	3591	244
9062	1913	347
9067	3716	505
9067	3716	595
9070	1885	397
9077	1828	276
9080	2778	297
9082	1904	260
9086	1532	360
9087	2891	331
9087	2891	333
9089	3274	437
9090	2009	472
9094	1667	292
9097	2366	218
9097	2366	330
9098	2110	416
9099	1840	416
9100	2001	255
9100	2001	371
9102	2118	482
9103	1947	501
9104	2870	454
9104	2870	237
9107	3193	481
9109	1673	482
9122	2293	215
9122	2293	345
9130	2391	408
9131	1697	232
9132	1516	222
9134	1923	308
9135	2884	380
9135	2884	410
9136	2409	347
9136	2409	325
9142	1340	335
9143	2128	212
9143	2128	253
9150	1651	446
9152	2259	425
9159	2774	344
9159	2774	365
9160	1884	520
9161	2524	330
9162	1501	335
9163	1214	484
9164	2196	322
9165	1925	154
9165	1925	226
9167	2325	317
9167	2325	353
9168	1039	278
9170	960	239
9180	3071	435
9181	1980	517
9186	2801	504
9190	1884	448
9194	2019	481
9197	2458	502
9199	3915	595
9199	3915	331
9202	3659	533
9206	4098	496
9212	1347	321
9220	2019	636
9221	1900	147
9221	1900	244
9222	3234	583
9231	1669	431
9247	3052	527
9250	2038	287
9252	2053	352
9254	1050	305
9260	3355	449
9261	2598	517
9261	2598	465
9262	1687	296
9263	2115	411
9264	1337	298
9265	1540	515
9274	2629	465
9278	1846	359
9279	1708	339
9280	2356	590
9283	2087	456
9285	3372	513
9291	1458	327
9292	1531	359
9301	2396	529
9302	2096	433
9304	3156	562
9307	3342	517
9308	911	405
9312	3251	476
9314	1663	499
9316	2252	501
9321	2160	227
9325	2111	244
9330	2679	185
9331	1933	395
9334	4016	386
9339	2893	501
9341	1590	200
9342	3540	525
9345	1307	215
9348	2075	318
9349	3173	274
9353	1143	429
9354	3035	579
9357	2255	687
9358	2190	375
9359	3176	381
9363	3225	495
9365	2842	484
9366	2133	510
9367	2288	585
9371	2978	358
9382	2669	150
9382	2669	122
9386	3072	531
9389	2404	242
9389	2404	214
9391	1960	444
9393	3570	305
9393	3570	264
9396	3503	748
9398	3997	519
9407	3181	474
9408	4381	500
9408	4381	146
9408	4381	216
9410	3311	141
9410	3311	163
9411	2400	517
9412	2186	337
9416	2166	388
9417	2320	256
9421	4084	521
9422	2142	227
9424	2517	351
9426	1524	524
9428	2020	288
9428	2020	215
9430	2742	185
9431	2577	530
9435	1677	227
9436	2147	352
9440	4232	649
9451	3116	297
9452	2242	501
9453	3154	491
9454	1261	392
9457	2161	559
9459	1536	421
9463	2015	255
9467	2307	317
9469	2592	506
9479	3158	348
9479	3158	585
9481	3089	477
9487	2310	520
9490	4366	451
9490	4366	483
9493	3190	468
9499	2035	397
9501	1769	476
9504	2557	449
9505	2453	582
9511	2862	594
9517	3844	381
9517	3844	656
9522	3972	525
9522	3972	635
9523	2391	321
9527	1735	536
9528	3562	575
9530	1715	253
9535	1774	561
9537	2158	200
9539	1570	406
9542	1780	334
9552	2666	185
9555	1425	281
9559	4140	541
9559	4140	419
9561	3227	548
9566	1811	200
9567	2232	427
9569	1170	318
9573	3736	322
9573	3736	410
9575	1561	185
9583	3326	502
9584	1734	279
9586	2161	242
9586	2161	241
9591	1300	185
9597	2745	542
9600	2120	397
9601	1395	273
9603	2514	319
9603	2514	303
9604	1439	470
9607	2967	446
9609	1905	473
9610	799	221
9615	3898	452
9615	3898	554
9616	2507	545
9618	1412	323
9621	3365	300
9621	3365	118
9621	3365	379
9622	1980	386
9625	1756	222
9627	1643	464
9630	3919	412
9630	3919	361
9632	2453	308
9632	2453	263
9635	1362	293
9638	1721	470
9649	1026	286
9653	2472	299
9660	1300	362
9664	1485	325
9666	1302	448
9667	4042	769
9668	1435	346
9674	1889	329
9677	1922	185
9678	1620	327
9680	2703	579
9685	1906	508
9687	1035	238
9691	1121	245
9692	2331	423
9695	1690	452
9696	1606	322
9700	3760	561
9700	3760	547
9704	3219	545
9705	1743	461
9710	1928	570
9713	2531	337
9713	2531	314
9714	1934	479
9720	2455	326
9722	1850	471
9723	1052	292
9724	2422	400
9725	1981	441
9726	3909	511
9728	2047	359
9730	1386	370
9733	962	316
9735	1960	345
9737	1743	393
9738	1521	343
9739	1354	369
9741	2880	496
9743	2873	306
9744	1762	408
9748	1691	568
9753	1680	305
9754	1430	185
9756	3773	530
9756	3773	392
9758	2099	442
9760	1267	526
9764	1779	344
9765	1622	276
9771	2700	460
9778	1618	369
9794	2637	606
9798	895	200
9804	1538	359
9805	1941	338
9808	3394	575
9813	1857	323
9816	4046	405
9819	2178	342
9822	1611	442
9823	2754	202
9823	2754	184
9823	2754	302
9824	1711	261
9825	1300	185
9827	1830	185
9831	2098	317
9832	2188	341
9832	2188	288
9833	3164	542
9833	3164	551
9837	1300	344
9842	2044	363
9843	2166	549
9845	1531	325
9846	1934	478
9848	1497	461
9849	1730	307
9849	1730	214
9850	3081	394
9851	2633	323
9851	2633	326
9856	3654	348
9860	664	261
9865	2563	306
9866	1857	301
9869	1071	296
9870	2176	498
9871	2319	502
9875	1553	178
9875	1553	234
9878	1614	185
9886	2504	209
9886	2504	347
9887	2185	227
9887	2185	243
9888	3099	630
9891	2155	193
9891	2155	299
9895	3220	323
9895	3220	297
9897	1410	325
9898	1890	311
9898	1890	273
9900	2548	200
9902	1056	237
9904	2027	340
9905	1328	389
9906	3633	528
9909	1465	324
9918	1206	265
9920	2033	408
9921	1910	185
9923	1698	465
9930	1689	227
9931	2041	332
9934	1990	267
9935	1566	490
9940	2801	561
9942	1716	379
9942	1716	213
9942	1716	74
9945	2227	238
9949	4587	307
9949	4587	172
9952	2458	310
9953	1420	344
9955	1839	450
9959	1924	242
9963	2208	197
9963	2208	210
9964	1558	296
9968	2052	109
9968	2052	289
9970	1139	543
9973	1345	285
9978	1830	357
9980	1817	211
9986	4156	414
9987	2095	342
9987	2095	204
9991	1821	297
9992	1143	350
10005	2523	227
10006	1535	386
10007	1420	373
10011	2111	363
10013	1457	382
10014	2146	185
10016	943	339
10017	2275	250
10019	2803	618
10023	1203	242
10024	1746	227
10027	2835	372
10032	1391	200
10034	2196	331
10035	2966	553
10036	3374	378
10036	3374	406
10044	2350	355
10046	2872	558
10051	2959	579
10061	2112	588
10069	2333	380
10071	2503	132
10071	2503	169
10072	2349	381
10074	2135	308
10078	1358	266
10079	2159	473
10082	2141	324
10085	2766	444
10090	1636	319
10091	2317	439
10093	4228	623
10093	4228	518
10095	1423	320
10099	1408	138
10099	1408	138
10102	965	269
10103	1448	255
10104	2154	318
10107	2030	292
10110	2454	235
10110	2454	211
10115	1778	323
10116	1988	256
10121	1837	150
10121	1837	429
10122	1766	163
10122	1766	168
10124	2133	402
10125	2350	327
10128	2060	310
10128	2060	206
10130	2015	290
10132	2016	254
10134	1134	304
10135	1675	284
10136	1758	112
10136	1758	145
10139	2345	497
10143	3186	356
10145	2573	501
10146	2332	249
10149	1998	311
10150	3606	436
10150	3606	468
10152	1402	253
10157	1403	248
10158	1931	339
10158	1931	189
10159	1257	211
10164	1857	360
10166	1117	185
10169	2090	356
10169	2090	366
10173	2465	350
10177	1960	334
10178	2988	338
10178	2988	130
10178	2988	66
10179	2127	328
10180	2297	528
10183	2296	309
10186	1568	316
10188	1975	357
10189	1967	401
10189	1967	306
10190	1684	292
10191	1865	495
10192	2190	529
10193	2294	386
10193	2294	462
10198	2675	526
10199	1848	204
10199	1848	336
10200	2147	321
10201	2662	696
10203	2299	405
10204	2329	390
10205	1307	293
10207	1651	484
10210	1934	570
10211	2021	251
10211	2021	300
10213	2976	591
10221	3716	607
10221	3716	611
10224	1291	303
10225	1268	299
10229	1715	456
10230	1207	304
10235	1718	185
10236	1443	397
10238	2479	315
10239	1224	292
10240	1595	273
10241	3108	623
10242	1324	304
10244	3250	609
10245	865	280
10249	2496	386
10259	854	285
10261	1541	257
10263	1591	203
10263	1591	234
10270	1599	307
10271	1116	222
10275	3333	563
10275	3333	524
10276	2081	211
10277	1209	311
10280	1108	332
10283	1095	238
10291	1464	305
10292	2157	415
10293	1840	393
10294	2916	556
10294	2916	450
10295	2956	472
10297	3948	211
10297	3948	557
10298	2141	405
10298	2141	332
10300	847	354
10304	2260	271
10306	1477	616
10312	2121	326
10314	2990	565
10315	1970	127
10315	1970	167
10317	1855	329
10319	2183	510
10320	3304	463
10320	3304	481
10323	2236	298
10325	1777	309
10332	2089	339
10335	1699	388
10336	2046	302
10336	2046	257
10339	1641	292
10340	1273	319
10341	3031	520
10342	2238	286
10342	2238	279
10344	2184	291
10344	2184	319
10345	2138	297
10347	2309	336
10347	2309	272
10352	1984	353
10354	1833	310
10356	1284	185
10357	1883	292
10358	1034	251
10359	2371	298
10361	1608	232
10366	1651	238
10368	1667	177
10368	1667	172
10372	1329	352
10373	1100	222
10374	1520	329
10375	1773	327
10379	2130	322
10383	1953	185
10385	1096	185
10386	1301	273
10390	1396	276
10391	1342	283
10391	1342	193
10394	1403	313
10397	1598	505
10398	1673	276
10398	1673	303
10399	1854	309
10399	1854	310
10402	1542	356
10403	1576	267
10405	1475	227
10410	1506	266
10413	2763	437
10414	2922	379
10414	2922	326
10415	765	211
10416	931	272
10417	2663	776
10418	1554	392
10419	1057	222
10420	2061	340
10422	3380	694
10424	2261	461
10425	1685	512
10427	2351	597
10430	2544	536
10435	1386	296
10436	1220	274
10439	2043	469
10440	2132	485
10441	911	317
10444	2258	528
10446	1766	478
10456	1441	211
10457	840	269
10459	2393	597
10460	2786	291
10460	2786	347
10466	1871	341
10470	2181	238
10471	2108	442
10472	1210	250
10475	2058	391
10479	2149	355
10484	1562	296
10485	1862	277
10490	1825	350
10494	1699	354
10502	1811	250
10503	1560	461
10505	2905	246
10505	2905	648
10506	1392	341
10511	1162	402
10521	3024	646
10523	2590	459
10529	2120	457
10531	1675	338
10533	1391	304
10540	2565	473
10541	2130	185
10543	1456	200
10547	1027	206
10548	1941	336
10550	1842	358
10553	1332	343
10560	1479	200
10565	1589	323
10568	1895	318
10575	2417	316
10576	2508	280
10589	2139	216
10589	2139	351
10594	2875	473
10595	1775	354
10610	1577	378
10617	1464	283
10619	2471	552
10625	2126	338
10625	2126	245
10635	1951	295
10637	1862	580
10638	1558	366
10652	3116	381
10654	2477	278
10654	2477	347
10655	1844	278
10658	670	370
10667	1239	200
10668	2534	340
10668	2534	364
10670	1811	383
10677	2438	367
10693	1212	313
10694	1430	515
10701	2258	333
10701	2258	305
10702	2701	315
10702	2701	468
10707	1618	420
10711	1435	206
10714	1928	374
10715	2169	342
10717	2251	533
10722	2517	319
10723	1827	261
10724	1709	307
10729	2716	405
10737	1851	320
10739	1418	309
10745	1497	206
10747	2604	321
10747	2604	264
10748	1917	321
10755	1988	326
10756	1346	420
10768	1902	518
10769	1039	323
10774	2654	378
10777	1926	315
10781	1200	185
10793	1684	351
10796	1320	222
10797	1203	375
10798	1795	376
10800	1370	200
10801	1477	354
10806	1774	309
10807	1745	326
10811	1284	317
10821	2333	506
10823	1821	332
10828	1119	260
10831	1484	352
10832	2264	185
10833	981	200
10835	3005	453
10836	1406	275
10839	1312	283
10840	1856	300
10842	1142	285
10855	2052	352
10858	1548	538
10860	1477	337
10864	3087	341
10866	1865	304
10866	1865	254
10868	876	280
10869	2200	508
10872	2933	561
10875	1333	243
10876	2942	227
10878	1374	312
10882	2660	314
10883	2266	364
10885	610	185
10887	2176	311
10887	2176	326
10888	2074	374
10888	2074	189
10889	2704	326
10895	1895	273
10899	2381	443
10899	2381	352
10900	1932	375
10904	2162	310
10909	1313	206
10910	1974	312
10910	1974	346
10920	2029	307
10923	2243	361
10926	1763	554
10928	1977	320
10929	2501	364
10930	1663	379
10933	2771	449
10939	968	364
10940	2247	373
10944	1666	330
10946	1432	185
10951	3222	570
10952	1883	536
10954	1842	237
10955	1658	260
10957	2507	323
10959	1685	342
10962	1261	258
10963	2010	211
10963	2010	318
10967	2245	334
10968	2474	273
10970	2571	388
10976	2828	253
10976	2828	249
10977	1949	585
10979	2404	291
10979	2404	336
10985	1742	338
10986	3465	614
10987	3051	211
10989	1538	516
10993	1931	185
10994	1317	318
10997	2296	514
10998	2843	391
10998	2843	437
10999	1804	170
10999	1804	338
11000	2401	387
11001	1086	263
11002	2492	500
11003	1059	256
11006	1639	211
11007	2144	324
11008	2466	232
11008	2466	293
11010	1490	200
11011	2280	510
11017	3378	404
11018	1958	233
11021	1934	338
11023	1484	322
11028	2143	325
11030	1927	284
11034	2266	507
11035	2297	341
11038	2874	508
11040	2030	300
11041	2171	433
11041	2171	324
11043	768	185
11044	1487	340
11046	2191	156
11046	2191	163
11046	2191	240
11047	1461	280
11049	1928	287
11049	1928	240
11052	2053	422
11053	1683	452
11056	2078	250
11057	1948	345
11058	1667	355
11059	1714	335
11060	2146	215
11061	2227	494
11062	1632	523
11066	1891	298
11068	2967	518
11070	2202	245
11072	2447	588
11075	2719	244
11078	1527	438
11079	3142	602
11081	1886	292
11084	1015	227
11085	2180	526
11087	1437	289
11089	2349	579
11090	2429	475
11091	1512	287
11094	1142	301
11100	2184	442
11101	1575	266
11102	1090	261
11107	2731	415
11109	2973	560
11114	1790	200
11119	1616	227
11124	3100	547
11125	2921	478
11128	1810	430
11130	1676	457
11131	2203	475
11132	3279	361
11132	3279	495
11133	1294	311
11136	1621	310
11137	1664	216
11138	1811	358
11140	1557	301
11141	1422	227
11144	2033	330
11147	1815	170
11147	1815	164
11154	2091	419
11158	1891	546
11166	1766	326
11166	1766	282
11168	2225	482
11170	2899	415
11170	2899	400
11173	1310	185
11175	1941	259
11177	1249	460
11179	1446	248
11181	1706	316
11183	1800	554
11186	1730	536
11188	3078	617
11191	2370	600
11198	3119	468
11200	2314	493
11201	1099	206
11203	2002	326
11204	3420	556
11205	2205	556
11206	2342	530
11207	2930	617
11210	3029	493
11210	3029	167
11210	3029	115
11215	1431	486
11218	1903	491
11220	1550	338
11222	1511	312
11222	1511	273
11225	2818	640
11226	1389	309
11229	1947	211
11230	3160	485
11231	1805	386
11235	1903	513
11237	1566	320
11238	2015	343
11240	2023	506
11241	2880	566
11242	1920	242
11244	2620	598
11245	2643	537
11252	1326	390
11256	3018	536
11257	2036	343
11258	2410	662
11261	2458	527
11262	2544	573
11263	1980	283
11264	2252	226
11265	3170	589
11269	2025	657
11274	2710	501
11278	2599	537
11279	2136	535
11280	1147	427
11282	3194	655
11283	1475	312
11285	2239	307
11291	2022	576
11293	1036	316
11295	1146	314
11298	2680	255
11299	2290	260
11299	2290	346
11301	3136	632
11301	3136	209
11302	1574	238
11303	742	230
11306	2080	434
11307	1599	360
11310	2426	304
11312	1872	238
11313	2543	232
11313	2543	351
11316	3171	465
11317	1901	430
11320	2130	485
11321	1458	297
11322	2517	605
11323	2015	318
11323	2015	336
11324	1338	383
11328	1666	187
11330	2905	538
11332	2655	486
11335	1373	331
11338	1749	352
11339	1930	245
11343	1720	628
11344	1364	200
11345	1413	308
11349	3129	252
11349	3129	589
11354	1556	185
11360	2685	615
11367	969	246
11369	1554	215
11377	1538	331
11379	1828	393
11380	1593	211
11380	1593	249
11383	1988	372
11384	2974	379
11384	2974	399
11385	1772	232
11387	2301	510
11390	1779	198
11401	2335	548
11405	1744	292
11409	1210	452
11410	1713	520
11416	1096	250
11421	1861	343
11423	1721	270
11425	1354	287
11428	2042	614
11430	2684	259
11430	2684	359
11433	1911	351
11435	1653	363
11436	1705	316
11437	1402	219
11437	1402	151
11441	2868	683
11442	1846	485
11447	1380	322
11452	2284	235
11452	2284	254
11454	2306	575
11461	1548	335
11469	3389	377
11472	1387	222
11473	2280	271
11477	2486	290
11478	2112	275
11485	1282	331
11488	2931	603
11492	2554	553
11496	1323	309
11497	1202	280
11498	2349	299
11502	2756	347
11504	3052	377
11507	1928	215
11511	2908	496
11517	2497	540
11518	2397	596
11519	2128	341
11522	1894	389
11523	3043	604
11524	1185	364
11528	2873	516
11529	2374	408
11531	2445	532
11532	2410	276
11534	1326	335
11536	1876	357
11539	2653	472
11545	2375	334
11546	1823	316
11550	1740	440
11555	3224	524
11556	2326	599
11560	2257	368
11564	1637	401
11567	1593	389
11569	1957	308
11570	2717	485
11572	1303	356
11574	2439	326
11588	2950	368
11589	1800	474
11591	1827	438
11592	2303	408
11599	766	291
11616	1625	255
11617	2804	317
11617	2804	371
11620	2262	507
11622	3065	585
11630	2032	584
11636	1764	373
11637	2394	565
11638	1901	266
11638	1901	246
11640	1770	458
11644	1772	324
11645	2342	529
11647	1588	363
11651	1196	274
11655	2618	361
11659	1214	233
11661	2074	350
11661	2074	256
11665	1602	518
11666	1351	261
11668	2168	332
11668	2168	200
11672	2663	529
11678	1655	368
11680	1982	309
11681	2097	532
11683	1422	287
11685	1409	127
11685	1409	166
11687	901	200
11688	1542	287
11689	2782	316
11689	2782	279
11692	1739	315
11699	1538	157
11699	1538	151
11723	1679	283
11735	2594	267
11769	1473	215
11785	357	237
11787	2712	243
11788	2399	272
11795	3009	453
11798	3046	293
11798	3046	228
11801	1817	301
11801	1817	285
11806	1677	232
11812	4872	419
11812	4872	428
11818	1919	304
11822	2440	185
11824	1735	200
11825	4571	480
11826	1092	185
11845	1826	232
11846	1558	290
11853	1606	249
11859	2034	281
11875	1584	200
11876	2268	315
11877	1458	200
11885	2285	255
11891	1961	282
11899	2708	246
11899	2708	208
11900	2689	256
11900	2689	255
11905	1443	211
11912	2722	242
11916	2415	272
11921	2045	271
11928	3115	185
11928	3115	314
11930	2100	227
11931	2307	462
11933	2548	296
11935	1608	200
11940	2106	448
11944	1211	243
11945	4145	345
11946	1059	396
11950	2242	319
11954	2649	277
11955	1762	301
11958	1640	244
11960	1687	185
11962	1447	343
11967	2352	302
11967	2352	211
11972	2129	440
11974	1535	227
11978	1331	227
11979	3465	378
11983	2201	420
11986	2521	297
11990	1791	230
11991	1957	256
11993	858	229
12001	1927	350
12002	1150	318
12008	1387	272
12011	1030	423
12013	1582	273
12015	1413	283
12016	1822	260
12019	1893	317
12020	2316	540
12022	1162	271
12023	1890	258
12026	1764	347
12028	2080	255
12031	1733	262
12033	3702	534
12043	1493	279
12045	1547	279
12048	1806	408
12049	1785	507
12051	3145	446
12052	2517	419
12053	2567	532
12055	1077	266
12057	2222	273
12060	1138	248
12065	1760	251
12066	2468	298
12072	1384	272
12074	1690	400
12078	2847	319
12084	1919	297
12085	1715	347
12086	1658	310
12087	2202	185
12091	1997	271
12097	2397	533
12101	2096	324
12104	2211	334
12111	1060	200
12112	1893	359
12120	1457	344
12126	2431	311
12126	2431	306
12128	2848	265
12128	2848	290
12130	1721	288
12132	1759	288
