0	15752	23590
2	1851	330
10	3536	838
13	2195	239
24	3084	354
25	1800	419
27	2759	426
29	2211	494
30	3542	185
35	2345	185
37	4159	607
37	4159	328
42	1529	256
48	1106	185
54	3623	563
54	3623	531
55	2841	357
55	2841	154
55	2841	235
63	2333	622
65	3292	598
69	2505	304
74	2190	255
77	2653	270
83	3422	213
83	3422	164
85	4484	512
90	2470	502
93	3491	791
96	4359	465
99	3067	499
104	4095	608
112	2016	517
116	2423	243
124	829	385
127	2699	528
134	3070	629
139	2216	370
144	2803	651
148	3530	507
152	3476	587
153	2975	475
156	985	202
159	3484	554
165	4656	607
165	4656	543
167	2322	206
173	3131	584
176	3034	612
176	3034	248
178	2898	445
178	2898	222
187	3821	551
187	3821	545
194	3447	426
194	3447	526
196	4520	893
199	4826	613
203	2187	542
207	2614	686
208	2901	550
211	4276	474
211	4276	538
213	2992	599
214	3556	473
216	3325	598
219	1493	276
241	2908	575
249	2787	401
253	4454	955
254	3859	620
256	2794	650
261	3599	576
263	3273	624
264	3217	582
266	3829	901
271	3539	614
274	4049	585
276	3394	424
277	2645	613
285	3690	496
285	3690	256
294	3318	273
295	3724	531
296	3609	504
298	3520	406
299	2828	392
314	3166	452
315	4412	670
320	2151	237
333	3241	356
336	4609	579
336	4609	575
338	4838	632
338	4838	590
339	2035	308
343	2711	482
363	4723	604
369	2194	614
372	3823	587
394	2703	646
396	2313	407
399	2452	402
404	4385	929
406	3302	566
414	3129	655
415	4950	591
418	3366	283
419	5049	670
421	2977	259
421	2977	197
423	1236	406
424	3044	516
425	4282	626
430	2716	397
431	3961	222
431	3961	592
437	4366	333
444	4367	572
444	4367	578
445	2046	568
448	3016	605
450	4593	944
451	4526	659
451	4526	534
455	3135	561
456	4955	335
456	4955	636
463	2162	568
465	3976	630
470	2050	387
471	2812	661
477	4109	415
483	3912	856
487	2250	499
492	3622	616
496	2193	243
497	3805	309
499	4006	377
500	2942	266
504	2885	261
505	2311	369
510	4670	468
512	3045	491
513	3421	965
514	2803	960
515	4016	393
516	3546	537
518	3975	770
518	3975	179
521	3914	621
522	3678	534
524	3503	568
529	2457	254
530	3408	439
531	2223	517
534	4636	578
535	4049	421
535	4049	504
537	2307	617
538	2151	380
540	3287	614
541	3888	250
542	4255	656
543	3997	289
543	3997	337
546	2511	622
551	1897	211
560	4122	575
561	2702	610
563	2902	309
564	3739	559
566	4681	573
566	4681	407
567	3655	604
568	4217	345
571	1949	340
572	1587	318
576	3537	643
579	2442	579
580	4156	163
580	4156	686
582	3566	641
583	3385	494
583	3385	508
584	3955	610
588	3715	185
591	3164	395
591	3164	617
592	4322	422
592	4322	374
597	1407	200
599	2030	633
602	1808	209
602	1808	136
603	1765	280
604	2014	185
605	3704	422
607	3458	637
609	4716	414
611	1828	349
613	2918	369
614	3053	518
618	2248	554
621	2406	312
622	3567	443
625	2069	394
630	2211	596
631	4057	399
631	4057	124
639	3380	424
639	3380	359
641	1769	576
644	2538	625
645	4286	606
652	1785	301
654	3973	563
654	3973	368
655	2059	409
656	4090	606
665	3150	227
666	4481	225
666	4481	199
667	1963	390
670	1473	368
671	3231	297
673	4362	389
675	5036	445
676	2230	377
678	2465	611
680	2014	111
680	2014	319
682	2497	589
690	2724	357
691	2542	362
694	2049	497
697	2242	557
702	2205	332
707	2330	362
714	3574	576
716	2774	295
718	3448	375
719	3384	476
720	1745	364
723	1758	299
729	2604	475
731	3486	330
735	2152	408
737	2076	590
739	1967	220
740	4599	420
740	4599	554
741	1855	237
743	1263	185
751	5141	552
754	3280	387
756	2838	431
758	2327	307
760	1701	354
767	4232	543
774	3022	313
774	3022	345
778	2739	453
781	3989	798
784	2421	585
791	3530	312
791	3530	295
795	2401	478
796	4297	667
797	3538	593
799	2526	351
800	4156	642
801	1976	250
803	1706	571
810	2284	562
814	2356	492
823	3015	294
827	4207	450
827	4207	564
828	3605	588
828	3605	623
829	2632	398
837	1640	469
838	3418	395
840	3007	348
842	2237	581
843	4943	595
853	2440	561
856	3623	570
856	3623	275
858	3649	621
862	3132	561
864	4627	432
864	4627	285
868	4775	610
868	4775	638
870	4171	587
870	4171	617
873	5232	622
875	2332	617
880	3956	644
881	2805	446
895	3741	250
897	2133	347
899	3535	563
901	2678	427
904	4046	275
904	4046	496
912	2697	466
924	5230	659
924	5230	641
925	3355	567
927	2336	156
927	2336	112
928	2811	238
945	1771	562
967	2558	589
969	7358	693
969	7358	954
973	6813	377
977	2682	607
979	2449	494
983	3178	634
984	2760	548
987	3746	645
993	4215	429
993	4215	414
1000	2587	362
1000	2587	203
1009	2100	321
1011	2177	612
1012	3070	517
1016	2380	289
1017	2178	425
1020	2290	389
1023	2697	604
1033	1881	355
1034	2907	277
1037	2850	474
1038	4595	546
1038	4595	292
1041	6336	983
1043	2413	324
1044	3412	733
1047	2000	277
1048	2118	588
1049	1656	521
1053	3235	623
1054	2220	346
1056	1674	404
1061	1935	316
1063	2142	287
1066	4156	604
1066	4156	431
1068	4364	370
1069	4976	827
1069	4976	822
1072	2459	563
1074	2970	355
1076	1841	273
1080	2964	248
1080	2964	291
1081	2807	631
1083	3649	571
1084	2182	350
1091	1624	357
1092	2071	278
1095	2851	496
1095	2851	480
1100	2307	559
1102	2510	341
1102	2510	354
1104	2472	577
1106	2252	222
1108	4440	577
1108	4440	524
1111	3223	563
1113	3365	633
1118	3379	581
1123	2008	200
1125	4543	347
1126	1721	524
1136	2837	370
1137	3561	411
1137	3561	201
1150	2638	279
1153	1661	355
1157	2255	574
1164	2013	381
1168	2788	332
1174	3595	335
1174	3595	218
1176	1028	211
1182	1849	315
1187	2093	320
1187	2093	327
1193	2716	595
1200	1993	327
1212	3074	227
1217	2722	353
1218	1689	537
1224	3150	245
1226	3859	678
1237	1834	373
1243	2541	261
1247	2083	518
1248	1635	263
1249	2911	360
1249	2911	246
1252	2125	447
1256	2139	396
1266	5040	569
1267	2271	611
1270	3376	428
1272	3109	316
1272	3109	360
1273	3281	345
1276	1260	371
1281	2743	353
1286	10662	424
1288	2262	358
1290	3468	725
1298	5122	594
1302	1747	349
1308	4933	380
1308	4933	532
1310	1878	416
1312	3335	622
1316	1827	364
1318	2581	627
1321	4941	600
1321	4941	637
1324	4501	396
1325	2796	669
1327	2880	353
1327	2880	332
1328	3164	612
1329	3658	927
1333	2437	267
1338	6316	597
1341	3020	456
1342	2882	563
1344	3390	371
1346	2659	405
1347	2886	544
1351	1947	406
1352	4120	437
1356	6314	607
1356	6314	636
1357	5179	400
1361	4818	298
1364	7345	713
1364	7345	978
1367	1458	267
1368	4343	166
1368	4343	107
1368	4343	543
1373	3840	620
1373	3840	533
1375	2393	508
1377	3403	456
1380	1054	386
1382	1874	357
1386	4715	303
1389	1745	313
1391	4846	362
1392	4128	896
1399	3195	562
1403	3504	682
1408	1971	387
1410	4041	615
1419	3686	243
1419	3686	301
1420	2792	484
1422	4239	206
1426	2359	558
1427	7281	364
1427	7281	426
1434	2957	303
1436	3364	347
1436	3364	459
1438	2929	373
1441	4070	631
1442	2593	648
1453	1875	313
1455	3170	247
1457	1497	262
1460	2348	353
1461	2588	633
1465	2022	635
1466	4475	861
1474	3632	370
1477	1791	290
1478	5370	664
1478	5370	559
1479	11143	342
1482	3797	348
1483	4761	646
1484	1379	211
1490	1776	298
1493	2694	535
1495	2458	334
1496	1256	244
1499	1984	249
1502	3255	568
1504	1734	270
1508	2767	384
1510	1958	124
1510	1958	143
1512	4589	667
1515	2066	384
1516	2558	427
1520	2291	499
1521	4940	319
1523	1757	390
1526	2695	336
1533	1404	357
1536	4896	294
1538	2203	378
1542	2281	323
1545	4230	575
1547	3501	326
1547	3501	298
1548	3021	331
1548	3021	200
1550	2326	249
1556	2435	402
1558	4317	622
1564	1778	348
1565	2416	366
1566	2931	383
1566	2931	371
1567	2645	297
1567	2645	615
1569	4825	339
1569	4825	385
1570	2972	415
1581	2164	456
1583	2234	216
1585	7205	651
1585	7205	200
1587	2624	520
1588	2764	602
1589	2766	329
1589	2766	384
1590	1712	275
1594	2514	544
1595	3703	787
1597	1778	398
1599	4492	434
1600	4023	401
1602	2733	194
1602	2733	228
1605	4055	573
1609	2516	481
1611	1707	211
1613	3039	255
1613	3039	326
1614	2119	301
1615	2317	340
1616	3400	630
1616	3400	156
1616	3400	204
1618	2320	573
1619	2930	657
1628	2527	507
1631	3087	698
1632	4235	289
1632	4235	394
1634	4240	561
1637	4534	554
1637	4534	294
1638	1964	414
1640	2557	537
1642	2487	600
1644	3651	498
1645	1499	253
1649	4647	417
1652	3384	614
1652	3384	240
1656	2051	344
1659	3381	429
1660	4020	529
1661	4975	322
1661	4975	589
1663	3247	555
1663	3247	322
1666	2632	636
1669	2199	376
1670	2270	609
1674	2249	531
1675	2649	453
1680	2780	607
1681	3670	522
1681	3670	295
1683	2223	572
1685	3709	665
1686	2129	349
1686	2129	253
1688	3065	463
1690	3987	651
1694	2996	569
1700	2840	408
1701	4974	338
1701	4974	547
1702	3459	271
1702	3459	521
1705	1936	286
1706	3481	262
1706	3481	405
1712	2875	351
1712	2875	315
1713	4070	644
1717	3439	869
1718	4094	338
1723	2519	588
1724	3443	500
1727	2410	686
1730	3480	558
1733	2917	510
1734	3387	621
1735	3247	581
1736	2454	409
1748	1748	315
1750	2220	391
1751	2011	496
1753	2761	552
1755	1713	588
1757	2933	568
1758	3770	678
1759	3286	343
1760	2629	527
1765	3753	566
1767	3520	465
1769	3684	934
1772	2332	655
1774	2761	652
1777	4454	710
1777	4454	286
1778	6398	932
1779	2977	536
1781	2246	403
1783	2079	357
1784	4089	365
1784	4089	362
1789	4085	401
1789	4085	425
1790	3867	321
1790	3867	575
1795	3033	426
1796	3477	315
1797	3838	595
1800	3396	344
1800	3396	519
1801	2231	368
1802	1850	429
1803	3009	796
1804	3654	122
1804	3654	195
1809	2904	619
1810	1571	546
1813	2821	512
1819	2574	335
1820	3286	563
1820	3286	389
1822	3583	392
1823	3157	333
1824	2344	379
1826	2133	493
1828	2630	585
1829	2730	471
1830	3392	348
1835	1744	376
1837	2233	494
1838	2529	554
1839	3662	538
1841	1546	185
1843	3792	368
1848	2578	554
1855	2310	544
1857	1966	122
1857	1966	184
1858	4524	627
1858	4524	755
1861	2138	518
1865	3500	799
1866	3397	591
1871	2466	717
1876	2225	291
1881	3871	777
1882	3532	512
1882	3532	470
1886	4402	641
1889	3414	620
1889	3414	472
1890	4244	633
1892	3013	611
1895	2147	577
1896	1850	500
1900	3252	823
1907	4244	460
1909	4481	611
1910	4481	632
1911	2466	352
1912	1301	200
1914	4289	853
1915	2478	297
1916	3461	428
1917	2978	592
1919	2676	394
1929	3705	749
1931	3168	611
1932	3316	550
1932	3316	333
1933	4715	916
1936	3766	571
1937	1886	371
1943	2711	596
1946	6065	902
1947	3910	238
1948	4893	445
1949	3124	467
1955	3272	611
1960	4729	918
1963	3892	624
1965	3352	643
1966	2440	266
1967	1876	369
1971	3180	622
1976	3107	583
1981	2604	421
1981	2604	351
1982	1971	215
1990	1518	370
1994	2258	355
1997	2874	163
1997	2874	163
2001	1753	346
2007	4227	324
2025	1753	467
2028	1949	310
2029	2654	264
2035	2608	356
2037	1990	345
2038	4209	609
2040	3386	588
2043	3179	221
2046	1982	504
2047	2686	385
2048	2716	263
2052	3078	544
2056	4156	614
2059	3635	556
2061	2545	497
2064	2698	549
2065	2507	528
2066	2432	415
2068	3631	635
2069	3625	603
2073	3210	299
2076	2680	215
2082	3453	540
2084	3008	314
2090	1892	383
2093	2168	393
2094	3411	302
2096	2134	327
2098	1948	449
2099	2433	311
2100	2979	321
2101	4631	573
2101	4631	501
2104	3755	646
2107	3500	430
2109	4948	613
2111	3626	508
2112	2979	418
2113	2944	334
2115	2131	413
2118	2997	185
2120	2868	379
2122	3179	323
2125	2024	368
2127	1628	343
2129	5306	239
2136	2854	185
2141	3201	541
2142	6711	549
2142	6711	532
2143	4128	469
2146	4116	580
2151	2294	345
2158	5804	543
2162	2305	548
2163	1606	289
2164	4549	606
2164	4549	400
2165	2444	510
2166	2646	340
2167	2464	639
2169	4516	374
2169	4516	626
2170	1709	215
2176	3216	476
2177	3572	598
2177	3572	257
2182	3660	586
2183	4199	876
2184	1870	337
2187	3479	412
2189	1726	406
2191	4483	371
2191	4483	583
2195	2150	244
2203	5659	405
2205	2943	354
2205	2943	331
2212	2433	575
2213	1653	303
2214	2017	378
2216	2346	343
2217	3709	242
2217	3709	598
2219	1908	271
2222	2246	322
2225	3051	596
2226	3387	640
2227	2141	254
2229	2742	222
2235	3556	618
2243	3128	200
2248	3004	633
2252	2989	314
2255	1537	161
2255	1537	158
2256	2678	272
2261	2801	614
2265	5648	321
2265	5648	127
2266	4159	566
2267	3727	632
2268	4122	585
2268	4122	570
2269	2263	283
2271	2453	444
2272	2771	619
2274	2482	353
2274	2482	359
2275	2656	464
2279	3768	354
2279	3768	407
2282	2661	233
2283	2440	425
2285	2912	341
2286	2100	316
2287	3056	551
2289	2795	543
2294	2452	387
2302	2366	589
2303	3182	185
2307	4418	880
2309	2301	300
2310	2839	579
2313	2229	597
2315	3087	437
2316	3313	377
2317	3172	354
2323	2109	378
2324	3733	580
2325	3324	580
2328	3785	779
2330	3522	619
2337	2100	346
2344	4083	668
2346	6639	185
2349	4151	484
2350	4987	603
2355	2327	211
2356	1949	445
2360	2896	624
2361	3326	620
2366	3636	211
2367	4240	840
2368	2369	460
2375	4361	576
2375	4361	291
2378	2576	449
2382	3805	319
2387	2154	541
2392	2527	200
2395	3067	616
2396	4143	563
2397	1387	514
2399	2597	537
2404	2696	185
2405	2849	573
2406	3033	505
2408	4887	574
2408	4887	201
2408	4887	158
2409	2014	525
2414	4109	216
2416	4298	587
2419	2825	563
2421	2813	316
2423	3224	531
2424	2883	358
2428	1817	260
2430	1585	251
2431	1960	612
2437	2755	216
2438	5521	373
2438	5521	593
2440	1575	433
2442	3839	517
2444	4906	177
2444	4906	284
2446	2157	309
2450	4756	329
2451	2324	580
2456	5318	628
2456	5318	222
2458	3614	368
2465	2050	317
2467	3868	613
2468	2543	591
2470	3450	693
2471	2267	350
2472	4904	566
2473	2049	490
2479	3496	569
2484	2261	387
2486	2123	338
2487	4136	498
2488	3886	589
2496	3406	408
2497	2847	220
2497	2847	152
2498	6581	559
2500	1986	532
2501	1998	421
2503	3045	536
2509	1735	335
2510	1914	415
2513	3580	208
2513	3580	248
2513	3580	554
2514	3319	594
2516	1609	278
2518	2784	389
2518	2784	290
2522	3434	599
2525	4803	544
2530	6113	628
2530	6113	572
2532	2914	246
2533	2884	456
2535	3065	459
2539	2528	413
2546	1542	358
2554	2347	395
2555	4102	288
2555	4102	604
2558	4281	525
2559	3099	628
2564	3407	690
2566	2437	334
2568	5160	610
2575	2413	628
2576	4912	376
2576	4912	381
2579	3888	568
2579	3888	185
2581	3610	599
2581	3610	222
2582	2564	279
2583	2260	626
2584	2838	241
2584	2838	387
2587	2840	574
2589	4589	769
2590	3337	232
2595	2929	656
2600	3021	289
2606	3058	371
2606	3058	237
2612	3039	592
2614	4384	236
2614	4384	613
2615	4027	719
2617	3706	615
2619	4460	475
2620	4963	586
2623	3321	493
2625	3988	602
2630	2687	322
2630	2687	259
2631	2056	221
2631	2056	365
2633	4350	187
2633	4350	151
2636	3969	588
2636	3969	470
2637	2612	558
2638	2111	433
2641	2159	211
2643	3169	461
2644	2907	250
2645	4337	556
2651	2549	400
2667	3490	433
2667	3490	451
2668	1547	375
2671	1902	533
2672	2844	238
2673	2093	517
2676	3333	620
2678	4633	552
2678	4633	591
2680	3076	457
2688	5972	604
2688	5972	280
2691	1934	381
2694	4154	544
2694	4154	576
2695	2298	403
2696	5518	582
2697	3525	407
2698	3585	610
2701	5203	492
2701	5203	876
2705	2580	625
2708	4409	610
2708	4409	570
2709	3147	873
2710	2666	238
2711	2674	391
2711	2674	157
2712	4660	652
2716	3033	226
2717	2783	391
2717	2783	232
2719	4144	352
2719	4144	332
2724	3709	318
2724	3709	682
2725	2420	467
2726	3008	392
2728	3162	607
2731	2904	315
2732	3997	440
2733	3691	563
2735	2282	593
2736	2530	620
2742	4604	507
2742	4604	454
2746	2388	364
2746	2388	267
2748	4848	852
2752	3560	543
2755	3093	605
2757	5364	584
2758	2530	578
2760	2130	316
2764	2409	596
2765	3275	590
2767	3487	797
2769	3711	390
2770	2613	522
2771	3756	474
2773	2198	597
2778	3625	452
2783	3383	543
2784	4128	534
2785	1852	316
2793	2472	594
2798	4378	529
2800	3013	532
2803	2094	309
2805	1994	352
2806	5155	185
2808	2476	356
2812	3024	466
2813	1650	358
2816	5415	504
2819	1980	633
2824	2936	511
2830	3533	646
2832	4770	617
2833	2641	281
2834	3729	536
2834	3729	415
2835	3369	516
2838	5811	330
2838	5811	592
2840	2726	532
2843	3128	572
2846	1386	230
2848	3124	599
2849	4174	347
2849	4174	569
2850	2901	629
2853	2349	421
2855	2158	343
2857	2122	583
2858	4372	735
2864	2296	561
2867	2906	375
2869	4709	653
2871	4598	344
2871	4598	362
2872	1671	399
2874	1905	364
2876	2166	339
2877	2476	597
2885	2626	462
2890	3444	436
2891	2455	515
2892	2385	315
2894	1899	297
2896	2018	403
2898	3094	315
2899	1896	454
2900	3402	318
2902	1619	304
2903	2389	485
2908	3787	364
2911	1823	283
2912	3193	654
2913	5188	319
2913	5188	329
2913	5188	300
2915	5528	550
2916	3506	544
2919	2769	448
2920	1714	362
2923	4228	211
2923	4228	544
2926	3456	370
2927	2620	572
2929	3609	534
2931	2828	351
2931	2828	302
2932	2806	563
2935	1928	460
2937	2673	460
2942	4642	546
2942	4642	292
2948	6745	611
2949	2733	227
2952	2998	585
2954	2205	285
2955	3169	328
2956	5052	567
2958	3184	390
2960	2500	621
2970	2387	352
2975	3396	570
2979	2078	360
2980	4033	206
2983	2650	434
2984	2446	275
2986	2916	534
2988	3166	222
2989	2397	363
2990	3084	333
2992	2113	586
2994	4398	400
2995	3322	541
2999	4268	583
3001	1647	269
3002	3097	525
3006	2310	520
3009	2433	550
3014	2508	328
3014	2508	184
3015	2156	627
3017	3905	582
3017	3905	157
3018	1887	493
3019	3882	425
3019	3882	479
3022	2341	214
3022	2341	359
3023	6635	628
3023	6635	319
3023	6635	312
3025	1983	446
3026	2771	396
3035	1755	400
3036	3473	611
3038	2284	266
3041	2514	565
3044	1347	556
3064	2470	649
3065	3991	221
3066	1353	288
3070	1903	549
3078	3686	652
3086	3803	606
3087	2063	263
3089	3599	531
3097	1647	591
3102	2580	576
3107	2453	450
3108	1448	270
3112	3286	336
3117	1623	211
3124	4561	593
3126	2996	556
3128	1786	531
3132	2693	588
3142	3101	552
3143	3521	502
3149	2996	573
3158	2513	630
3159	3348	473
3161	3250	369
3162	3392	508
3162	3392	438
3163	3409	369
3164	2521	256
3166	2418	145
3167	2445	483
3168	3553	477
3172	3249	313
3174	3317	512
3178	2062	498
3179	3888	870
3182	1747	525
3183	1537	200
3184	3407	511
3186	3273	185
3189	1794	215
3195	1867	363
3198	2109	352
3202	3138	438
3205	2826	739
3212	2802	349
3215	2293	500
3219	1801	302
3226	3020	185
3228	3680	230
3233	2954	332
3238	3142	170
3238	3142	507
3239	2026	328
3243	1516	329
3247	1958	497
3248	1867	352
3249	1005	364
3252	2601	375
3261	2235	232
3272	1529	286
3278	3416	297
3283	2948	415
3285	2593	277
3285	2593	258
3287	1998	374
3289	3784	600
3291	2225	302
3293	2271	417
3304	2753	292
3310	2883	422
3319	2497	325
3333	4486	616
3333	4486	599
3337	2662	291
3347	1380	300
3348	2706	200
3350	2940	331
3351	4378	549
3351	4378	185
3351	4378	128
3357	2832	449
3361	2123	277
3364	3664	292
3367	3953	301
3367	3953	205
3368	1866	564
3370	4559	466
3377	4072	271
3377	4072	558
3381	982	299
3387	961	215
3388	3873	510
3389	3298	141
3389	3298	284
3392	2789	396
3395	3610	342
3395	3610	639
3405	2042	344
3405	2042	356
3407	3737	343
3407	3737	651
3409	2642	362
3413	3370	185
3413	3370	344
3420	2967	334
3422	4148	436
3424	3099	688
3429	4504	367
3432	2862	561
3435	2399	579
3437	2175	351
3446	2804	583
3459	3393	263
3459	3393	344
3460	2088	397
3461	2642	400
3462	2663	330
3462	2663	357
3465	3668	361
3469	3314	546
3471	3335	383
3474	4385	371
3476	3213	230
3477	2153	483
3480	3382	250
3482	4082	338
3482	4082	569
3484	2707	402
3485	3420	227
3489	3206	277
3494	3108	358
3497	3153	520
3502	2450	440
3504	3294	462
3506	2384	264
3506	2384	351
3510	2810	200
3522	2949	291
3523	4212	569
3524	2414	252
3525	1661	307
3525	1661	228
3529	3981	379
3531	2986	227
3539	2383	301
3541	1885	285
3541	1885	281
3543	1929	326
3546	2516	227
3551	2334	430
3552	3504	185
3553	2244	541
3554	2318	454
3557	4598	472
3565	1987	211
3568	3049	510
3569	3841	317
3569	3841	579
3575	1756	425
3577	2881	239
3593	3047	564
3597	2689	185
3601	1948	238
3605	1793	493
3618	2222	552
3619	2766	185
3623	4169	616
3623	4169	200
3627	3286	595
3628	2869	565
3640	3397	484
3642	1329	222
3644	2420	323
3647	1960	326
3648	3685	325
3659	3095	524
3660	3770	382
3661	2379	153
3661	2379	302
3664	3841	168
3664	3841	518
3666	2786	543
3671	2937	556
3673	4408	305
3673	4408	323
3674	4500	406
3674	4500	395
3676	2311	376
3681	1659	261
3681	1659	236
3691	2200	329
3692	2679	585
3697	1101	258
3699	1959	288
3702	3105	299
3702	3105	275
3704	2327	319
3709	2137	324
3712	3133	318
3714	3581	325
3723	1948	284
3724	2121	185
3726	1757	200
3730	1134	211
3731	2558	279
3731	2558	304
3735	2348	398
3736	1662	185
3737	2832	391
3739	2684	287
3739	2684	248
3743	1858	185
3744	3518	238
3747	2214	353
3748	2975	309
3748	2975	321
3750	2026	519
3756	1932	286
3760	2396	294
3764	1971	272
3774	4018	489
3774	4018	522
3776	2226	435
3777	3067	334
3777	3067	255
3779	3104	589
3786	5262	614
3786	5262	517
3789	3815	424
3789	3815	552
3790	2889	419
3796	2332	299
3796	2332	300
3799	4131	488
3800	3433	579
3806	2593	259
3806	2593	369
3809	2180	359
3810	2701	556
3813	3558	637
3814	2595	365
3816	2061	348
3817	3543	507
3819	2134	323
3819	2134	301
3822	1963	574
3823	1822	302
3825	2791	313
3826	2996	251
3834	1907	434
3838	3829	486
3838	3829	349
3844	2034	347
3845	2608	623
3846	1847	380
3848	2143	478
3851	3718	556
3853	3367	672
3854	2265	556
3856	2680	468
3860	1645	360
3861	2844	200
3862	5070	599
3866	3480	466
3866	3480	266
3867	3275	509
3868	2773	557
3872	3478	582
3877	2298	276
3879	1844	521
3880	3592	357
3881	3028	541
3886	2520	342
3887	2995	467
3888	2603	438
3891	2079	524
3892	5694	126
3892	5694	544
3894	3397	414
3894	3397	369
3900	3102	604
3902	3035	491
3907	2967	546
3913	2524	311
3914	1870	556
3916	1463	268
3923	2806	522
3926	2479	353
3929	1710	339
3933	1990	544
3936	1913	200
3937	2373	305
3941	2352	390
3943	3827	553
3948	2483	518
3951	3942	532
3951	3942	542
3953	4589	428
3954	2208	567
3957	2867	538
3958	3356	396
3961	2008	605
3963	2283	232
3963	2283	144
3964	2313	284
3969	4053	530
3973	3061	437
3974	3601	404
3981	2444	266
3985	2216	295
3985	2216	234
3986	1977	267
3987	2890	564
3989	2739	521
3991	3966	474
3991	3966	362
3994	2440	242
3994	2440	344
4000	3087	385
4004	3182	440
4004	3182	375
4005	2364	448
4007	2048	360
4009	4879	450
4013	2317	266
4015	1999	185
4018	2312	392
4020	1604	355
4022	2587	303
4026	3484	590
4029	2978	428
4031	1683	343
4033	2672	319
4033	2672	367
4040	2449	584
4051	3226	504
4055	5422	568
4055	5422	598
4056	2187	296
4057	2744	393
4059	1735	292
4062	3811	537
4062	3811	441
4063	1878	319
4064	2321	158
4064	2321	171
4066	2099	302
4067	4435	596
4067	4435	457
4078	2623	186
4078	2623	296
4082	2934	551
4083	3289	342
4083	3289	305
4088	2503	349
4089	3146	343
4089	3146	255
4090	2238	168
4090	2238	233
4092	3385	392
4093	2028	249
4095	2340	323
4097	2721	379
4098	5107	382
4098	5107	380
4102	2594	304
4104	3159	327
4105	2090	348
4106	1775	358
4111	2546	496
4113	2442	335
4113	2442	338
4114	2037	185
4115	2385	413
4120	2099	347
4121	1217	243
4132	2542	335
4132	2542	298
4133	2446	185
4141	3070	358
4142	1890	388
4145	1573	370
4147	2674	222
4147	2674	360
4148	2547	386
4155	2433	377
4156	1197	323
4163	2759	314
4164	2358	315
4166	2794	397
4171	2734	574
4175	3200	381
4177	3154	607
4181	2651	274
4181	2651	196
4184	2768	317
4184	2768	357
4185	4507	590
4187	2801	558
4190	2104	343
4194	3254	601
4197	1434	349
4202	1986	279
4207	2736	384
4207	2736	340
4214	2189	344
4217	2788	227
4223	2255	227
4226	2350	636
4227	2921	336
4228	2558	363
4229	2383	392
4232	2190	346
4232	2190	359
4236	2388	369
4237	2032	263
4238	1360	326
4240	3175	259
4242	2701	227
4244	1378	136
4245	2961	410
4246	3038	368
4249	2678	268
4254	3545	576
4255	2369	183
4255	2369	207
4256	2184	293
4256	2184	273
4258	4245	614
4258	4245	543
4266	2077	486
4272	1676	265
4274	3385	413
4275	2149	404
4279	1349	338
4281	2904	273
4281	2904	144
4281	2904	125
4282	2430	377
4284	1166	348
4285	2007	309
4287	2742	222
4289	3040	512
4293	2182	281
4296	1470	369
4297	939	321
4302	2642	388
4307	3203	614
4311	1876	387
4317	2805	438
4325	2392	562
4327	2025	526
4330	2111	542
4331	2899	286
4331	2899	265
4335	4268	301
4335	4268	328
4336	1995	504
4346	1795	352
4351	1758	345
4356	2408	185
4357	1674	363
4358	4638	550
4358	4638	307
4362	3147	309
4367	2299	627
4368	1797	407
4369	4185	436
4369	4185	595
4371	2461	211
4376	2398	461
4384	4884	451
4399	3311	159
4399	3311	142
4399	3311	589
4400	3581	538
4401	2796	654
4402	3137	394
4403	3250	111
4403	3250	132
4404	2130	422
4406	2379	440
4409	2677	562
4410	2588	663
4411	1926	362
4421	2767	378
4423	2078	592
4426	5069	413
4426	5069	594
4430	2026	368
4431	1622	317
4432	934	185
4434	2988	629
4435	3263	280
4436	1496	374
4437	4029	770
4438	2160	266
4439	2498	511
4441	3102	601
4441	3102	185
4446	2217	270
4455	5059	310
4459	2251	578
4460	2055	307
4460	2055	262
4461	2337	599
4463	2668	275
4463	2668	330
4465	4196	230
4465	4196	204
4467	3429	576
4468	2602	383
4468	2602	302
4473	3198	421
4474	2317	453
4475	1207	309
4477	2560	553
4482	2868	329
4484	2294	424
4486	2776	541
4487	2323	598
4488	2811	373
4488	2811	311
4489	4154	481
4489	4154	593
4490	1750	382
4491	1973	220
4491	1973	368
4492	3678	381
4493	5801	338
4494	2338	185
4495	1842	368
4497	1907	268
4500	1796	370
4501	4515	505
4501	4515	455
4503	2226	293
4503	2226	333
4507	1679	327
4508	2929	348
4508	2929	348
4510	3228	234
4511	2124	178
4515	3440	542
4523	2297	562
4528	1541	404
4530	4739	567
4530	4739	430
4531	1846	340
4534	2358	322
4534	2358	157
4542	3956	700
4550	3130	481
4552	6306	746
4554	2045	380
4560	2081	299
4561	3801	370
4561	3801	350
4564	3086	367
4570	3272	391
4580	4233	365
4580	4233	586
4588	2470	257
4589	2166	480
4592	2574	643
4593	1528	321
4596	2565	370
4599	4742	294
4599	4742	423
4600	1540	329
4602	3703	616
4603	2707	222
4604	2593	312
4604	2593	312
4605	4094	421
4605	4094	599
4608	2024	267
4613	3176	671
4617	1203	245
4618	2190	430
4620	3069	196
4620	3069	322
4622	2934	611
4623	1732	185
4626	2710	415
4626	2710	320
4628	4459	146
4628	4459	195
4628	4459	567
4629	1437	327
4630	1871	467
4631	4480	297
4635	4799	468
4635	4799	185
4638	2888	311
4641	1281	298
4647	4275	400
4647	4275	176
4647	4275	525
4650	2124	227
4651	5498	564
4651	5498	601
4654	1954	372
4659	2113	244
4660	3223	357
4661	2214	434
4674	1863	275
4676	2142	260
4677	3812	599
4684	5232	517
4691	3451	351
4695	3858	622
4696	2556	361
4704	2955	319
4704	2955	268
4705	3465	283
4705	3465	286
4707	2517	659
4709	2063	243
4712	4360	273
4717	2534	397
4721	2036	296
4722	2486	407
4724	2297	147
4724	2297	141
4726	3569	576
4727	3358	326
4730	2527	346
4736	3093	300
4736	3093	317
4737	1744	365
4741	4143	346
4744	2070	385
4747	3462	611
4748	2044	571
4749	1200	313
4750	1612	366
4751	1986	365
4752	2045	342
4759	2630	391
4760	2840	314
4764	2541	383
4770	3920	435
4772	3109	470
4775	1958	354
4780	2882	246
4780	2882	325
4783	3251	488
4803	2502	355
4803	2502	365
4804	4230	391
4805	2297	349
4806	5204	632
4810	3331	531
4813	2123	418
4813	2123	179
4814	3099	393
4823	1201	282
4826	2046	370
4828	3456	309
4830	3044	339
4833	3272	359
4834	2317	382
4836	1375	185
4837	1372	261
4839	2498	342
4855	2068	307
4857	2619	380
4857	2619	351
4865	2238	317
4872	2385	288
4875	1680	359
4896	1419	346
4897	4334	358
4901	1330	221
4918	2327	446
4920	2456	284
4921	2141	428
4930	1941	291
4935	2496	308
4936	2666	673
4938	3008	243
4943	2479	304
4944	2137	328
4945	2844	339
4945	2844	494
4948	2444	254
4953	2285	527
4960	2063	308
4964	4298	781
4968	1750	177
4968	1750	296
4969	3622	461
4969	3622	508
4970	2089	278
4974	3186	553
4975	1895	511
4988	2519	873
4990	2609	427
4993	2717	450
4999	2332	234
5005	1752	185
5007	3220	524
5007	3220	470
5011	2712	536
5014	1972	329
5018	3618	691
5018	3618	274
5020	1594	322
5022	1545	256
5027	4419	390
5029	3024	451
5037	2480	526
5041	2023	263
5042	3414	821
5047	1955	301
5057	3959	169
5057	3959	287
5062	3144	526
5067	3104	451
5069	2600	431
5074	1782	259
5077	997	234
5079	2743	427
5082	4795	465
5087	2150	251
5094	1568	200
5112	3319	515
5112	3319	498
5118	3088	472
5127	4075	288
5127	4075	822
5128	2356	512
5134	1776	430
5135	2277	389
5156	3313	336
5156	3313	472
5157	2801	226
5157	2801	242
5168	1715	314
5174	1314	360
5175	2883	543
5180	3037	502
5182	1531	267
5183	2221	248
5193	3386	266
5193	3386	285
5194	3026	165
5194	3026	226
5199	2740	215
5202	2255	310
5205	2403	497
5207	3241	469
5221	2027	267
5221	2027	274
5225	2022	466
5229	2774	447
5229	2774	427
5234	2161	242
5235	3904	595
5237	2249	230
5240	2454	533
5249	2290	299
5250	2069	379
5251	2211	595
5256	3424	492
5257	3325	483
5259	2354	392
5264	3685	464
5266	2352	177
5266	2352	295
5274	1510	301
5278	3927	290
5288	4413	361
5294	3715	453
5294	3715	471
5296	3790	626
5298	3122	392
5299	5413	355
5302	2804	511
5308	2543	255
5309	2370	329
5317	1453	502
5321	2033	200
5340	3759	421
5341	4005	267
5341	4005	211
5344	2229	340
5345	5294	607
5347	3221	576
5348	2249	517
5351	2463	220
5352	730	309
5353	1978	413
5363	3789	490
5363	3789	421
5379	3684	541
5380	3684	427
5382	3649	622
5386	3950	250
5386	3950	584
5387	4028	170
5387	4028	206
5390	4122	481
5392	3209	551
5393	3134	547
5403	3952	557
5405	3670	471
5407	2491	444
5415	3679	200
5416	3265	343
5418	3002	508
5422	2918	552
5425	2120	243
5426	2906	567
5429	3140	680
5436	3819	552
5437	3955	632
5438	2417	473
5444	2108	557
5445	4651	465
5452	4283	832
5458	3645	185
5461	3265	618
5463	2975	580
5464	2216	484
5465	4548	610
5466	2282	166
5466	2282	192
5474	2967	177
5474	2967	472
5482	3173	578
5493	2103	337
5497	2644	466
5502	2152	211
5503	1760	425
5504	4715	463
5504	4715	200
5507	1196	411
5508	1458	492
5509	3424	364
5512	2378	360
5515	1750	185
5516	4332	448
5516	4332	596
5518	2483	200
5521	1365	264
5525	4273	597
5525	4273	383
5526	2042	623
5528	3258	435
5530	2654	543
5533	3163	263
5533	3163	529
5535	3812	570
5535	3812	569
5538	3005	591
5541	2901	878
5547	2028	311
5548	3038	763
5549	1663	321
5550	2354	483
5552	4060	604
5559	2788	374
5561	2688	876
5571	4234	693
5574	3278	286
5575	2175	251
5576	2061	417
5578	2383	211
5580	3663	601
5582	3246	543
5586	2440	545
5589	3723	200
5591	2901	391
5597	2704	410
5601	2848	572
5611	4760	709
5611	4760	482
5612	966	355
5613	3495	500
5614	4612	402
5616	3526	510
5629	3930	606
5629	3930	194
5629	3930	187
5632	2373	185
5633	2520	342
5635	4101	274
5639	1763	464
5642	4213	494
5642	4213	515
5643	3991	484
5643	3991	542
5644	3911	626
5644	3911	185
5645	2131	336
5646	5268	410
5652	2025	590
5654	1593	313
5657	4030	211
5662	3559	433
5663	2581	301
5667	3538	618
5681	2193	314
5681	2193	346
5699	5356	266
5704	1611	317
5705	2219	269
5706	1815	200
5715	3547	396
5729	1191	261
5730	3554	327
5730	3554	238
5733	5425	350
5735	3779	375
5736	3704	227
5750	2776	200
5750	2776	363
5752	4828	644
5752	4828	600
5753	2710	212
5753	2710	306
5753	2710	150
5756	2026	461
5758	2842	351
5760	3857	377
5765	2010	268
5771	3254	674
5775	2419	347
5776	2175	608
5777	4016	371
5781	1177	227
5784	2680	185
5784	2680	211
5788	2228	403
5790	2473	449
5797	2040	377
5800	4608	491
5800	4608	891
5801	2860	559
5801	2860	292
5803	4848	185
5807	2483	409
5807	2483	203
5808	4853	235
5808	4853	484
5811	4718	612
5811	4718	290
5815	2339	606
5816	3082	964
5817	2946	604
5823	4696	628
5826	4309	559
5826	4309	613
5829	2136	333
5841	1865	498
5842	3219	503
5848	2148	371
5851	2415	300
5852	2066	296
5857	3993	620
5857	3993	473
5863	2149	526
5864	2728	319
5864	2728	181
5866	2375	306
5868	2363	344
5869	4706	729
5872	1723	315
5875	3827	566
5880	2991	547
5883	3743	372
5885	3732	896
5889	1641	354
5890	4932	801
5892	2715	624
5900	1855	360
5901	2197	347
5902	3891	455
5911	3043	312
5911	3043	294
5919	1885	324
5922	3857	289
5938	1813	185
5940	3738	450
5943	4360	347
5943	4360	419
5948	4413	620
5956	2076	459
5958	2179	610
5959	3042	325
5959	3042	340
5962	2384	313
5963	4350	592
5969	2732	539
5972	2288	683
5975	2358	362
5978	2974	328
5987	4818	998
5989	3013	458
5993	1772	314
5995	2338	266
5999	1989	325
6000	3339	469
6001	1897	261
6011	2586	427
6014	1727	313
6024	2947	427
6025	2595	211
6033	2525	378
6038	4827	314
6041	3374	234
6044	1625	305
6045	5134	361
6045	5134	591
6046	1282	296
6049	2320	221
6054	2314	458
6057	1640	245
6059	2576	513
6061	2172	467
6067	3636	486
6070	3908	311
6071	2414	342
6071	2414	346
6074	2478	274
6078	2082	533
6084	3391	465
6084	3391	245
6087	2421	376
6087	2421	360
6095	2964	617
6097	2158	555
6098	2791	358
6103	2150	323
6104	4214	585
6106	3042	451
6109	2439	891
6117	2875	612
6122	3163	248
6123	1865	279
6125	1988	363
6131	3228	387
6132	4696	595
6134	4808	628
6134	4808	399
6136	2922	542
6137	3873	627
6138	3770	328
6139	3837	619
6141	4481	542
6141	4481	549
6143	4412	704
6150	3072	238
6155	1850	670
6157	2118	570
6159	3867	329
6161	5283	608
6167	1515	436
6168	4785	238
6168	4785	323
6169	3717	923
6171	4038	782
6172	3151	704
6173	3193	521
6178	3257	633
6180	3781	876
6183	3706	561
6185	4322	522
6188	3591	643
6191	3451	457
6193	1629	185
6195	2898	214
6195	2898	388
6198	3260	420
6199	3746	253
6205	3419	589
6206	4003	591
6211	2576	413
6213	2390	324
6219	2405	260
6223	4671	668
6224	3054	346
6226	3445	459
6226	3445	515
6227	3134	638
6229	1145	295
6233	2415	272
6233	2415	287
6235	2031	270
6236	4024	396
6237	4341	586
6237	4341	574
6238	2457	446
6243	3968	450
6246	5433	521
6248	2059	505
6251	2089	455
6255	2923	387
6256	3495	582
6260	2372	427
6261	4652	435
6262	2538	507
6265	1915	487
6272	1832	392
6278	4791	684
6279	3667	664
6282	4031	745
6283	3585	498
6285	3498	680
6287	2214	389
6289	1717	185
6290	3612	645
6297	3506	655
6301	2574	271
6301	2574	495
6305	3001	643
6306	3858	185
6309	4022	624
6316	2651	318
6316	2651	185
6319	3740	535
6320	3105	200
6325	2782	365
6325	2782	373
6328	3233	617
6330	3094	535
6336	2223	625
6344	2858	221
6356	2071	402
6360	3424	625
6365	2445	496
6369	3783	553
6373	2749	324
6379	1699	422
6391	2715	295
6392	2108	523
6393	2940	342
6401	3733	268
6401	3733	477
6404	3079	622
6408	2188	378
6410	3366	545
6410	3366	476
6417	4113	640
6417	4113	578
6419	1793	368
6421	1917	432
6428	4292	777
6432	1740	433
6433	1380	248
6437	3741	258
6439	2233	285
6441	2711	464
6448	2243	510
6450	2144	486
6451	2170	289
6457	1755	493
6472	1820	352
6474	2716	397
6474	2716	373
6491	3017	463
6492	3324	519
6565	3852	464
6569	3184	351
6569	3184	325
6571	2947	275
6574	4174	597
6575	3269	616
6576	4077	578
6580	2560	376
6582	3087	385
6585	1956	331
6586	3845	291
6591	4748	404
6593	1799	298
6604	3262	405
6605	2885	227
6606	5007	558
6606	5007	602
6608	3056	422
6609	1161	298
6615	2591	270
6619	2556	407
6624	2754	278
6630	1506	354
6632	2487	543
6637	4441	173
6637	4441	562
6638	4651	476
6639	2443	232
6639	2443	246
6640	3187	574
6646	2463	311
6650	2370	261
6651	3257	297
6651	3257	169
6655	4334	525
6656	5547	259
6656	5547	323
6656	5547	225
6657	1760	305
6660	4101	428
6665	3735	523
6666	2306	211
6671	2220	312
6671	2220	228
6677	5260	408
6682	2650	422
6684	2413	200
6690	3404	623
6691	2018	284
6692	4063	185
6697	2563	380
6698	2670	362
6699	2628	422
6705	1968	216
6705	1968	165
6706	4051	840
6708	1897	254
6712	4086	772
6714	2592	543
6717	4948	316
6722	2832	373
6724	2102	339
6725	4375	601
6725	4375	423
6736	2653	369
6738	2519	581
6742	4875	622
6742	4875	582
6743	4188	316
6743	4188	244
6743	4188	654
6745	5558	578
6745	5558	485
6748	3184	579
6751	3559	577
6751	3559	538
6752	3895	361
6753	3093	391
6753	3093	306
6755	3670	664
6756	2854	391
6758	2123	372
6760	4004	283
6760	4004	254
6767	3417	561
6768	3598	345
6769	3322	441
6770	2355	559
6775	5401	346
6775	5401	368
6779	3854	609
6781	1949	266
6784	4356	185
6786	2592	435
6787	2235	275
6791	2387	486
6796	2139	553
6799	2171	525
6808	2658	362
6808	2658	291
6810	2732	605
6811	3636	282
6811	3636	669
6812	1340	329
6814	4040	861
6817	3170	547
6817	3170	224
6820	4024	483
6833	2573	278
6833	2573	326
6837	2620	477
6838	4012	526
6841	2661	561
6844	2354	434
6854	1953	317
6865	2472	206
6868	2650	254
6868	2650	323
6872	2384	200
6873	1384	244
6880	3561	166
6885	2009	236
6895	3658	551
6900	2338	451
6902	2384	340
6905	1584	373
6909	2988	533
6910	2803	185
6912	2194	335
6918	3114	340
6918	3114	377
6924	2616	539
6925	1501	321
6927	3321	313
6931	2762	363
6932	3849	533
6932	3849	298
6937	2082	237
6940	1911	348
6945	3086	322
6948	3755	568
6950	2012	356
6951	2233	361
6956	2199	366
6957	1978	335
6964	2821	343
6967	2720	543
6969	2647	242
6976	2405	294
6979	1606	275
6981	1546	227
6986	4031	258
6986	4031	221
6988	1954	289
6989	2381	342
6990	2588	257
6990	2588	348
6998	3916	539
6998	3916	486
7007	3162	527
7007	3162	185
7011	2386	325
7011	2386	379
7013	4030	508
7013	4030	185
7014	2560	407
7016	2958	312
7018	2954	367
7028	3293	529
7028	3293	213
7029	3203	297
7033	2203	512
7038	4902	570
7042	2350	851
7045	3714	559
7047	2738	621
7048	2889	316
7049	2528	575
7050	4229	612
7053	3058	245
7057	2318	290
7059	2234	554
7060	4669	405
7061	3622	207
7061	3622	149
7061	3622	246
7066	1991	564
7077	2401	569
7086	4411	583
7089	1800	436
7101	4288	612
7101	4288	551
7102	2380	433
7106	3090	654
7109	1736	339
7110	3235	387
7116	5043	472
7116	5043	394
7118	3647	459
7119	4049	505
7119	4049	563
7124	2277	382
7127	3265	544
7129	1543	336
7131	2592	558
7132	2611	466
7145	3739	306
7147	2878	230
7148	3598	589
7153	3857	649
7160	4394	461
7161	3566	368
7163	1984	244
7182	3456	396
7187	3385	601
7190	3682	619
7194	4558	612
7194	4558	660
7196	4214	211
7197	5047	185
7201	1985	318
7202	2199	311
7206	3878	507
7206	3878	494
7207	1147	185
7209	2600	227
7216	2231	351
7217	3060	503
7218	2553	337
7225	3121	562
7229	3806	548
7234	4942	464
7234	4942	211
7240	1615	239
7254	2394	379
7256	2914	444
7256	2914	200
7260	1824	469
7265	1798	424
7270	2673	413
7271	3055	512
7272	3081	246
7274	4621	232
7274	4621	303
7280	5058	624
7280	5058	484
7284	1906	611
7286	2799	470
7287	1912	408
7288	3584	461
7288	3584	408
7289	3636	584
7294	2305	371
7299	1964	429
7301	2196	473
7303	2436	308
7303	2436	347
7309	1468	477
7312	2312	426
7313	4081	548
7313	4081	596
7315	1695	325
7320	1904	322
7321	899	289
7323	2802	357
7327	1798	416
7333	2235	543
7336	3175	459
7336	3175	368
7339	2438	368
7343	2353	455
7348	4583	200
7350	2491	357
7359	1366	383
7360	3568	543
7360	3568	533
7362	2045	414
7363	1909	397
7369	791	185
7374	1583	347
7379	2783	392
7380	1830	233
7381	3293	384
7381	3293	172
7384	2259	412
7385	1704	516
7393	2271	295
7397	2252	267
7399	3173	351
7399	3173	584
7401	4085	810
7402	2520	481
7403	2531	337
7405	1795	293
7408	2343	271
7408	2343	346
7415	2000	340
7421	3544	267
7424	2960	371
7427	2979	470
7429	3805	254
7430	2309	353
7430	2309	263
7435	3206	183
7435	3206	550
7436	1641	291
7448	1604	318
7453	1448	533
7454	2390	262
7454	2390	222
7455	2090	249
7457	1849	347
7458	3363	284
7460	3599	352
7462	2448	404
7468	3636	527
7474	1716	544
7475	4183	415
7475	4183	430
7480	2574	672
7483	3128	503
7484	2072	185
7485	3151	363
7486	2030	385
7489	1713	343
7492	2642	333
7492	2642	361
7496	4537	390
7496	4537	686
7502	3630	358
7504	3701	543
7504	3701	377
7508	1741	283
7509	2670	540
7511	1766	286
7512	4030	394
7516	1795	381
7517	2295	197
7517	2295	370
7518	4285	434
7521	3228	286
7522	2337	586
7523	2333	352
7524	1032	298
7525	2759	328
7529	1427	376
7532	1743	298
7535	3575	314
7536	2837	785
7539	4219	614
7539	4219	206
7540	1687	335
7545	2260	256
7554	4926	594
7556	3354	519
7556	3354	574
7557	2652	398
7558	1233	243
7560	2821	319
7560	2821	291
7563	1602	243
7565	2348	369
7566	3460	531
7568	3552	135
7568	3552	629
7569	2421	206
7570	3407	377
7571	4155	494
7571	4155	423
7574	3481	256
7575	2090	138
7575	2090	167
7579	2207	148
7579	2207	349
7581	3211	306
7581	3211	398
7585	3254	284
7601	3332	593
7605	3612	289
7606	3157	612
7608	2268	511
7612	3670	595
7613	1907	517
7614	2233	295
7620	2143	333
7621	2802	424
7622	2243	272
7623	2324	270
7625	2238	226
7626	5039	832
7628	3020	278
7629	2515	441
7631	1838	338
7633	3798	159
7633	3798	310
7634	4073	674
7636	2798	448
7637	1888	266
7644	1835	313
7645	2371	432
7652	2206	342
7654	1216	372
7660	2558	241
7661	1956	122
7661	1956	150
7662	4064	476
7664	4915	637
7664	4915	215
7665	2366	565
7667	5098	538
7668	2407	613
7670	2153	355
7671	3863	634
7673	3098	471
7673	3098	580
7674	2677	551
7681	1860	244
7682	2299	434
7684	2831	389
7687	2519	362
7689	2445	360
7690	2764	506
7692	2275	343
7700	4345	521
7700	4345	347
7702	2506	406
7703	2210	564
7704	2028	185
7708	2125	544
7709	3595	334
7714	3622	704
7716	2174	397
7723	1853	352
7732	2378	615
7734	2252	343
7735	1851	299
7737	2432	185
7743	2074	243
7749	3831	646
7751	2003	380
7752	4244	218
7752	4244	194
7753	2199	204
7753	2199	367
7757	1618	403
7758	1808	364
7761	3172	637
7766	1771	361
7767	4030	506
7768	3194	417
7769	2730	647
7771	4656	227
7771	4656	562
7776	2368	348
7778	3458	376
7782	3880	853
7784	2680	572
7785	2059	587
7790	2814	251
7791	1386	248
7794	2095	613
7797	3552	684
7806	3936	501
7807	3884	704
7811	4144	338
7811	4144	348
7812	4215	808
7813	2924	395
7814	2738	570
7816	2333	292
7820	1464	329
7821	2970	383
7824	2501	364
7826	2192	255
7828	3559	622
7829	3084	575
7832	2539	607
7833	4097	643
7837	4752	652
7837	4752	557
7840	3909	525
7843	1906	314
7845	4410	529
7845	4410	598
7846	1264	185
7849	3039	571
7851	2764	556
7854	1814	395
7859	3643	582
7861	2421	497
7863	5106	230
7876	3650	663
7881	1886	332
7883	1240	185
7885	2563	496
7889	3421	608
7890	1451	185
7900	2732	388
7902	2963	479
7903	1298	254
7905	3828	413
7907	2156	370
7924	2970	571
7926	2878	262
7929	2281	394
7931	4423	578
7942	2163	368
7943	4486	632
7946	2628	277
7950	1603	397
7951	4093	635
7953	4648	284
7953	4648	316
7953	4648	278
7957	3599	243
7958	4640	469
7958	4640	674
7959	3563	741
7963	3068	511
7964	2187	195
7968	3341	376
7969	4568	507
7969	4568	484
7971	3934	504
7973	2529	617
7974	2903	405
7974	2903	381
7975	1951	442
7981	3910	576
7982	3532	614
7989	4094	410
7990	3769	346
7992	2276	227
7995	2248	278
7995	2248	403
7997	2515	691
7998	4162	323
7999	4441	933
8002	2574	272
8008	3605	900
8010	3753	188
8010	3753	234
8011	2659	127
8018	3169	438
8019	2136	337
8027	1188	364
8028	3304	702
8029	2443	334
8030	2352	670
8032	2563	626
8038	4831	444
8038	4831	590
8043	2934	542
8044	1174	227
8046	3624	363
8049	4390	645
8050	4648	463
8053	2075	272
8056	2461	547
8057	2650	646
8058	2411	357
8067	4385	609
8067	4385	590
8068	2845	591
8071	2339	243
8072	3044	359
8082	2458	468
8085	3150	605
8095	2654	527
8097	1960	675
8099	2377	401
8103	4152	177
8103	4152	582
8104	4993	591
8105	3734	790
8107	4002	302
8113	1595	261
8115	2045	620
8116	3239	548
8118	4356	253
8118	4356	666
8119	2723	185
8120	1888	410
8124	2570	302
8127	3281	816
8129	1780	391
8130	2607	385
8131	1831	313
8132	4795	665
8133	2650	629
8134	1931	373
8136	3985	607
8138	2489	404
8141	2590	230
8141	2590	378
8142	3146	635
8143	2538	608
8145	2542	347
8146	1499	325
8147	4873	522
8148	1978	185
8151	4630	655
8153	1920	266
8154	2051	326
8156	4859	483
8158	2807	295
8160	2671	633
8161	2591	305
8162	1570	469
8168	2233	662
8174	3484	314
8176	1894	389
8177	4279	501
8179	3080	370
8180	2979	401
8184	3326	611
8185	1860	389
8187	5063	459
8187	5063	547
8188	4108	185
8189	2881	392
8194	2975	314
8196	3120	297
8196	3120	222
8197	3277	305
8198	2769	659
8199	2260	211
8200	2789	394
8200	2789	270
8204	3112	543
8205	3394	534
8205	3394	178
8207	2966	252
8207	2966	681
