0	19137	28237
3	2758	424
5	3647	331
10	1968	481
16	3050	226
19	1895	185
26	1294	239
29	1848	312
30	2687	313
33	5971	261
33	5971	291
41	3977	481
42	2551	305
44	2815	528
46	3081	196
47	2886	342
55	1962	461
63	5472	306
64	1583	338
65	2669	289
67	2596	636
69	2266	504
71	2642	297
72	3801	287
73	6767	461
73	6767	337
74	3550	390
79	3616	435
79	3616	348
81	2367	449
86	3033	533
87	3083	467
90	3773	528
92	3420	347
95	2350	468
99	2718	305
101	2398	441
102	3271	373
103	6015	289
103	6015	335
109	3721	185
110	2644	470
121	3103	338
123	2445	444
125	1557	280
126	2175	326
129	1958	392
130	4139	469
133	1850	246
136	1676	239
138	2980	397
139	3527	489
141	1774	338
142	2071	434
143	2765	541
145	2840	340
145	2840	230
147	2330	337
150	2052	373
155	2337	344
156	2806	504
157	2590	273
157	2590	274
161	4782	518
163	2077	297
166	2285	516
167	2455	311
169	6804	298
169	6804	431
170	2615	280
171	2909	445
179	1919	293
180	3897	171
180	3897	447
187	3107	196
187	3107	488
189	3011	249
190	2049	185
191	2395	501
192	1659	200
194	1777	261
199	3988	226
200	1403	238
202	2351	273
204	6131	316
208	4197	478
211	4087	558
213	2756	479
219	3109	481
224	3396	185
226	2541	265
228	3397	457
231	5505	295
231	5505	445
236	5154	326
236	5154	270
239	4175	530
240	3119	291
240	3119	360
241	1711	215
244	2328	348
246	2308	483
249	5392	200
249	5392	304
250	2769	503
257	3573	417
257	3573	352
261	1750	293
262	3293	332
265	2094	327
275	5484	517
276	2492	654
281	1197	325
282	2222	294
284	2359	394
286	2509	246
288	2119	258
292	3455	394
292	3455	398
296	2426	326
297	2433	185
300	2872	336
300	2872	346
301	2881	349
301	2881	300
303	3316	338
303	3316	248
304	2734	321
306	1748	547
309	1342	275
314	1778	339
316	1620	280
321	3600	421
325	2605	429
332	2084	252
332	2084	338
335	1580	304
342	1772	331
347	1533	237
369	1875	298
370	1503	232
371	1802	321
376	2728	536
377	1803	287
379	2099	321
382	2763	276
383	2526	318
397	1959	268
397	1959	225
401	1651	326
406	1876	388
411	2726	185
413	3933	364
414	5426	331
418	2461	309
421	3270	291
424	2376	245
427	2028	391
429	1910	316
429	1910	295
430	1794	273
434	4406	307
442	1439	391
445	1699	234
446	3789	492
446	3789	507
447	2032	528
448	1308	275
452	1819	393
459	4495	330
459	4495	315
460	3415	476
462	1433	267
465	3038	396
469	3736	503
470	1886	308
471	1236	325
473	1283	430
475	1894	221
476	2202	227
483	2705	340
485	5101	227
485	5101	354
486	3292	529
490	2045	284
492	3119	333
493	1873	288
495	4973	248
495	4973	260
501	5530	330
509	4683	287
509	4683	366
511	1430	200
516	4516	475
518	3728	315
518	3728	227
519	2210	350
520	1786	308
523	1806	275
524	2153	306
524	2153	235
526	2756	387
529	1793	413
534	7103	438
535	2126	286
536	2519	465
542	2304	243
543	2413	444
546	2219	391
556	3329	252
556	3329	328
558	2059	324
567	3766	302
567	3766	355
572	2037	324
574	2158	299
576	3430	232
576	3430	240
578	2746	462
579	3424	365
580	3358	268
581	3536	344
583	2098	494
587	6641	414
587	6641	334
591	1913	381
592	2179	256
596	3008	550
604	1933	466
611	2349	452
614	3624	296
617	5339	227
617	5339	393
618	4219	388
618	4219	450
621	5647	526
621	5647	283
622	2095	339
626	3219	418
629	1915	229
630	3431	421
632	3652	614
633	2101	475
635	1723	564
637	1525	416
638	1893	185
640	1888	476
643	1780	317
646	2796	363
654	1986	274
654	1986	322
655	5658	305
655	5658	278
656	3329	328
661	3632	185
664	1650	319
668	1363	255
673	3388	489
674	2042	327
678	2043	396
681	5137	311
683	3086	418
684	2608	500
690	2194	334
707	3073	329
707	3073	254
714	2245	370
719	3930	445
719	3930	412
730	2454	288
730	2454	308
731	6579	227
733	4039	458
735	3513	534
736	2851	350
739	2877	215
746	4076	516
756	2726	243
759	3693	666
761	3140	293
767	6164	327
768	2214	255
769	2197	279
781	5797	478
782	2526	272
785	6809	428
785	6809	494
787	1724	296
793	6036	404
793	6036	339
795	1984	273
797	3780	307
799	2679	533
803	2158	238
809	2218	206
811	3267	326
811	3267	311
812	3710	365
812	3710	338
815	2627	464
818	3195	479
821	3350	470
826	2513	243
826	2513	291
828	2391	431
829	2050	349
831	2120	331
837	5537	333
837	5537	200
844	5369	332
844	5369	222
846	1791	292
856	3519	299
857	3025	413
859	1732	263
859	1732	310
860	2541	330
864	3508	542
868	6583	404
868	6583	342
869	2739	538
872	1949	340
873	776	288
875	2686	476
880	2734	406
881	2538	375
884	4062	363
893	2463	349
894	5338	403
894	5338	260
897	5592	465
905	3441	438
905	3441	417
906	1861	334
907	1671	394
913	1480	355
914	1427	215
919	2585	333
921	2058	295
922	3759	301
923	1853	384
924	4491	495
930	2114	535
935	5972	261
935	5972	366
936	2472	314
940	2144	401
941	4037	387
941	4037	419
944	2239	323
944	2239	160
947	2131	359
951	3431	531
951	3431	229
952	2433	211
955	4818	278
955	4818	336
957	3056	200
961	2626	530
962	3808	310
969	1963	345
973	1913	458
980	2145	297
981	3616	419
984	4337	406
984	4337	447
985	4394	476
985	4394	358
988	2815	385
991	3669	496
993	2339	296
995	1762	360
996	3244	553
999	2575	334
1000	1808	411
1004	1279	253
1007	2769	310
1016	2180	374
1017	4260	408
1019	2528	315
1019	2528	295
1022	4557	321
1026	2022	200
1028	6566	276
1028	6566	452
1031	2648	327
1034	3241	556
1035	6373	484
1036	2055	297
1036	2055	280
1040	4744	518
1040	4744	451
1041	1448	330
1044	1713	279
1050	2533	299
1050	2533	280
1051	2170	227
1057	1506	382
1058	1681	284
1063	3405	476
1063	3405	439
1067	2553	474
1070	2424	316
1072	1822	323
1075	2203	630
1076	2313	358
1077	6475	305
1078	3674	437
1080	2405	233
1083	6442	200
1083	6442	331
1084	3954	333
1086	2672	318
1089	2217	302
1098	3766	463
1100	4035	523
1103	2288	325
1111	2550	428
1113	4296	345
1119	4207	442
1122	2441	468
1125	2685	332
1129	4100	281
1129	4100	200
1132	4548	266
1132	4548	260
1132	4548	510
1139	1748	279
1144	2397	233
1144	2397	320
1148	1969	291
1150	1723	280
1151	1562	235
1153	1908	295
1159	3131	306
1161	3478	418
1166	3637	200
1167	4210	326
1167	4210	477
1168	3903	519
1182	1969	299
1183	3871	436
1184	1500	332
1185	2230	253
1188	5421	317
1193	1614	185
1194	1655	275
1199	1057	273
1202	1682	239
1203	1670	334
1204	1801	291
1206	1716	227
1207	2014	307
1209	4703	308
1214	1817	227
1220	1886	313
1230	6845	565
1230	6845	211
1232	3297	460
1232	3297	468
1238	2287	464
1241	1293	200
1244	2526	216
1245	3072	441
1246	3675	550
1249	2029	339
1251	3081	286
1251	3081	252
1255	6563	545
1255	6563	365
1255	6563	311
1259	1529	262
1261	1887	468
1262	2250	485
1266	1348	292
1269	2704	298
1270	2472	215
1271	2272	367
1272	3599	493
1278	1682	285
1279	2850	325
1279	2850	236
1280	3662	347
1281	2140	316
1282	6408	241
1284	2506	321
1299	7110	242
1300	2362	337
1303	5951	460
1306	2101	305
1311	1495	292
1312	2360	314
1318	5871	250
1321	4930	355
1326	2964	456
1331	1368	200
1336	1583	251
1338	3217	395
1341	2173	227
1341	2173	275
1352	1791	447
1355	3592	320
1367	3791	529
1371	2316	327
1372	4326	206
1377	2793	311
1378	4266	290
1381	3337	404
1383	3727	509
1387	2139	215
1390	1862	301
1393	1473	250
1402	1871	227
1404	3119	334
1406	2146	296
1411	3192	256
1413	5215	276
1413	5215	357
1413	5215	222
1414	2291	216
1414	2291	311
1418	2182	253
1420	4924	570
1422	2666	505
1427	1806	255
1428	2362	286
1438	2577	185
1447	4650	469
1447	4650	538
1449	1365	249
1454	1391	511
1457	4135	322
1457	4135	234
1459	4153	297
1460	3159	284
1460	3159	282
1468	3104	318
1470	5198	364
1479	1781	395
1480	2262	264
1484	2103	221
1485	6175	406
1485	6175	421
1491	1896	185
1495	2003	332
1498	2374	404
1499	2511	294
1499	2511	312
1502	4424	390
1502	4424	285
1504	3943	481
1505	2909	349
1507	5107	185
1507	5107	320
1509	2225	327
1510	2841	272
1515	2812	463
1518	1516	539
1519	1959	542
1527	2926	408
1533	2343	321
1533	2343	211
1534	2373	542
1536	2711	296
1536	2711	327
1538	6611	508
1543	3524	455
1544	2123	211
1547	2596	351
1553	2248	499
1554	1881	281
1556	4512	264
1556	4512	476
1557	3481	512
1569	2229	386
1570	1810	290
1575	1912	243
1584	1836	248
1586	2245	185
1589	2505	583
1592	5080	166
1593	1488	662
1607	1818	265
1611	4374	328
1611	4374	378
1613	1906	291
1614	4462	543
1616	1446	293
1619	2141	534
1620	1510	304
1621	2246	215
1626	1439	529
1627	2312	358
1631	1957	312
1633	3032	492
1634	2276	234
1634	2276	251
1637	2106	562
1647	1706	312
1648	1149	185
1649	2665	414
1651	4661	504
1651	4661	502
1652	2364	572
1654	2585	458
1656	1241	281
1660	2200	285
1661	2421	515
1664	2820	326
1665	1778	296
1667	2566	511
1670	2448	513
1675	3596	413
1682	1316	317
1683	4044	189
1684	2832	330
1685	4208	534
1688	3928	519
1692	2226	324
1694	2398	466
1709	2989	293
1710	3749	473
1710	3749	516
1711	1551	340
1712	3640	369
1714	2214	520
1717	2474	254
1717	2474	174
1719	1837	320
1730	1346	267
1731	1817	523
1732	2051	517
1735	2732	545
1742	1777	336
1745	3563	365
1745	3563	348
1752	2362	241
1754	1381	215
1756	2900	255
1760	3035	521
1761	3244	457
1762	1087	280
1764	3760	254
1768	1607	286
1771	1182	278
1772	1885	550
1773	2687	335
1775	3330	496
1779	2725	415
1784	2370	743
1786	5150	300
1789	3008	353
1790	2080	355
1791	3833	510
1792	1391	333
1793	2214	576
1796	2246	366
1799	1963	201
1799	1963	293
1800	2271	286
1802	1952	555
1806	2473	333
1809	2540	306
1814	1750	302
1816	2341	544
1817	1833	256
1818	1899	486
1824	1781	350
1825	2323	381
1826	2164	365
1829	2052	278
1830	1598	321
1841	2208	546
1846	2408	259
1854	2209	308
1856	3057	360
1856	3057	262
1857	2487	549
1864	1680	164
1866	3177	521
1867	1237	554
1868	3297	520
1871	2089	361
1872	2625	330
1876	2226	516
1877	2224	520
1879	2197	557
1880	2753	388
1885	4267	493
1895	2025	294
1901	1647	329
1903	4314	346
1905	2100	498
1907	1616	222
1909	1592	524
1911	1718	353
1913	3204	397
1914	2358	266
1914	2358	310
1915	1809	290
1916	2138	184
1916	2138	162
1920	1133	211
1924	3800	535
1934	3736	483
1940	3762	525
1944	2224	332
1947	2549	410
1948	4588	511
1948	4588	272
1949	2369	505
1952	1923	497
1953	4558	573
1953	4558	529
1954	2567	292
1956	2345	463
1957	2846	480
1958	2853	485
1961	2866	516
1962	2490	359
1966	4680	538
1968	2097	325
1975	2753	244
1979	3569	292
1979	3569	498
1983	3035	384
1984	2272	243
1984	2272	276
1985	2388	469
1985	2388	483
1989	2541	185
1991	2187	583
1998	2672	487
2006	4685	612
2010	2423	298
2010	2423	334
2011	1865	375
2016	3091	353
2020	3449	421
2024	3276	458
2029	2336	316
2029	2336	270
2030	3170	561
2031	3938	528
2035	2412	481
2036	4327	338
2037	5111	263
2040	1416	314
2042	1847	511
2043	3543	513
2047	2407	390
2050	3247	371
2052	2451	536
2055	3617	185
2062	1987	206
2064	5084	510
2066	1218	303
2070	2050	200
2073	1772	200
2077	3697	477
2077	3697	294
2078	3589	532
2078	3589	395
2079	1979	332
2083	3497	544
2087	4484	583
2089	2147	486
2090	2585	496
2092	2457	366
2098	3445	505
2100	2224	350
2102	2935	541
2103	2546	310
2103	2546	185
2104	2282	543
2105	2346	379
2106	2631	302
2108	2724	347
2112	1769	185
2113	1950	306
2117	5220	479
2117	5220	590
2118	1366	458
2119	4222	551
2119	4222	334
2122	2348	445
2127	2545	525
2129	2061	268
2131	4440	275
2133	4763	610
2135	1289	299
2142	3873	498
2142	3873	587
2143	3560	566
2159	2203	233
2162	2211	296
2163	3745	178
2163	3745	501
2169	1762	349
2171	2464	425
2172	2434	345
2174	3264	566
2178	3500	584
2180	1682	185
2185	2906	221
2190	1909	237
2191	2163	363
2194	3200	527
2196	2160	364
2201	3735	502
2211	4159	561
2212	2964	536
2213	1247	185
2219	1675	274
2225	2572	407
2226	4138	200
2228	3618	518
2229	5009	349
2229	5009	403
2230	1812	317
2238	3371	533
2240	2076	277
2241	2452	291
2241	2452	316
2242	1789	227
2243	2905	555
2254	3317	481
2255	3154	266
2256	2131	371
2258	2419	348
2259	2677	432
2262	3055	467
2265	3451	567
2266	2600	310
2266	2600	197
2272	2120	272
2279	2670	550
2284	1941	312
2285	1965	396
2292	1546	243
2293	2951	527
2300	1992	393
2303	2234	551
2305	4863	731
2306	4584	491
2311	2258	471
2315	2130	371
2318	2187	298
2320	2382	539
2327	2136	534
2330	2288	366
2332	2240	409
2336	2583	508
2337	2071	326
2338	2361	249
2339	2267	244
2340	1965	361
2341	1861	368
2343	1824	321
2344	2092	342
2347	2543	326
2347	2543	334
2349	2864	492
2350	2219	286
2350	2219	351
2353	2442	486
2355	4250	559
2355	4250	368
2356	4247	422
2357	2119	206
2357	2119	175
2363	1621	298
2373	2438	331
2376	1511	288
2377	3618	758
2378	3998	548
2379	2475	326
2380	1802	304
2385	2389	269
2386	2783	332
2386	2783	325
2396	2093	348
2397	2505	720
2398	2759	544
2399	5107	270
2399	5107	274
2400	2084	185
2402	2318	309
2403	1805	542
2411	1517	347
2421	4185	545
2422	2040	286
2423	2311	200
2425	2246	311
2428	2026	411
2434	5141	317
2434	5141	438
2437	2204	411
2440	1976	341
2441	1245	302
2442	2361	340
2445	2329	319
2445	2329	319
2450	1983	366
2453	2302	287
2458	2097	324
2461	3192	510
2464	1741	300
2466	3231	503
2468	1796	331
2475	2328	230
2475	2328	381
2477	2767	513
2483	1939	351
2484	1296	354
2488	2389	337
2489	3931	362
2490	1927	289
2492	3189	537
2496	2567	570
2498	2626	364
2503	1616	284
2503	1616	299
2505	2080	243
2507	2526	185
2512	1840	308
2515	2313	469
2518	1670	227
2521	2224	389
2526	2733	360
2526	2733	215
2530	2560	488
2537	2477	769
2538	3182	509
2541	3057	453
2543	1509	329
2557	1608	200
2562	3029	415
2563	1059	200
2564	2167	319
2568	2223	346
2571	1921	341
2572	2366	547
2577	4115	513
2578	4315	533
2578	4315	232
2579	1771	360
2580	2774	364
2582	1371	287
2583	2366	329
2586	3147	761
2588	2768	327
2591	2127	317
2596	3884	459
2599	2521	291
2602	2430	350
2605	4294	434
2609	2010	387
2610	2525	345
2612	1694	185
2613	2375	511
2615	4053	492
2615	4053	374
2619	2659	277
2623	2792	376
2623	2792	354
2626	2351	317
2626	2351	243
2630	2799	250
2630	2799	351
2631	1782	543
2632	2909	348
2633	2105	567
2636	4045	509
2637	2590	322
2638	2262	517
2639	5062	533
2645	1929	437
2646	1921	379
2652	2860	515
2655	3118	606
2658	2731	461
2661	2014	484
2664	3466	455
2666	1570	300
2667	3790	755
2668	3736	522
2671	1786	279
2672	1914	545
2675	3130	475
2678	4124	518
2681	2661	313
2681	2661	157
2682	5067	362
2682	5067	161
2682	5067	178
2683	2448	473
2687	1608	479
2688	3058	339
2688	3058	278
2690	3267	303
2690	3267	303
2691	2925	519
2694	1609	262
2697	3505	470
2700	2470	548
2704	2097	250
2706	2295	534
2711	2380	370
2720	2609	250
2722	3778	346
2731	2129	298
2734	2775	454
2734	2775	309
2735	1979	337
2742	2992	420
2747	2851	339
2749	2693	486
2755	1775	534
2758	2612	523
2763	1152	390
2764	3619	498
2766	2471	561
2767	2508	715
2772	3346	456
2776	3179	568
2781	3371	517
2785	2466	572
2787	2869	282
2788	2285	538
2794	3719	486
2794	3719	337
2801	2823	518
2802	2582	361
2805	2427	411
2809	2282	522
2810	3230	366
2813	3027	331
2815	2591	434
2816	2308	530
2821	2047	227
2823	1613	372
2827	1685	305
2830	3144	417
2831	4585	540
2831	4585	519
2843	2570	362
2847	2747	436
2849	3795	526
2851	1652	352
2852	3460	357
2856	3397	495
2859	3093	696
2862	2861	519
2866	1393	320
2871	2205	506
2875	3013	514
2876	2689	421
2878	3352	260
2878	3352	465
2882	4646	337
2883	2884	395
2886	1983	534
2888	1810	507
2890	2586	361
2895	2310	538
2899	1808	459
2906	3021	386
2908	2726	747
2910	2644	386
2914	2255	468
2917	1977	451
2922	3536	275
2934	2975	550
2938	2349	185
2940	3325	409
2942	3033	469
2944	2716	303
2945	2988	527
2947	3220	509
2952	3172	442
2954	2194	477
2955	3735	341
2958	3066	428
2962	4206	576
2963	2227	596
2966	4072	374
2967	2966	437
2967	2966	260
2970	2429	472
2980	2228	545
2981	4194	419
2984	2086	422
2989	3820	497
2991	2750	338
2992	2477	494
2996	3204	500
3005	4083	490
3005	4083	486
3008	1945	454
3011	3527	200
3011	3527	528
3012	2070	370
3014	3017	461
3017	2084	600
3020	3184	356
3021	3959	564
3022	2586	285
3028	3855	428
3033	3292	417
3033	3292	215
3036	2785	451
3038	3748	477
3045	2747	250
3046	2317	215
3052	2097	324
3053	4255	561
3055	2510	227
3057	4603	335
3067	2785	567
3068	3296	490
3069	4405	482
3069	4405	504
3070	4040	486
3074	3094	783
3079	1531	268
3080	4277	185
3080	4277	256
3081	5091	357
3083	2459	491
3085	2590	381
3087	1949	298
3087	1949	233
3091	2114	519
3100	2126	456
3102	3113	187
3102	3113	172
3112	3834	454
3116	3225	540
3117	3607	496
3117	3607	295
3121	3625	417
3128	2595	522
3136	3871	275
3137	2167	342
3138	2444	530
3139	1648	313
3140	2247	484
3143	5099	494
3143	5099	463
3144	1859	339
3144	1859	222
3150	2777	310
3154	4030	302
3158	1658	200
3164	3439	311
3167	2106	379
3170	1382	227
3173	2668	250
3181	2207	329
3182	1938	267
3183	2302	517
3187	3641	521
3191	2586	539
3195	2627	570
3196	3418	306
3197	3441	523
3198	4944	405
3199	4906	398
3201	2572	368
3203	1722	250
3205	1961	568
3208	4223	488
3209	4421	531
3210	2017	350
3212	2723	373
3220	977	332
3222	2493	534
3223	5247	704
3227	2065	313
3228	2016	521
3229	3306	432
3232	4502	490
3236	2736	250
3239	1638	268
3241	2263	332
3243	2006	296
3243	2006	282
3246	1746	453
3248	2296	480
3249	2486	379
3252	1657	471
3258	1802	494
3263	1564	302
3267	2355	479
3272	3674	485
3287	3035	379
3287	3035	438
3295	1768	298
3298	1872	295
3301	3272	320
3302	3212	404
3303	1972	377
3308	1619	278
3309	2147	211
3313	2823	253
3322	2277	411
3323	2329	340
3323	2329	231
3324	1970	338
3324	1970	289
3325	1013	292
3326	3869	332
3326	3869	310
3328	3177	346
3330	2229	278
3332	2883	312
3333	1506	277
3335	5181	320
3342	2289	506
3345	2136	332
3348	2538	337
3354	2346	454
3355	3089	379
3358	2745	464
3363	1637	324
3369	1563	313
3383	8547	245
3387	8346	328
3390	3757	535
3398	1837	316
3399	4768	221
3404	8439	525
3405	4153	489
3407	2847	307
3409	2108	238
3412	2145	322
3416	3835	475
3416	3835	542
3417	2530	329
3417	2530	332
3421	1939	314
3423	3881	342
3424	2496	306
3429	8722	185
3435	2547	306
3436	1789	317
3438	2489	481
3439	5177	185
3439	5177	317
3440	8421	226
3440	8421	336
3440	8421	540
3440	8421	552
3441	2916	531
3444	4638	323
3444	4638	331
3444	4638	306
3446	1514	320
3448	1663	418
3451	1700	412
3452	4168	448
3452	4168	394
3454	9397	330
3455	2102	268
3457	1900	556
3460	8183	489
3461	2036	286
3463	1624	200
3464	3776	511
3469	4031	307
3469	4031	255
3470	1114	536
3474	2564	254
3475	2323	518
3476	6333	340
3480	2838	227
3486	4618	249
3487	8728	377
3495	2910	307
3495	2910	314
3497	4608	352
3497	4608	370
3501	2220	344
3504	1436	357
3505	1929	368
3508	2498	297
3509	2810	292
3510	2142	348
3515	2023	360
3518	5536	291
3518	5536	303
3518	5536	404
3519	6669	327
3519	6669	211
3521	1493	292
3523	2588	323
3526	2683	496
3528	3501	478
3531	2078	521
3533	2161	393
3538	4033	367
3546	2135	329
3548	2784	265
3550	2001	317
3551	2321	463
3553	2240	305
3558	6088	329
3559	3508	374
3560	1870	373
3561	6205	328
3564	1827	227
3568	2180	469
3570	1954	357
3575	3319	516
3583	2262	465
3589	1503	349
3592	2021	327
3594	1584	321
3596	1691	484
3599	1818	332
3606	5050	303
3610	1760	350
3611	3214	356
3612	1700	185
3614	3990	504
3617	7977	325
3617	7977	261
3618	2353	253
3618	2353	305
3625	3060	491
3632	1729	341
3633	2073	321
3636	2513	279
3639	1701	266
3640	4733	495
3642	3056	332
3648	3242	357
3652	8286	353
3652	8286	314
3652	8286	215
3653	2053	157
3655	3002	335
3666	2395	200
3667	1900	185
3668	5182	713
3672	2553	316
3674	4096	458
3674	4096	301
3688	5416	329
3690	2508	303
3695	3557	532
3716	4509	420
3718	2867	520
3721	2173	200
3723	2875	319
3723	2875	192
3724	2940	472
3726	6264	321
3727	3004	478
3730	3862	324
3730	3862	264
3731	2004	374
3733	2784	221
3736	2557	550
3741	2039	398
3743	3577	380
3743	3577	401
3744	2055	266
3750	2924	466
3752	2689	315
3752	2689	285
3753	1605	255
3754	2176	500
3755	4896	353
3759	2290	379
3764	5719	512
3764	5719	349
3765	3218	295
3770	2332	291
3774	1919	318
3775	6535	455
3775	6535	274
3777	2769	317
3781	4850	283
3784	1947	256
3792	6346	350
3792	6346	334
3794	2243	381
3796	4776	200
3800	2356	200
3802	4239	525
3802	4239	515
3810	7355	331
3813	2241	463
3815	4932	270
3818	2198	332
3819	8406	306
3819	8406	411
3819	8406	531
3826	5533	297
3826	5533	325
3827	2518	499
3830	3481	512
3830	3481	252
3834	2537	258
3839	2191	300
3840	2189	305
3841	3259	480
3842	4466	385
3843	1694	302
3847	2511	463
3849	6496	262
3849	6496	506
3850	2657	341
3851	1765	266
3853	2368	370
3854	8460	588
3854	8460	352
3858	2930	264
3860	1977	510
3861	2054	392
3864	2961	530
3871	3516	436
3872	1355	290
3876	2501	421
3877	1113	275
3884	6635	353
3886	2641	484
3888	2130	266
3892	2118	525
3895	1662	263
3897	4989	254
3898	2008	495
3901	1375	222
3903	3192	532
3905	9158	556
3905	9158	428
3907	1829	456
3908	2870	408
3911	2656	548
3913	2885	215
3914	2332	259
3916	2732	503
3929	3160	521
3929	3160	249
3930	1817	264
3931	2304	724
3932	3064	252
3932	3064	236
3933	2102	396
3934	6409	166
3934	6409	186
3936	2722	305
3937	3702	411
3938	2998	463
3943	3473	648
3944	3763	460
3947	1458	248
3952	2304	378
3955	1560	336
3956	912	262
3967	2327	576
3968	3546	549
3972	7712	235
3972	7712	394
3974	2463	296
3976	6678	535
3976	6678	535
3977	1575	387
3978	1763	310
3980	2862	494
3982	2906	361
3987	2604	351
3988	3349	377
3994	4574	436
3999	1710	580
4007	3386	374
4008	3989	517
4012	5135	453
4015	2741	333
4026	5373	449
4031	2938	468
4034	3638	522
4036	3254	311
4040	2064	309
4042	4606	324
4047	2891	489
4049	6998	346
4049	6998	341
4054	3000	499
4057	2074	297
4058	7097	503
4059	1799	487
4077	1877	318
4081	3597	410
4086	2091	529
4088	3584	444
4089	2201	222
4097	3652	363
4098	2647	476
4100	1319	221
4102	3555	329
4103	4309	534
4104	2455	375
4105	2770	350
4111	2467	278
4113	2298	322
4114	1681	362
4115	1711	253
4117	9013	227
4119	1625	286
4124	2109	243
4125	6057	185
4125	6057	494
4126	4123	361
4128	3191	312
4129	2954	499
4130	4918	748
4135	6695	300
4136	1824	383
4139	3603	425
4145	1411	246
4146	4683	556
4146	4683	535
4148	3137	341
4153	2749	335
4156	2050	317
4160	3650	460
4172	2592	326
4176	2456	318
4182	2387	297
4184	2078	290
4186	2749	445
4192	2509	440
4196	5865	396
4198	3673	328
4202	8048	324
4206	8313	261
4206	8313	493
4206	8313	357
4206	8313	419
4206	8313	478
4209	3473	461
4223	2324	347
4229	1984	338
4230	6093	509
4230	6093	491
4233	1531	360
4234	1867	185
4235	5423	496
4236	1552	200
4237	3063	476
4238	1539	427
4240	3105	234
4242	2877	573
4243	1788	324
4255	4584	508
4262	2718	387
4263	1252	277
4269	3357	314
4270	2894	476
4270	2894	211
4273	3178	492
4275	4608	328
4277	2418	200
4277	2418	275
4278	1671	236
4280	2276	317
4282	1538	374
4286	2768	359
4286	2768	328
4288	4421	347
4290	2869	470
4292	3251	306
4306	2973	450
4309	4198	462
4310	2539	454
4314	2907	281
4314	2907	227
4318	5471	423
4324	4054	264
4324	4054	325
4325	1453	462
4333	7057	466
4335	3768	509
4336	3960	323
4336	3960	331
4340	1972	230
4346	8821	575
4348	6104	275
4354	3441	275
4354	3441	206
4355	3094	370
4357	3368	442
4357	3368	518
4358	1747	328
4360	8562	346
4361	2025	167
4362	7137	215
4363	2293	445
4365	2418	351
4370	6707	504
4370	6707	318
4379	9840	514
4379	9840	432
4379	9840	408
4387	1692	426
4394	961	266
4397	2251	305
4398	4988	428
4398	4988	450
4400	3656	483
4401	2533	416
4402	1369	336
4409	2724	365
4409	2724	330
4410	3662	515
4411	2223	185
4418	3419	472
4420	1022	352
4424	3831	268
4425	2101	366
4427	3944	275
4431	2317	561
4432	2215	244
4434	4050	553
4434	4050	207
4435	4616	442
4435	4616	450
4437	2052	200
4438	1769	468
4442	2043	300
4445	2663	504
4447	1616	579
4449	2447	221
4454	3476	250
4455	2451	454
4460	1711	498
4463	1536	294
4464	2605	249
4484	2878	341
4487	3266	290
4488	6575	222
4488	6575	185
4489	2197	557
4490	2237	523
4491	4119	516
4491	4119	281
4493	2397	399
4495	8369	185
4495	8369	215
4497	1744	460
4498	2189	524
4503	1481	418
4504	2764	388
4510	5394	532
4511	5624	314
4513	3124	392
4514	3738	503
4514	3738	345
4516	2152	493
4518	3151	510
4519	3472	447
4519	3472	238
4520	1980	372
4526	3033	496
4531	7020	429
4531	7020	417
4533	2907	502
4535	3540	581
4542	4710	477
4543	1710	268
4545	5100	476
4561	1268	471
4566	9643	300
4576	2466	442
4578	2070	253
4581	4068	492
4584	4163	504
4584	4163	521
4585	2717	227
4587	3074	349
4590	5143	299
4591	2980	401
4592	3567	469
4593	1598	451
4594	2376	449
4597	4567	509
4599	2493	371
4600	1779	291
4602	2087	399
4603	1798	262
4605	2715	363
4606	1471	185
4611	1982	269
4612	3212	374
4614	2164	320
4619	5399	481
4621	2823	343
4624	6736	242
4626	2093	298
4629	2289	304
4636	1768	266
4638	1779	465
4640	2001	483
4642	1629	200
4643	6829	478
4643	6829	232
4644	1889	349
4650	2277	504
4654	3060	511
4658	1556	330
4663	1973	462
4664	2000	492
4667	1176	219
4668	2081	321
4671	8564	290
4671	8564	290
4673	1794	338
4675	2257	260
4678	9884	527
4678	9884	211
4680	5147	386
4681	3711	343
4683	1676	508
4688	5494	523
4695	3463	478
4695	3463	211
4696	2781	439
4697	2180	249
4699	2974	360
4703	1832	352
4708	2124	206
4721	3547	519
4728	1764	283
4732	2785	340
4738	1457	351
4740	1817	500
4743	3698	576
4746	6082	549
4748	4524	381
4748	4524	460
4752	2458	335
4754	1268	427
4755	4116	322
4755	4116	279
4756	1998	550
4760	1237	331
4763	2597	314
4769	2895	273
4770	4356	215
4771	1857	454
4773	2641	482
4777	3500	463
4777	3500	289
4779	1813	405
4781	5714	334
4783	5730	226
4785	1569	185
4789	3224	206
4792	2567	262
4793	1985	291
4797	2531	211
4797	2531	348
4800	2004	342
4808	1983	332
4809	2965	521
4814	3800	322
4815	3412	339
4817	3555	320
4819	4479	369
4823	2531	516
4826	5587	344
4826	5587	326
4827	1439	552
4828	2507	300
4834	1866	439
4843	2568	393
4846	3617	321
4847	4545	518
4848	3441	482
4853	4157	286
4853	4157	272
4856	1801	299
4861	2101	243
4866	3155	546
4870	1311	328
4874	1500	290
4876	2278	330
4877	3050	282
4890	2218	350
4892	4527	338
4892	4527	336
4893	2645	399
4894	3677	212
4894	3677	255
4896	3402	531
4897	2607	322
4898	2356	327
4901	1712	222
4902	2136	580
4908	3666	576
4909	4623	567
4914	1568	333
4920	1934	346
4925	2186	334
4928	2759	319
4934	1792	334
4936	2605	299
4941	3001	400
4944	3382	364
4950	3610	486
4959	973	336
4960	3262	634
4965	2252	438
4966	2186	272
4967	3417	443
4968	3051	334
4968	3051	330
4972	2980	544
4977	1757	531
4982	1343	367
4984	4607	444
4991	2326	498
4995	1386	323
5001	4357	560
5004	1150	379
5006	2073	436
5007	2222	489
5008	1686	288
5011	1110	310
5012	1716	215
5013	1435	211
5014	1094	238
5016	2793	390
5017	2445	308
5018	2020	545
5020	1946	356
5021	3268	451
5022	3151	514
5025	3250	366
5027	2292	290
5029	3079	585
5032	1784	329
5035	1921	358
5039	2499	359
5042	2040	374
5043	3888	528
5045	2583	215
5045	2583	244
5046	4252	569
5048	1516	271
5049	3731	490
5051	1878	482
5052	3921	570
5059	2949	272
5060	2952	341
5060	2952	355
5061	2332	352
5064	2290	375
5066	4712	344
5068	2540	376
5071	3438	509
5078	3952	523
5078	3952	358
5080	2117	357
5082	3245	473
5088	2346	286
5094	3212	551
5095	1932	369
5099	2743	604
5101	3514	506
5102	2479	347
5104	2192	336
5104	2192	236
5105	3768	185
5111	1918	388
5112	2814	192
5112	2814	232
5115	1976	280
5117	2719	352
5121	1911	351
5123	3863	466
5125	1444	343
5130	1953	332
5132	2698	371
5137	2877	333
5139	2956	516
5140	2029	548
5141	2442	279
5143	2031	339
5147	3915	577
5149	2454	402
5151	1911	256
5152	2022	479
5157	2453	377
5159	2601	329
5162	2263	286
5166	909	243
5167	2505	331
5168	3832	258
5169	5062	275
5169	5062	494
5171	3454	503
5172	1691	312
5173	1972	501
5176	2313	581
5178	3257	238
5178	3257	396
5180	2923	317
5182	4068	524
5193	1487	332
5197	2595	530
5200	1401	355
5202	2173	365
5208	2204	488
5214	2874	480
5215	2255	356
5216	3107	456
5220	1937	185
5222	3697	469
5224	2668	496
5227	2386	345
5228	2656	242
5229	2921	319
5231	1109	336
5239	4144	427
5245	2811	477
5247	3149	421
5249	3045	279
5250	3592	466
5250	3592	305
5262	3067	509
5270	2603	586
5276	2143	516
5281	2732	185
5282	3887	488
5284	2409	329
5288	2402	475
5290	1821	265
5291	3632	409
5296	3567	536
5297	1509	531
5298	4493	547
5302	3775	563
5305	4521	540
5308	2259	589
5309	1896	215
5313	4613	515
5314	2167	356
5315	3908	547
5316	3134	323
5318	2460	314
5320	2834	585
5321	3395	480
5324	2536	371
5325	1788	521
5328	2662	517
5330	2919	500
5333	3335	451
5335	4352	531
5335	4352	550
5339	1947	357
5339	1947	194
5344	4812	405
5346	1629	513
5350	3009	614
5351	2985	581
5353	3011	392
5355	3682	527
5355	3682	416
5358	3293	349
5360	2417	200
5361	4125	402
5361	4125	497
5362	1763	333
5364	2178	383
5369	4238	536
5371	2819	481
5375	2257	324
5382	1791	340
5384	2011	273
5387	3235	254
5388	3870	591
5388	3870	336
5389	1695	350
5394	3184	335
5398	2033	324
5400	3101	534
5404	2904	529
5406	4156	448
5408	3048	393
5413	2476	535
5415	1878	551
5418	2867	479
5420	2558	550
5421	2894	477
5424	3675	445
5429	1892	328
5431	2646	396
5432	3280	264
5435	2078	526
5436	2645	434
5446	3701	498
5451	2320	525
5453	2611	518
5461	3579	452
5463	2439	364
5464	2518	434
5471	2632	462
5474	2053	360
5475	4004	544
5475	4004	572
5481	2576	490
5482	1596	287
5483	2830	500
5484	3665	545
5485	2994	580
5491	2985	567
5492	3629	565
5497	2341	400
5498	2601	416
5499	2588	592
5501	3572	411
5511	3928	532
5511	3928	461
5512	2715	494
5513	2036	222
5514	2983	347
5514	2983	467
5523	1943	596
5527	1847	297
5530	3750	576
5530	3750	200
5533	1766	432
5535	1897	320
5538	2598	372
5543	2931	371
5543	2931	249
5544	3287	579
5547	2942	504
5550	4090	600
5552	1979	188
5552	1979	265
5555	4674	403
5556	1351	371
5558	2257	314
5559	2758	507
5560	2148	453
5570	2715	423
5571	2271	514
5576	2042	367
5583	2012	321
5584	2915	544
5590	2482	533
5594	4783	329
5599	3710	295
5599	3710	379
5604	2734	365
5609	2413	506
5612	1568	216
5620	2412	216
5621	2630	361
5623	1827	367
5625	1888	298
5627	4024	557
5631	2896	463
5633	2198	338
5634	4935	542
5639	2571	433
5642	4100	520
5642	4100	308
5645	2126	280
5647	4236	350
5647	4236	263
5653	2402	466
5654	3742	355
5654	3742	523
5655	4119	534
5655	4119	420
5658	2961	358
5665	2702	227
5665	2702	332
5666	2282	352
5668	2301	343
5672	1437	316
5673	2606	342
5674	2118	306
5675	3399	504
5677	1666	354
5678	2332	495
5687	1706	413
5690	1448	398
5691	2027	360
5694	1564	259
5695	3257	364
5696	2339	383
5698	2642	262
5698	2642	281
5699	991	200
5700	2141	185
5703	3059	454
5707	3438	378
5709	2067	360
5711	2234	312
5716	1366	211
5722	2972	427
5726	3101	268
5727	3346	378
5730	4539	524
5735	3544	385
5736	2658	376
5739	2792	495
5744	2969	519
5747	2178	281
5753	1303	200
5754	2466	348
5762	1984	321
5766	2037	206
5767	2199	357
5769	2845	387
5769	2845	183
5771	1017	307
5772	2972	539
5773	2613	470
5775	2017	312
5785	1716	365
5786	2087	284
5787	1671	248
5788	1947	458
5795	2264	321
5797	2694	351
5799	1938	323
5800	1954	304
5804	2601	357
5808	4268	499
5812	3564	284
5815	2412	337
5819	2655	404
5822	2153	211
5823	3553	494
5825	3895	348
5827	4399	303
5831	1798	538
5836	3038	185
5837	2463	559
5838	1686	361
5844	1060	290
5845	2757	255
5845	2757	318
5846	3278	531
5850	4661	444
5851	1988	353
5854	1839	359
5855	2153	352
5857	4874	338
5857	4874	300
5861	2487	528
5868	1697	358
5869	1892	336
5870	3237	507
5873	1589	244
5878	1958	185
5880	1465	273
5882	3015	372
5883	1346	238
5884	2300	269
5887	1965	267
5887	1965	216
5890	1810	315
5892	1702	308
5896	2752	353
5896	2752	257
5901	1620	238
5902	2499	299
5907	2623	532
5910	1208	301
5916	1863	484
5920	2373	214
5920	2373	304
5922	1864	206
5923	4492	376
5924	1252	267
5927	1878	356
5929	2188	272
5930	1874	200
5937	1861	242
5941	2035	479
5943	2454	256
5943	2454	257
5944	2545	407
5945	1629	304
5952	1997	341
5959	2300	268
5960	1352	305
5961	1347	336
5963	3503	570
5972	2628	561
5974	2498	324
5974	2498	316
5978	2486	475
5983	1070	287
5985	2675	410
5987	5012	442
5987	5012	206
5989	2167	509
5990	1441	236
5999	2304	301
6007	4718	354
6017	1738	250
6019	3378	508
6026	1294	206
6027	2085	343
6028	3286	365
6029	2147	345
6032	3384	532
6038	4579	510
6039	2978	499
6041	1309	238
6042	2491	387
6043	2546	519
6044	3381	423
6045	1853	434
6046	3447	328
6050	1187	185
6053	2159	327
6055	3611	575
6061	3349	390
6063	3159	584
6065	2779	426
6067	3570	353
6069	2296	481
6079	2825	303
6079	2825	304
6085	2295	380
6088	3358	339
6088	3358	193
6090	2961	502
6091	2398	296
6093	4010	536
6097	1940	519
6107	4022	561
6113	3672	325
6114	1257	255
6120	4625	412
6123	3061	284
6124	2111	330
6125	2174	352
6127	3808	311
6127	3808	287
6128	3262	310
6133	5029	233
6133	5029	360
6135	2976	523
6136	3552	508
6136	3552	231
6139	4728	321
6139	4728	267
6139	4728	192
6140	2196	317
6150	4302	548
6152	1698	221
6156	3489	593
6157	4401	274
6160	4335	200
6161	2305	532
6166	2520	304
6168	1880	250
6171	2690	307
6173	3309	457
6176	1415	327
6177	4881	367
6177	4881	493
6183	4058	580
6187	1540	319
6189	2380	262
6191	4283	467
6193	1736	360
6194	2561	337
6197	3390	338
6198	3975	330
6201	1929	322
6202	2951	332
6202	2951	315
6206	2013	532
6209	3813	456
6213	1305	338
6218	3675	497
6224	3812	300
6234	3213	266
6234	3213	298
6237	3065	531
6239	1904	299
6246	2034	330
6252	3079	598
6253	2707	304
6258	3193	294
6259	3267	366
6260	2361	454
6261	4381	310
6261	4381	353
6265	2642	335
6270	1840	300
6275	1980	359
6282	2507	345
6284	3576	540
6285	1930	339
6288	2009	331
6291	2519	352
6292	3765	502
6293	2306	568
6298	2940	389
6305	1462	185
6309	2300	245
6310	3125	470
6312	1849	296
6314	4195	376
6317	3055	458
6320	2724	280
6320	2724	345
6323	2522	271
6323	2522	358
6324	2454	487
6325	4659	489
6325	4659	490
6331	4268	339
6331	4268	310
6336	2078	347
6337	2181	248
6341	1739	200
6342	1292	334
6346	2241	349
6350	1280	312
6351	2094	215
6354	2659	375
6355	3178	380
6355	3178	364
6356	2176	380
6357	2551	312
6358	2576	343
6359	2120	350
6360	2596	185
6364	3073	551
6365	2100	206
6366	3333	492
6368	3262	225
6368	3262	328
6369	2202	361
6371	2666	301
6371	2666	310
6372	2246	345
6373	1902	258
6378	3355	515
6380	4255	362
6383	1997	326
6387	3186	303
6387	3186	332
6392	2301	391
6397	1780	337
6399	4716	572
6405	1556	312
6406	2816	369
6407	1713	328
6408	2568	342
6412	2899	332
6418	2391	330
6419	3810	392
6420	1296	249
6423	1394	262
6425	1744	278
6425	1744	214
6426	2382	291
6427	2927	324
6439	1756	226
6451	3754	472
6453	4913	274
6461	2382	185
6463	2623	348
6466	2821	350
6466	2821	351
6467	2386	382
6468	2150	543
6469	1614	379
6470	2125	308
6470	2125	263
6474	3493	222
6476	1614	321
6477	3458	251
6478	4212	271
6478	4212	296
6484	2141	298
6489	1718	335
6489	1718	183
6495	4809	300
6497	2638	531
6508	2822	260
6508	2822	200
6509	2361	462
6512	4331	456
6513	2579	313
6518	2895	299
6520	1904	271
6527	2988	253
6530	3543	185
6533	2910	224
6533	2910	313
6543	2783	222
6545	3689	271
6546	2133	275
6547	2021	513
6548	2779	323
6551	4498	506
6553	3813	522
6554	1969	374
6557	1744	269
6559	2449	350
6564	2869	395
6567	1891	337
6568	2254	344
6569	1961	273
6575	4112	453
6578	3539	477
6581	3967	487
6582	1253	385
6584	4546	299
6584	4546	348
6586	1750	316
6590	1818	185
6592	1125	305
6596	1324	368
6602	4343	447
6609	2761	313
6612	2940	446
6613	2720	320
6618	1827	323
6620	1971	351
6621	2072	419
6628	1629	206
6640	1921	303
6643	3421	345
6643	3421	445
6649	1855	280
6651	3217	505
6653	1848	416
6654	1770	311
6657	2484	346
6660	2924	522
6661	1935	367
6662	2681	334
6663	2226	468
6670	2389	426
6671	2756	288
6675	1245	244
6677	1157	266
6685	2231	222
6686	1649	200
6687	2350	544
6703	2609	415
6706	3333	514
6707	1943	351
6715	1623	359
6716	1463	363
6719	3330	476
6722	2501	266
6724	2178	244
6729	2849	345
6729	2849	326
6733	3927	413
6733	3927	509
6735	3256	275
6738	3065	348
6739	2236	358
6740	1972	541
6744	1796	309
6749	5380	256
6752	2369	318
6755	3085	374
6756	2582	487
6757	2644	265
6758	2461	525
6759	1962	200
6764	1258	331
6765	1582	304
6777	2890	314
6777	2890	206
6778	4786	200
6785	2734	307
6787	4151	541
6796	2890	311
6801	2137	238
6804	1745	200
6806	3251	481
6807	2291	496
6814	1879	374
6815	2160	335
6816	1580	400
6825	3765	479
6825	3765	414
6827	1784	352
6829	2049	281
6830	2502	359
6832	4767	508
6832	4767	439
6833	3367	441
6833	3367	450
6836	2814	458
6849	3206	533
6854	2195	387
6857	1930	303
6859	2324	353
6862	2527	303
6863	1887	480
6865	2575	377
6870	3255	390
6872	1147	344
6877	4239	535
6878	3030	404
6882	2328	392
6887	4178	462
6888	1611	254
6898	4038	471
6900	3356	289
6900	3356	367
6901	1894	335
6904	1525	351
6905	1876	332
6906	1924	185
6908	1471	325
6909	3306	589
6913	1997	305
6919	4284	255
6929	1937	448
6931	4396	363
6931	4396	517
6933	2618	295
6934	1571	215
6936	4794	305
6936	4794	306
6940	2511	261
6945	2647	344
6950	3483	516
6951	2816	519
6954	3311	515
6959	2603	336
6959	2603	313
6964	4274	335
6965	2140	290
6972	1978	364
6973	2303	303
6976	2612	275
6979	3431	481
6983	3261	289
6989	4079	466
6990	3570	557
6990	3570	338
6997	2214	341
6999	2595	278
7001	2529	216
7002	1817	367
7004	1619	200
7010	2487	279
7011	5822	545
7011	5822	406
7013	2168	489
7015	2020	200
7017	2609	596
7022	4167	529
7033	4904	464
7035	2249	438
7048	1162	143
7050	1805	295
7052	1716	185
7053	4285	466
7057	2067	324
7060	2899	508
7062	2438	253
7063	1594	339
7070	1549	213
7070	1549	220
7071	2591	481
7074	3169	200
7076	4445	486
7076	4445	376
7079	2280	318
7080	1237	282
7081	2163	461
7082	1063	299
7087	2161	422
7091	2430	337
7093	1792	366
7096	5455	168
7102	2614	500
7106	3946	211
7106	3946	495
7109	3267	388
7111	3496	486
7111	3496	185
7114	3121	574
7116	3296	313
7117	2368	302
7118	3614	238
7118	3614	379
7122	1208	267
7129	1581	292
7131	2600	365
7132	2471	299
7135	1711	198
7135	1711	194
7138	1759	283
7141	2459	221
7150	2748	331
7152	4714	377
7152	4714	506
7153	1045	185
7154	4957	248
7154	4957	291
7157	1487	277
7159	2077	312
7160	1532	185
7161	2498	268
7165	2680	259
7166	1649	291
7167	2108	324
7169	2132	268
7170	2957	495
7175	2020	283
7179	3944	359
7188	4060	473
7190	2121	310
7192	2938	332
7193	2963	504
7194	1970	263
7196	3401	333
7206	4320	330
7208	3011	539
7211	4399	482
7219	4231	509
7219	4231	257
7221	2532	459
7222	2076	310
7223	2755	344
7223	2755	301
7224	1684	323
7225	2515	436
7230	2369	373
7231	2506	471
7238	2807	316
7239	2715	345
7240	2118	402
7241	1945	313
7247	2597	327
7253	2028	274
7259	2036	338
7259	2036	177
7260	3793	424
7261	2244	338
7267	1995	185
7270	2294	316
7276	3618	260
7276	3618	405
7277	4138	517
7280	3599	579
7284	2317	185
7285	4935	504
7285	4935	216
7291	1949	505
7292	3255	526
7299	2674	504
7300	2159	321
7306	2033	222
7308	1611	311
7314	2470	368
7321	2424	375
7326	2621	376
7328	2353	377
7331	3326	329
7332	3794	550
7334	2865	530
7339	1875	283
7342	3601	483
7342	3601	363
7344	1724	509
7345	1813	321
7347	1802	274
7350	2639	309
7350	2639	302
7351	1976	269
7352	2783	289
7358	2088	299
7368	4108	500
7368	4108	375
7371	2408	562
7372	3229	478
7374	4792	358
7376	2227	528
7378	2939	502
7379	3986	285
7381	3446	185
7382	2518	345
7384	3331	483
7385	1807	356
7386	2619	317
7386	2619	200
7387	4405	340
7388	4119	529
7401	2954	377
7403	4313	422
7406	2834	333
7406	2834	292
7410	3849	534
7415	2419	365
7417	2211	307
7421	2688	472
7422	3427	453
7423	3210	397
7424	2777	334
7433	3795	492
7433	3795	461
7435	2167	312
7437	2337	350
7438	2445	367
7443	3062	338
7446	2940	456
7450	2360	340
7450	2360	331
7454	2766	476
7456	2379	494
7458	2016	479
7459	1803	272
7460	2261	352
7460	2261	338
7461	1732	376
7462	1643	200
7467	2113	394
7474	2500	340
7478	2323	335
7497	2969	286
7498	1721	355
7500	3227	263
7501	4780	506
7511	5898	309
7511	5898	310
7511	5898	222
7514	6333	489
7516	2134	336
7517	1939	302
7520	1671	253
7521	1355	222
7524	2925	347
7524	2925	292
7526	1933	318
7530	2663	456
7531	3905	456
7536	1622	298
7539	4269	563
7539	4269	555
7541	2692	554
7546	1168	185
7548	1705	341
7553	1542	322
7557	1876	318
7558	2043	271
7560	3841	249
7560	3841	198
7560	3841	327
7569	2518	277
7572	3587	559
7574	2135	535
7582	2315	331
7597	1875	328
7601	2496	387
7608	4566	354
7608	4566	340
7609	2733	384
7618	3796	299
7618	3796	300
7633	2938	344
7636	3214	341
7638	1762	309
7641	1747	516
7642	1493	360
7646	5317	200
7648	2318	177
7648	2318	295
7650	1855	290
7653	1787	335
7658	1594	215
7663	1843	345
7663	1843	181
7669	1969	391
7672	2266	358
7676	2336	200
7683	1458	334
7686	1802	364
7687	1922	256
7694	3100	479
7695	3230	496
7696	896	321
7705	2335	200
7707	3965	378
7712	836	222
7714	1772	375
7719	3911	222
7720	1910	312
7724	2860	177
7724	2860	328
7725	2946	262
7725	2946	313
7734	1142	326
7736	4842	185
7737	4986	319
7740	1969	250
7741	2670	367
7743	1678	289
7744	2789	377
7746	1891	476
7756	2171	320
7757	2389	312
7759	2090	235
7774	2240	308
7781	2684	272
7783	2273	525
7784	2454	465
7792	3058	530
7798	1628	340
7800	2022	138
7800	2022	170
7803	3810	557
7805	2590	234
7807	1466	471
7822	2590	389
7825	1950	437
7829	1969	418
7830	2710	486
7831	2275	200
7840	3500	185
7841	1549	288
7842	6198	414
7844	2970	283
7845	3392	590
7851	3838	324
7854	1959	321
7860	2412	480
7868	3529	450
7871	1289	492
7877	2203	290
7878	6396	428
7878	6396	505
7883	1887	349
7885	4155	279
7890	2273	456
7891	2312	252
7896	1996	362
7901	2108	227
7903	2321	545
7916	1670	333
7921	2769	337
7937	2476	500
7938	1683	435
7944	2377	349
7947	4903	465
7947	4903	520
7948	1933	294
7949	4099	331
7964	2189	200
7964	2189	316
7976	5753	171
7976	5753	341
7979	4253	628
7989	6650	514
7999	2367	304
8001	1117	337
8011	1920	346
8013	2796	338
8013	2796	179
8032	2849	351
8032	2849	309
8046	6272	494
8046	6272	502
8047	3333	369
8047	3333	186
8049	4491	321
8052	6706	488
8053	2225	321
8055	5415	473
8060	3517	583
8068	2897	587
8069	5621	255
8069	5621	344
8070	2121	211
8073	2513	353
8074	2317	314
8082	2524	250
8084	3836	355
8091	2047	211
8097	6261	366
8097	6261	262
8097	6261	215
8099	1038	249
8102	6188	161
8104	3502	307
8105	4015	304
8109	2661	245
8114	4276	501
8114	4276	267
8117	1763	185
8125	2822	230
8125	2822	229
8133	2804	300
8134	1884	303
8139	1447	353
8140	2146	336
8142	3566	443
8156	2743	350
8159	2173	319
8165	2909	328
8169	6131	542
8173	1549	350
8177	3001	294
8179	4861	263
8179	4861	318
8181	3095	513
8188	1331	329
8189	3589	311
8194	4007	538
8194	4007	450
8196	2226	530
8198	2620	141
8198	2620	334
8198	2620	168
8202	2001	527
8205	2535	341
8211	2725	263
8214	4202	274
8214	4202	292
8225	2433	364
8226	1618	211
8229	2966	545
8230	2637	323
8231	2122	558
8239	5455	566
8245	3815	308
8248	2861	457
8251	4195	222
8255	4487	335
8257	2826	485
8260	2087	464
8263	2904	305
8264	1290	211
8266	1758	345
8270	2537	268
8273	2575	442
8274	3717	502
8275	2013	317
8277	3013	480
8282	3062	427
8290	2856	392
8299	2895	453
8305	6733	304
8305	6733	338
8307	2417	304
8308	1296	333
8309	2511	237
8312	3487	518
8315	2012	444
8318	2924	484
8318	2924	234
8319	3286	230
8322	3882	538
8323	2544	435
8330	6324	535
8332	2181	280
8337	1861	333
8338	1385	317
8341	2220	479
8344	2066	473
8346	4849	505
8347	3956	453
8349	2429	206
8354	4619	346
8355	3560	275
8360	2540	167
8365	2426	509
8367	5836	335
8374	1927	311
8382	2056	310
8383	3280	286
8385	3812	400
8386	1950	351
8388	1912	317
8391	1505	211
8393	2859	536
8394	2235	514
8395	3647	579
8402	3153	502
8402	3153	329
8405	2109	335
8407	2098	514
8410	2068	393
8418	1741	432
8419	1681	273
8420	1826	313
8422	3012	515
8422	3012	200
8442	3417	527
8445	2231	442
8450	1900	267
8451	2678	317
8457	8266	211
8457	8266	310
8462	2167	362
8463	3515	618
8464	3723	573
8469	7449	255
8473	2624	528
8475	3084	273
8478	2399	403
8482	2154	351
8482	2154	233
8483	3002	429
8485	5656	460
8486	1778	345
8496	7439	328
8496	7439	324
8496	7439	347
8498	3591	566
8500	2007	387
8503	6161	253
8503	6161	526
8504	2490	323
8511	5102	413
8514	7416	442
8517	1577	258
8522	1963	522
8525	2623	200
8531	3383	414
8535	3846	431
8543	3009	370
8546	2478	431
8548	2748	236
8550	1185	443
8553	7197	259
8555	2683	287
8556	2440	304
8558	2767	355
8566	3313	493
8567	3933	502
8569	1454	366
8571	6273	326
8571	6273	222
8571	6273	261
8578	1682	222
8581	2018	243
8583	4418	185
8585	5560	570
8587	3131	450
8589	1297	298
8593	1952	302
8600	3254	522
8601	2521	364
8604	1634	292
8606	2592	324
8611	1539	461
8613	2416	565
8615	2491	502
8616	2222	262
8618	6547	180
8618	6547	319
8619	2228	341
8620	2976	279
8620	2976	318
8622	1122	211
8624	2763	523
8626	1799	345
8635	1861	454
8636	2090	331
8637	1834	299
8641	2193	438
8643	3839	185
8646	4280	318
8650	3132	230
8651	2427	499
8656	5002	521
8659	4926	523
8659	4926	485
8665	1822	243
8669	1839	465
8674	1967	339
8678	3374	394
8679	1352	287
8686	1298	484
8689	6320	334
8689	6320	332
8690	5968	351
8693	2536	497
8696	7449	227
8696	7449	408
8698	2341	557
8702	1433	346
8703	2832	311
8714	5625	586
8718	1332	309
8719	2101	306
8731	2556	294
8737	1763	320
8739	2081	238
8740	2076	277
8741	1668	312
8747	1768	491
8749	2118	439
8752	2729	518
8753	2014	440
8757	1584	517
8760	2031	306
8762	4300	446
8764	2592	185
8766	1324	285
8768	1157	319
8769	3051	292
8770	2888	466
8773	1562	390
8783	1418	376
8788	1212	420
8789	8243	486
8789	8243	330
8805	6629	346
8805	6629	211
8809	1802	302
8812	1710	315
8816	2399	595
8823	2816	241
8827	2022	497
8835	1204	287
8845	4607	570
8846	3375	445
8848	3820	552
8852	2330	402
8858	1727	521
8868	6556	571
8875	3208	417
8878	4841	458
8879	3455	327
8885	2127	331
8887	3858	273
8888	1995	370
8897	3217	517
8898	4409	185
8901	5310	388
8903	1935	288
8905	2283	226
8907	5820	548
8909	4161	548
8911	2349	523
8912	3182	535
8919	6843	494
8919	6843	530
8923	3553	528
8925	2028	341
8930	2255	365
8936	3591	541
8938	1538	347
8944	3823	364
8948	8183	521
8948	8183	502
8948	8183	549
8949	1815	515
8962	2539	392
8963	1623	298
8968	2220	383
8969	3540	485
8970	2901	385
8979	2358	567
8986	3504	364
8988	2736	527
8990	3515	211
8990	3515	530
8991	3534	545
8993	3541	359
9001	3121	215
9004	6050	547
9009	2759	383
9011	4497	556
9016	2815	308
9019	2295	369
9023	7680	380
9023	7680	342
9025	1350	361
9030	3680	448
9033	1880	369
9039	2753	315
9045	3932	303
9049	4908	233
9050	5562	532
9052	1727	363
9056	5921	517
9061	1892	256
9069	1524	358
9073	5464	549
9075	6454	348
9079	4398	352
9080	3814	483
9081	8082	359
9081	8082	471
9082	3662	320
9085	6275	261
9087	7229	356
9087	7229	532
9089	2600	598
9100	1877	485
9111	4589	508
9112	4740	272
9115	3169	347
9116	1987	536
9119	2667	522
9122	3135	354
9124	1741	296
9130	2737	626
9132	2701	371
9134	1596	315
9137	1399	517
9139	2062	323
9143	1283	250
9147	8472	496
9148	3339	200
9148	3339	258
9149	1389	461
9156	3521	286
9156	3521	346
9158	6214	330
9159	1850	279
9163	2826	206
9172	2064	422
9176	4323	436
9176	4323	191
9182	2569	469
9184	6835	459
9186	5630	423
9186	5630	335
9191	4476	320
9192	2949	470
9200	2011	310
9204	2776	528
9206	2551	185
9211	2552	269
9215	4949	454
9219	4952	344
9222	7128	343
9222	7128	325
9230	2471	373
9236	2456	366
9237	2026	548
9238	5361	414
9243	3511	234
9244	5180	280
9255	4873	656
9256	2060	357
9257	1827	185
9260	6142	278
9261	1992	185
9263	4167	270
9264	4444	454
9265	5318	537
9266	2923	239
9268	6680	560
9271	5071	289
9275	2751	582
9277	3057	297
9278	5259	408
9280	6962	322
9280	6962	464
9281	4294	373
9283	1775	454
9285	4321	331
9285	4321	426
9292	5453	192
9292	5453	189
9293	4850	238
9297	3316	514
9299	2410	379
9305	5741	333
9306	3108	562
9310	5620	335
9320	3455	476
9323	6398	643
9324	1944	275
9325	5851	496
9325	5851	321
9326	8125	284
9329	2446	506
9330	2761	351
9336	6026	557
9337	2372	373
9339	5614	434
9339	5614	174
9339	5614	206
9340	1761	331
9341	5703	267
9343	6953	206
9343	6953	274
9346	2798	331
9347	1678	491
9348	1490	206
9352	6374	454
9353	4491	511
9353	4491	567
9375	2609	305
9376	4774	230
9378	7268	546
9388	7659	501
9391	2111	365
9394	1892	344
9399	1634	489
9400	3521	451
9406	6299	415
9411	5097	525
9414	2197	587
9415	3710	502
9418	4235	322
9424	1704	332
9428	2244	372
9430	3266	523
9431	2407	432
9432	4389	230
9433	2456	297
9433	2456	233
9435	4109	533
9436	2212	409
9437	6438	475
9438	3648	543
9439	2567	388
9444	2023	318
9445	5196	347
9446	3265	477
9448	1474	382
9449	2973	511
9450	2715	525
9455	3752	529
9458	4144	414
9458	4144	421
9459	4818	570
9461	3688	470
9463	1421	316
9465	2408	361
9468	2312	379
9469	5957	599
9470	3142	430
9470	3142	403
9474	782	206
9477	1790	463
9481	3244	238
9485	1774	329
9486	3364	222
9486	3364	250
9487	2175	365
9488	1272	325
9493	5630	466
9494	1823	517
9496	1913	437
9499	3283	304
9499	3283	569
9505	3393	456
9505	3393	199
9509	2112	273
9509	2112	242
9515	2636	353
9521	1689	256
9524	7339	234
9524	7339	168
9524	7339	260
9528	5818	508
9528	5818	324
9529	2537	286
9530	4591	305
9530	4591	372
9531	2111	307
9533	1855	335
9534	2424	259
9545	1731	317
9547	1154	274
9549	1835	314
9552	6128	502
9552	6128	211
9553	5985	254
9563	1380	211
9564	6319	466
9564	6319	445
9565	2659	281
9567	2072	515
9568	1648	328
9569	2404	227
9571	1814	216
9572	3766	335
9574	4309	495
9578	4410	532
9579	1271	528
9580	7174	318
9582	5824	353
9585	2742	349
9589	3005	227
9590	4795	185
9591	1523	482
9593	3317	376
9601	5443	302
9601	5443	353
9606	3221	287
9607	7041	470
9607	7041	499
9611	2988	333
9612	5169	512
9624	2160	518
9630	2751	320
9631	2538	512
9632	3759	555
9634	5451	377
9635	866	294
9636	2956	326
9642	6611	303
9648	2001	340
9650	4480	330
9652	2431	539
9653	4929	527
9654	6993	344
9662	2452	622
9663	2698	266
9666	4326	307
9669	2307	347
9673	2346	326
9675	2876	327
9676	2465	215
9677	3214	497
9680	3882	538
9682	2095	524
9692	3680	294
9695	2690	551
9699	2823	542
9702	5251	333
9704	2412	487
9705	1793	532
9706	2022	274
9707	4203	306
9708	5121	472
9708	5121	306
9709	1465	487
9714	2991	345
9719	1900	349
9720	2507	366
9740	7169	200
9742	2146	185
9743	2858	297
9743	2858	247
9744	2524	261
9748	1758	279
9761	2281	185
9768	8423	378
9770	2442	222
9778	9921	367
9778	9921	238
9787	1684	281
9788	3869	298
9795	6533	565
9797	2496	470
9798	3141	346
9798	3141	466
9799	4118	305
9802	2454	377
9806	1777	335
9808	2847	340
9809	2525	277
9814	1564	255
9819	3992	366
9819	3992	430
9822	2754	318
9822	2754	173
9824	2073	305
9827	2219	408
9829	2136	381
9833	2443	362
9835	4440	374
9836	2129	491
9837	1858	514
9839	3253	329
9841	1160	337
9844	1747	324
9845	2889	523
9847	2800	436
9847	2800	232
9848	3066	510
9849	1839	311
9851	2199	515
9859	3598	353
9868	4343	485
9869	2325	431
9872	2925	364
9872	2925	243
9873	4249	254
9879	1616	340
9881	2982	493
9883	2282	527
9886	2550	305
9886	2550	272
9889	2812	316
9891	1816	400
9894	4017	494
9896	1855	304
9900	2858	556
9901	1638	306
9906	1818	544
9908	2480	507
9909	2062	537
9910	3361	490
9917	3132	200
9920	4163	496
9923	1817	332
9924	1850	438
9925	1518	298
9927	2506	504
9934	2168	310
9938	4549	481
9939	1946	490
9946	2053	324
9948	2217	440
9952	3602	483
9953	2485	386
9955	3243	574
9960	3261	436
9964	2501	461
9966	4376	522
9967	3665	548
9972	1706	298
9973	1626	286
9976	2403	477
9977	2047	300
9980	2584	540
9981	2486	510
9982	3234	515
9983	3032	360
9990	5221	375
9999	3213	500
10000	2627	461
10001	2100	293
10002	2056	169
10002	2056	256
10008	1763	399
10009	2838	557
10010	3428	286
10012	4789	342
10014	2145	325
10015	1766	295
10016	2150	183
10016	2150	196
10018	2459	544
10021	1650	325
10024	1744	332
10025	3791	337
10026	2907	252
10036	2478	389
10040	2208	319
10042	1603	255
10045	2412	336
10046	3241	211
10047	2069	333
10054	2893	250
10057	3469	338
10058	2128	215
10061	1538	327
10070	3286	362
10070	3286	350
10072	3559	407
10072	3559	301
10074	2321	272
10075	1917	470
10078	2701	377
10080	4236	515
10082	2494	230
10082	2494	321
10083	1562	305
10085	3003	415
10089	3749	405
10090	2239	290
10093	4293	362
10095	2713	299
10096	3149	211
10100	1419	333
10104	2084	373
10107	2402	211
10110	1505	239
10112	3007	332
10117	2366	545
10124	2183	270
10128	3251	512
10130	1815	318
10131	2048	371
10134	2705	365
10138	1602	227
10141	2470	185
10143	1702	327
10145	2326	291
10147	3480	486
10149	2974	230
10149	2974	320
10156	5241	499
10159	2473	537
10161	3494	520
10163	2604	448
10165	1771	286
10166	2295	418
10171	5003	464
10173	2201	385
10174	2340	436
10178	1804	312
10179	2840	233
10181	3238	372
10181	3238	304
10183	3097	549
10188	2515	341
10192	3048	581
10195	3304	347
10196	3470	380
10199	2468	279
10201	2284	298
10203	1562	281
10204	5869	222
10209	4738	531
10210	2259	238
10211	3367	299
10216	3146	301
10220	2204	528
10223	1255	326
10225	3509	543
10229	2345	490
10230	1977	319
10234	2710	272
10235	1991	309
10241	4119	483
10243	1571	245
10247	2560	440
10249	5271	200
10251	1512	279
10253	4309	282
10253	4309	444
10258	2747	426
10261	1759	325
10265	2601	332
10266	1946	280
10269	4763	449
10269	4763	488
10277	4194	448
10278	2179	323
10280	4391	319
10287	3413	384
10288	4666	372
10289	3264	304
10289	3264	335
10292	2858	353
10293	2219	221
10294	3697	320
10295	2907	266
10303	2199	410
10304	3605	563
10306	2746	504
10307	3953	481
10307	3953	523
10308	4958	351
10310	3429	495
10315	2987	517
10316	3044	211
10318	5843	443
10320	2266	424
10323	2108	254
10324	1856	299
10331	1904	335
10334	2723	456
10339	4234	574
10341	2836	286
10346	2038	359
10348	4293	215
10349	3825	369
10349	3825	388
10352	2538	514
10355	4388	279
10357	2746	205
10358	2478	485
10361	3750	211
10363	3734	558
10364	3072	396
10364	3072	382
10366	2258	215
10367	4164	529
10372	1158	274
10373	3296	317
10375	3103	417
10379	2534	292
10384	2289	351
10390	1616	323
10393	1949	272
10395	2288	317
10396	2683	445
10401	2787	498
10407	1981	427
10408	1779	386
10411	1704	248
10415	1972	421
10416	3272	518
10419	2777	540
10424	1916	248
10424	1916	236
10428	2639	460
10435	3117	488
10438	1970	306
10439	2046	302
10440	1925	373
10442	885	249
10447	2092	438
10450	1883	230
10450	1883	248
10451	1872	491
10452	2308	326
10454	5152	238
10456	2269	568
10464	1858	271
10465	2133	524
10467	2734	504
10473	2878	464
10475	3232	505
10476	1534	239
10481	2968	522
10483	1745	299
10484	1945	316
10485	2155	314
10489	1963	336
10492	4435	495
10494	2462	380
10496	3062	525
10497	1278	273
10498	2045	291
10501	2684	318
10501	2684	182
10504	3954	412
10504	3954	365
10505	1103	185
10509	1987	485
10510	2190	333
10511	1967	521
10516	1760	291
10517	1603	268
10518	4126	337
10518	4126	518
10520	3378	368
10523	1829	297
10525	2338	206
10528	1710	433
10531	3781	338
10532	2478	341
10536	1884	297
10539	2900	399
10540	2218	264
10540	2218	171
10544	1101	211
10556	2997	589
10558	1825	324
10559	2298	308
10560	2656	511
10562	3346	374
10566	1454	306
10577	2426	283
10577	2426	279
10580	4049	521
10581	1828	268
10587	1943	206
10589	3088	438
10590	2554	302
10596	2178	289
10599	2352	311
10599	2352	185
10600	2966	214
10600	2966	369
10601	2004	283
10603	1607	486
10606	2795	485
10607	2061	466
10611	2389	253
10613	1979	309
10614	2419	277
10619	1811	279
10622	2286	452
10623	2697	531
10627	2849	495
10629	2321	525
10630	3393	504
10630	3393	313
10631	2729	255
10632	2462	267
10632	2462	202
10634	2509	335
10639	2920	493
10643	2580	211
10643	2580	283
10645	2718	262
10647	2692	471
10655	2447	516
10656	2434	304
10658	2900	292
10660	3274	416
10660	3274	237
10665	4026	486
10667	5124	485
10671	2114	358
10673	1199	260
10677	5976	437
10677	5976	411
10679	3166	436
10680	3368	406
10680	3368	499
10684	4041	485
10686	1860	314
10687	2933	508
10689	2655	503
10690	2313	292
10691	2204	286
10692	2688	479
10693	2285	418
10695	2044	277
10696	1978	310
10696	1978	249
10697	2923	354
10698	2370	245
10699	2756	450
10700	1799	458
10702	1770	312
10703	1639	268
10710	2376	434
10713	1936	397
10719	3026	354
10720	2296	508
10724	2212	454
10725	1589	200
10727	1192	250
10732	2813	305
10733	2626	402
10737	2999	503
10738	2302	442
10740	2662	170
10740	2662	203
10743	4942	486
10744	5790	345
10745	2169	495
10748	1943	325
10750	2974	245
10753	1435	311
10757	3207	308
10758	3025	475
10762	2907	527
10767	2677	346
10773	2208	521
10777	3805	383
10782	3800	480
10783	3014	505
10788	1376	539
10790	2170	314
10791	2469	325
10803	3551	283
10806	2346	343
10808	3833	366
10815	3077	498
10816	2656	471
10817	4978	199
10817	4978	438
10820	1285	279
10821	2250	317
10822	3843	200
10825	5834	276
10826	3123	262
10827	1595	211
10831	3107	488
10834	3127	336
10836	1173	327
10844	2262	326
10847	3208	476
10848	3886	311
10849	5398	448
10851	2257	339
10857	2145	316
10857	2145	315
10860	4532	236
10863	3243	290
10865	2900	383
10867	2133	313
10868	3151	250
10870	1365	232
10872	4146	233
10878	1757	332
10879	3461	404
10881	4309	530
10882	2407	494
10883	5246	458
10884	4009	308
10889	2407	322
10890	3021	477
10891	1790	316
10892	3997	518
10899	1439	338
10900	3576	501
10900	3576	461
10901	1513	309
10901	1513	183
10902	1653	421
10905	2284	338
10906	3516	500
10908	2051	302
10910	3911	476
10911	2657	370
10912	3347	216
10912	3347	443
10913	2161	334
10914	1840	227
10915	2669	456
10918	2917	442
10919	1597	312
10922	1653	318
10927	1973	469
10929	2307	302
10935	2112	341
10940	3852	537
10940	3852	260
10941	2819	200
10945	1840	200
10947	5349	323
10948	2954	480
10950	1576	511
10954	3508	303
10957	3237	362
10961	2818	424
10962	2591	446
10975	3126	379
10979	3043	497
10982	2268	302
10984	2543	432
10985	2019	328
10988	3237	173
10988	3237	239
10990	3058	451
10993	2175	318
10994	2915	478
10997	1914	222
11000	2067	200
11001	3763	283
11001	3763	445
11003	2498	507
11007	2187	451
11008	649	255
11011	1860	304
11014	3343	286
11017	1854	276
11022	2469	415
11024	2927	293
11024	2927	299
11031	3960	380
11031	3960	337
11034	3481	252
11035	2923	411
11036	2682	443
11045	930	185
11047	1856	303
11049	1536	469
11052	2456	421
11053	1568	325
11055	1943	537
11056	3073	530
11062	6125	454
11062	6125	258
11063	1524	291
11065	2125	316
11068	3321	510
11070	1833	443
11072	1614	423
11074	2774	376
11076	4909	298
11085	5254	534
11085	5254	519
11088	3786	408
11091	3245	447
11097	2915	283
11100	3026	521
11107	3709	504
11109	1230	216
11110	2968	185
11111	1937	462
11114	2125	283
11117	2125	286
11119	2434	424
11123	4365	298
11125	1607	307
11126	3684	389
11128	2268	311
11129	2036	449
11131	2024	227
11132	2339	255
11134	2350	282
11136	2181	452
11137	5612	423
11138	1479	317
11142	5735	388
11142	5735	184
11144	2473	418
11146	2607	185
11147	3549	470
11149	3336	422
11151	4420	302
11153	1544	250
11154	2087	549
11156	1633	435
11157	2659	342
11157	2659	185
11159	6162	347
11159	6162	520
11161	1555	286
11163	1532	324
11164	2779	366
11165	3542	425
11165	3542	186
11167	2802	507
11168	2407	497
11171	1064	411
11172	2626	325
11173	1502	275
11177	2318	272
11177	2318	340
11182	1236	222
11184	1749	298
11188	3006	511
11193	2254	298
11194	4722	239
11194	4722	346
11200	3888	327
11202	2241	288
11203	2695	378
11204	2077	273
11210	1854	328
11212	2241	261
11213	1402	185
11216	1697	320
11218	1800	317
11219	3762	489
11220	2637	427
11221	3365	469
11223	1553	185
11224	2465	529
11231	2033	424
11232	4301	475
11248	1690	297
11250	1231	253
11253	4285	309
11259	2134	472
11260	1349	361
11261	1968	459
11262	1636	273
11266	1480	322
11268	1442	211
11269	4040	514
11273	5979	271
11273	5979	266
11273	5979	365
11277	2542	298
11280	1231	276
11281	1833	215
11282	1368	308
11285	2133	288
11289	1452	236
11289	1452	231
11291	1955	237
11292	2408	421
11293	3072	458
11294	1669	285
11296	1653	294
11299	1840	295
11300	4091	306
11301	1878	233
11302	2314	291
11303	2896	298
11304	1524	330
11309	1271	254
11312	1675	330
11314	1317	356
11318	1404	317
11320	2048	457
11324	3385	520
11326	2060	355
11327	2277	526
11330	2354	485
11331	1820	330
11333	1508	304
11334	2074	318
11335	2185	498
11336	3218	297
11337	2024	384
11341	2110	200
11342	2817	327
11347	2163	472
11348	1517	361
11349	4980	504
11353	1897	342
11354	1840	408
11357	1638	340
11360	2106	390
11361	1286	302
11364	2706	578
11365	2124	221
11367	2672	317
11368	3863	318
11368	3863	284
11373	818	185
11374	1647	256
11378	2525	295
11379	1329	206
11380	2352	238
11380	2352	325
11381	1088	317
11384	4730	333
11388	3826	475
11388	3826	423
11389	1451	280
11392	2594	310
11397	1912	315
11400	1461	368
11401	2915	471
11405	2252	455
11410	1710	315
11411	1572	324
11412	2456	341
11413	1461	227
11414	1850	313
11422	1309	227
11423	1554	319
11424	2049	469
11426	1762	206
11427	1829	259
11430	1950	307
11431	2641	312
11433	1481	281
11434	2757	475
11436	6301	356
11436	6301	308
11437	2982	320
11438	1882	185
11443	2179	322
11450	1031	261
11451	2295	322
11456	1102	324
11460	2310	485
11461	2238	280
11466	1689	233
11469	2105	330
11472	4663	271
11472	4663	521
11477	4851	313
11482	2556	497
11487	2038	269
11492	1862	279
11493	2140	428
11496	1879	268
11498	917	284
11501	3018	238
11505	1384	273
11506	1407	382
11510	2049	423
11518	2463	261
11518	2463	311
11522	1730	314
11525	1952	185
11527	2870	562
11528	1262	382
11529	1603	309
11532	1846	200
11536	2288	270
11537	1773	435
11538	3482	321
11539	2017	338
11543	1719	323
11544	3813	334
11547	2263	222
11547	2263	328
11548	2288	307
11551	2994	493
11552	2624	438
11556	2343	340
11560	1301	268
11564	1992	185
11566	2433	521
11568	1782	261
11575	1388	262
11577	1961	473
11579	1537	280
11581	1326	206
11584	909	242
11586	2245	292
11587	1937	323
11590	2327	222
11591	7045	357
11598	3037	489
11599	1655	305
11600	5386	482
11600	5386	497
11601	3016	431
11602	1342	262
11603	3899	370
11605	1796	465
11606	1295	308
11608	2322	355
11610	4841	312
11613	1838	524
11616	2648	504
11618	1999	341
11630	2947	331
11631	5176	341
11632	2848	336
11633	1708	317
11638	2516	215
11639	3196	352
11641	2434	440
11642	3390	347
11643	1592	439
11651	920	355
11653	2536	243
11656	1474	323
11657	2685	185
11658	5204	451
11659	1895	266
11663	4529	534
11664	2164	257
11665	1727	278
11670	4049	435
11680	1868	273
11682	2655	447
11685	4429	277
11686	3275	497
11687	2068	274
11705	7626	351
11706	2454	310
11712	4840	409
11720	1851	261
11727	2359	411
11734	5432	471
11735	1503	342
11738	2610	449
11741	6480	489
11747	4292	206
11750	1610	322
11754	5084	243
11755	1519	345
11759	2616	517
11763	4587	252
11776	4768	454
11780	2076	475
11784	2025	477
11785	7813	380
11787	2622	348
11788	5269	454
11789	2047	315
11790	2841	484
11793	7498	301
11793	7498	488
11794	3884	278
11800	3112	496
11805	2918	438
11806	6461	268
11807	2912	470
11810	1889	511
11813	4762	535
11815	2205	254
11817	1742	300
11820	3866	515
11821	5091	433
11823	1747	226
11832	3573	539
11834	2871	532
11835	4052	409
11836	3316	353
11840	2305	177
11845	5225	285
11845	5225	318
11854	2781	353
11856	3751	278
11858	2110	270
11861	2443	282
11869	1877	351
11875	2169	211
11877	3102	523
11878	2014	185
11879	4380	255
11879	4380	250
11880	3017	294
11880	3017	211
11889	7592	375
11889	7592	296
11890	2087	301
11893	6323	351
11894	2120	376
11898	1911	311
11907	4735	514
11909	3907	290
11911	3864	543
11912	2459	317
11915	2375	365
11918	2970	318
11924	1635	345
11925	2915	281
11927	1873	326
11938	3647	497
11943	1949	377
11946	6510	382
11948	1756	554
11950	2361	535
11952	4260	375
11954	5534	561
11956	3792	588
11958	2054	331
11959	8751	555
11959	8751	416
11959	8751	530
11961	2068	380
11963	6783	499
11963	6783	185
11971	2986	451
11972	6442	313
11973	2545	461
11983	2650	320
11986	2354	304
11988	8958	511
11989	2688	367
11991	5411	374
11991	5411	501
11992	5013	445
11992	5013	509
11995	6291	512
11996	1690	307
11997	2919	467
11998	2115	294
11999	4739	538
12000	3245	288
12001	2160	479
12003	7763	344
12015	6037	367
12015	6037	305
12017	3610	291
12019	4789	307
12022	7305	211
12023	2238	331
12025	3397	380
12028	2074	371
12035	4205	206
12035	4205	178
12035	4205	179
12041	2752	308
12041	2752	506
12044	3483	471
12046	7983	311
12048	4378	600
12053	3536	275
12053	3536	533
12056	2137	298
12060	7745	546
12062	2208	298
12066	3644	365
12072	2161	237
12074	1828	200
12076	2251	287
12078	1588	297
12084	7541	470
12084	7541	520
12084	7541	313
12086	4029	329
12087	3607	438
12089	7338	479
12090	4424	509
12095	1869	461
12100	3499	537
12103	2664	481
12105	3369	502
12107	6515	211
12107	6515	315
12108	3289	465
12112	3090	255
12113	2987	491
12114	4366	464
12117	2533	512
12121	3504	513
12127	7610	361
12127	7610	298
12129	4913	241
12130	5623	502
12131	3694	494
12132	2815	342
12133	1747	331
12134	2077	266
12135	2068	266
12136	2092	340
12144	1648	300
12147	4957	304
12148	1521	505
12150	8723	281
12150	8723	452
12154	4176	332
12154	4176	462
12155	5683	357
12158	2260	255
12161	6834	280
12167	2214	292
12172	1762	346
12173	3492	324
12173	3492	423
12175	3316	474
12177	1568	272
12180	2143	354
12184	5922	260
12193	2921	450
12194	833	185
12195	4961	316
12195	4961	311
12196	1035	227
12200	1531	508
12203	5559	311
12208	1016	227
12210	6275	238
12210	6275	283
12220	1516	328
12227	2892	537
12230	9003	285
12233	1604	356
12239	3313	356
12241	2143	221
12243	2107	289
12243	2107	314
12245	4126	504
12246	2698	340
12254	1583	351
12256	2323	529
12257	1895	222
12260	6896	302
12260	6896	227
12260	6896	323
12264	1923	287
12269	3463	435
12272	5470	495
12272	5470	527
12273	2505	346
12273	2505	327
12275	3855	395
12276	3664	541
12277	5188	442
12280	2258	321
12282	2497	458
12284	8126	221
12284	8126	461
12284	8126	464
12289	5384	382
12292	3432	357
12293	5127	355
12294	2409	305
12296	2632	297
12297	3387	293
12297	3387	283
12299	1979	302
12299	1979	295
12301	2093	516
12306	3280	419
12307	2994	287
12307	2994	327
12309	2791	331
12313	3040	531
12320	1964	284
12321	2262	468
12324	2343	351
12329	2198	347
12330	2732	484
12331	5979	524
12333	3084	300
12340	3365	351
12345	3028	550
12350	2781	261
12353	1725	295
12354	1890	274
12357	3027	548
12358	2242	489
12360	7292	479
12365	5150	266
12366	2576	312
12366	2576	337
12368	2954	222
12370	2523	222
12371	8396	309
12378	2453	498
12380	1798	475
12382	2197	185
12395	6640	512
12399	3426	447
12399	3426	488
12403	3327	546
12405	2129	519
12406	2736	227
12409	2988	251
12411	4178	475
12413	2598	317
12418	2971	309
12423	1946	185
12432	8743	518
12435	2092	438
12444	3124	332
12444	3124	313
12445	1401	303
12447	1836	267
12449	1934	344
12450	2072	318
12450	2072	303
12451	1851	326
12454	3339	425
12454	3339	499
12462	2426	435
12465	2121	273
12467	5650	501
12468	1453	323
12469	1894	463
12470	5165	369
12474	3311	525
12481	2249	222
12485	2260	528
12488	3876	451
12492	2733	252
12493	3301	538
12499	3426	477
12504	2707	522
12507	2062	319
12509	3056	185
12511	2671	510
12513	3065	530
12517	1714	200
12518	2612	340
12521	3235	185
12522	1915	286
12528	3522	288
12529	2286	370
12534	3340	358
12535	2769	366
12539	1782	215
12540	2737	239
12541	5551	494
12542	4622	531
12548	1814	260
12550	1534	499
12552	7045	474
12552	7045	438
12553	1624	427
12554	3296	500
12556	2771	538
12557	2739	518
12558	1466	329
12563	2989	301
12565	2226	259
12565	2226	531
12566	1403	407
12567	2576	508
12569	1418	338
12572	4177	245
12573	2639	384
12578	1963	309
12579	1958	396
12585	861	254
12586	1765	227
12589	6956	432
12589	6956	185
12589	6956	509
12590	931	200
12591	2643	469
12593	6750	341
12593	6750	233
12595	3148	379
12596	1980	463
12599	2860	398
12602	921	337
12603	1779	329
12610	1766	513
12617	8392	411
12618	1281	345
12619	1432	299
12621	6247	211
12621	6247	526
12622	2211	230
12629	7159	426
12630	1792	509
12635	2106	233
12635	2106	337
12638	2794	333
12641	1702	474
12642	1453	446
12646	4026	358
12647	2939	564
12651	1373	377
12653	2962	255
12661	7573	545
12663	2002	399
12664	2797	310
12667	1977	494
12672	2416	304
12672	2416	270
12674	3402	311
12676	1745	338
12678	5058	339
12682	2426	294
12682	2426	285
12684	3494	307
12686	2468	215
12688	3339	470
12692	2960	348
12693	2281	475
12695	9304	185
12695	9304	410
12698	3816	544
12698	3816	262
12699	1800	521
12703	2447	442
12704	4404	331
12706	4235	496
12707	4973	469
12709	1907	525
12715	1671	316
12719	7804	457
12720	7215	492
12720	7215	321
12724	4653	280
12727	5818	331
12727	5818	312
12740	2519	304
12742	2549	237
12749	1994	268
12755	2608	556
12759	8542	289
12760	3382	340
12764	3544	457
12766	5042	266
12769	8618	258
12769	8618	449
12772	2038	185
12773	1556	501
12775	5877	305
12775	5877	343
12778	1723	200
12781	5490	339
12787	3394	270
12790	3086	471
12791	2141	540
12792	5392	262
12796	3011	450
12797	2349	461
12799	1858	227
12800	1651	359
12801	2703	368
12806	1466	250
12811	2416	316
12812	2318	531
12813	1484	211
12817	2103	438
12819	4413	299
12819	4413	482
12828	1543	231
12828	1543	274
12829	6159	366
12829	6159	373
12830	2739	452
12831	1793	527
12833	1789	238
12834	5608	298
12834	5608	305
12835	3840	504
12838	3167	197
12838	3167	460
12848	2992	464
12851	2765	185
12851	2765	338
12853	2195	336
12857	1747	237
12859	7041	227
12859	7041	284
12859	7041	257
12860	4054	401
12862	7376	255
12865	2663	291
12867	1900	320
12872	2128	451
12874	5889	239
12880	6448	448
12881	6730	519
12881	6730	436
12886	5214	444
12892	2250	303
12892	2250	262
12894	4895	272
12895	2307	238
12898	3227	185
12900	1824	211
12903	2137	326
12908	2689	355
12908	2689	238
12911	2547	211
12921	3824	215
12923	8289	338
12924	3128	463
12929	9010	548
12931	2978	328
12932	1985	294
12934	3143	451
12936	2820	536
12940	2944	284
12941	5845	360
12941	5845	550
12943	7224	255
12943	7224	478
12948	2097	309
12949	2768	347
12950	2444	493
12951	6736	496
12954	8017	293
12954	8017	227
12954	8017	185
12959	2659	204
12959	2659	279
12963	2170	370
12966	6029	499
12972	3659	450
12974	4095	238
12978	8446	342
12981	1874	291
12982	3112	185
12982	3112	296
12990	7588	303
12997	3794	400
12998	3412	484
13000	2622	477
13003	2459	424
13007	3033	238
13013	1575	293
13025	1626	288
13027	2452	278
13032	3723	542
13033	6185	536
13033	6185	286
13039	2127	362
13040	2472	314
13047	2862	402
13049	2157	450
13064	974	306
13065	5763	211
13066	1569	326
13077	1340	338
13081	2448	361
13083	2047	227
13090	2665	334
13091	1491	345
13092	1980	385
13094	3725	227
13096	2022	311
13101	3491	292
13102	1964	261
13104	1464	200
13105	2992	237
13107	2992	378
13107	2992	249
13110	2879	345
13116	4113	331
13116	4113	323
13117	6759	280
13119	3056	330
13123	1683	248
13125	2354	484
13128	4556	384
13138	2651	326
13146	2408	312
13146	2408	283
13152	5064	295
13153	3933	363
13154	5595	350
13155	3204	316
13161	2102	295
13161	2102	327
13162	4120	304
13162	4120	334
13165	1088	370
13170	4905	478
13171	2376	297
13171	2376	297
13173	1491	348
13174	2318	414
13177	3177	555
13178	2454	315
13185	2356	488
13189	4594	530
13192	2384	335
13193	2656	337
13200	2431	305
13200	2431	146
13207	6156	507
13207	6156	235
13209	3103	390
13211	3237	360
13212	5633	273
13212	5633	347
13213	1737	306
13214	3000	317
13215	4060	431
13219	2675	484
13226	2295	280
13239	2456	371
13239	2456	326
13245	2850	531
13246	4039	496
13248	2716	418
13249	2170	473
13251	3467	316
13252	2147	359
13253	2944	499
13257	2781	459
13258	2100	326
13261	3159	522
13264	4002	421
13274	2430	575
13276	1544	512
13280	4517	443
13280	4517	361
13281	3481	489
13282	4095	458
13282	4095	498
13285	4494	200
13287	2829	332
13290	3632	260
13291	1530	326
13299	2587	512
13299	2587	195
13305	1984	200
13305	1984	249
13310	3592	347
13310	3592	206
13312	3817	243
13312	3817	389
13315	5193	485
13315	5193	396
13317	2674	505
13318	3976	471
13323	4368	547
13330	3145	155
13330	3145	434
13332	1706	278
13334	4576	523
13336	3504	399
13338	3206	546
13343	3126	559
13347	6435	159
13347	6435	171
13348	1695	357
13349	3885	186
13349	3885	525
13352	1941	546
13354	3551	216
13354	3551	457
13361	4538	211
13367	1745	386
13368	3162	552
13375	1607	325
13376	4316	533
13380	1525	346
13381	2971	295
13381	2971	310
13384	2347	433
13385	1281	316
13387	3122	441
13391	2225	185
13391	2225	321
13395	5964	432
13398	1741	355
13406	1682	227
13412	2283	536
13416	5574	525
13416	5574	544
13418	2022	368
13426	5369	206
13433	1646	288
13434	2462	339
13437	4529	527
13442	1174	268
13446	2030	313
13447	2908	295
13453	2528	374
13454	3555	348
13455	2486	326
13457	2505	426
13464	2523	304
13467	5621	314
13468	2069	360
13472	1928	365
13478	4070	277
13478	4070	351
13480	3488	185
13484	3851	351
13484	3851	523
13485	4519	260
13485	4519	309
13490	2745	211
13493	1718	339
13497	800	278
13498	1712	339
13504	2380	310
13510	2139	280
13510	2139	162
13511	1167	332
13512	5250	314
13520	1812	273
13525	1539	379
13530	2569	343
13537	1614	200
13539	2827	466
13541	3260	538
13544	3245	488
13547	2699	387
13552	1789	272
13552	1789	249
13553	3369	541
13562	2581	384
13565	3225	304
13579	1713	272
13581	2642	516
13582	2284	316
13583	1416	335
13592	2119	425
13598	2834	480
13599	2887	289
13601	1981	281
13602	1965	323
13619	1636	305
13620	1892	383
13621	3075	514
13626	1595	222
13628	3224	300
13631	2227	527
13637	5172	312
13637	5172	257
13638	2241	344
13640	6401	260
13640	6401	257
13650	6664	230
13650	6664	274
13650	6664	297
13664	3452	623
13665	1748	317
13671	2264	361
13673	3254	485
13678	2952	532
13679	2425	447
13680	4250	254
13682	2929	222
13684	1860	328
13686	2253	516
13690	1559	396
13691	2034	342
13696	3077	502
13703	3091	466
13704	3183	540
13706	2527	443
13708	2181	340
13709	1706	239
13712	3547	492
13712	3547	401
13720	1857	530
13723	2408	281
13728	2320	245
13729	1706	315
13732	2225	478
13733	1599	545
13735	1746	330
13736	2145	353
13740	2700	331
13743	1833	350
13744	6502	321
13744	6502	417
13745	1757	293
13749	1578	477
13755	2325	291
13760	1946	511
13765	867	185
13769	1357	494
13770	3765	330
13776	2864	469
13779	5232	342
13785	3255	359
13786	1810	200
13798	2617	524
13799	2261	364
13801	2628	317
13803	5042	334
13805	5786	301
13805	5786	330
13807	1462	253
13820	5447	539
13820	5447	457
13821	4813	365
13821	4813	337
13826	4893	474
13829	3714	505
13833	1746	200
13836	2728	339
13842	6321	269
13842	6321	290
13844	2280	333
13847	2509	459
13851	2736	185
13852	4973	192
13852	4973	181
13853	7211	336
13860	2074	496
13862	3180	511
13862	3180	333
13867	3390	346
13867	3390	365
13869	1896	570
13871	6524	487
13872	2400	521
13874	2023	314
13875	3895	308
13876	2242	364
13877	4054	435
13880	5647	419
13880	5647	346
13883	1252	351
13886	3140	521
13888	2020	461
13893	3245	461
13898	1745	314
13899	2552	312
13902	1806	420
13903	5743	606
13903	5743	475
13905	2776	490
13907	2025	266
13907	2025	306
13910	2792	315
13914	3856	366
13921	4469	185
13922	2330	543
13923	3102	436
13925	1625	334
13928	5716	506
13929	2683	510
13932	4075	265
13934	3980	430
13935	1747	417
13936	1961	479
13942	1568	297
13943	2474	286
13948	1664	315
13949	3237	486
13951	2453	266
13952	2054	562
13955	2168	272
13956	2982	517
13958	4081	229
13958	4081	427
13959	2155	520
13963	2185	475
13964	2004	333
13965	3828	406
13965	3828	232
13965	3828	241
13967	2849	330
13968	2935	510
13973	2686	252
13973	2686	227
13982	2036	246
13982	2036	322
13994	4187	194
13994	4187	257
13997	4522	341
13998	3235	185
14001	920	308
14002	3496	183
14002	3496	177
14004	2077	321
14010	1794	326
14011	3224	562
14012	1941	320
14013	2793	288
14013	2793	321
14014	4048	298
14015	3517	339
14015	3517	511
14016	3040	436
14017	4987	404
14017	4987	527
14021	2159	410
14023	2321	206
14025	1799	296
14034	5599	541
14038	3863	361
14041	2740	441
14042	5074	200
14042	5074	329
14045	3195	230
14054	4321	524
14056	3941	582
14060	1738	326
14065	1524	290
14069	1658	326
14075	2659	206
14081	2424	260
14084	4319	200
14085	7179	185
14086	2048	444
14092	3622	513
14094	1272	304
14099	3299	477
14100	2005	274
14102	1598	333
14105	1927	345
14109	2568	492
14112	2617	524
14115	2343	290
14117	1336	211
14118	3303	484
14125	2818	474
14132	2218	149
14132	2218	169
14133	3985	420
14144	3041	521
14144	3041	493
14146	2280	319
14147	1858	281
14148	3685	477
14149	2666	264
14153	2237	185
14155	4770	294
14161	6257	495
14162	2512	489
14171	4749	281
14174	4916	290
14179	2920	528
14180	3076	458
14180	3076	293
14183	2480	495
14185	2233	484
14192	2500	185
14194	4513	497
14200	3113	346
14200	3113	211
14201	3717	400
14203	3708	472
14205	3311	447
14208	2784	297
14211	3307	227
14213	2913	315
14214	6853	492
14219	4471	567
14220	6510	492
14222	3810	411
14224	3559	466
14224	3559	391
14225	7093	438
14225	7093	250
14231	4629	525
14233	2268	558
14234	1915	226
14236	2854	488
14241	2176	321
14246	2789	338
14247	2265	543
14248	5452	448
14255	3155	309
14257	2130	331
14260	2910	379
14261	1687	248
14262	2172	282
14264	1956	405
14271	3061	457
14272	3023	474
14278	2324	539
14284	2891	297
14287	2997	255
14289	2327	516
14291	2107	417
14293	1702	502
14295	1628	185
14296	2080	485
14297	2745	366
14298	4492	556
14299	2411	278
14300	5967	245
14302	4529	211
14302	4529	509
14305	3525	244
14305	3525	447
14311	2952	497
14314	2543	234
14315	4346	512
14315	4346	484
14322	1676	522
14323	2735	320
14323	2735	340
14324	1941	429
14327	1277	220
14328	2369	355
14328	2369	290
14329	1105	334
14332	4167	531
14334	1627	543
14339	2052	465
14343	2991	392
14343	2991	506
14344	3494	274
14351	2160	326
14353	1312	459
14355	1529	471
14357	1534	285
14358	2067	206
14368	1687	327
14370	2792	294
14371	4561	208
14371	4561	158
14375	2174	472
14377	1729	330
14379	1898	305
14379	1898	331
14381	3801	370
14382	2217	340
14385	2329	498
14386	4882	490
14389	1904	521
14391	1268	311
14395	2412	237
14398	2558	335
14399	3283	431
14402	2707	440
14402	2707	476
14405	2038	191
14407	5683	529
14413	2282	465
14418	2253	561
14425	2341	445
14426	1116	185
14436	2108	322
14436	2108	307
14443	2135	339
14444	6466	390
14444	6466	386
14447	4715	462
14453	2224	211
14454	2374	461
14456	1560	302
14458	3430	479
14460	2834	275
14470	2598	512
14471	1529	253
14473	5796	265
14473	5796	338
14473	5796	386
14480	2543	418
14482	6343	336
14483	3408	459
14485	2627	494
14486	3043	334
14486	3043	353
14487	2826	491
14488	2830	532
14494	1851	512
14499	2119	331
14504	1923	337
14507	2829	388
14507	2829	282
14515	3027	482
14517	3656	185
14517	3656	331
14518	3549	553
14518	3549	340
14519	1970	288
14520	1914	284
14521	2848	525
14538	5670	513
14539	1941	227
14540	2862	494
14545	2754	273
14547	1684	328
14550	2346	657
14552	1784	345
14554	3894	200
14557	4299	393
14557	4299	387
14559	1333	227
14562	1758	329
14563	2366	327
14564	2754	524
14566	1586	298
14568	4454	338
14568	4454	298
14570	3857	541
14571	3159	514
14573	2472	503
14579	1857	320
14581	2005	498
14584	2006	332
14585	1577	355
14589	2147	227
14590	2474	601
14592	2316	418
14596	5345	359
14600	5402	459
14600	5402	452
14602	1966	312
14604	2824	203
14604	2824	504
14607	1978	338
14609	2132	478
14614	1098	261
14617	2779	398
14620	3342	307
14625	3754	222
14626	3583	531
14627	1758	200
14631	4170	425
14631	4170	470
14633	1942	381
14636	1777	276
14636	1777	336
14637	2831	327
14639	2137	499
14641	2983	299
14649	3141	360
14654	2068	523
14659	5712	244
14661	2931	543
14670	2277	305
14672	1944	309
14675	2302	368
14676	4706	542
14679	1986	294
14682	1789	459
14684	1853	309
14685	2917	493
14687	3475	511
14698	5948	200
14700	2657	277
14703	4509	662
14704	2161	519
14707	2233	284
14721	2306	279
14730	2696	496
14734	2441	497
14737	2566	457
14740	1587	518
14742	2430	316
14743	3612	536
14749	2501	362
14754	2540	412
14761	1749	274
14774	1499	508
14776	1544	306
14779	2643	409
14783	1335	318
14786	2440	240
14786	2440	290
14788	3279	558
14790	2115	456
14791	3566	376
14791	3566	512
14793	2585	293
14797	2179	529
14799	4315	305
14800	2675	250
14801	1966	534
14804	1868	485
14815	2773	338
14821	3417	320
14829	1794	469
14830	2624	514
14832	3331	508
14836	3889	533
14837	1355	429
14845	3086	598
14848	3734	301
14849	1781	457
14852	2675	471
14854	2067	503
14856	2102	313
14867	2981	518
14878	7996	475
14880	2696	490
14882	6968	252
14882	6968	481
14883	3499	507
14883	3499	406
14888	6841	238
14889	3037	350
14893	5237	185
14893	5237	551
14894	4780	222
14895	2826	185
14899	2544	378
14905	2821	465
14907	2627	243
14908	4315	526
14909	2068	307
14910	3139	221
14911	1498	359
14918	3625	200
14921	3855	516
14923	2126	248
14924	1473	185
14929	2326	563
14930	1934	206
14931	1565	468
14932	3853	331
14932	3853	333
14937	2479	232
14938	3615	409
14940	1571	458
14942	3170	355
14945	1874	317
14946	2464	502
14949	2471	412
14950	1842	185
14952	2904	541
14954	1912	503
14955	2006	467
14959	2537	446
14966	2264	363
14969	3706	419
14970	3583	328
14977	1994	211
14988	1452	370
14989	2358	185
14991	4554	530
14992	1616	346
14993	1458	333
14998	1888	303
15000	3389	425
15001	2193	158
15006	1786	249
15007	6629	492
15008	2839	379
15009	3610	389
15010	2708	485
15013	5716	519
15013	5716	543
15014	3425	345
15017	6223	510
15020	5407	336
15022	8224	349
15026	5603	467
15029	2665	533
15029	2665	185
15031	6822	206
15057	6380	442
15059	3831	355
15060	3868	480
15067	2397	385
15068	8533	429
15073	2742	551
15074	3647	505
15077	5897	309
15077	5897	357
15083	2154	337
15085	3307	185
15089	2579	294
15093	4825	340
15093	4825	311
15097	2349	361
15098	2282	578
15109	2492	529
15110	2244	528
15111	2252	422
15114	2245	346
15115	4077	543
15120	4740	395
15124	6721	340
15126	2367	298
15127	8537	392
15130	2449	316
15132	1851	331
15133	2457	331
15136	8334	263
15137	1671	341
15139	2797	284
15141	2468	629
15146	7700	434
15146	7700	519
15150	2525	539
15153	3653	334
15154	7501	507
15166	2032	376
15170	7407	431
15179	3413	519
15185	3289	227
15186	2879	468
15196	4748	449
15199	2352	415
15208	3073	552
15209	3582	581
15210	5377	525
15212	2265	318
15213	3184	275
15215	3854	342
15223	2614	516
15224	4971	211
15224	4971	480
15231	2362	420
15237	1974	185
15242	3063	523
15244	2356	420
15245	3272	515
15246	2628	500
15247	2820	719
15249	3560	444
15252	3657	295
15252	3657	289
15254	2849	284
15257	3240	510
15259	4147	554
15262	1998	523
15264	3889	422
15265	5275	491
15267	2198	512
15277	2452	775
15278	3456	493
15281	2256	436
15282	2709	339
15299	2530	300
15310	3476	491
15310	3476	196
15311	1571	239
15315	1823	607
15316	2361	486
15319	2681	327
15326	2556	429
15328	3439	304
15330	2243	372
15333	2350	321
15334	3819	553
15335	2037	425
15338	2548	280
15339	2156	388
15341	1180	424
15343	1169	338
15345	8323	324
15359	2095	243
15362	2558	271
15368	6288	421
15369	7460	404
15370	1902	331
15371	3355	741
15378	2968	336
15382	8505	332
15382	8505	302
15382	8505	255
15382	8505	298
15385	1460	257
15387	2110	530
15388	2672	484
15390	1800	206
15397	1755	317
15399	1849	530
15401	2471	379
15412	4080	497
15413	1958	255
15416	1479	320
15417	3095	432
15423	2230	440
15426	2329	482
15434	2805	358
15437	3863	338
15439	6054	577
15439	6054	556
15441	2847	444
15442	2766	504
15443	1532	378
15452	1552	421
15454	2356	472
15456	1767	211
15459	1967	462
15461	5199	280
15462	3443	470
15463	1545	479
15469	2832	494
15470	6491	497
15473	2643	421
15474	4357	526
15483	2311	507
15490	2816	302
15490	2816	291
15495	3423	467
15502	3128	445
15503	3973	525
15504	1746	185
15507	3338	375
15508	2375	315
15513	3233	376
15518	1971	289
15519	2890	485
15520	3085	463
15523	3442	419
15525	1997	339
15525	1997	261
15532	2050	332
15533	3024	548
15536	7621	310
15536	7621	200
15537	2113	304
15538	2178	344
15539	2016	447
15541	2191	233
15545	2953	370
15550	7531	407
15554	3640	486
15556	1877	448
15560	2639	506
15561	2883	323
15561	2883	192
15562	3221	446
15569	1504	454
15570	2500	345
15571	5839	359
15572	3171	531
15581	2955	439
15588	2323	355
15591	1870	515
15593	3360	555
15595	3421	287
15597	2551	211
15599	2289	302
15602	3389	428
15604	2289	306
15609	2096	330
15612	3439	503
15613	1816	336
15615	4781	238
15616	2769	531
15617	7489	312
15617	7489	283
15618	2200	336
15621	1375	337
15622	3032	325
15630	2471	505
15637	2076	312
15641	9037	546
15644	3323	476
15645	2944	185
15650	4275	279
15651	1624	321
15655	3712	629
15659	2613	325
15660	2968	372
15660	2968	369
15662	1737	296
15664	2691	477
15673	1747	292
15677	9016	357
15677	9016	551
15684	2342	508
15696	3660	460
15698	2241	495
15699	2604	262
15700	2170	343
15701	2706	334
15703	3109	464
15704	2033	483
15706	3499	488
15710	1802	347
15712	2899	185
15722	2060	474
15729	2883	522
15730	3774	498
15731	3490	331
15736	5769	330
15741	3335	535
15747	2054	479
15750	2820	250
15752	2162	322
15753	4385	345
15754	2303	211
15762	1939	275
15763	4243	498
15763	4243	310
15764	1498	256
15766	1859	246
15777	2512	435
15779	4011	339
15781	1945	389
15793	3525	382
15794	3033	504
15797	1924	200
15798	2499	391
15799	3058	535
15800	4773	462
15800	4773	544
15802	6467	163
15803	2690	542
15804	2875	494
15812	4094	250
15814	3123	420
15815	1935	513
15816	4234	538
15817	1736	320
15819	2088	301
15819	2088	359
15820	1461	215
15822	2047	383
15825	2223	484
15831	4928	250
15833	2203	498
15834	2173	565
15837	3221	541
15838	4573	313
15848	3678	411
15853	3935	527
15861	5927	341
15868	3664	501
15869	2921	333
15872	4260	492
15873	2889	467
15877	3061	497
15878	1935	528
15879	3369	541
15881	1935	367
15884	2260	185
15884	2260	321
15885	5604	297
15888	2073	575
15893	2165	577
15894	2982	312
15900	2273	534
15904	4641	485
15906	3407	459
15908	877	227
15919	6057	550
15922	3035	513
15923	6227	195
15923	6227	238
15926	3198	516
15929	2013	319
15950	2875	185
15954	3222	551
15955	3014	312
15960	3421	460
15960	3421	396
15963	2319	299
15976	8532	306
15976	8532	321
15976	8532	211
15978	5268	297
15987	2545	441
15988	1409	322
15991	2054	342
15993	3521	557
16000	2615	557
16001	4030	287
16004	3039	300
16008	2228	353
16011	2055	331
16013	2390	404
16029	2397	465
16030	2407	313
16031	6183	296
16031	6183	446
16035	2165	343
16036	2379	363
16049	2873	366
16052	2384	360
16062	2404	321
16063	1986	344
16066	3585	327
16069	3262	530
16077	5417	378
16078	4334	530
16081	2698	525
16088	2537	345
16092	3709	404
16095	2675	289
16096	2570	438
16103	3497	452
16103	3497	496
16104	2007	322
16116	3693	427
16121	1151	308
16122	2434	361
16125	2084	366
16129	2796	775
16130	4761	550
16132	2957	450
16133	6130	315
16135	3116	304
16136	2174	344
16139	3074	472
16141	3273	512
16143	1883	288
16145	3533	321
16146	3008	502
16149	4211	185
16149	4211	355
16150	5218	446
16154	3549	572
16155	4187	265
16156	2742	450
16157	3013	369
16158	3865	267
16158	3865	465
16164	2577	301
16164	2577	366
16165	6066	469
16169	4035	510
16171	2525	311
16175	2891	384
16178	3180	501
16180	2409	215
16182	2318	564
16186	3305	516
16188	1715	185
16190	3855	513
16198	2567	412
16201	2943	238
16202	5755	477
16203	2836	440
16204	3570	581
16205	3521	510
16212	4469	250
16215	5062	334
16215	5062	255
16218	7808	501
16219	2240	298
16220	3679	369
16222	1713	525
16223	3033	482
16225	4060	507
16229	3588	335
16240	2379	313
16243	2253	300
16245	3257	493
16248	1897	250
16251	2280	323
16255	2424	736
16257	3620	516
16258	3801	211
16258	3801	490
16264	1733	457
16276	3000	185
16277	4469	461
16277	4469	528
16279	3418	355
16279	3418	358
16280	2476	378
16281	2568	292
16282	4103	280
16284	1501	292
16287	2564	299
16292	1733	428
16296	4320	533
16297	2402	570
16298	2069	311
16298	2069	215
16299	2726	274
16304	4451	245
16304	4451	338
16306	2142	501
16310	1889	262
16311	1319	432
16312	3782	318
16317	3570	457
16319	5860	274
16319	5860	344
16322	1809	279
16332	1672	441
16337	1423	227
16338	4659	200
16342	4701	504
16343	3726	423
16346	2186	402
16351	3135	482
16362	2621	274
16362	2621	488
16364	1757	517
16369	2861	458
16371	1274	273
16372	3168	211
16374	4498	493
16378	2018	418
16381	2244	352
16383	3533	497
16388	3936	468
16389	2200	444
16390	1793	227
16393	2033	295
16398	3596	473
16400	2595	474
16401	2814	315
16403	2637	349
16404	1870	277
16407	1604	340
16415	2154	289
16425	1947	276
16432	3591	442
16437	2784	223
16437	2784	296
16444	3863	239
16449	3307	250
16449	3307	206
16458	2478	376
16459	2628	487
16464	2809	256
16464	2809	242
16465	3829	338
16468	2903	185
16469	2902	318
16470	1686	185
16476	1935	349
16478	2518	281
16478	2518	255
16488	2391	323
16497	3150	436
16513	2331	458
16520	2231	474
16523	2292	289
16526	2964	256
16526	2964	264
16529	1343	248
16537	2104	326
16542	2257	413
16553	2465	523
16561	2350	238
16561	2350	281
16572	3140	330
16572	3140	449
16573	1743	211
16583	2563	294
16583	2563	279
16588	2529	327
16592	3919	440
16598	2607	415
16609	2673	221
16609	2673	309
16611	1448	185
16620	1696	270
16625	1186	260
16636	2770	297
16636	2770	247
16638	1554	295
16646	2798	196
16646	2798	397
16655	2793	307
16656	3933	447
16659	2992	268
16661	2333	602
16663	3226	379
16676	1037	200
16677	2578	261
16679	4246	241
16679	4246	212
16681	2314	285
16686	3294	398
16687	4183	260
16696	1308	206
16697	2566	318
16697	2566	311
16700	3546	479
16701	2467	281
16702	1397	321
16717	3830	512
16718	2564	474
16723	1506	284
16731	1118	215
16738	3120	544
16745	1975	290
16746	2784	752
16748	2505	487
16750	979	211
16753	548	206
16761	3258	420
16766	1755	275
16773	2420	400
16774	1965	309
16783	1787	259
16787	2692	606
16788	3135	631
16796	1167	266
16809	2206	185
16820	1485	298
16820	1485	217
16830	3169	150
16830	3169	335
16834	2139	545
16848	1481	236
16851	3002	368
16856	1950	503
16866	4167	569
16874	2510	307
16876	1809	200
16878	1468	401
16880	3716	525
16883	2547	268
16883	2547	335
16892	2341	393
16899	2817	546
16900	3726	305
16901	2369	171
16901	2369	301
16905	3521	554
16906	1122	259
16915	4350	508
16918	1549	254
16923	2018	334
16930	1600	212
16930	1600	330
16931	1519	384
16932	2003	357
16941	3969	471
16948	3258	215
16948	3258	469
16951	1455	185
16959	3791	197
16959	3791	216
16961	1426	364
16963	3035	298
16963	3035	437
16967	1073	185
16971	3531	602
16972	2981	452
16984	2330	396
16990	2575	411
16992	2149	307
16992	2149	321
17003	3500	546
17006	1983	409
17008	3663	808
17011	2136	361
17012	2611	526
17013	3603	466
17018	2739	282
17018	2739	252
17023	1191	282
17027	2702	318
17027	2702	301
17029	2413	302
17029	2413	331
17033	1580	243
17036	2709	448
17042	3775	287
17045	1642	206
17047	2335	219
17047	2335	195
17061	2052	582
17063	2225	385
17064	1517	308
