0	18207	29388
2	2048	502
5	3603	549
6	2214	304
8	2191	446
10	2325	562
12	2135	660
13	5129	711
14	3205	590
17	3367	499
23	4940	238
25	3211	564
29	2865	505
33	4785	588
33	4785	653
34	2361	539
38	2048	158
38	2048	258
43	4351	543
43	4351	539
45	2690	760
46	2085	391
49	2206	507
50	2860	209
50	2860	476
54	3552	313
57	4035	526
57	4035	477
60	2386	375
61	1246	296
62	2838	370
64	3647	548
66	3342	578
69	4112	574
72	3720	200
72	3720	401
73	2158	318
76	1820	380
77	2463	611
80	3581	749
87	2734	601
89	4166	718
89	4166	459
90	5976	410
90	5976	824
91	3060	471
92	3377	557
93	1040	221
100	2557	390
102	3746	576
102	3746	375
103	2872	490
104	3364	215
106	1934	232
110	4696	767
111	4045	513
111	4045	174
111	4045	429
112	2537	488
113	2916	431
116	3789	640
120	1482	550
121	5163	877
121	5163	407
123	3556	658
124	2167	447
125	2381	551
126	3093	502
138	3536	438
138	3536	206
139	2017	342
142	2315	519
149	2089	324
151	2947	566
153	3389	729
154	2471	145
155	2064	441
157	2138	417
158	3465	705
160	3571	323
160	3571	571
162	2396	287
165	2133	505
169	3430	560
171	3212	534
173	1487	266
175	2158	500
177	2170	489
178	2334	553
181	2660	658
183	2756	331
185	1768	529
186	3143	297
188	3413	538
189	2058	327
191	1614	294
192	2334	596
193	3617	532
193	3617	421
194	2443	534
198	3069	300
204	2421	310
204	2421	314
205	4933	515
206	3985	525
207	1864	609
212	2908	597
213	1644	380
216	3075	509
218	3026	490
219	3185	635
221	2034	625
223	2536	564
225	1342	185
226	2907	505
229	3132	416
232	2633	603
234	2330	375
235	2001	547
236	2364	349
236	2364	337
237	3630	469
238	3112	521
241	1888	538
246	2532	535
247	3078	312
250	1775	284
253	2213	625
255	4518	591
256	2184	318
256	2184	332
258	1759	266
260	2062	329
263	1922	429
264	1568	243
266	2159	482
267	2948	540
268	2418	265
273	1861	215
273	1861	202
277	2188	279
279	2545	372
279	2545	331
281	2497	378
284	3740	591
285	4718	384
285	4718	530
288	2414	234
297	1682	270
298	3644	280
299	2216	245
300	2840	497
302	2864	589
304	2578	440
305	3739	659
307	2379	555
308	3733	385
309	1666	222
312	2279	200
313	2968	523
314	3832	345
317	1384	338
320	2939	515
321	2194	373
321	2194	186
322	1627	361
325	3105	547
327	2368	589
329	2015	396
330	1854	389
332	4967	535
333	1759	376
339	1790	333
340	5523	720
345	2152	315
345	2152	221
349	1477	441
350	3795	536
351	4190	519
351	4190	524
352	1940	476
354	3285	335
355	3480	299
355	3480	231
355	3480	193
356	2002	309
357	1641	389
361	1535	254
362	2304	319
367	1985	301
368	1783	419
369	1192	318
371	2310	383
375	4573	681
378	2120	550
381	2107	341
383	1689	445
385	973	238
386	2097	518
387	3354	532
388	4441	473
391	3869	568
395	3452	817
399	3495	474
399	3495	488
400	1584	268
401	2975	683
408	3360	529
410	2134	395
413	3698	466
413	3698	485
417	1914	255
418	1792	249
419	2379	361
421	1736	416
422	1237	185
423	1712	336
428	3580	200
428	3580	542
433	3788	244
440	993	238
444	1969	498
445	3741	574
445	3741	530
448	1819	281
448	1819	344
449	2373	318
450	2252	225
450	2252	243
454	2069	255
454	2069	358
455	1938	520
457	4406	501
457	4406	498
459	3127	345
459	3127	255
463	1776	276
464	2855	310
467	3367	302
470	2371	777
473	4268	185
473	4268	589
476	1613	285
482	3270	481
484	1771	339
485	1402	406
486	1788	371
495	3314	307
495	3314	294
505	2526	351
507	1835	151
509	2551	537
517	2607	270
519	2480	566
520	1898	582
522	2299	307
529	2553	507
531	2746	347
532	3381	331
532	3381	284
538	3615	254
538	3615	324
540	2418	237
540	2418	182
543	1754	357
545	2305	508
547	831	281
548	1646	311
553	4409	632
553	4409	451
554	3851	738
561	2373	446
563	2897	537
565	2863	263
565	2863	293
566	2102	285
569	1508	222
572	1837	262
575	1589	252
577	1538	200
579	1755	226
582	1885	438
583	3185	550
587	2593	355
591	1776	546
593	1845	449
597	1715	243
598	2985	443
604	2842	363
607	3330	474
607	3330	471
610	4337	326
610	4337	211
615	2356	343
616	1604	380
617	2933	495
620	1631	232
620	1631	288
626	1936	407
627	3445	554
628	1654	356
631	2598	261
641	1012	344
642	2119	233
645	3082	342
645	3082	455
646	1225	349
649	2556	639
650	1890	507
658	3136	368
662	4270	518
663	4267	374
666	2804	342
666	2804	269
671	1228	200
673	3648	376
676	4613	269
680	4864	557
680	4864	774
681	2056	321
687	1727	200
688	3126	374
690	1618	494
691	5511	282
694	1464	294
695	2765	383
699	1392	267
705	3960	459
705	3960	512
709	1694	251
718	2429	515
720	2028	477
723	2212	558
727	1922	266
729	1911	543
730	1847	482
738	2119	290
740	1710	367
741	2925	502
744	2903	342
749	1879	397
751	1761	260
752	1836	281
759	2407	554
761	3550	495
763	1483	480
765	3835	588
765	3835	356
766	1661	342
769	1342	501
770	4134	510
770	4134	533
773	4557	292
774	2746	407
778	1491	211
780	2440	368
782	3065	452
783	2332	318
787	4926	536
787	4926	561
791	2796	250
792	8871	273
801	1845	425
804	8176	230
807	1965	358
812	1281	296
813	2771	329
816	1595	299
817	3316	513
820	2086	427
822	1963	316
823	3469	542
824	2707	531
825	2385	195
825	2385	284
828	2679	363
829	2775	303
829	2775	341
830	2983	518
838	3363	375
838	3363	307
850	2554	250
850	2554	319
851	2787	227
853	4798	610
859	2684	469
867	2909	218
867	2909	202
870	2484	248
871	3062	179
871	3062	299
872	3347	293
873	2486	277
874	3661	535
879	3209	605
885	6757	263
888	4684	627
891	2369	565
893	3679	408
894	1011	185
895	4029	800
900	2666	411
906	3588	538
906	3588	527
909	2795	296
910	3287	535
911	1617	455
912	3686	363
915	2070	494
916	1979	552
917	2327	560
918	1204	277
920	1393	383
922	1455	322
926	3845	497
926	3845	436
927	2059	477
932	1615	408
934	2208	211
935	4359	594
935	4359	266
937	5643	815
938	917	185
940	2810	475
943	1907	317
945	7315	592
945	7315	746
947	4387	583
948	1777	368
954	2437	579
957	2455	334
958	3268	254
964	898	309
966	3355	566
973	2371	386
979	1994	185
980	1660	424
982	4561	548
982	4561	521
984	1964	553
987	3467	634
988	3571	390
995	4474	563
995	4474	478
998	3375	243
999	3171	462
1000	2731	409
1002	3547	496
1005	2239	569
1009	3483	174
1009	3483	237
1009	3483	202
1013	4527	446
1016	9891	227
1021	3452	547
1022	2864	672
1023	3797	491
1023	3797	583
1024	7374	280
1024	7374	164
1028	3743	642
1033	8800	317
1037	2618	497
1040	2961	295
1040	2961	349
1042	2002	539
1053	2514	562
1054	2585	430
1059	2159	185
1060	3283	622
1066	1656	368
1068	2178	485
1070	1938	254
1071	2506	243
1071	2506	227
1074	4184	519
1075	2226	516
1077	1987	356
1079	2982	511
1084	3113	825
1085	2857	558
1089	2487	317
1092	2502	270
1095	2353	568
1096	2936	422
1097	2866	415
1103	1312	315
1107	2768	480
1110	3332	465
1111	2094	331
1112	2881	310
1113	2865	749
1115	1926	508
1118	1804	600
1124	2374	544
1140	2774	320
1141	2963	264
1141	2963	350
1152	1649	395
1155	1656	404
1156	1940	264
1161	3987	566
1163	3032	617
1169	3260	415
1173	1382	293
1173	1382	264
1174	2481	349
1177	5221	784
1181	2214	450
1182	1256	438
1187	2021	287
1188	1777	438
1193	2616	486
1194	2235	480
1198	1571	291
1199	2156	486
1200	2593	464
1203	1668	414
1207	3707	560
1209	3448	446
1209	3448	183
1209	3448	260
1213	6571	215
1215	1932	283
1218	1850	314
1219	3624	554
1228	1592	517
1229	2050	221
1232	1465	496
1235	1715	331
1237	2804	505
1239	2106	239
1240	3068	409
1241	2924	559
1244	3501	524
1247	3053	515
1248	3317	297
1248	3317	549
1250	1264	349
1252	5414	624
1252	5414	391
1253	2896	324
1254	3638	597
1258	3417	227
1258	3417	227
1260	3613	346
1261	1682	290
1262	4173	415
1263	4994	580
1264	2002	345
1265	2787	612
1266	2154	380
1267	2465	472
1268	2208	450
1269	2409	404
1271	3263	634
1272	3079	509
1273	1696	372
1274	2808	607
1283	3780	588
1284	3850	556
1287	2569	570
1288	1564	393
1293	1994	493
1303	4436	120
1303	4436	293
1305	2399	513
1307	3034	547
1309	3469	826
1311	3796	516
1311	3796	390
1313	2269	367
1314	2831	569
1317	3803	522
1317	3803	506
1318	2689	486
1324	2422	606
1325	3374	530
1326	3834	752
1327	4158	201
1327	4158	469
1328	3148	415
1331	2410	371
1332	2127	600
1333	6094	263
1333	6094	611
1336	2864	516
1338	2160	486
1342	3601	796
1344	1798	291
1351	1394	306
1352	4283	521
1352	4283	409
1353	3630	525
1354	2079	461
1355	2964	388
1356	4574	428
1356	4574	402
1358	3128	604
1360	2928	500
1363	2326	238
1364	2736	343
1367	1834	250
1369	1915	285
1370	3045	452
1370	3045	219
1372	3491	383
1372	3491	514
1373	2025	354
1375	1997	538
1376	1419	221
1380	4464	289
1380	4464	324
1380	4464	171
1383	3139	326
1386	1542	490
1389	2615	339
1389	2615	513
1391	2452	397
1392	4295	606
1392	4295	403
1403	1963	282
1406	3006	411
1409	2235	505
1411	4273	603
1412	3510	418
1413	2505	586
1416	2465	344
1417	4409	506
1421	4055	574
1424	1237	185
1425	2373	349
1425	2373	185
1430	3092	659
1432	3649	470
1444	2011	332
1444	2011	347
1445	3095	630
1447	3415	238
1447	3415	465
1453	2250	532
1459	3559	432
1459	3559	302
1460	4980	443
1460	4980	465
1461	2320	496
1462	2541	280
1462	2541	279
1464	2436	283
1466	2490	478
1467	2843	358
1469	3353	529
1472	4641	755
1473	2234	456
1474	4673	293
1474	4673	505
1482	3449	483
1484	4434	615
1484	4434	294
1491	1231	272
1493	1926	306
1497	3052	549
1498	1010	200
1500	2286	206
1501	3191	206
1514	3124	600
1516	2820	325
1517	2110	505
1526	1860	249
1528	1604	304
1530	1559	271
1535	2259	306
1541	2587	337
1541	2587	337
1543	1608	410
1549	2525	343
1549	2525	306
1550	1616	360
1554	1883	268
1556	3381	188
1556	3381	495
1558	2055	185
1558	2055	245
1560	1494	233
1563	2293	335
1568	2784	342
1571	2197	281
1571	2197	299
1572	3227	421
1574	2311	313
1575	2801	314
1576	3626	472
1576	3626	487
1579	1385	284
1584	2355	327
1584	2355	294
1585	1766	279
1588	1989	478
1589	1251	185
1593	1973	284
1593	1973	218
1595	3095	245
1597	2856	349
1601	2354	533
1602	1612	364
1610	2748	562
1611	1600	316
1614	2252	369
1617	995	222
1619	2816	560
1625	1733	356
1626	1376	285
1628	1870	206
1630	1730	385
1634	2591	385
1637	2863	364
1637	2863	226
1638	1508	297
1641	2020	281
1643	2000	353
1646	3124	543
1650	2926	186
1650	2926	354
1654	2083	511
1656	1738	389
1658	3019	470
1658	3019	375
1660	3269	266
1660	3269	468
1662	2399	290
1662	2399	298
1665	1957	297
1671	2357	417
1673	1479	284
1678	3095	227
1681	3298	531
1681	3298	218
1682	3083	559
1683	2928	327
1683	2928	454
1685	1644	286
1688	2458	445
1691	1742	595
1692	2208	245
1692	2208	301
1699	2072	490
1700	1735	266
1703	2539	512
1707	2496	508
1709	1339	316
1711	1735	333
1712	2331	516
1716	2941	320
1716	2941	443
1716	2941	202
1717	2270	433
1718	3404	350
1725	1347	295
1726	3599	230
1730	1980	338
1731	3636	512
1734	1895	233
1735	2206	226
1736	2084	344
1738	1543	304
1743	2330	339
1745	2217	254
1745	2217	265
1746	1292	185
1747	1246	200
1748	1166	256
1750	2924	407
1753	2384	510
1754	2919	464
1760	2776	439
1760	2776	529
1761	2756	523
1765	2507	268
1766	1601	308
1767	1887	243
1768	1934	296
1768	1934	307
1771	1092	200
1774	1867	409
1775	2431	569
1778	2236	480
1784	3615	469
1788	2245	344
1789	3447	519
1791	2171	327
1800	2187	432
1808	2134	519
1809	1495	266
1811	1592	261
1812	2668	419
1818	3317	517
1820	1116	232
1821	3297	502
1823	1460	259
1824	1583	286
1825	3477	714
1827	2123	238
1830	1920	331
1833	2046	359
1836	1596	233
1838	2035	300
1839	1506	347
1844	1678	408
1846	3147	480
1846	3147	202
1849	2877	464
1851	1902	275
1853	2550	481
1857	1766	303
1858	1500	227
1859	3016	483
1863	2640	274
1863	2640	445
1865	2826	460
1867	3678	567
1873	2960	593
1876	2687	579
1877	1964	316
1880	1851	243
1882	3012	645
1883	1763	379
1885	3460	600
1886	1633	544
1887	1871	340
1896	1469	241
1898	2530	422
1899	2441	250
1900	2229	533
1901	2265	280
1904	2766	533
1905	2858	539
1910	1497	405
1911	2651	292
1913	2613	328
1914	2840	649
1916	1465	296
1920	1301	292
1923	1746	323
1925	1554	315
1926	1173	272
1930	2513	335
1930	2513	302
1931	793	211
1932	2735	330
1939	2823	550
1940	1049	185
1946	1401	306
1948	2165	425
1949	1801	311
1951	2229	310
1952	2243	514
1955	2444	457
1961	2313	259
1961	2313	282
1962	1567	466
1965	1389	311
1966	1889	361
1969	2976	570
1971	1860	298
1971	1860	229
1975	1119	278
1976	2340	430
1980	2186	293
1982	2695	338
1983	1973	311
1986	3545	466
1986	3545	314
1994	2452	464
1999	1971	183
1999	1971	195
2001	3310	522
2007	2554	299
2009	1588	200
2011	1683	459
2013	1764	389
2014	1213	268
2015	1995	407
2017	2139	317
2019	2421	307
2020	3614	239
2020	3614	472
2025	2407	319
2030	2331	546
2032	1984	477
2033	2199	500
2036	2253	499
2043	1783	413
2045	3226	569
2046	1936	185
2048	1837	395
2049	1645	472
2051	2135	231
2051	2135	302
2053	1372	538
2056	2158	346
2058	2912	378
2060	3669	537
2060	3669	486
2061	1895	250
2063	2105	239
2065	1861	310
2068	2167	526
2069	1672	336
2070	1052	185
2072	2252	411
2075	2157	293
2076	1264	200
2079	2793	271
2080	2121	380
2081	1800	329
2082	2128	347
2085	1927	326
2088	3059	565
2088	3059	232
2091	3431	497
2093	1640	354
2094	2214	549
2095	2213	272
2095	2213	310
2097	1444	305
2100	2599	268
2101	2010	370
2103	1425	255
2105	1771	283
2106	1954	243
2107	1773	341
2109	1000	283
2117	2328	258
2118	2899	591
2120	2614	463
2121	1860	227
2124	2403	318
2126	1618	296
2129	3056	441
2129	3056	304
2130	1754	329
2133	2483	389
2134	2722	149
2134	2722	399
2135	3286	339
2135	3286	436
2136	3594	469
2137	2346	263
2138	1971	409
2141	1422	185
2144	1417	222
2145	2141	556
2147	2093	336
2150	2313	406
2151	1731	222
2152	2000	195
2152	2000	298
2154	3663	592
2155	1941	327
2158	2320	531
2160	1790	284
2161	3519	440
2164	2122	481
2168	1877	505
2170	2048	303
2171	3342	344
2172	2212	443
2175	3463	250
2176	1706	361
2178	1626	200
2184	3192	436
2187	1479	296
2190	2368	438
2190	2368	199
2191	1703	481
2192	2503	585
2195	2082	547
2196	2279	222
2196	2279	208
2197	1868	211
2203	2652	392
2203	2652	327
2204	2894	285
2205	3093	299
2205	3093	386
2206	1898	356
2207	3052	527
2207	3052	384
2208	2236	517
2209	875	433
2212	2061	344
2214	2086	480
2218	2924	406
2218	2924	307
2220	3135	240
2220	3135	344
2221	989	254
2222	2370	206
2223	1877	462
2225	1678	426
2226	2592	486
2232	1634	284
2233	2139	537
2234	2009	507
2237	1982	491
2238	3172	722
2243	2714	477
2243	2714	466
2244	1344	281
2247	3249	636
2248	2665	407
2249	2221	314
2249	2221	540
2250	2479	438
2251	3452	579
2251	3452	225
2254	2071	185
2257	2900	346
2259	1672	277
2270	1480	265
2275	2634	532
2283	2219	528
2284	3531	654
2285	2992	466
2293	2164	185
2294	1759	450
2295	982	453
2296	1796	443
2303	1871	372
2304	2331	452
2308	1333	299
2312	2927	551
2313	2484	561
2316	1598	185
2319	1535	259
2325	2042	329
2327	2079	552
2331	3556	448
2339	1790	185
2342	2236	291
2345	1791	255
2347	1849	268
2353	1126	206
2354	3171	593
2355	2730	200
2359	2589	353
2360	1821	459
2361	2349	494
2366	1780	418
2367	1577	334
2369	1494	269
2371	3321	398
2373	3277	259
2376	3652	520
2376	3652	351
2377	1885	250
2378	2135	446
2380	1875	446
2381	1980	300
2386	1590	200
2387	1970	325
2391	2579	495
2392	3015	330
2392	3015	242
2401	1746	455
2403	2635	557
2405	2190	293
2408	3616	566
2415	1997	314
2420	2211	354
2426	1999	521
2428	1412	317
2431	2933	258
2431	2933	250
2432	2928	514
2434	1840	533
2435	2592	548
2436	1956	539
2439	2176	300
2439	2176	212
2440	2206	308
2446	1891	306
2447	2116	454
2448	2777	573
2449	3440	464
2450	1802	211
2451	2317	451
2452	1066	415
2454	3075	464
2461	1248	200
2472	2303	531
2475	3072	238
2477	2903	497
2481	1916	312
2482	1940	226
2485	2456	545
2487	1434	211
2489	3421	185
2491	1905	259
2494	2945	462
2495	1398	310
2497	2312	428
2498	2461	446
2500	2199	287
2500	2199	260
2501	2403	517
2502	2680	525
2504	2190	480
2505	2314	289
2509	2247	310
2509	2247	425
2513	1495	303
2514	1423	297
2518	3145	455
2521	2018	317
2521	2018	331
2523	1930	211
2526	2142	522
2529	1483	530
2532	1334	185
2533	1866	264
2533	1866	230
2534	1970	481
2537	1953	361
2541	1962	290
2545	1747	234
2553	3150	463
2554	3316	685
2555	1746	222
2555	1746	181
2557	1522	200
2558	2130	551
2560	3604	199
2560	3604	583
2562	2241	315
2565	2005	314
2566	1887	552
2568	1925	311
2569	2815	472
2571	1648	227
2572	2402	309
2572	2402	185
2576	1726	357
2577	2197	491
2578	1746	280
2579	3400	483
2581	1410	301
2582	1381	227
2584	2947	291
2585	1208	283
2589	1787	376
2590	2389	316
2591	1528	250
2596	2006	185
2598	2587	608
2600	2347	278
2602	3026	376
2602	3026	323
2604	2891	396
2604	2891	483
2606	1367	239
2607	1743	211
2608	2326	573
2610	2358	278
2610	2358	263
2612	1484	271
2614	1731	226
2615	1952	292
2618	1855	244
2619	1835	427
2620	3090	573
2621	957	283
2622	2262	356
2622	2262	181
2625	3352	536
2626	1782	271
2628	3493	401
2633	1464	351
2634	2980	434
2635	1471	215
2640	2538	523
2644	2112	479
2645	1980	406
2648	1773	347
2653	1017	185
2654	2832	410
2657	1535	185
2660	1148	271
2670	2550	565
2671	2924	472
2673	1511	351
2675	1923	455
2678	3403	507
2680	1712	301
2684	1405	374
2686	2262	530
2689	2031	397
2692	2050	450
2695	1575	281
2697	2347	422
2698	2922	362
2705	2506	336
2706	3638	352
2706	3638	462
2712	2081	429
2713	2989	334
2713	2989	297
2714	2140	418
2721	1398	346
2722	1490	308
2725	1400	415
2727	2572	291
2731	869	352
2733	2270	337
2734	1536	405
2738	2796	393
2739	1309	266
2741	1828	455
2743	3259	394
2746	1840	317
2746	1840	185
2747	2846	568
2753	2602	336
2756	2317	517
2758	2626	502
2758	2626	234
2760	3211	546
2763	2608	427
2769	2999	471
2770	3521	444
2770	3521	368
2772	767	238
2774	3395	478
2774	3395	289
2784	2261	211
2790	2659	524
2793	1503	286
2794	1501	281
2795	1729	491
2797	2807	436
2797	2807	460
2800	2330	317
2803	1674	419
2806	2222	317
2806	2222	355
2810	1176	335
2811	2032	468
2815	1632	407
2817	3415	436
2817	3415	396
2818	3394	259
2818	3394	379
2819	2963	755
2820	1313	211
2821	3472	278
2821	3472	468
2823	3532	541
2823	3532	356
2824	2599	629
2826	3124	215
2826	3124	215
2827	1664	357
2828	1752	372
2831	1006	267
2832	1665	454
2834	1225	185
2839	2048	392
2846	1458	329
2847	3090	484
2849	1983	373
2854	1290	272
2855	1948	420
2855	1948	468
2858	1634	509
2859	1498	384
2862	2079	249
2862	2079	254
2866	3329	540
2867	3261	539
2871	2158	261
2875	2043	344
2877	1812	467
2880	1681	245
2881	1935	466
2884	1850	332
2885	2006	185
2886	1110	272
2888	1731	307
2892	1414	185
2897	995	273
2901	2034	450
2902	2213	281
2902	2213	325
2903	1305	379
2906	1886	494
2907	2081	483
2908	603	242
2910	2288	328
2913	672	244
2921	2504	372
2923	2716	305
2926	1644	279
2929	3216	328
2930	776	295
2931	1854	369
2935	1970	244
2937	2200	306
2940	3414	694
2941	1168	365
2942	2058	299
2944	1388	200
2949	1171	200
2951	1731	291
2951	1731	248
2956	1757	338
2958	1797	227
2959	992	369
2960	1491	457
2961	1948	401
2962	2563	211
2962	2563	291
2965	2096	463
2967	2255	337
2968	1458	322
2969	2009	242
2969	2009	238
2975	1112	206
2976	1318	236
2977	1482	340
2984	1483	257
2988	1171	211
2989	2659	254
2993	1883	338
2994	755	389
2996	2258	384
2998	2854	456
2998	2854	231
3002	2754	468
3006	1562	166
3009	1596	368
3012	2199	274
3014	2716	282
3018	802	308
3019	869	185
3021	1197	319
3022	1206	230
3024	2711	523
3027	2031	460
3029	1655	459
3033	1735	195
3033	1735	157
3034	2937	471
3035	1749	227
3036	2122	371
3039	2167	506
3042	2157	257
3042	2157	232
3043	1367	351
3048	1849	307
3052	2453	417
3054	3063	579
3057	3340	352
3058	2914	295
3062	2150	426
3064	2318	267
3068	2791	200
3069	1683	283
3071	1785	353
3073	2455	271
3084	3240	558
3085	3200	547
3089	2959	473
3090	2479	594
3091	1896	351
3094	1429	185
3101	3958	404
3102	3716	641
3103	2876	540
3105	3297	681
3107	2953	272
3112	2160	467
3117	2708	555
3118	1681	493
3119	2333	593
3121	2188	248
3123	3836	426
3128	2721	585
3130	2217	331
3132	1912	581
3134	3871	440
3134	3871	413
3137	2961	319
3137	2961	406
3138	3167	546
3140	2100	163
3140	2100	218
3141	1818	555
3143	2401	539
3145	2678	748
3146	1981	492
3147	2165	381
3149	2523	392
3150	2192	515
3151	1972	185
3155	1758	414
3160	5084	263
3162	2917	441
3163	3356	580
3164	2048	221
3170	3459	567
3174	2957	342
3175	2741	347
3176	3387	700
3178	2100	338
3180	3140	298
3180	3140	353
3181	2282	238
3182	1950	410
3187	1490	506
3188	2807	690
3191	2025	328
3198	3624	512
3199	1703	215
3203	2789	631
3207	2724	569
3208	3663	555
3209	2930	638
3210	3159	697
3214	3501	584
3214	3501	185
3215	2504	582
3224	1940	200
3225	1768	285
3226	3517	449
3228	2464	383
3231	2048	512
3232	3584	323
3232	3584	250
3233	3224	601
3234	2333	238
3235	2872	459
3236	1516	305
3237	2266	463
3238	1606	319
3240	3146	326
3246	3765	452
3247	3232	456
3247	3232	435
3250	3236	535
3252	3576	400
3255	4018	335
3256	3042	358
3256	3042	429
3258	2996	874
3261	2626	488
3262	2699	338
3263	2888	346
3263	2888	316
3266	3940	830
3268	3408	470
3270	3102	395
3270	3102	393
3274	2818	266
3275	3600	526
3275	3600	515
3276	2257	381
3277	3714	627
3278	3722	321
3279	2889	376
3279	2889	238
3282	1982	529
3285	3454	485
3285	3454	382
3286	2873	254
3289	1548	352
3292	1480	297
3297	5293	560
3300	1651	502
3302	4713	413
3302	4713	593
3304	3161	540
3306	2820	313
3306	2820	324
3308	1774	211
3309	1790	402
3312	2500	535
3313	2748	376
3314	2711	445
3317	3286	572
3318	1677	321
3322	1742	603
3323	2862	336
3324	2788	267
3324	2788	378
3325	4151	347
3325	4151	556
3325	4151	126
3330	1348	581
3331	1915	364
3332	1288	501
3335	1827	291
3336	3356	331
3340	1883	280
3343	3350	195
3343	3350	504
3345	2875	436
3351	2008	475
3355	2930	515
3356	3375	519
3357	4425	540
3357	4425	436
3359	990	185
3361	3717	322
3361	3717	328
3362	1526	473
3363	4491	477
3363	4491	371
3365	2670	330
3365	2670	228
3366	1939	344
3371	3290	538
3371	3290	270
3373	2254	306
3374	2671	635
3379	1793	250
3381	2728	515
3384	1701	383
3387	1980	222
3390	3484	422
3392	3046	559
3393	3320	294
3393	3320	335
3394	3034	365
3397	1408	422
3398	2522	310
3398	2522	359
3399	1755	366
3403	2255	372
3405	1503	383
3409	3126	306
3409	3126	345
3410	2015	587
3413	1752	327
3414	4087	588
3414	4087	458
3420	2781	582
3421	1471	516
3423	2660	371
3423	2660	367
3424	2460	479
3428	2825	485
3430	2403	557
3431	5053	528
3431	5053	609
3435	2778	226
3435	2778	350
3436	3093	453
3440	2899	332
3452	1983	272
3455	1632	338
3458	2470	289
3460	2531	590
3461	1958	179
3461	1958	204
3466	3117	314
3466	3117	285
3471	3506	536
3472	4511	507
3475	2334	233
3478	1835	369
3481	1907	329
3482	2305	293
3482	2305	297
3483	2584	401
3484	2454	362
3485	1954	227
3488	4284	436
3488	4284	534
3489	2201	478
3490	1571	335
3492	2911	490
3493	4376	357
3493	4376	304
3495	3794	447
3497	2657	390
3498	1889	330
3499	3705	465
3499	3705	467
3508	2193	464
3512	2977	200
3514	1376	286
3515	1449	185
3518	2302	522
3519	2837	241
3523	1488	261
3525	3744	292
3536	2408	541
3540	2756	261
3540	2756	329
3545	2715	540
3547	1906	269
3547	1906	291
3548	3074	524
3549	2619	550
3551	3068	320
3552	2228	264
3555	2389	593
3558	1465	310
3561	1467	370
3563	2441	371
3564	2025	376
3567	2885	266
3568	1429	580
3570	2315	452
3573	1077	342
3574	5148	590
3574	5148	590
3575	1821	501
3580	2454	852
3582	1862	365
3584	1932	371
3584	1932	257
3585	2268	456
3586	2781	338
3586	2781	250
3588	1700	497
3589	1691	215
3598	3634	576
3599	1090	227
3600	1754	285
3603	2392	334
3605	2976	593
3606	2119	275
3608	2547	185
3609	3343	433
3610	2494	355
3610	2494	322
3611	1993	390
3614	3335	529
3615	1675	349
3626	2203	230
3629	3304	185
3630	2245	319
3631	4421	615
3632	1773	200
3633	2105	263
3633	2105	322
3636	2176	587
3637	1391	230
3640	1504	383
3642	2383	548
3649	4546	271
3653	1858	432
3654	2266	475
3656	2491	415
3658	3185	569
3659	3821	602
3659	3821	490
3660	1267	368
3661	4187	529
3661	4187	568
3665	2053	360
3666	1941	440
3667	2890	391
3668	1121	299
3669	2586	509
3671	1331	322
3672	1046	320
3674	2753	206
3676	1643	222
3677	3612	222
3678	2880	277
3678	2880	343
3679	2402	459
3682	1966	279
3691	3025	489
3692	2632	351
3693	3435	505
3697	2526	398
3698	3774	388
3698	3774	650
3701	2714	367
3702	2196	281
3704	2097	322
3706	2333	637
3707	3318	412
3708	3726	558
3709	3356	268
3709	3356	313
3713	3632	498
3713	3632	466
3714	3082	541
3716	2618	453
3717	2483	391
3718	1723	507
3719	1547	369
3720	801	254
3721	2281	345
3722	1845	343
3723	2046	286
3726	3647	545
3727	2153	298
3728	3374	474
3728	3374	284
3729	1849	289
3730	3708	566
3731	2352	344
3735	2799	345
3738	2790	360
3738	2790	286
3742	6140	476
3742	6140	555
3745	3183	481
3748	3205	363
3748	3205	195
3749	2708	384
3750	1064	266
3752	2754	307
3753	4302	490
3753	4302	534
3755	2335	420
3756	5007	349
3757	2250	302
3759	5359	638
3761	3586	175
3761	3586	500
3762	2334	367
3762	2334	376
3763	4103	594
3763	4103	541
3767	2022	374
3769	2112	185
3770	1658	349
3771	1902	211
3773	2880	515
3776	1048	334
3778	2272	256
3779	2796	653
3780	2615	405
3783	3844	870
3784	1739	315
3785	2981	603
3786	3328	548
3788	5844	545
3788	5844	568
3792	3055	503
3793	1365	349
3795	2377	370
3795	2377	221
3797	4525	223
3797	4525	127
3797	4525	395
3798	4172	656
3803	2354	185
3804	4351	546
3804	4351	605
3805	3335	624
3807	4964	567
3807	4964	470
3808	1771	166
3810	3239	491
3811	4485	626
3813	2788	338
3813	2788	248
3815	3350	584
3816	2562	401
3817	6188	503
3817	6188	415
3818	1533	342
3819	2398	251
3820	2109	199
3820	2109	160
3821	3564	632
3822	2389	346
3823	1966	377
3827	2315	519
3830	4726	623
3830	4726	433
3831	2891	399
3837	2819	594
3838	3750	448
3838	3750	482
3842	2564	366
3849	1916	585
3852	4693	495
3853	2581	303
3853	2581	234
3855	2649	396
3855	2649	413
3857	2970	634
3860	2059	286
3862	1787	299
3863	2624	361
3863	2624	304
3864	2016	612
3865	2490	422
3868	2909	444
3868	2909	356
3872	1080	185
3873	3155	369
3873	3155	421
3881	1820	493
3882	2313	539
3884	1614	227
3887	4136	211
3887	4136	561
3889	2528	185
3893	2361	438
3896	2638	574
3898	3879	566
3898	3879	569
3899	2464	428
3901	2971	389
3902	4278	614
3903	2712	298
3903	2712	350
3904	2457	544
3905	3067	559
3906	3139	539
3907	2585	299
3914	3444	543
3916	3763	397
3916	3763	360
3922	2157	446
3924	2171	222
3929	4497	583
3929	4497	432
3931	2476	226
3935	4833	445
3940	2062	480
3943	2130	429
3944	1715	379
3945	3267	484
3945	3267	515
3946	1447	428
3947	2275	332
3952	4607	564
3952	4607	440
3953	2976	284
3956	4184	250
3956	4184	543
3957	3238	504
3958	4111	783
3959	3784	545
3959	3784	451
3961	4338	832
3962	2214	391
3963	4057	644
3972	3615	583
3973	2223	446
3974	2350	562
3977	2549	318
3979	3073	489
3981	3700	510
3981	3700	211
3983	1695	337
3984	2970	561
3990	4416	605
3991	3902	865
3992	2363	503
3995	4810	574
3995	4810	553
4001	3135	569
4003	1422	206
4004	4599	658
4004	4599	297
4005	3819	355
4005	3819	476
4006	2172	576
4007	2095	563
4010	2546	371
4010	2546	339
4012	3234	673
4013	3128	406
4014	3065	455
4015	2614	542
4016	2381	389
4017	2040	394
4019	2318	325
4022	2478	185
4023	1898	200
4025	2471	339
4026	3040	327
4030	5643	336
4030	5643	619
4032	2866	331
4032	2866	318
4034	1998	575
4037	2788	241
4040	1604	490
4041	4899	665
4041	4899	258
4042	3676	475
4042	3676	491
4043	3333	520
4044	2538	517
4046	2595	306
4046	2595	210
4046	2595	208
4047	2497	331
4049	2256	371
4056	5291	564
4056	5291	588
4058	2550	339
4061	2188	243
4062	4199	364
4062	4199	572
4065	2851	350
4066	1993	331
4068	2855	539
4069	4626	339
4069	4626	621
4071	3043	352
4074	3436	571
4082	3072	629
4083	4468	573
4084	2279	416
4089	3115	267
4089	3115	288
4091	5146	283
4091	5146	591
4095	3324	291
4096	2923	617
4100	3456	631
4102	2833	595
4103	1886	657
4105	2520	475
4108	2224	345
4111	2268	293
4120	2999	491
4121	2628	407
4125	3026	379
4125	3026	260
4131	1419	361
4135	2734	551
4137	2333	341
4138	4070	547
4138	4070	355
4139	3581	280
4140	3067	507
4142	3632	434
4146	4493	625
4148	3332	557
4152	3746	623
4153	6350	303
4154	2016	374
4163	2476	382
4164	3064	269
4164	3064	289
4165	5976	561
4165	5976	514
4166	3861	496
4167	1856	216
4168	1989	133
4168	1989	341
4170	2617	318
4171	1891	532
4172	3206	349
4175	3493	328
4179	2164	271
4181	2241	412
4182	3781	470
4186	4331	284
4188	2483	454
4192	2766	433
4196	3218	527
4199	2763	329
4199	2763	284
4200	2814	551
4203	1854	386
4204	2268	433
4206	2787	367
4210	1813	569
4215	3336	418
4215	3336	395
4219	3356	299
4219	3356	526
4221	2270	461
4221	2270	173
4232	3183	306
4233	4754	570
4234	2709	541
4235	3288	207
4235	3288	312
4237	4266	546
4239	2505	547
4240	4282	261
4240	4282	564
4242	1662	329
4243	3279	518
4244	2369	319
4247	2678	307
4248	2417	461
4249	3068	487
4251	3757	331
4254	2135	211
4256	1151	258
4260	3266	457
4260	3266	341
4262	1389	238
4265	4034	569
4268	2109	484
4271	1537	419
4274	2452	521
4276	1950	279
4277	3892	665
4278	3496	420
4279	2704	237
4279	2704	194
4280	3556	725
4282	2915	479
4283	1612	298
4286	1925	185
4289	1136	283
4292	2204	321
4292	2204	255
4293	3071	295
4295	2124	199
4295	2124	189
4297	2986	476
4300	2545	206
4301	3231	523
4303	3332	400
4303	3332	329
4304	3892	524
4304	3892	491
4309	1704	578
4310	1834	557
4311	2086	356
4314	2059	337
4318	3170	514
4320	2507	486
4321	2102	316
4325	2624	541
4326	3337	371
4327	3427	200
4329	3532	343
4332	2233	570
4333	1468	324
4339	2037	163
4339	2037	368
4341	3121	400
4342	2794	313
4346	1809	233
4349	2537	462
4350	2093	391
4354	1664	261
4356	2215	332
4357	2736	446
4361	2906	512
4362	1965	566
4366	2000	620
4368	2874	367
4368	2874	280
4373	3509	221
4375	1693	492
4376	1361	287
4377	5514	589
4378	1689	350
4383	3428	268
4384	1987	510
4385	2361	316
4385	2361	319
4387	1499	185
4388	2214	558
4393	4001	418
4395	2886	646
4402	2646	260
4403	2339	560
4406	3451	364
4406	3451	222
4409	1813	400
4410	1681	319
4415	3079	582
4426	3461	525
4427	3406	771
4429	1892	341
4431	1919	279
4431	1919	237
4432	1914	326
4442	2492	493
4443	2398	377
4445	2509	569
4448	3300	315
4450	2689	544
4451	1944	644
4453	3605	361
4458	1961	287
4460	1643	333
4461	2050	418
4461	2050	285
4462	2213	340
4466	2185	560
4469	2046	350
4471	2155	638
4475	1456	281
4476	3376	419
4477	4419	469
4482	2036	284
4483	3428	307
4485	2468	575
4486	2713	260
4488	2628	378
4489	2247	354
4490	1276	472
4497	3956	254
4497	3956	200
4498	2796	370
4500	2452	313
4500	2452	393
4501	1379	285
4502	2143	135
4504	2305	546
4506	2000	192
4506	2000	205
4508	3455	460
4508	3455	550
4511	2585	405
4512	2892	526
4514	1807	215
4516	2339	357
4517	1876	144
4517	1876	167
4526	3965	522
4527	3363	245
4527	3363	315
4529	3188	514
4530	1182	322
4531	2283	308
4531	2283	276
4541	2171	461
4542	1530	265
4543	1478	275
4547	1569	277
4549	2252	622
4551	2942	457
4552	2207	541
4553	1158	282
4554	2439	353
4556	3019	606
4557	3247	531
4559	1173	185
4564	1877	314
4565	2237	308
4566	1312	299
4568	2207	544
4569	3067	544
4571	2807	384
4572	2227	342
4573	2149	464
4575	1378	334
4576	2250	418
4579	1997	544
4581	4560	439
4582	2125	533
4583	4125	532
4583	4125	510
4584	2185	381
4585	1651	255
4586	3239	411
4586	3239	481
4588	2161	270
4588	2161	295
4591	3499	366
4592	2292	370
4594	3242	455
4595	1434	222
4598	2440	490
4598	2440	420
4599	1649	503
4600	2082	232
4601	1604	234
4602	1855	408
4606	2744	270
4606	2744	373
4608	2874	383
4609	2195	294
4609	2195	198
4610	4832	517
4610	4832	528
4612	1768	556
4618	1952	337
4625	1475	261
4628	2443	534
4630	3112	551
4632	1558	343
4634	2573	582
4637	2056	493
4639	3079	594
4640	2213	305
4640	2213	301
4643	2964	520
4652	3644	215
4653	1551	346
4660	3060	487
4661	1804	291
4661	1804	317
4663	1357	296
4666	5749	687
4666	5749	556
4667	2649	463
4671	2619	396
4678	1982	312
4680	2377	556
4681	1780	268
4692	2059	528
4700	1727	226
4703	1898	238
4704	1936	401
4706	1299	395
4707	1933	330
4708	1764	302
4709	1803	225
4709	1803	271
4710	2652	259
4718	2012	399
4722	2213	337
4726	2896	320
4728	1358	443
4735	1828	185
4737	2908	486
4738	1699	276
4740	2295	498
4742	2327	381
4743	1239	247
4746	2012	516
4747	3086	525
4748	1773	427
4751	1746	559
4752	1908	314
4753	1779	390
4758	2653	495
4759	2152	347
4761	1860	200
4762	2792	194
4762	2792	499
4763	2537	382
4764	1637	458
4773	2365	530
4774	1853	480
4778	3306	365
4778	3306	426
4779	1684	484
4781	1094	273
4784	2708	462
4789	2100	226
4790	3707	472
4790	3707	219
4792	1366	211
4794	1395	344
4804	1518	196
4804	1518	165
4810	1760	340
4812	1890	272
4812	1890	234
4816	1766	280
4818	2141	245
4823	3753	515
4823	3753	477
4824	1977	273
4824	1977	332
4825	2670	534
4828	1772	266
4830	1656	254
4832	2475	331
4833	3898	562
4835	1904	385
4837	1650	296
4837	1650	258
4839	1444	295
4840	1571	478
4845	1744	390
4846	2862	368
4846	2862	174
4850	1855	463
4851	1559	306
4852	1813	550
4860	1930	200
4861	3248	458
4862	1948	454
4863	1378	238
4864	1298	326
4865	1957	423
4866	2500	185
4870	1001	200
4871	1128	215
4874	3141	463
4874	3141	158
4876	2977	447
4877	3121	664
4878	3488	270
4878	3488	226
4879	3003	513
4882	1676	273
4884	2458	185
4885	1509	244
4886	1557	362
4887	3314	460
4888	1421	308
4894	2500	241
4895	2005	465
4897	1639	427
4899	1891	370
4902	2099	458
4907	2178	492
4908	4126	467
4908	4126	730
4909	1754	302
4910	2103	433
4915	1550	248
4917	1942	241
4919	1946	315
4919	1946	319
4921	1035	140
4921	1035	143
4922	1486	340
4926	2538	460
4929	2033	291
4929	2033	237
4930	2197	368
4933	2929	473
4934	1480	285
4936	2078	373
4938	1987	171
4938	1987	196
4940	1217	282
4941	1196	297
4942	2253	517
4945	1535	477
4946	1756	376
4947	2491	306
4947	2491	340
4955	1561	249
4961	3256	286
4961	3256	417
4963	1552	407
4973	1561	456
4975	2260	490
4976	1578	291
4977	1742	271
4979	2658	388
4980	3212	592
4983	2599	505
4989	2097	347
4998	1401	298
5004	1562	291
5008	1336	230
5014	2079	439
5015	3483	365
5015	3483	545
5016	2317	211
5017	1587	375
5020	1082	306
5021	1418	456
5022	2906	474
5026	2203	307
5031	2058	255
5036	1253	299
5037	1992	206
5040	2002	453
5041	952	249
5043	3179	701
5044	1323	477
5046	2569	461
5050	1776	345
5053	1584	215
5059	1849	502
5060	3274	484
5060	3274	289
5061	2705	462
5063	2761	258
5063	2761	266
5064	961	303
5065	1410	467
5066	3155	281
5066	3155	310
5070	2088	438
5071	3059	519
5071	3059	264
5072	1934	195
5072	1934	191
5075	1068	227
5076	1337	467
5077	1529	267
5078	2482	517
5081	2617	512
5082	2358	531
5083	2240	489
5084	2075	529
5085	1598	469
5094	1655	238
5097	1076	276
5098	1383	299
5099	1873	535
5101	1542	238
5102	2260	343
5107	2660	489
5107	2660	476
5111	1459	233
5116	2174	492
5121	1498	242
5122	2001	323
5122	2001	296
5123	2481	502
5128	2648	604
5131	2615	338
5132	1608	185
5133	2100	236
5135	1718	316
5137	1866	521
5139	1267	215
5141	1589	477
5142	2414	439
5146	1858	178
5146	1858	275
5150	1786	254
5152	2495	222
5152	2495	324
5154	2716	390
5157	1544	344
5159	1058	226
5160	1454	200
5166	2821	535
5166	2821	358
5167	1534	311
5169	2367	519
5170	1218	391
5171	1438	355
5172	1054	280
5173	1938	279
5175	2728	398
5175	2728	508
5176	1372	447
5177	2095	206
5182	1574	221
5183	1681	482
5184	1723	417
5186	1258	315
5187	2924	493
5190	2150	300
5197	1987	481
5198	3757	493
5198	3757	522
5199	1445	206
5200	1959	335
5201	1885	308
5202	2045	345
5204	2841	484
5205	1278	324
5207	4321	253
5207	4321	352
5208	3006	632
5212	1946	499
5213	3404	654
5216	2494	306
5216	2494	295
5217	2118	497
5218	2160	542
5220	2011	396
5221	1960	533
5225	1944	317
5226	1825	539
5227	2238	318
5229	1792	608
5230	1983	231
5230	1983	214
5232	2070	444
5234	2063	256
5234	2063	310
5235	2195	448
5236	1540	244
5239	2094	212
5239	2094	191
5244	1320	283
5246	2682	348
5247	1739	462
5251	2181	279
5252	1503	200
5254	2075	248
5255	1864	499
5256	1789	325
5257	1639	200
5258	2515	373
5258	2515	491
5259	2318	478
5261	1691	535
5264	2073	326
5264	2073	309
5265	4312	501
5265	4312	328
5268	2359	530
5275	1918	555
5276	2246	482
5277	1962	352
5282	1148	185
5286	2070	385
5287	1523	340
5293	1286	330
5295	1470	211
5298	1548	439
5301	2558	435
5306	1654	227
5309	2359	543
5310	2370	369
5311	1030	211
5313	2431	436
5314	2866	154
5314	2866	494
5315	2497	315
5318	2562	507
5318	2562	386
5319	1697	452
5321	3897	276
5321	3897	471
5322	1522	462
5324	1325	301
5326	2776	294
5326	2776	408
5330	1982	302
5330	1982	163
5333	1047	200
5334	4153	581
5334	4153	473
5335	1575	346
5336	2420	358
5337	3621	393
5339	2280	373
5344	3290	565
5344	3290	538
5345	2518	608
5347	2024	455
5351	1371	479
5353	1669	197
5353	1669	280
5354	2394	321
5355	2080	266
5357	1735	416
5359	2006	306
5359	2006	302
5361	3283	603
5363	2267	277
5365	2121	197
5365	2121	324
5366	3280	483
5369	1703	323
5371	2150	386
5373	1887	487
5374	2180	185
5377	1914	486
5378	2555	471
5382	1864	342
5391	2104	514
5394	2975	706
5399	1907	316
5404	2811	496
5405	2120	398
5407	908	288
5408	1545	415
5409	2023	222
5411	2208	440
5412	2194	446
5414	3267	414
5415	2773	455
5416	1546	326
5417	2117	295
5417	2117	323
5418	3099	562
5423	877	310
5424	1365	443
5425	2131	495
5428	2957	582
5429	2673	436
5431	2677	590
5434	2002	359
5435	1920	253
5435	1920	312
5436	2300	483
5442	3428	454
5442	3428	575
5443	1381	308
5445	1965	221
5446	2281	476
5447	2120	276
5449	1428	351
5450	1978	344
5452	1054	249
5453	2469	510
5457	1921	436
5458	1862	347
5467	2379	316
5468	1712	246
5468	1712	306
5472	2438	457
5473	2831	315
5473	2831	211
5474	2243	397
5477	4083	498
5477	4083	387
5479	2795	535
5480	2222	507
5484	2818	356
5485	2451	493
5494	2063	485
5495	1409	236
5496	1989	462
5497	1806	322
5498	2212	244
5501	1783	493
5502	1590	227
5502	1590	312
5503	3392	427
5503	3392	509
5504	1911	486
5510	2195	481
5511	1845	245
5512	2404	311
5512	2404	359
5513	2963	475
5514	1780	473
5515	1763	510
5517	1121	291
5518	3420	472
5518	3420	359
5521	1033	185
5523	1849	298
5524	1787	443
5526	2270	523
5527	1769	227
5530	1376	185
5531	2185	480
5532	2431	519
5533	2070	185
5534	2226	241
5534	2226	299
5536	1998	489
5537	1972	496
5540	2998	227
5542	1979	472
5548	2114	325
5548	2114	259
5549	2010	309
5550	2394	254
5552	1561	334
5555	1314	265
5557	1836	334
5558	2053	401
5559	1444	226
5560	1507	391
5561	2345	360
5566	2169	249
5568	2682	327
5570	2747	233
5570	2747	324
5574	1821	258
5574	1821	426
5575	2129	277
5575	2129	270
5577	1695	262
5579	2603	511
5580	1841	211
5581	2434	463
5584	1428	245
5589	1952	383
5591	1109	266
5592	1577	293
5594	1748	390
5598	2724	592
5599	2255	311
5603	1596	218
5603	1596	240
5606	2426	452
5606	2426	171
5607	2143	486
5608	2454	256
5609	3043	437
5609	3043	492
5610	1866	230
5610	1866	257
5611	1676	408
5612	3026	466
5613	1602	280
5615	2186	575
5616	3147	364
5616	3147	493
5618	2960	432
5618	2960	269
5620	1430	222
5623	1485	420
5624	1382	299
5625	1080	276
5628	2558	299
5628	2558	342
5630	1981	524
5637	1552	211
5638	1289	284
5640	2212	369
5642	1321	297
5645	1400	412
5646	2745	311
5646	2745	359
5647	1454	449
5648	1692	379
5649	1286	154
5649	1286	137
5654	1962	322
5656	2460	535
5657	2978	250
5657	2978	157
5657	2978	439
5663	1407	465
5664	1869	511
5665	1702	501
5667	3793	426
5669	2945	325
5669	2945	285
5670	2372	561
5671	2461	537
5674	1967	374
5675	2494	342
5675	2494	304
5680	4047	482
5683	2636	438
5688	1903	445
5695	1403	236
5696	1464	418
5697	1234	281
5700	1645	495
5702	856	185
5704	1411	474
5705	1711	278
5706	1198	185
5708	2788	333
5708	2788	361
5711	1731	243
5715	2316	423
5716	2288	462
5716	2288	226
5717	1413	320
5719	2723	163
5719	2723	369
5721	2420	531
5729	1383	332
5731	1854	493
5735	2081	224
5735	2081	276
5737	1720	401
5738	1619	267
5740	2168	267
5741	1568	314
5743	1916	491
5744	2846	595
5745	2845	346
5746	2074	510
5749	1849	301
5749	1849	303
5750	1669	329
5752	1879	432
5756	1994	445
5760	2011	505
5762	2334	449
5764	1315	277
5765	2150	478
5769	2287	471
5773	3282	549
5774	1691	333
5779	1533	296
5787	1950	482
5788	2235	324
5789	1211	312
5790	1626	367
5791	2898	329
5792	1401	330
5798	2599	431
5801	2207	573
5802	2899	297
5806	2096	543
5813	2271	469
5814	2275	509
5818	2923	308
5820	1828	472
5823	2205	314
5824	2340	669
5825	1719	512
5826	1991	488
5837	2500	374
5837	2500	182
5840	2114	312
5841	1825	446
5848	2211	282
5848	2211	327
5849	2049	491
5852	1975	364
5854	2223	450
5856	1645	343
5860	1995	491
5864	2452	155
5864	2452	320
5865	1416	555
5866	1778	484
5867	2344	460
5868	1768	402
5871	2834	542
5872	2536	289
5872	2536	306
5873	2424	376
5878	2780	320
5881	1661	310
5882	2568	610
5886	2687	258
5887	1468	311
5889	2294	448
5890	1944	260
5890	1944	276
5898	1731	305
5899	1459	333
5900	375	250
5906	2043	279
5907	1843	323
5909	2524	519
5911	2712	309
5913	1881	301
5913	1881	265
5918	2564	629
5919	2746	518
5920	1430	282
5921	2056	277
5923	2521	245
5923	2521	228
5927	2760	486
5931	1972	577
5932	2356	344
5933	1458	360
5936	2619	499
5940	2077	356
5941	2592	142
5941	2592	170
5941	2592	80
5942	2539	388
5943	1052	263
5944	2830	553
5947	1895	211
5950	1909	439
5955	3497	299
5956	1818	467
5959	1171	259
5962	1959	529
5974	1757	303
5975	2123	462
5977	1207	222
5979	3067	473
5979	3067	455
5980	3394	468
5982	1659	306
5984	1312	273
5985	3162	390
5985	3162	246
5988	2833	454
5988	2833	322
5990	1567	185
5992	1686	375
5994	2539	287
5995	976	278
5998	3473	429
5998	3473	449
6000	2655	487
6002	1187	185
6004	1775	293
6006	2123	283
6006	2123	201
6009	2495	461
6013	3457	232
6018	1552	336
6020	2068	326
6023	1837	415
6037	1603	254
6037	1603	275
6040	2004	372
6041	3630	488
6041	3630	307
6044	3417	206
6047	2180	308
6047	2180	251
6052	2717	402
6052	2717	267
6053	1569	234
6056	2110	345
6059	2078	410
6060	2002	446
6065	2632	605
6066	1032	252
6068	3447	465
6070	3126	440
6070	3126	428
6071	2357	323
6071	2357	290
6073	1383	282
6074	1589	261
6075	2603	454
6077	1484	198
6077	1484	302
6078	1340	279
6083	2247	294
6087	2791	437
6088	2792	211
6088	2792	335
6091	3573	457
6100	2950	261
6100	2950	485
6101	2910	698
6101	2910	186
6107	2488	302
6107	2488	288
6108	1534	332
6109	3655	240
6109	3655	455
6111	1117	269
6115	1927	186
6115	1927	274
6116	2675	286
6117	2233	268
6117	2233	227
6119	2088	490
6120	2484	467
6122	1230	299
6124	1915	244
6124	1915	278
6125	2460	376
6126	1846	478
6127	1159	298
6129	2042	293
6130	1647	297
6132	2721	488
6135	1444	244
6137	1043	299
6138	2428	368
6140	1251	238
6142	1547	447
6143	2175	227
6144	1671	222
6145	1651	279
6146	2110	261
6151	2354	482
6156	2642	299
6156	2642	518
6159	1785	200
6160	2145	358
6162	2064	255
6165	1663	174
6165	1663	233
6169	2881	429
6172	2024	484
6173	1759	329
6175	1481	279
6179	1340	259
6180	1689	320
6182	1653	279
6184	1583	253
6185	2390	273
6185	2390	282
6188	1816	302
6189	1982	276
6189	1982	277
6190	2753	273
6190	2753	405
6195	1466	227
6196	1117	221
6197	2079	487
6199	2920	341
6199	2920	320
6203	909	291
6204	2387	431
6206	2068	509
6210	1825	353
6213	1741	125
6213	1741	161
6218	2674	433
6218	2674	141
6218	2674	177
6219	1857	304
6219	1857	220
6222	2188	472
6223	1091	222
6227	1430	346
6228	984	200
6229	1430	372
6232	1560	284
6234	1490	261
6238	1718	278
6240	2607	427
6240	2607	457
6241	1885	206
6246	1974	298
6248	1360	275
6251	2319	444
6252	2253	412
6253	1416	329
6257	1158	268
6260	2390	454
6261	1721	262
6261	1721	241
6262	2013	463
6269	1563	415
6270	1701	340
6272	2416	301
6272	2416	233
6274	1847	472
6275	1822	459
6277	1244	226
6278	1774	165
6278	1774	393
6279	1743	296
6281	1902	472
6282	2075	254
6282	2075	310
6283	1674	215
6284	1660	255
6288	1939	439
6290	1466	256
6292	1752	301
6298	1462	284
6300	2964	443
6300	2964	474
6301	1060	272
6302	1891	291
6303	2186	397
6306	1858	270
6313	1456	272
6314	1153	215
6315	3124	465
6315	3124	242
6316	1869	398
6318	3214	428
6318	3214	503
6319	1480	290
6321	1115	239
6322	1527	300
6325	1873	287
6326	1928	421
6327	1131	200
6328	1913	393
6333	1533	442
6335	2153	471
6336	2646	384
6337	1759	185
6339	1431	273
6340	2293	185
6342	1324	277
6343	1634	545
6344	1832	249
6347	1973	279
6347	1973	213
6349	1660	248
6349	1660	254
6350	2261	441
6352	1287	234
6354	2405	326
6355	1772	329
6356	1551	371
6357	1828	297
6359	2616	499
6360	3273	373
6360	3273	295
6361	1384	255
6366	1851	274
6366	1851	273
6367	1412	299
6369	3165	510
6371	1545	279
6374	1981	225
6374	1981	291
6377	1946	211
6377	1946	321
6378	2215	318
6378	2215	262
6382	2058	441
6385	1553	297
6389	1673	428
6390	1981	170
6390	1981	226
6391	1984	327
6394	2403	522
6396	1730	327
6397	1729	290
6397	1729	252
6398	1972	422
6398	1972	156
6399	1026	211
6402	2646	399
6402	2646	460
6403	1493	419
6406	1719	132
6406	1719	230
6408	1713	433
6410	1230	264
6411	2021	393
6414	2005	230
6415	2420	345
6416	1598	373
6417	2219	470
6418	1485	294
6421	2433	469
6429	3096	351
6429	3096	391
6431	1379	222
6432	1468	421
6436	1571	266
6439	1839	459
6441	2220	525
6442	1903	463
6444	2992	527
6444	2992	308
6445	1830	276
6446	1177	301
6448	1795	436
6451	1738	270
6454	1647	355
6455	1655	272
6456	2599	407
6459	1331	319
6463	1559	249
6463	1559	259
6465	2255	450
6467	1414	305
6470	2275	222
6472	1996	344
6475	2024	222
6479	1977	303
6479	1977	251
6480	2135	465
6482	1492	211
6484	2109	445
6486	2849	449
6487	1816	227
6488	1654	262
6489	2545	447
6496	1886	272
6500	1843	270
6507	1916	303
6509	1582	469
6511	2203	475
6514	2706	467
6515	2259	232
6515	2259	256
6517	1596	259
6522	1679	463
6526	1515	288
6527	879	221
6528	1639	499
6529	3509	372
6529	3509	103
6529	3509	364
6530	1385	305
6531	1469	306
6533	1697	296
6534	2221	523
6536	1210	357
6537	3062	428
6537	3062	426
6540	1408	358
6541	1872	188
6541	1872	112
6541	1872	130
6544	2205	266
6545	1766	314
6545	1766	259
6546	1853	420
6553	818	261
6554	2293	464
6556	2806	468
6558	1989	324
6563	1245	272
6564	1566	254
6564	1566	245
6566	1453	302
6569	1441	470
6570	1661	222
6575	2129	552
6580	3010	306
6583	2304	200
6585	2691	521
6588	2197	463
6590	2613	484
6591	2869	618
6599	2515	510
6601	2844	373
6602	940	236
6603	1613	366
6606	1949	222
6608	1237	185
6610	1547	446
6613	2371	185
6619	2741	278
6619	2741	437
6620	2033	444
6621	1802	532
6622	1708	409
6623	3161	435
6624	2994	268
6628	1448	211
6630	2481	543
6635	2450	135
6635	2450	120
6636	1907	418
6638	2004	286
6639	1465	271
6641	2076	490
6643	2115	241
6644	2060	480
6645	3564	435
6647	2145	354
6647	2145	402
6651	1543	274
6653	2135	512
6655	1757	267
6655	1757	266
6657	2399	380
6661	1741	529
6662	3581	185
6665	1210	261
6667	1672	227
6667	1672	232
6668	2384	296
6670	2408	230
6672	2599	552
6674	3369	810
6676	1443	353
6678	3257	804
6680	1239	254
6687	2995	473
6687	2995	422
6688	1747	185
6689	2687	273
6689	2687	443
6690	2822	401
6690	2822	428
6694	2205	551
6696	2300	513
6700	2511	352
6702	1612	386
6707	2325	308
6710	2710	493
6714	2229	479
6715	1824	473
6716	2469	480
6717	1202	222
6720	2041	392
6723	2697	402
6726	3272	400
6730	1702	286
6731	1153	356
6732	1361	398
6733	2214	260
6733	2214	269
6734	2810	483
6735	2834	446
6738	2531	650
6740	1857	200
6740	1857	149
6742	1711	308
6743	3274	477
6747	2412	437
6750	9271	336
6750	9271	185
6757	2790	300
6759	1599	259
6762	3229	396
6771	2141	268
6777	2706	355
6779	1754	390
6791	2232	408
6798	1683	327
6804	2258	373
6806	897	185
6807	1726	267
6810	1520	259
6811	1974	283
6815	1329	423
6821	2689	226
6821	2689	161
6834	2005	238
6835	1851	321
6840	2499	279
6841	3591	308
6841	3591	460
6844	1971	261
6845	2656	311
6845	2656	289
6846	1466	200
6852	2019	305
6852	2019	279
6858	3475	420
6858	3475	442
6859	2192	294
6862	3624	221
6862	3624	140
6862	3624	271
6864	1673	244
6865	1625	185
6869	1898	315
6871	1006	221
6876	2015	318
6877	1179	266
6882	2488	270
6885	2240	491
6886	1994	274
6886	1994	273
6888	1825	305
6900	2275	294
6902	1684	222
6907	1933	274
6914	2384	307
6916	3372	440
6916	3372	508
6920	1570	333
6921	1721	512
6924	4389	494
6927	1888	299
6929	2399	479
6933	2168	346
6934	2113	298
6936	1888	321
6936	1888	331
6942	2953	479
6945	1531	320
6947	1888	483
6949	2086	438
6950	2143	292
6950	2143	333
6953	1659	275
6955	1918	185
6958	2216	248
6969	2362	539
6970	1471	478
6972	2999	445
6975	2787	259
6975	2787	326
6979	3100	479
6983	1964	230
6985	2484	553
6986	1858	304
6987	3004	368
6990	2606	321
6990	2606	368
6992	1349	236
6994	2916	496
6998	2253	314
7000	2647	414
7001	874	185
7002	2088	350
7003	2746	492
7004	1540	268
7005	2540	349
7005	2540	327
7011	2665	349
7015	2094	283
7016	2633	251
7018	4470	451
7018	4470	466
7021	2913	559
7023	2912	494
7025	1738	327
7026	2293	526
7028	1868	339
7034	2775	272
7035	2796	545
7035	2796	289
7054	2449	320
7055	1546	362
7056	4137	393
7056	4137	276
7059	1396	269
7061	1521	325
7065	9237	417
7069	1931	322
7070	1604	394
7073	2825	316
7079	2834	563
7080	3676	854
7081	1459	362
7086	1744	311
7087	2328	415
7087	2328	282
7088	2442	286
7089	1112	367
7100	3318	578
7103	4424	703
7104	1690	296
7114	2102	499
7116	2397	353
7119	2648	211
7121	4177	609
7121	4177	574
7131	1126	215
7132	2853	614
7133	1159	256
7135	3211	609
7137	2113	465
7138	4078	584
7140	2356	297
7143	1508	481
7144	3173	602
7145	1573	330
7147	2246	580
7150	2621	555
7151	2824	392
7153	3397	315
7153	3397	253
7160	2261	332
7162	2674	331
7164	1476	274
7174	2250	276
7175	2054	266
7177	3866	588
7179	1905	456
7183	9985	341
7183	9985	587
7183	9985	617
7184	1673	381
7185	3702	335
7187	4020	461
7187	4020	510
7189	2152	297
7193	2035	236
7194	5062	521
7194	5062	477
7199	2834	371
7203	3235	333
7207	846	253
7211	4259	406
7216	1854	452
7226	2074	319
7231	4773	522
7231	4773	512
7237	2129	387
7240	3106	432
7241	901	289
7242	1756	446
7246	2967	570
7251	1678	216
7257	3312	495
7259	1750	466
7260	3488	665
7263	3942	487
7263	3942	464
7268	3744	557
7268	3744	340
7270	3079	535
7273	2530	432
7274	9112	859
7287	2352	419
7289	2219	303
7290	1769	382
7294	3593	222
7296	1813	250
7297	2787	258
7297	2787	254
7301	4604	585
7304	3411	325
7309	2596	533
7310	3307	426
7311	1696	277
7315	1448	269
7316	1846	296
7316	1846	250
7317	2288	502
7318	2550	222
7319	2538	325
7319	2538	331
7324	4862	469
7324	4862	591
7325	1904	338
7327	2584	515
7328	1211	185
7329	2156	302
7331	5874	559
7333	4188	473
7333	4188	390
7334	4742	513
7339	3796	697
7340	2942	346
7340	2942	361
7342	4769	525
7354	2020	313
7356	2742	331
7356	2742	388
7358	4639	305
7359	1841	337
7360	1319	304
7361	2182	564
7363	2517	340
7365	4858	534
7365	4858	571
7369	2441	748
7374	1219	480
7379	2142	354
7382	1437	211
7384	1625	375
7385	2428	232
7390	2218	259
7393	3250	612
7394	2016	408
7399	1833	313
7400	1733	437
7406	2803	280
7407	5540	895
7408	2009	366
7410	1416	351
7412	2483	360
7412	2483	244
7416	2477	316
7416	2477	286
7418	1371	250
7420	2322	332
7420	2322	337
7421	3777	828
7424	1570	410
7425	2211	304
7426	1963	509
7427	3968	831
7429	2341	439
7430	1363	290
7433	1732	374
7434	2232	380
7437	1071	200
7438	2317	343
7439	2189	610
7442	2158	475
7444	1788	464
7446	1912	310
7447	3177	570
7452	1783	311
7459	2947	519
7460	2556	307
7461	2034	552
7463	2475	397
7464	2675	336
7464	2675	294
7466	3341	552
7468	3003	373
7471	3158	501
7479	4411	524
7479	4411	492
7481	2655	539
7482	2446	374
7482	2446	285
7483	1364	269
7487	1435	206
7492	2014	364
7493	3644	554
7496	2578	608
7500	1955	422
7503	2105	285
7503	2105	299
7510	2793	342
7512	1522	245
7514	4249	565
7515	2077	233
7521	2418	267
7521	2418	315
7522	3688	542
7522	3688	569
7523	2064	311
7525	3645	556
7529	2227	273
7529	2227	319
7530	1363	334
7532	2634	215
7532	2634	460
7535	3017	511
7535	3017	239
7536	3284	859
7538	2568	300
7538	2568	308
7540	3188	412
7540	3188	478
7541	4057	590
7541	4057	267
7542	1704	393
7550	2316	568
7553	2178	245
7555	1686	301
7556	584	211
7557	1889	488
7559	3513	467
7559	3513	308
7564	4936	347
7564	4936	541
7566	1709	251
7568	3274	671
7573	1524	317
7574	1936	258
7574	1936	298
7579	1926	570
7583	1659	405
7585	2838	448
7585	2838	227
7586	1814	520
7587	1772	249
7588	1526	343
7589	2668	549
7590	2768	490
7592	2379	497
7593	4176	652
7599	3230	470
7600	2564	546
7604	3105	463
7605	2004	501
7607	1524	261
7609	1711	275
7613	1497	472
7614	2911	507
7615	1046	245
7616	3566	529
7620	1723	298
7622	1767	271
7627	2206	516
7631	2701	274
7631	2701	496
7632	2470	558
7636	2965	501
7636	2965	428
7637	3158	497
7637	3158	331
7639	3957	468
7639	3957	286
7642	2302	428
7643	1581	265
7643	1581	254
7645	2652	490
7646	2150	531
7648	3465	787
7650	2429	518
7651	1975	185
7652	2353	183
7652	2353	122
7652	2353	408
7655	2322	425
7656	4115	577
7656	4115	222
7657	2886	541
7658	3535	779
7659	1746	345
7667	3825	323
7668	1653	454
7671	2580	371
7675	2498	499
7679	3278	419
7680	5319	688
7680	5319	761
7681	3584	853
7685	3564	561
7688	3036	548
7689	2973	179
7689	2973	540
7691	2392	556
7693	3815	295
7695	2646	479
7700	4680	813
7701	1781	462
7709	3100	678
7710	4509	567
7710	4509	391
7717	3894	506
7717	3894	348
7718	2495	580
7719	2396	334
7724	1420	481
7725	2813	332
7733	2972	723
7736	2024	568
7737	2642	542
7739	4390	797
7739	4390	700
7743	2257	545
7744	1864	436
7748	2562	438
7750	2562	506
7751	2292	529
7752	3365	494
7753	1599	301
7758	3252	213
7758	3252	201
7758	3252	427
7760	2065	215
7765	3834	335
7767	1870	556
7769	1673	227
7771	3038	538
7777	2459	283
7779	2000	568
7780	2888	494
7782	2000	678
7784	2598	531
7788	1935	558
7790	3259	428
7793	2214	185
7794	3842	597
7795	3425	313
7795	3425	557
7796	2636	458
7797	2808	244
7797	2808	480
7799	2143	237
7800	2038	515
7805	1932	488
7807	1873	350
7809	3370	284
7810	1504	483
7812	1613	310
7817	2444	562
7818	1860	465
7819	3084	596
7820	4359	583
7821	2420	722
7823	2597	639
7828	3447	667
7831	3806	532
7833	1209	336
7834	1584	662
7835	3686	860
7836	1994	540
7837	4219	580
7837	4219	389
7841	2969	349
7844	2374	553
7850	1834	258
7851	1790	185
7855	3223	533
7855	3223	511
7861	3111	427
7861	3111	358
7863	2200	504
7864	1928	304
7865	3906	479
7865	3906	529
7866	1539	337
7867	5267	533
7867	5267	551
7874	3130	589
7875	6376	704
7880	2586	541
7882	6370	360
7882	6370	573
7885	4682	495
7887	1929	605
7888	4640	435
7888	4640	539
7891	1962	288
7891	1962	354
7893	2013	493
7895	2591	529
7897	3931	498
7900	1896	482
7901	1996	260
7902	3461	545
7903	3294	371
7904	2543	516
7909	2350	575
7912	3514	777
7913	3708	467
7913	3708	444
7914	5760	604
7914	5760	464
7916	2634	385
7917	5660	830
7918	3158	516
7920	2332	526
7923	2491	597
7924	2037	533
7925	1964	185
7926	3043	555
7930	2593	487
7933	2899	515
7934	4160	465
7934	4160	506
7936	3582	478
7939	2399	522
7942	3594	509
7946	4807	514
7946	4807	537
7947	2661	859
7952	4066	373
7953	3564	500
7953	3564	330
7956	1499	232
7961	2002	360
7962	4013	447
7962	4013	450
7966	3054	529
7967	3115	352
7968	4456	518
7968	4456	535
7969	5579	472
7969	5579	620
7970	3013	206
7971	2582	397
7974	3665	889
7975	2788	677
7977	3692	573
7978	2513	515
7981	2174	340
7988	1569	314
7989	4872	524
7989	4872	527
7994	1926	316
7995	1815	206
7997	3107	598
7999	3007	466
7999	3007	565
8004	2747	574
8005	1830	508
8007	2812	458
8007	2812	585
8015	5107	496
8015	5107	467
8017	2066	427
8018	4336	492
8019	2852	254
8019	2852	524
8020	3079	416
8020	3079	401
8021	2649	331
8021	2649	306
8022	3007	270
8022	3007	183
8023	1386	440
8025	2011	321
8028	2064	498
8034	4261	528
8035	2087	507
8038	2244	548
8042	2902	350
8047	3708	232
8048	3291	756
8049	1501	349
8051	1502	239
8052	2794	496
8056	2139	571
8058	2730	512
8060	1907	599
8064	2305	446
8068	2501	259
8069	2450	556
8072	1547	227
8074	4839	564
8075	1877	216
8077	3375	463
8078	2242	585
8081	2678	547
8082	3512	306
8082	3512	498
8087	4091	417
8089	2163	317
8089	2163	181
8090	4225	284
8091	2645	342
8091	2645	285
8094	1827	341
8099	1831	280
8100	2353	511
8101	3562	283
8101	3562	384
8105	2994	589
8107	2872	550
8108	3038	504
8108	3038	372
8109	3871	331
8110	3558	456
8112	3243	524
8112	3243	159
8112	3243	127
8113	2585	276
8114	3127	569
8116	4211	606
8117	3950	511
8119	2289	538
8124	2857	370
8125	1434	278
8127	2547	292
8127	2547	211
8128	2259	495
8140	3029	563
8142	7096	560
8143	1606	185
8145	2354	241
8147	2435	364
8149	4081	602
8150	2448	406
8152	2966	715
8153	2736	370
8154	2350	227
8155	1561	310
8158	2376	477
8161	2043	351
8164	2461	507
8173	2118	344
8174	3784	362
8174	3784	358
8178	2407	381
8179	2165	371
8183	2094	273
8183	2094	267
8184	6539	622
8186	2113	529
8188	1979	518
8190	2300	332
8191	1886	307
8192	2569	452
8193	3900	265
8194	2754	602
8196	3527	566
8203	1316	321
8205	4182	500
8206	2999	387
8207	3125	463
8208	2588	538
8213	1945	326
8214	2217	391
8216	2383	636
8217	3999	576
8217	3999	390
8218	1433	229
8219	2237	364
8221	2650	491
8225	2853	342
8225	2853	291
8227	1928	405
8228	1949	430
8229	3641	469
8230	2554	649
8231	4096	833
8233	1299	286
8235	4532	575
8235	4532	445
8237	1596	273
8242	2493	514
8243	2178	323
8245	3234	604
8247	2781	284
8247	2781	325
8253	3032	625
8255	4244	256
8255	4244	152
8260	3328	879
8262	1901	346
8265	2179	316
8272	2478	233
8274	1472	248
8277	1283	222
8279	3010	632
8282	2188	354
8288	1609	285
8289	904	294
8297	5107	521
8297	5107	568
8298	2859	367
8298	2859	355
8299	1729	327
8300	1780	268
8301	2530	506
8303	3582	419
8303	3582	554
8307	2599	632
8311	2754	344
8317	3087	209
8317	3087	387
8320	1757	185
8321	2157	328
8322	3275	510
8322	3275	502
8323	1959	416
8326	2371	432
8329	3062	206
8331	3121	529
8332	2768	294
8333	4694	282
8333	4694	615
8334	2857	555
8335	2535	350
8343	2884	422
8345	4219	518
8345	4219	361
8347	1468	272
8348	1384	285
8350	1962	339
8351	5647	821
8351	5647	792
8353	1370	269
8355	3382	273
8356	3209	492
8358	2117	583
8359	1839	245
8360	2565	222
8363	3457	546
8366	3706	470
8366	3706	486
8367	1980	285
8368	1887	206
8371	3242	560
8379	748	222
8383	2494	321
8384	2293	279
8384	2293	331
8386	5690	657
8386	5690	604
8386	5690	512
8387	2816	425
8388	2410	458
8392	2731	466
8394	2180	510
8396	1489	272
8397	1460	227
8401	2638	489
8403	1745	243
8404	2158	379
8409	2224	250
8409	2224	260
8411	2259	181
8411	2259	234
8415	2521	536
8416	3077	515
8423	2316	568
8424	2819	453
8425	3679	519
8426	3051	538
8431	1176	273
8432	1685	439
8436	3120	590
8438	2597	657
8439	5628	412
8439	5628	541
8440	2431	360
8442	4124	591
8444	2943	514
8446	1417	256
8448	4478	601
8450	1738	437
8451	1801	211
8454	1827	289
8455	2712	495
8455	2712	254
8456	2640	481
8457	2011	346
8458	2224	316
8466	2234	548
8467	3185	556
8468	2105	266
8468	2105	333
8469	2293	499
8470	1886	320
8471	2400	492
8483	1870	211
8484	1558	185
8494	3346	685
8498	2199	497
8499	2764	506
8500	2923	491
8506	2021	276
8507	2277	607
8509	1750	501
8521	2642	399
8525	803	200
8529	1376	372
8531	17239	211
8533	1627	338
8536	3925	401
8552	2940	291
8554	2794	429
8558	2159	518
8559	3073	358
8567	2597	428
8570	1783	255
8577	2170	416
8582	1544	298
8585	2250	286
8592	3092	390
8594	1751	270
8594	1751	262
8595	3097	282
8595	3097	199
8598	1608	313
8600	1877	227
8603	1387	280
8613	2175	477
8615	2303	530
8622	2902	158
8622	2902	188
8622	2902	383
8623	3699	622
8627	3170	315
8627	3170	245
8628	3159	343
8629	3391	347
8629	3391	419
8631	2807	589
8634	1617	489
8637	2419	401
8639	5463	548
8639	5463	571
8640	3229	518
8643	7885	536
8643	7885	283
8649	2439	686
8655	2795	545
8657	2357	243
8660	2338	451
8663	3775	489
8668	2449	543
8669	1788	213
8669	1788	267
8672	2341	185
8680	1721	152
8683	2692	304
8701	3871	346
8704	2923	345
8709	1543	450
8712	2686	322
8717	2698	307
8717	2698	355
8718	3306	322
8719	2774	402
8722	2546	185
8723	1533	416
8728	2449	323
8732	4667	533
8734	1384	284
8735	1706	243
8738	1939	363
8742	1606	211
8745	4855	626
8746	5283	291
8751	2683	259
8752	1633	206
8753	3703	575
8754	2018	485
8755	2860	254
8756	2928	290
8758	2183	575
8764	2253	490
8767	2820	261
8770	3683	617
8771	1941	305
8774	3040	333
8778	2317	561
8780	4227	481
8780	4227	428
8783	1249	330
8787	1831	345
8788	1146	490
8790	2207	266
8792	1775	308
8793	3739	553
8794	2896	737
8795	3061	255
8795	3061	292
8797	2800	383
8799	3400	304
8806	5080	524
8806	5080	558
8807	1676	272
8808	2627	551
8809	5728	542
8810	2489	608
8811	3075	559
8813	2714	304
8813	2714	339
8822	1874	290
8824	2756	542
8825	5606	703
8829	2264	365
8831	2832	346
8832	3175	305
8832	3175	368
8834	2448	169
8834	2448	311
8835	5297	601
8835	5297	676
8838	1806	221
8841	1551	296
8845	3924	356
8845	3924	235
8849	1619	422
8854	2685	477
8854	2685	195
8860	2440	492
8863	4067	501
8863	4067	474
8869	2959	694
8872	2813	366
8874	1762	258
8879	2031	261
8880	2016	287
8881	7756	269
8885	3816	599
8889	2207	601
8891	2263	334
8894	2016	227
8900	2989	358
8906	3060	375
8906	3060	240
8910	2667	272
8910	2667	343
8911	1273	185
8913	1906	331
8915	2383	241
8916	3051	522
8920	3429	502
8920	3429	366
8921	3461	388
8924	2888	578
8931	4244	691
8931	4244	610
8938	2523	403
8939	3650	327
8942	766	266
8943	1303	314
8950	3635	315
8952	1605	349
8954	1841	360
8956	2133	390
8958	4197	596
8958	4197	552
8960	2845	260
8960	2845	398
8969	1548	211
8971	1657	310
8975	2656	389
8976	2671	268
8976	2671	348
8981	2617	382
8984	2359	273
8984	2359	236
8986	1393	341
8991	2598	491
8993	1890	563
8996	1759	243
9001	1686	185
9003	17469	377
9004	1461	288
9006	2620	313
9007	1862	383
9008	2648	309
9008	2648	280
9024	2102	200
9031	2275	327
9033	1558	185
9035	1335	233
9036	2455	345
9045	741	200
9053	2340	339
9058	2110	465
9060	1126	301
9065	4763	360
9069	2010	384
9078	5420	284
9078	5420	311
9093	14317	501
9097	1243	376
9101	779	354
9104	2291	352
9109	2243	259
9113	1949	470
9118	2144	314
9118	2144	271
9129	1974	185
9129	1974	243
9135	2357	303
9135	2357	333
9142	2222	383
9147	1267	269
9149	2419	290
9152	4050	418
9158	940	206
9160	1443	322
9161	1619	262
9171	2347	277
9173	2048	329
9179	2128	185
9182	1572	230
9185	3699	336
9186	2709	386
9186	2709	170
9188	2405	243
9189	4135	525
9189	4135	469
9190	2283	216
9190	2283	378
9194	3322	238
9194	3322	392
9196	3066	498
9200	1914	353
9201	2943	307
9204	2715	371
9204	2715	355
9205	1469	337
9209	1921	422
9210	3305	383
9219	2159	307
9220	2673	276
9220	2673	286
9224	1604	376
9227	2014	314
9230	1978	319
9233	1674	261
9236	2683	325
9238	3136	303
9241	1896	345
9241	1896	225
9243	3217	353
9244	2588	217
9244	2588	195
9246	3059	379
9246	3059	374
9257	2089	146
9257	2089	238
9262	2618	315
9263	2113	394
9263	2113	362
9268	2619	604
9270	1544	238
9271	1549	470
9272	2058	379
9274	2697	200
9275	2594	338
9276	2379	260
9276	2379	308
9280	2624	259
9280	2624	391
9284	3428	353
9284	3428	242
9285	2640	237
9285	2640	324
9290	1434	333
9290	1434	167
9293	4585	183
9293	4585	171
9294	7744	312
9294	7744	224
9294	7744	196
9294	7744	245
9298	2190	297
9300	2197	382
9305	1760	273
9306	688	185
9308	4792	577
9320	2741	305
9320	2741	310
9322	2437	479
9324	1278	256
9329	2507	489
9330	2726	622
9333	3325	610
9333	3325	259
9338	1427	185
9343	2622	563
9344	8469	185
9344	8469	341
9344	8469	543
9344	8469	344
9351	1819	280
9352	2826	466
9357	1818	185
9360	2997	671
9363	3079	230
9366	1262	289
9367	2415	391
9367	2415	261
9375	1983	382
9376	2613	625
9377	2047	384
9379	4652	496
9379	4652	353
9379	4652	479
9380	1815	467
9381	3185	502
9384	3342	328
9385	2528	292
9385	2528	293
9386	2939	211
9387	1914	306
9393	2283	504
9401	3347	455
9405	3520	502
9406	2665	329
9407	2192	471
9408	3273	661
9411	5958	588
9417	3864	539
9418	4925	274
9418	4925	548
9424	3324	326
9424	3324	177
9431	2839	614
9433	2496	363
9438	2130	495
9441	768	285
9446	2657	334
9446	2657	216
9447	2007	361
9448	2570	378
9453	2362	288
9453	2362	266
9454	5065	592
9457	2683	383
9459	2228	474
9462	2108	346
9464	2023	503
9466	3264	583
9467	2598	476
9468	3926	384
9472	4031	622
9475	2357	280
9479	4650	543
9484	3077	447
9485	2912	280
9485	2912	265
9491	5594	449
9492	5980	336
9492	5980	693
9496	2823	303
9496	2823	420
9498	3325	550
9499	2603	170
9499	2603	287
9505	2712	537
9506	2656	555
9507	1084	363
9509	3383	444
9510	2726	610
9511	3340	660
9518	3148	536
9521	5570	424
9521	5570	530
9522	1477	412
9526	2334	387
9529	3340	321
9531	4399	503
9531	4399	490
9532	4237	494
9533	1265	211
9537	4113	374
9543	4860	773
9544	3216	631
9545	3729	251
9545	3729	133
9545	3729	497
9547	3483	326
9548	2463	382
9551	2913	504
9555	4550	373
9555	4550	372
9556	3052	361
9559	4921	660
9559	4921	542
9562	1878	419
9566	2371	490
9567	3508	566
9569	2553	467
9570	3321	380
9570	3321	185
9577	1996	407
9585	1797	328
9586	1760	316
9589	1910	350
9590	1616	227
9593	2441	623
9595	2320	330
9596	1603	446
9606	1645	324
9607	3107	530
9612	1953	291
9613	1717	410
9615	2031	594
9618	1282	524
9619	2941	327
9621	1626	293
9622	2153	340
9626	3259	293
9627	1268	215
9632	2545	250
9632	2545	346
9635	2089	172
9635	2089	372
9636	2298	451
9639	2222	290
9639	2222	303
9641	2549	257
9641	2549	364
9643	2990	313
9644	1878	222
9648	2534	371
9648	2534	390
9649	3028	410
9649	3028	572
9651	2270	250
9652	1624	337
9656	2225	555
9659	1607	186
9659	1607	172
9663	1756	333
9666	2191	405
9667	2023	489
9668	3248	534
9670	2406	174
9670	2406	289
9671	1946	489
9672	1098	272
9675	3762	544
9675	3762	388
9680	1962	328
9685	1321	268
9686	2623	366
9687	2953	351
9687	2953	213
9688	2068	523
9689	2248	352
9694	2150	506
9695	940	243
9698	2076	501
9701	1952	530
9704	2297	311
9706	1307	343
9707	2285	342
9709	1416	211
9710	1698	279
9712	3818	582
9713	3504	297
9713	3504	280
9720	1751	494
9721	1425	250
9723	2137	309
9724	1958	530
9725	2299	472
9727	1592	296
9729	2386	324
9730	2358	275
9730	2358	358
9731	2252	442
9733	3281	733
9738	2181	499
9744	2366	522
9746	2355	594
9747	1818	302
9748	1389	261
9753	1335	263
9755	2302	336
9758	1844	403
9760	1697	357
9762	1856	360
9765	2648	756
9766	2569	459
9767	2664	285
9767	2664	381
9771	2596	571
9772	1894	185
9774	1614	273
9775	3293	483
9776	2260	537
9779	1715	413
9783	1924	363
9784	2250	541
9786	2502	530
9787	2150	481
9788	3027	551
9789	2458	344
9789	2458	308
9791	2211	371
9791	2211	352
9795	1718	297
9797	1346	268
9803	3396	185
9805	2336	222
9806	2099	409
9807	1920	174
9807	1920	347
9809	1720	185
9812	2025	489
9818	2145	359
9820	2186	474
9821	2842	481
9822	2105	359
9824	3366	666
9830	1916	418
9831	3916	665
9832	1900	262
9833	1892	375
9834	3619	220
9834	3619	291
9836	1570	313
9837	1874	314
9837	1874	238
9841	1925	340
9842	1250	215
9848	1495	346
9851	3205	537
9852	1418	339
9854	3368	457
9858	1668	423
9859	1342	296
9860	1449	454
9862	3997	448
9862	3997	133
9862	3997	516
9866	1387	345
9867	2180	335
9868	2181	326
9869	1463	238
9871	2069	562
9873	2501	515
9874	1229	323
9876	2005	344
9879	2365	630
9881	2193	301
9881	2193	185
9881	2193	253
9885	1694	358
9889	3029	580
9890	1390	456
9891	1798	340
9894	2840	322
9894	2840	373
9899	2823	534
9900	1611	234
9901	1555	222
9902	2581	348
9904	2047	185
9905	1722	396
9909	2785	576
9910	3211	476
9913	1762	320
9916	3687	601
9918	1926	200
9920	1259	185
9921	2751	498
9922	2323	314
9922	2323	297
9924	2458	503
9925	2247	338
9925	2247	353
9929	2623	353
9929	2623	283
9930	2389	579
9935	2183	394
9936	2721	443
9937	1623	428
9938	1351	249
9940	2099	304
9944	2297	363
9946	1738	369
9947	1842	282
9948	2932	376
9952	3355	385
9952	3355	407
9955	2093	507
9956	4118	481
9958	3145	312
9958	3145	185
9961	1811	368
9962	2859	485
9963	1645	211
9964	2479	343
9965	1999	339
9966	1697	411
9967	3390	674
9969	2529	548
9974	3335	505
9980	1644	292
9981	2014	283
9982	1324	322
9984	1979	601
9985	1780	523
9986	2313	578
9989	2080	527
9990	2137	384
9991	2233	458
9991	2233	227
9992	1309	338
9993	1551	354
9994	1138	185
9997	2782	244
9997	2782	567
9999	2008	526
10000	2033	481
10001	1347	185
10002	2505	197
10002	2505	497
10003	3353	466
10006	1828	266
10007	2131	480
10008	1678	485
10011	2123	525
10013	2408	343
10016	1768	200
10018	1979	550
10020	2690	536
10023	1803	284
10025	2274	550
10026	1173	263
10027	2405	471
10027	2405	145
10029	1974	455
10031	1850	266
10034	2363	344
10035	2837	485
10038	4029	445
10038	4029	471
10039	1649	341
10041	3229	452
10041	3229	501
10042	1887	128
10042	1887	305
10043	2385	515
10046	2510	370
10050	1385	357
10053	1850	442
10055	2043	304
10059	2203	261
10062	1931	480
10064	1851	337
10067	1843	397
10069	1838	388
10076	4336	287
10076	4336	274
10076	4336	321
10076	4336	364
10078	1995	398
10079	2071	360
10079	2071	160
10081	2078	548
10083	2832	543
10086	1584	357
10095	2432	270
10095	2432	249
10098	1898	387
10099	2104	483
10104	2309	467
10107	2530	336
10108	1548	185
10110	2630	193
10110	2630	226
10114	3387	510
10116	1332	368
10117	1943	560
10124	2203	528
10126	2964	518
10128	2850	369
10128	2850	373
10129	1231	185
10131	1020	296
10132	2296	545
10134	4749	481
10134	4749	577
10135	3924	393
10136	1871	536
10140	1620	404
10141	2329	295
10142	1798	517
10145	1706	357
10146	1562	370
10151	1991	384
10155	2341	605
10156	2292	351
10158	1453	250
10161	3824	178
10161	3824	543
10163	1764	457
10164	2302	442
10167	1393	354
10168	1957	373
10169	1218	226
10173	1124	304
10174	3037	344
10174	3037	595
10175	1494	317
10176	1461	382
10177	2110	452
10178	1840	367
10181	2400	359
10181	2400	265
10182	2156	454
10186	4646	572
10186	4646	742
10190	3598	513
10190	3598	545
10193	2372	493
10194	2553	341
10194	2553	314
10200	2593	846
10203	814	302
10204	3117	406
10209	2275	340
10209	2275	318
10214	2887	402
10215	1829	481
10216	3065	305
10216	3065	320
10219	1342	451
10220	2752	495
10221	2535	480
10222	2331	361
10222	2331	313
10224	1814	396
10226	3428	470
10229	3071	266
10231	1580	304
10232	2023	260
10235	2065	534
10236	1664	233
10237	1934	310
10238	1670	221
10244	2720	508
10245	3404	601
10247	2401	471
10248	4105	358
10248	4105	632
10249	2434	453
10250	2109	373
10250	2109	293
10251	3886	446
10251	3886	459
10253	1799	421
10256	1495	356
10259	2341	311
10259	2341	248
10260	1390	226
10262	2301	559
10263	1801	364
10264	4014	636
10266	3847	543
10267	1728	473
10269	2675	320
10270	1529	250
10271	2677	562
10275	1964	442
10277	2109	383
10281	2263	453
10284	2165	325
10285	2318	389
10287	2593	323
10289	3567	458
10289	3567	444
10290	2306	249
10291	2592	504
10292	2429	354
10295	2200	609
10298	2567	606
10302	2108	341
10302	2108	315
10304	2145	272
10304	2145	356
10307	1714	259
10310	3787	429
10310	3787	290
10310	3787	390
10311	1697	200
10315	3024	498
10315	3024	345
10316	3299	519
10317	3823	349
10317	3823	372
10319	1921	233
10321	1920	320
10321	1920	286
10323	1829	535
10326	2643	718
10328	1751	258
10331	1844	289
10333	1881	466
10335	2261	255
10340	2329	442
10341	1685	305
10343	1580	445
10346	3674	319
10346	3674	581
10351	1266	227
10352	3720	211
10353	3109	461
10353	3109	474
10354	2704	185
10355	1899	416
10357	3002	309
10358	1861	437
10361	1652	375
10365	1951	200
10365	1951	139
10367	3116	216
10367	3116	493
10369	3408	265
10369	3408	544
10370	1412	325
10372	1459	301
10374	3724	330
10374	3724	601
10375	2455	319
10375	2455	334
10380	3069	460
10380	3069	511
10381	3458	562
10382	1226	270
10384	3267	572
10388	939	333
10389	2039	421
10390	2217	272
10390	2217	276
10391	3034	379
10393	2765	535
10395	1188	239
10396	1581	331
10398	4442	541
10398	4442	560
10399	2635	536
10401	1746	227
10403	1975	385
10404	2673	370
10404	2673	513
10405	2837	559
10406	1925	348
10408	2254	262
10408	2254	344
10409	1764	382
10410	2322	346
10410	2322	219
10411	3032	491
10411	3032	580
10414	1838	313
10416	2671	600
10418	1336	289
10424	2093	427
10425	2253	365
10427	2747	420
10429	2924	566
10430	2165	561
10431	2412	531
10435	3680	473
10435	3680	460
10437	1578	283
10439	1433	312
10445	2709	293
10445	2709	406
10449	2005	346
10453	1260	278
10454	1892	546
10455	3186	600
10456	2127	587
10457	3396	545
10460	3213	753
10461	1751	244
10464	3283	526
10467	3142	317
10469	1679	343
10470	2033	284
10474	2673	515
10476	3175	428
10479	2458	389
10480	1494	401
10481	1720	316
10482	3050	538
10484	1825	448
10486	1708	275
10487	2759	373
10488	3736	693
10489	1498	211
10490	2998	694
10491	1478	319
10500	4514	499
10500	4514	445
10503	1729	303
10504	2523	342
10504	2523	198
10506	1518	253
10507	3371	511
10507	3371	496
10508	1854	278
10514	1782	536
10517	1499	346
10523	1455	318
10524	1433	306
10526	1924	349
10530	2471	493
10536	2699	449
10537	3582	745
10539	2625	573
10541	2630	200
10546	1147	320
10547	1524	328
10556	2337	628
10558	2286	326
10560	2209	306
10562	2184	440
10563	2090	349
10564	1646	543
10565	2450	364
10568	1949	338
10569	2024	541
10571	1441	293
10573	2194	312
10573	2194	274
10574	1965	428
10577	1756	525
10579	2494	466
10581	2868	499
10581	2868	240
10582	2131	520
10583	1401	320
10584	1747	342
10586	2336	336
10586	2336	279
10587	3046	612
10588	3883	175
10588	3883	174
10588	3883	496
10590	1808	563
10591	3553	459
10591	3553	509
10593	2636	510
10595	2737	399
10595	2737	185
10596	2118	513
10598	2925	423
10600	3631	540
10606	2781	330
10606	2781	205
10610	2551	531
10613	3613	759
10614	1344	261
10616	2794	684
10619	2480	262
10622	1776	227
10623	1283	284
10625	1890	359
10627	2232	481
10628	1605	266
10630	2818	357
10630	2818	174
10632	2169	306
10632	2169	191
10633	2681	580
10635	3141	671
10636	2924	534
10639	4262	347
10642	1571	350
10643	1702	436
10645	1932	501
10646	4124	779
10647	2369	366
10649	2275	185
10650	1808	450
10653	3038	168
10653	3038	264
10654	2040	299
10655	3150	493
10655	3150	534
10657	2063	333
10659	2524	390
10659	2524	223
10660	3922	227
10662	2228	350
10662	2228	330
10666	1822	302
10669	2827	422
10674	2028	313
10675	2150	511
10676	2343	360
10676	2343	316
10677	2314	527
10680	2040	495
10681	2334	311
10681	2334	184
10684	2382	185
10685	4394	655
10686	3139	503
10688	2659	517
10689	1785	326
10689	1785	195
10690	2304	360
10691	3961	862
10692	3168	575
10692	3168	502
10695	2273	290
10695	2273	208
10700	3005	256
10701	2182	489
10702	2717	587
10703	1940	547
10705	2691	489
10706	1929	271
10710	1872	494
10712	1831	352
10716	2177	185
10717	2247	544
10718	2403	413
10720	2783	366
10720	2783	434
10723	3332	827
10724	2360	364
10725	2573	578
10727	3251	533
10730	2851	531
10731	2110	291
10731	2110	297
10736	2857	813
10742	1178	335
10743	2483	584
10746	3196	313
10747	1812	453
10748	2287	588
10749	1501	269
10750	3051	585
10750	3051	302
10751	3123	361
10753	1928	218
10753	1928	281
10756	1341	211
10758	3968	687
10758	3968	577
10760	1929	302
10763	2069	458
10765	2149	270
10765	2149	219
10766	3125	241
10766	3125	177
10767	2738	490
10768	2166	361
10769	2346	597
10771	1796	481
10774	2922	300
10774	2922	324
10775	3209	848
10776	1873	474
10782	2157	396
10783	1716	306
10785	2766	310
10785	2766	305
10786	2324	601
10789	1616	238
10790	1626	431
10792	1988	554
10795	2510	254
10796	2436	250
10797	2415	181
10797	2415	332
10798	1862	380
10799	3303	185
10800	2314	515
10802	2840	513
10804	1845	233
10805	2010	260
10807	4073	293
10807	4073	334
10807	4073	248
10808	1712	234
10814	2746	434
10817	3814	436
10817	3814	537
10819	3357	403
10819	3357	332
10820	2022	295
10820	2022	124
10820	2022	211
10822	1710	534
10824	2030	493
10825	2420	592
10829	1548	338
10831	2145	375
10834	3866	419
10834	3866	529
10836	1569	343
10841	1683	185
10844	1751	267
10844	1751	172
10846	1530	227
10847	2500	348
10847	2500	327
10848	1778	488
10861	1987	297
10864	3244	560
10865	3286	714
10865	3286	318
10866	1818	185
10869	1727	577
10870	1132	262
10872	2424	269
10873	2062	317
10879	1580	476
10883	3670	473
10883	3670	456
10885	3687	507
10885	3687	389
10886	1769	185
10887	1699	199
10887	1699	412
10888	2298	257
10891	2621	332
10891	2621	317
10893	2952	533
10902	2482	144
10902	2482	396
10905	2593	225
10905	2593	291
10906	1626	458
10908	2967	584
10911	1726	404
10912	1977	357
10914	1927	356
10916	1846	337
10917	3439	389
10918	1521	230
10921	2922	673
10927	1556	314
10929	1711	274
10930	4543	425
10931	1851	332
10935	1691	342
10937	2917	711
10943	3024	516
10946	1517	330
10947	2216	492
10952	1047	215
10953	2237	481
10957	1792	458
10958	1657	377
10962	2928	669
10963	2091	422
10966	3896	532
10967	1910	354
10972	2672	516
10973	1757	427
10976	2475	407
10979	2478	494
10980	2869	527
10981	1863	506
10982	2047	310
10983	2450	338
10984	1330	306
10986	3229	745
10987	2277	564
10989	2930	317
10990	1815	386
10991	2543	491
10996	1947	415
10997	1746	327
10999	2275	547
11001	1949	338
11002	2582	477
11003	2263	625
11004	1062	280
11005	1275	268
11006	2699	466
11007	2110	395
11008	2313	411
11011	1643	389
11012	1876	388
11015	2801	554
11016	3469	576
11017	1556	282
11018	4158	260
11020	2077	278
11021	1939	527
11023	1604	479
11025	2140	497
11026	1399	283
11029	2462	401
11029	2462	334
11030	2685	274
11030	2685	365
11032	1694	226
11033	2298	284
11034	1378	289
11040	2328	351
11040	2328	185
11041	2191	237
11042	1921	390
11043	1361	297
11045	2937	336
11045	2937	212
11050	1849	485
11055	2032	453
11059	2523	352
11063	2667	597
11064	2606	361
11064	2606	334
11066	4280	603
11067	2263	604
11072	2613	315
11072	2613	330
11077	2310	554
11078	2355	503
11079	2019	292
11081	2898	474
11083	1446	369
11086	3025	487
11087	2471	625
11088	1604	336
11089	2009	456
11092	2210	385
11092	2210	335
11094	3247	707
11097	1150	323
11098	1631	185
11099	2024	364
11101	1751	367
11102	2115	550
11105	3462	583
11106	2423	531
11107	1715	291
11108	1603	405
11109	2072	333
11111	2498	330
11114	1893	360
11115	1045	255
11116	2049	377
11117	2306	271
11118	2162	482
11120	2115	300
11124	2464	412
11124	2464	178
11128	1964	459
11129	1473	524
11131	2944	185
11131	2944	340
11133	2597	519
11134	2250	514
11140	1879	432
11144	1534	503
11146	2389	466
11147	2751	455
11148	1550	376
11149	2451	226
11149	2451	431
11151	1778	280
11152	2350	540
11153	2701	316
11153	2701	348
11155	2104	821
11156	1836	304
11161	2109	344
11161	2109	291
11162	2515	509
11165	1941	331
11165	1941	292
11171	1889	244
11172	1760	197
11172	1760	236
11173	3572	500
11175	1403	337
11178	1764	286
11179	2163	586
11183	1780	336
11192	2106	418
11195	2317	488
11196	2303	269
11196	2303	323
11198	1661	327
11199	1626	526
11204	2118	377
11205	2019	289
11205	2019	298
11210	1763	274
11222	1587	422
11224	2268	482
11225	2006	453
11226	2044	383
11227	3521	746
11228	3370	372
11230	2268	565
11233	2800	508
11235	1913	364
11235	1913	205
11239	1129	492
11241	2306	522
11242	2518	735
11247	2221	522
11252	2256	516
11254	2342	532
11255	2176	483
11257	2122	217
11257	2122	368
11258	3493	429
11258	3493	442
11259	1951	221
11260	3387	503
11263	2096	481
11268	2108	626
11272	1634	358
11274	1829	268
11274	1829	307
11277	2108	573
11281	2388	391
11284	2192	542
11289	2007	416
11290	3209	222
11290	3209	391
11293	2354	232
11297	2335	470
11298	2466	645
11300	2282	241
11300	2282	545
11303	3562	365
11303	3562	495
11304	1301	377
11307	1844	351
11308	2657	682
11309	1674	425
11312	1944	468
11313	3278	525
11314	2042	550
11321	1337	249
11322	4052	598
11322	4052	430
11323	3090	499
11324	1846	285
11325	1742	227
11329	3510	272
11331	2932	570
11333	1551	274
11336	1758	383
11341	2005	488
11348	1824	267
11349	1894	418
11351	3849	607
11352	3487	352
11353	1681	311
11354	2521	498
11357	1854	428
11363	2866	645
11364	1283	358
11365	1500	294
11372	1785	589
11373	2020	311
11373	2020	244
11378	2396	341
11382	2927	471
11385	2442	485
11386	1943	211
11386	1943	316
11387	1651	392
11388	1951	335
11390	1978	330
11391	2638	472
11393	1957	260
11393	1957	353
11395	4231	687
11395	4231	393
11401	1791	372
11402	2383	255
11403	2143	288
11403	2143	266
11406	2475	596
11407	1670	326
11410	2001	579
11412	2861	428
11413	2074	528
11415	3278	322
11417	1439	381
11419	3747	229
11419	3747	525
11423	2637	281
11424	2242	383
11425	4831	286
11426	1857	274
11427	2117	393
11436	2457	103
11436	2457	166
11436	2457	154
11439	4144	347
11441	2631	332
11442	2260	566
11446	1569	316
11447	2062	334
11449	1321	307
11450	1666	185
11457	2525	500
11458	2686	313
11459	2034	529
11461	1209	261
11463	1337	390
11466	1743	538
11467	2090	267
11468	1704	222
11469	2026	520
11471	2015	451
11474	2005	500
11475	2077	314
11478	2278	456
11479	2057	305
11480	2118	513
11482	2483	221
11487	896	289
11488	3623	536
11488	3623	206
11488	3623	235
11489	3107	368
11491	1594	329
11492	2404	307
11493	3198	796
11496	2131	514
11497	2481	410
11498	3068	526
11502	2847	273
11503	2700	390
11504	5069	222
11504	5069	254
11508	2424	367
11510	1830	439
11513	1486	475
11518	2026	537
11525	2212	332
11525	2212	263
11526	1847	349
11529	2730	197
11529	2730	513
11532	1703	312
11536	2853	362
11537	1712	286
11538	2681	325
11538	2681	323
11539	1713	311
11540	1741	421
11543	2490	494
11545	1768	322
11546	1768	378
11548	2880	448
11549	3344	420
11550	1332	256
11551	1301	164
11554	1585	358
11563	3653	215
11563	3653	514
11569	2861	589
11570	1985	377
11570	1985	269
11576	2376	538
11577	2675	524
11579	3244	494
11580	2587	591
11581	2164	370
11584	2854	377
11584	2854	401
11585	2690	288
11585	2690	261
11588	2129	271
11588	2129	266
11590	2228	788
11593	3564	393
11593	3564	425
11594	2038	473
11595	2052	336
11597	1578	380
11598	2611	520
11600	1959	294
11601	2010	216
11601	2010	271
11606	1706	446
11607	2472	336
11609	1682	368
11610	2851	423
11610	2851	421
11611	2600	419
11614	1712	505
11617	3252	311
11618	1698	464
11621	1923	227
11623	2022	149
11623	2022	120
11624	2853	222
11625	1528	286
11626	1629	261
11627	2098	483
11629	1635	512
11630	1763	420
11632	2675	511
11636	4260	541
11636	4260	553
11638	2907	434
11641	1787	185
11645	5060	571
11645	5060	404
11646	1948	515
11647	1631	255
11650	2773	334
11650	2773	352
11656	2599	566
11658	1654	368
11661	2344	376
11662	2264	522
11663	1795	200
11670	1712	423
11679	3119	481
11680	2031	575
11689	2009	312
11691	3444	278
11693	2944	466
11697	3402	362
11697	3402	160
11697	3402	311
11698	2390	429
11700	2333	299
11702	895	304
11706	2270	307
11709	1260	301
11710	2658	494
11711	1732	439
11712	1915	447
11713	1979	248
11714	2710	520
11715	2689	794
11717	3048	200
11717	3048	228
11717	3048	528
11718	2962	275
11718	2962	501
11720	1968	446
11722	2454	608
11724	885	273
11726	1447	422
11729	3046	376
11730	2062	276
11730	2062	295
11732	2316	468
11734	1998	349
11735	2332	245
11736	1378	311
11739	1599	501
11744	3353	483
11746	1741	322
11747	1697	233
11748	2118	470
11749	4358	655
11750	1979	444
11752	2785	504
11753	1577	297
11757	2325	509
11759	2004	539
11761	2244	432
11763	2051	364
11766	1979	494
11767	1754	301
11768	1446	309
11769	2815	499
11770	2212	523
11772	1829	333
11773	2292	451
11775	3071	461
11775	3071	398
11779	1347	511
11786	2185	474
11787	2249	351
11788	2046	414
11789	1893	336
11791	1981	407
11793	2109	468
11796	1930	498
11797	2613	491
11800	2670	746
11801	2543	380
11802	2754	648
11804	1321	215
11805	1863	352
11815	1725	305
11817	2658	452
11819	2688	569
11825	1856	400
11828	3465	560
11830	2770	433
11831	1874	480
11832	2475	409
11833	3392	388
11835	2163	135
11835	2163	231
11836	1668	531
11838	1538	301
11842	1583	414
11846	1546	275
11850	2309	200
11852	4817	507
11852	4817	267
11854	1797	362
11857	3151	720
11858	3187	448
11860	2774	486
11862	1792	385
11866	2976	363
11866	2976	405
11867	1676	542
11869	2020	485
11871	1475	353
11872	2178	333
11874	1132	260
11881	2227	479
11882	2297	533
11883	1662	459
11885	1447	259
11886	2634	456
11888	2024	242
11888	2024	273
11889	5773	305
11889	5773	234
11891	2095	446
11893	1595	407
11894	1772	466
11896	1607	359
11897	2857	542
11897	2857	364
11899	2834	456
11900	2009	185
11904	3225	523
11905	1938	452
11907	2645	487
11910	1911	238
11911	5460	381
11915	1329	273
11916	2986	494
11917	3854	600
11918	2104	363
11920	2787	386
11920	2787	331
11921	2107	489
11923	1445	250
11924	2727	454
11929	1581	539
11931	2926	227
11933	1974	386
11935	2880	469
11937	3123	433
11937	3123	307
11938	1598	384
11939	2556	611
11941	1607	353
11943	1997	405
11944	1810	200
11945	3083	493
11947	1957	350
11948	2149	310
11948	2149	281
11949	2162	323
11949	2162	289
11952	2707	178
11952	2707	285
11953	2118	471
11957	1192	269
11960	1386	442
11962	2579	286
11963	3579	718
11968	3020	596
11969	3392	501
11969	3392	463
11970	3098	480
11976	1781	464
11976	1781	221
11979	1214	433
11982	3041	479
11983	649	250
11988	3143	220
11988	3143	304
11991	2547	537
11995	3072	568
11997	2538	406
12002	3477	338
12002	3477	123
12002	3477	521
12003	2272	167
12003	2272	179
12005	2732	345
12005	2732	202
12008	1075	312
12009	2895	500
12016	2243	492
12017	2001	501
12019	2682	574
12020	1700	232
12023	1962	428
12024	4391	274
12024	4391	491
12027	1937	529
12028	2118	507
12029	1391	333
12030	2223	331
12030	2223	295
12031	2208	341
12033	1789	481
12034	1942	488
12035	1746	482
12037	1811	414
12047	1465	465
12048	1411	438
12051	1561	318
12052	1731	315
12054	2044	254
12054	2044	216
12058	1579	426
12059	2076	497
12060	1456	347
12065	2280	404
12066	2931	478
12067	1523	289
12069	2411	619
12072	3290	473
12072	3290	347
12073	3175	418
12074	3391	450
12079	4597	811
12083	2855	710
12085	1954	447
12086	1923	506
12087	2538	438
12089	1543	486
12090	2985	497
12090	2985	285
12091	1814	427
12093	2272	109
12093	2272	424
12098	2323	325
12098	2323	278
12100	3336	491
12100	3336	486
12101	1239	277
12102	1975	367
12103	1279	278
12104	1219	360
12106	3693	364
12109	2760	380
12109	2760	312
12113	3624	536
12114	4680	460
12114	4680	211
12115	1370	379
12116	1677	293
12117	3131	424
12120	3255	523
12121	1501	468
12123	3052	536
12124	2018	431
12125	2545	305
12127	2992	419
12127	2992	270
12129	1640	461
12136	2112	185
12136	2112	281
12137	1526	238
12138	2788	360
12140	1603	426
12142	2040	310
12144	3686	476
12144	3686	437
12146	1864	397
12147	1191	257
12148	1887	401
12149	1911	185
12153	2131	322
12154	1838	368
12156	1016	267
12157	2808	505
12158	2349	567
12160	2120	439
12161	857	233
12162	2437	345
12163	2215	626
12164	2746	432
12165	1804	494
12167	1375	200
12168	1748	161
12168	1748	300
12169	2505	260
12169	2505	198
12173	3720	498
12174	1980	556
12175	2420	405
12175	2420	163
12178	2073	533
12179	2694	494
12181	1163	200
12183	1446	300
12184	1885	427
12185	2334	461
12186	1720	331
12187	1504	355
12188	2897	437
12190	1475	279
12192	1679	442
12193	2445	200
12194	1099	400
12196	2820	468
12198	1333	206
12200	2507	601
12203	2966	389
12206	2253	185
12211	1971	352
12212	3710	486
12212	3710	535
12214	1792	336
12215	1880	522
12223	2764	535
12224	1229	448
12225	1565	424
12226	2033	581
12227	2011	520
12230	3172	314
12233	2500	697
12235	2458	553
12237	1845	477
12241	2473	697
12242	2180	363
12244	3310	505
12246	1995	485
12247	1875	315
12249	2907	457
12251	1764	387
12254	1510	465
12255	2962	492
12261	2723	193
12261	2723	405
12262	2482	299
12265	1987	306
12266	2481	537
12267	1972	419
12271	2945	485
12272	2236	319
12272	2236	270
12275	4956	127
12276	1798	261
12283	3187	664
12284	1845	278
12284	1845	252
12287	1245	326
12289	2361	539
12292	2177	500
12293	3011	744
12295	1173	444
12296	3003	302
12302	1845	472
12303	1768	294
12304	1358	281
12305	2214	284
12309	1917	348
12310	2599	302
12311	4141	513
12312	3157	302
12312	3157	256
12315	1579	263
12316	2485	430
12317	2482	146
12317	2482	488
12320	3948	492
12321	3524	451
12321	3524	530
12322	2416	215
12323	1840	356
12324	2041	488
12329	2256	318
12329	2256	244
12330	1610	314
12331	1395	275
12334	2895	534
12336	3199	415
12336	3199	243
12340	4265	531
12340	4265	546
12341	3896	808
12342	1766	323
12343	1956	497
12345	2187	353
12347	2252	471
12348	2254	515
12350	2550	535
12354	2156	425
12358	1648	266
12362	3296	261
12364	4034	473
12364	4034	450
12366	2166	563
12367	1637	308
12370	1556	435
12372	2595	437
12374	1947	260
12375	2260	304
12375	2260	350
12382	1229	369
12383	2089	337
12384	2128	509
12385	3020	621
12385	3020	235
12388	1406	233
12389	1962	519
12391	2243	535
12392	3314	525
12392	3314	530
12393	1687	262
12396	1600	293
12397	1296	364
12398	1034	260
12399	2266	358
12402	3188	688
12407	2282	388
12411	2699	379
12411	2699	192
12412	2042	185
12415	2545	475
12416	1886	492
12417	3497	327
12417	3497	584
12419	3035	455
12420	2743	533
12420	2743	174
12425	3549	586
12426	2887	173
12426	2887	440
12429	3660	786
12430	4905	615
12430	4905	634
12432	2798	463
12436	2675	563
12437	2392	405
12438	1641	306
12439	1762	561
12440	3075	771
12441	1366	541
12444	2668	551
12445	2629	316
12447	1640	293
12448	2082	283
12448	2082	344
12449	2231	483
12453	1093	259
12454	1940	473
12455	1982	499
12457	1744	508
12460	2350	355
12461	2094	276
12461	2094	327
12467	1456	364
12468	2607	705
12470	2752	334
12471	3695	419
12472	2790	304
12472	2790	333
12476	2517	413
12481	2502	469
12482	2917	391
12483	2210	509
12484	1456	345
12490	2552	410
12491	3088	422
12493	790	275
12494	2639	315
12495	2383	571
12499	1670	315
12505	2192	200
12506	2121	323
12510	3707	496
12511	850	200
12512	3640	406
12512	3640	390
12512	3640	134
12514	2928	487
12516	2812	517
12516	2812	278
12521	1313	255
12522	2314	456
12524	3074	582
12524	3074	325
12527	4192	254
12527	4192	385
12529	2038	267
12529	2038	261
12530	3238	355
12530	3238	477
12533	2878	371
12537	1791	320
12541	2351	419
12542	3325	557
12543	1890	326
12544	1122	398
12546	1407	306
12547	2249	443
12549	2466	324
12550	948	240
12551	1757	258
12553	1990	448
12554	1637	345
12556	3562	410
12556	3562	356
12558	3842	310
12559	723	200
12561	1487	279
12563	3066	379
12563	3066	436
12564	1693	366
12565	1773	564
12566	3499	502
12567	4616	493
12567	4616	442
12568	1360	252
12571	1434	278
12573	2071	364
12575	2081	474
12576	1954	444
12577	4092	523
12577	4092	310
12578	1411	243
12579	2177	470
12583	3795	731
12583	3795	306
12586	3980	508
12586	3980	297
12587	1748	293
12588	4451	474
12588	4451	469
12589	2890	503
12590	1568	275
12592	1832	464
12593	2097	515
12594	2252	375
12594	2252	264
12597	3482	477
12603	1802	353
12604	2189	486
12606	2004	476
12607	1331	326
12608	2043	628
12611	1838	383
12612	1274	227
12620	2191	323
12620	2191	329
12622	3018	303
12624	1253	370
12625	4092	788
12625	4092	313
12626	2026	374
12628	2636	556
12631	2855	349
12631	2855	275
12633	3466	337
12636	1895	447
12637	2291	381
12637	2291	221
12638	2326	369
12640	3120	702
12641	3774	585
12643	2514	355
12643	2514	285
12644	1870	467
12647	1989	200
12649	2559	291
12649	2559	313
12650	2207	326
12651	3937	410
12651	3937	531
12652	3357	660
12654	1869	377
12655	1087	280
12659	1848	341
12661	1587	332
12664	2089	366
12665	1786	332
12668	1396	309
12671	2081	324
12675	1704	545
12676	1958	221
12679	5055	474
12680	2129	306
12681	2327	177
12681	2327	321
12682	2169	302
12685	2190	303
12685	2190	175
12686	1393	337
12691	1008	200
12693	1653	269
12703	2843	509
12705	1739	380
12707	2233	339
12707	2233	275
12709	1102	295
12711	1920	322
12712	3581	198
12712	3581	568
12713	2324	226
12714	938	339
12715	2023	389
12719	1489	248
12720	2712	527
12721	2265	569
12722	1250	270
12724	3487	652
12724	3487	318
12726	3325	279
12727	1926	379
12729	2316	430
12730	2207	456
12732	2344	246
12732	2344	341
12734	1802	299
12735	2257	458
12737	1808	281
12739	2193	448
12740	3144	303
12740	3144	317
12743	2664	369
12744	1666	318
12746	4789	549
12746	4789	566
12747	2834	716
12748	1775	317
12749	1955	460
12750	1865	492
12751	2402	432
12753	1463	316
12757	2476	492
12760	1991	127
12760	1991	122
12761	2328	432
12762	2370	492
12766	2394	408
12768	2263	277
12769	3113	536
12770	2781	516
12775	3493	296
12775	3493	468
12779	1447	356
12781	2459	445
12782	1452	306
12785	2699	254
12785	2699	386
12786	1968	310
12790	3394	789
12791	3098	455
12791	3098	335
12796	3325	211
12796	3325	488
12798	2283	372
12800	2064	407
12800	2064	191
12803	2086	502
12805	1944	510
12807	4448	555
12808	1471	315
12812	1407	258
12817	3433	456
12817	3433	323
12820	1232	313
12821	2579	233
12821	2579	269
12823	2101	474
12832	3312	487
12832	3312	426
12833	1877	200
12838	1589	303
12842	2984	433
12846	2461	323
12846	2461	335
12850	2908	697
12852	2141	259
12856	2475	531
12857	1665	253
12858	1844	343
12859	1924	491
12861	1470	325
12869	1374	255
12873	2429	478
12877	3310	772
12879	1671	479
12880	2613	520
12881	3177	365
12881	3177	489
12882	2333	419
12890	1809	222
12892	1745	406
12897	2813	362
12900	2888	409
12901	886	211
12902	2362	304
12907	2122	368
12912	1179	226
12912	1179	125
12917	2188	317
12918	1716	535
12919	1123	213
12925	3031	442
12926	2916	626
12930	1493	356
12933	2496	384
12938	1628	413
12945	1670	278
12948	1371	282
12953	1831	280
12954	3257	527
12958	2472	470
12959	1010	249
12961	1817	308
12964	1372	359
12968	1511	324
12970	2069	349
12975	1153	298
12976	2515	512
12978	2218	356
12978	2218	187
12981	3047	522
12989	1765	504
12991	3126	460
12991	3126	315
12994	1037	290
12996	1911	378
12997	1359	268
12999	2380	475
13001	2836	555
13004	1413	266
13007	3504	519
13009	2852	519
13011	2429	284
13011	2429	314
13017	2161	408
13018	2058	364
13019	919	211
13020	2141	366
13023	2543	276
13023	2543	268
13025	1408	500
13028	1465	179
13029	2736	524
13030	1418	188
13030	1418	144
13038	2116	346
13042	2225	496
13045	1589	328
13046	2221	440
13048	1415	330
13052	1611	403
13053	1796	452
13057	1490	313
