0	23188	24297
5	3321	286
6	2358	227
9	2050	222
13	3652	510
16	3838	407
17	2615	296
27	2345	326
29	2848	284
30	3837	433
32	2324	268
35	1786	264
37	2814	185
41	3949	226
44	3316	512
45	2858	260
45	2858	277
46	1575	291
47	3694	255
48	3522	457
49	3855	284
50	4979	313
57	1970	200
58	1170	200
67	3201	513
74	3633	491
89	3115	349
97	4080	496
97	4080	467
101	2232	302
104	1779	215
114	2655	256
121	1688	263
122	1674	376
123	2502	274
127	2055	267
132	4164	250
133	3305	451
136	2211	487
144	3213	401
150	2457	200
169	2525	521
171	2489	270
180	2122	291
183	2583	206
190	3751	388
194	2888	416
202	2635	547
205	2420	523
207	2355	242
207	2355	237
210	4245	293
211	3799	245
212	4085	352
212	4085	399
213	3081	379
216	2707	442
222	2528	270
222	2528	208
227	2797	211
229	2335	460
235	3223	253
240	4081	649
241	2324	478
242	4664	248
242	4664	379
245	3423	434
245	3423	343
246	2889	498
254	2569	462
257	2488	390
259	2799	322
260	3796	382
261	1310	316
264	2593	245
270	3102	399
271	2672	288
272	3433	478
273	2370	279
279	3099	247
279	3099	251
281	2186	454
284	1765	232
292	3132	232
296	3830	222
298	2373	238
300	2076	293
305	3008	279
306	2764	237
306	2764	230
308	1519	494
311	2512	480
315	2179	315
316	3132	207
316	3132	325
317	2352	344
319	2641	215
319	2641	227
320	4455	288
321	2678	238
322	3417	408
326	3473	271
330	3431	427
333	2130	337
334	2569	435
338	3633	486
339	2291	316
342	2739	289
346	1600	244
349	3433	357
353	3967	243
357	2288	255
359	2666	438
361	3189	423
362	2917	315
364	3325	250
366	2864	206
372	3052	325
373	2269	268
376	4247	507
385	2980	261
388	2550	243
390	2033	185
391	2374	510
398	2629	232
400	1886	294
401	4019	443
406	1702	286
409	3536	288
412	2686	378
414	2279	397
416	3416	243
416	3416	273
417	3356	489
417	3356	227
433	3194	436
436	3737	480
438	2786	378
439	2329	185
458	3839	284
460	4748	298
460	4748	294
466	2271	185
473	4005	523
475	3679	622
476	1719	294
485	2695	373
489	4083	470
491	2897	200
492	3652	468
501	3385	313
504	3127	330
506	4437	479
508	2609	423
513	2456	510
517	2142	391
520	2439	325
523	3934	305
530	2240	450
532	1962	227
538	2760	307
540	2419	294
542	3529	290
544	2521	200
545	3851	283
545	3851	267
547	2275	280
550	2593	292
551	1614	227
552	2375	227
557	1219	262
561	3188	305
563	4433	418
563	4433	313
565	4762	273
566	2305	289
578	1969	278
579	1171	227
583	1770	288
587	3035	304
600	4105	419
607	3017	338
608	2033	335
611	2916	322
612	2999	467
620	2717	457
625	3414	263
625	3414	185
631	3355	289
631	3355	185
637	2750	407
642	1472	242
648	2417	325
652	2226	304
653	1672	263
656	3109	300
663	1862	300
665	1770	298
672	1933	292
675	1676	279
678	2447	488
682	2015	185
690	2784	291
693	3187	444
694	4358	311
699	3213	244
701	1906	311
702	2250	279
706	3259	246
716	2602	285
718	2312	317
721	3464	294
724	2574	337
727	2606	518
729	2891	349
738	5148	185
739	2123	268
740	2503	327
743	3574	185
750	2391	185
751	3538	323
755	2138	280
755	2138	239
764	3695	395
771	2243	336
773	2137	329
776	3236	522
779	4609	318
781	4008	238
781	4008	300
794	2924	521
795	2133	251
795	2133	253
796	2386	265
805	1839	185
806	1704	407
808	2298	451
811	3801	200
811	3801	300
815	3215	399
817	2083	232
830	2203	260
833	1857	266
836	3824	310
837	2515	474
839	3703	517
843	2011	257
846	2756	439
850	1750	347
853	3150	480
869	2022	249
875	4963	421
875	4963	461
878	2220	216
879	2332	409
892	2756	298
893	3161	469
895	3303	260
898	2655	281
901	2933	531
908	2637	347
910	4286	185
915	4648	543
916	3201	260
918	3652	437
920	2911	244
927	3341	232
929	2376	185
938	3364	303
939	3857	315
942	3096	260
942	3096	288
943	2447	407
946	3663	297
949	2476	211
960	3908	200
960	3908	357
966	3731	498
971	2966	466
973	2438	490
975	3153	467
976	3923	425
978	1267	255
979	5884	340
982	2203	200
983	4347	286
985	3981	337
987	1911	443
989	2791	306
992	6232	387
993	4943	449
996	3571	469
997	3238	433
1000	2856	301
1002	3593	268
1004	5772	326
1007	1563	222
1012	2671	259
1013	3654	200
1018	1952	185
1021	3481	378
1027	2727	253
1030	2297	238
1031	1870	318
1034	2287	280
1035	2819	304
1036	2430	520
1038	3138	420
1045	2967	284
1049	1425	278
1050	1232	200
1052	2746	421
1053	3999	270
1057	2461	260
1060	6972	320
1060	6972	341
1063	1603	299
1069	4910	267
1069	4910	508
1072	2960	451
1073	1936	305
1077	4627	506
1078	2987	346
1079	4360	289
1079	4360	289
1083	4650	403
1083	4650	310
1085	4368	200
1087	2871	324
1088	4739	211
1089	3230	496
1095	1760	215
1097	1819	227
1100	1873	308
1105	3821	467
1106	4252	423
1107	2587	312
1114	4229	568
1115	2508	434
1123	6024	234
1124	6777	465
1125	6282	279
1143	3542	459
1149	4850	185
1149	4850	211
1150	5350	185
1151	1482	286
1152	3405	291
1153	4283	263
1156	1895	316
1163	2273	466
1165	3571	404
1165	3571	349
1166	6436	482
1166	6436	476
1167	2398	185
1172	2073	222
1176	2705	211
1179	6263	271
1181	2385	307
1185	2416	227
1188	2608	266
1189	5863	306
1203	2777	319
1207	1973	283
1208	1954	249
1209	3913	456
1210	2106	261
1212	1698	265
1215	4037	308
1223	3205	296
1223	3205	303
1225	2585	266
1226	3061	250
1227	1935	313
1229	5517	333
1229	5517	241
1231	4585	414
1231	4585	191
1233	2446	206
1234	3188	314
1238	4515	411
1238	4515	330
1239	5621	291
1248	2990	310
1250	2217	266
1254	4164	473
1258	3327	491
1259	6573	287
1265	2463	293
1267	2784	460
1268	2304	297
1270	2186	281
1272	2045	211
1274	3637	451
1274	3637	245
1276	2289	272
1281	3187	397
1283	2448	255
1284	4502	299
1287	3370	319
1288	4184	477
1288	4184	303
1290	2023	211
1291	3340	304
1296	5119	294
1296	5119	295
1296	5119	250
1298	3213	434
1299	6986	280
1302	4943	458
1307	2734	222
1310	2589	432
1311	4497	185
1311	4497	400
1316	2560	280
1318	3839	413
1318	3839	315
1319	2634	328
1323	1753	280
1325	1997	334
1326	2943	298
1327	3471	290
1334	3840	445
1335	3971	420
1338	2414	232
1340	2312	250
1341	4849	479
1344	4231	323
1347	1816	454
1352	3002	311
1353	2796	497
1354	5799	216
1360	2721	297
1367	2555	290
1371	4109	502
1374	3918	418
1379	3014	291
1383	4271	238
1383	4271	385
1389	1563	249
1393	6394	468
1394	4314	621
1396	4295	451
1406	1309	355
1412	3316	447
1414	3794	488
1416	2427	258
1417	2759	277
1422	5251	282
1424	3722	381
1426	2544	266
1429	2233	242
1442	2355	298
1445	4242	463
1446	6356	390
1453	3930	423
1457	2049	342
1459	4832	283
1462	3537	400
1462	3537	250
1465	3449	418
1473	1611	258
1477	3347	416
1477	3347	350
1481	2383	250
1482	1662	300
1483	2522	274
1484	3345	434
1485	5108	238
1487	2165	342
1490	4047	511
1491	6503	227
1491	6503	421
1494	3919	280
1494	3919	258
1502	3325	200
1502	3325	314
1506	1784	256
1507	3313	313
1515	4307	185
1519	3114	286
1520	2239	227
1520	2239	284
1526	3297	206
1532	1732	222
1533	4002	255
1536	4018	221
1536	4018	296
1537	2556	256
1539	2048	295
1545	2382	455
1550	4186	262
1552	3150	434
1556	2309	291
1561	3334	200
1561	3334	313
1562	4579	226
1565	2061	292
1566	3576	333
1567	5669	206
1573	2391	490
1576	3667	461
1576	3667	454
1582	1959	200
1584	4127	292
1593	3055	274
1597	4158	423
1597	4158	205
1599	3670	487
1606	2660	390
1614	2595	226
1620	2127	307
1625	2136	452
1628	2421	238
1632	3462	278
1636	2527	290
1641	2527	467
1643	3937	551
1644	2272	326
1648	1837	302
1651	5405	439
1652	3490	222
1659	3168	236
1662	2259	472
1663	2446	344
1664	3213	474
1665	3818	304
1670	2507	270
1670	2507	273
1671	2292	305
1672	3515	356
1673	1937	280
1678	3797	313
1678	3797	440
1679	2520	180
1681	4228	211
1685	2923	242
1688	2423	299
1691	3221	428
1692	4293	319
1692	4293	206
1694	2315	227
1696	1865	200
1705	2762	185
1705	2762	222
1708	3020	493
1714	2842	334
1721	2124	377
1727	4662	331
1727	4662	385
1732	3871	463
1735	2753	200
1736	1902	284
1738	3183	263
1743	3199	422
1744	2555	313
1746	3611	243
1748	2558	357
1751	1620	329
1752	4677	275
1752	4677	206
1754	2942	316
1755	2939	254
1756	2799	310
1764	3418	354
1765	2274	185
1768	3345	454
1769	1961	261
1771	3247	452
1773	1923	256
1774	2645	454
1783	2276	317
1785	2614	412
1786	5609	215
1804	2784	310
1807	3245	236
1808	4548	383
1810	1942	428
1812	4175	448
1813	1761	222
1815	1915	428
1817	4387	379
1819	3471	198
1819	3471	177
1821	1620	281
1826	1785	270
1828	1590	256
1830	3359	491
1831	2258	467
1834	5379	517
1835	2347	273
1839	2448	411
1842	2039	323
1846	3145	292
1847	2560	298
1847	2560	254
1848	2137	302
1852	3791	429
1855	4434	266
1859	2876	504
1860	3766	507
1863	3857	427
1863	3857	278
1868	3431	499
1872	3732	516
1881	2797	475
1882	2739	461
1884	2719	257
1884	2719	293
1887	1784	442
1890	3528	503
1893	4051	479
1893	4051	391
1894	3790	471
1896	3729	478
1897	2901	436
1901	6702	279
1904	3900	440
1904	3900	342
1910	4356	455
1910	4356	391
1912	2770	400
1913	5004	297
1913	5004	451
1914	1621	414
1916	3773	472
1920	3278	272
1923	3317	377
1924	2545	227
1925	2302	327
1928	3644	185
1928	3644	251
1929	4883	476
1929	4883	468
1930	2721	356
1932	2634	315
1932	2634	331
1935	3696	355
1941	2689	261
1945	4406	274
1946	2937	434
1949	2215	241
1951	6002	238
1951	6002	302
1952	2095	404
1953	5627	268
1954	2195	386
1955	6630	261
1957	3097	470
1962	3200	449
1965	3786	334
1968	3037	349
1971	4895	471
1972	2976	555
1973	3464	410
1974	2240	200
1975	3490	215
1977	3666	360
1978	2975	348
1978	2975	322
1979	2114	185
1982	2570	242
1997	4657	343
2000	3457	287
2011	5931	468
2013	4140	465
2016	2187	250
2016	2187	297
2020	3248	255
2025	3722	489
2032	3961	310
2033	3348	444
2034	3683	434
2035	4444	479
2035	4444	463
2037	4257	388
2039	3192	397
2040	3942	450
2041	3851	416
2043	3366	451
2048	2322	341
2051	2392	289
2051	2392	227
2053	3311	438
2054	3993	276
2057	4213	470
2064	2445	299
2069	2820	298
2086	2742	286
2088	3151	317
2090	3998	185
2095	3786	371
2099	2122	185
2100	3937	294
2101	2521	291
2105	2509	185
2106	2691	268
2111	3881	291
2116	2874	313
2118	2490	215
2119	2968	297
2120	5283	484
2126	5843	482
2128	3843	211
2141	2173	286
2149	3228	426
2151	3535	291
2152	2131	242
2155	1873	200
2158	4258	474
2168	2008	272
2170	4247	238
2172	4126	349
2174	4773	243
2174	4773	185
2180	3367	284
2187	3443	185
2189	1804	221
2190	3602	279
2200	3763	338
2205	1879	256
2206	3439	413
2211	2775	285
2213	3128	215
2216	2923	271
2221	2879	443
2226	3765	455
2231	4726	496
2231	4726	310
2235	2101	222
2236	3091	285
2240	2897	291
2249	2896	293
2257	3394	260
2263	1857	432
2265	2776	343
2269	1657	245
2272	2885	462
2274	1869	488
2276	2791	502
2283	3818	272
2283	3818	299
2284	3147	338
2285	3394	299
2286	2617	262
2287	4231	376
2289	3142	452
2290	5029	419
2293	5673	222
2293	5673	268
2295	3291	475
2301	2621	486
2302	2044	318
2307	4080	450
2307	4080	185
2308	3450	305
2308	3450	227
2312	2189	363
2313	3356	268
2316	2419	433
2317	1780	320
2318	3234	482
2318	3234	247
2322	2706	455
2326	2305	316
2332	2470	211
2337	2050	235
2337	2050	223
2340	2936	282
2342	2081	206
2343	2911	263
2343	2911	286
2347	2428	296
2349	3129	287
2353	1884	211
2354	3323	215
2356	2863	439
2360	5965	256
2360	5965	185
2361	2980	494
2364	2360	293
2368	2071	260
2372	1776	297
2373	3263	243
2374	2276	283
2377	2955	227
2378	2665	398
2380	2341	250
2387	4472	323
2388	4842	428
2388	4842	275
2389	2809	238
2393	3288	498
2398	2532	288
2406	2354	259
2408	2505	401
2409	2882	283
2410	1839	251
2414	5303	225
2417	5036	484
2422	1676	339
2423	3821	448
2424	2544	245
2426	2886	471
2427	2537	279
2431	4677	480
2434	2513	238
2438	4169	645
2441	4198	481
2442	2986	262
2446	3860	447
2455	2102	244
2457	2848	492
2460	3522	422
2463	2226	301
2468	4238	456
2472	2307	206
2479	5213	531
2482	2484	253
2485	3945	443
2486	4302	435
2488	2040	289
2490	4009	457
2490	4009	227
2491	4516	233
2495	2696	433
2496	2687	313
2502	2648	373
2504	2891	384
2509	2995	222
2510	2733	492
2512	2158	244
2513	2574	468
2514	4266	448
2517	2118	406
2518	3247	332
2520	3867	458
2522	4825	216
2522	4825	222
2523	4034	441
2523	4034	326
2526	4037	416
2529	3969	403
2533	4381	666
2535	3106	279
2539	1638	185
2541	2603	458
2542	4482	657
2542	4482	222
2559	2745	341
2560	2758	216
2561	2633	251
2563	1512	426
2568	2289	510
2573	3582	472
2575	2532	291
2576	2999	395
2577	2039	293
2579	3871	307
2579	3871	185
2580	4734	200
2583	3794	477
2588	2126	313
2592	4938	413
2594	5332	460
2594	5332	189
2597	2655	495
2598	3054	434
2599	2008	267
2602	3106	372
2608	2634	280
2615	4307	416
2615	4307	342
2619	4201	219
2619	4201	448
2621	2409	282
2623	3348	309
2627	2334	262
2628	5092	424
2628	5092	460
2630	5726	256
2631	2299	234
2643	2773	244
2645	1915	433
2654	4785	318
2655	4767	449
2655	4767	436
2657	3649	455
2658	3117	479
2659	1873	466
2660	5364	215
2666	2193	268
2668	2653	295
2668	2653	310
2670	2408	232
2671	4206	249
2673	2133	490
2676	2437	252
2676	2437	290
2677	2783	436
2679	2105	282
2683	3643	473
2685	3240	464
2689	3531	464
2691	4481	242
2697	3623	298
2699	2039	352
2704	3505	306
2707	2610	443
2711	4366	515
2714	3739	377
2714	3739	351
2719	3119	307
2719	3119	284
2724	3120	443
2726	2537	362
2732	2414	284
2735	3959	441
2736	5021	435
2737	2400	283
2739	4227	368
2741	3162	365
2745	2595	170
2746	2374	285
2753	4718	464
2755	3093	326
2757	2583	444
2765	5852	185
2768	5585	370
2769	5032	292
2775	2570	250
2776	3267	426
2777	2741	424
2786	3532	211
2790	2155	185
2791	3494	462
2800	3222	522
2801	5250	360
2805	2391	211
2809	1555	269
2813	1677	291
2817	2762	325
2820	2387	222
2824	3648	536
2841	6145	227
2841	6145	372
2842	2978	259
2846	2444	320
2849	3653	411
2850	2972	274
2854	2425	361
2859	3058	336
2861	4630	359
2865	3595	249
2868	1949	238
2876	2390	278
2878	1860	216
2881	1384	222
2889	3112	239
2891	5314	297
2891	5314	273
2895	5850	266
2900	2395	227
2905	1881	200
2913	1797	257
2915	5211	302
2918	1905	430
2919	4886	244
2921	3254	425
2922	2203	420
2929	1457	320
2937	2460	328
2939	2510	248
2940	2875	292
2942	3054	298
2947	1754	256
2952	2007	314
2953	5346	428
2958	1785	302
2959	2344	211
2960	3478	282
2964	2624	233
2967	3718	292
2968	3167	474
2969	3042	395
2971	3286	297
2979	5222	261
2983	1871	350
2992	5607	307
2996	4888	433
2996	4888	403
3019	2255	304
3022	4839	330
3027	4407	239
3028	2529	448
3031	4034	280
3032	1931	226
3034	2906	287
3038	4402	363
3044	4325	400
3046	2295	434
3047	2913	411
3052	1870	282
3060	5082	401
3060	5082	337
3067	1752	347
3072	2248	222
3077	2596	307
3080	5620	200
3082	2851	230
3083	3375	493
3086	3113	294
3090	3450	309
3096	2467	256
3102	2684	382
3103	4946	226
3109	1542	306
3111	3244	281
3116	2000	211
3126	2756	353
3134	2885	292
3135	3982	291
3135	3982	280
3143	1697	281
3149	2801	211
3149	2801	232
3155	879	286
3157	3455	416
3166	2485	185
3168	3317	255
3172	1942	324
3185	3520	308
3185	3520	299
3187	2648	325
3196	2152	298
3197	4041	493
3199	1877	308
3201	3367	344
3204	3820	456
3204	3820	461
3206	3459	242
3210	2332	275
3212	4172	272
3214	3495	254
3215	2561	299
3216	2906	326
3220	1954	317
3227	2110	305
3230	2418	227
3233	3342	334
3237	2570	267
3240	2369	251
3241	2401	362
3245	2785	508
3247	3750	285
3248	3596	188
3248	3596	236
3249	2239	297
3249	2239	211
3250	2429	391
3251	3230	211
3252	2802	211
3253	3697	370
3253	3697	184
3254	2522	312
3256	3883	279
3260	3376	453
3262	1383	290
3264	3390	416
3264	3390	409
3268	1445	283
3269	3003	296
3273	3425	203
3273	3425	320
3274	1863	279
3284	3150	412
3285	2969	261
3287	4719	443
3288	5692	408
3288	5692	418
3289	4362	431
3294	2722	247
3294	2722	182
3295	5121	460
3295	5121	438
3298	3769	384
3301	4923	284
3302	4295	392
3307	2781	218
3307	2781	291
3308	3208	278
3311	2743	361
3314	5136	380
3317	2790	297
3323	3127	384
3326	3008	246
3326	3008	261
3327	2373	185
3330	1617	227
3334	2137	222
3338	3538	243
3342	3758	388
3343	4395	456
3351	3088	296
3354	4665	420
3358	4313	443
3358	4313	483
3359	2386	299
3360	2272	302
3363	4346	448
3366	5050	269
3367	4428	379
3367	4428	432
3368	1740	316
3369	4204	441
3370	1872	418
3373	4360	430
3373	4360	271
3374	3194	319
3384	3874	388
3386	3581	215
3389	2590	355
3391	2970	481
3392	1624	329
3396	3345	452
3398	3364	425
3403	2774	406
3408	2419	426
3410	2665	472
3413	2236	470
3416	5979	418
3417	5030	418
3420	3842	428
3423	2662	268
3434	2430	250
3437	4009	425
3439	3416	487
3441	2318	262
3444	3402	407
3445	3298	412
3448	1818	238
3450	1444	232
3451	3247	395
3453	4285	454
3456	2451	470
3457	1985	305
3459	2689	315
3462	3697	515
3463	2590	216
3466	2316	245
3466	2316	275
3468	2672	200
3469	3469	238
3473	2991	238
3476	3550	330
3480	3275	465
3481	3021	260
3486	2189	299
3489	2204	492
3498	4739	461
3498	4739	298
3499	2299	248
3504	4096	396
3509	1790	238
3512	2767	279
3517	2749	200
3521	2040	185
3524	4392	185
3529	1820	432
3532	4356	326
3532	4356	382
3533	1455	243
3534	4602	334
3534	4602	515
3535	5238	309
3535	5238	248
3538	2858	256
3539	3330	506
3544	3536	243
3545	6193	274
3545	6193	416
3546	987	281
3548	2754	211
3549	1572	185
3552	2841	420
3553	3064	206
3555	2988	211
3560	1613	328
3563	2721	277
3564	2009	272
3566	5315	297
3567	3609	472
3568	3018	286
3569	2516	244
3575	1080	282
3576	3688	425
3578	1713	244
3579	3288	345
3579	3288	367
3582	3189	451
3595	2419	311
3596	4215	411
3597	3928	327
3597	3928	456
3599	2541	500
3600	3408	448
3602	4499	266
3602	4499	290
3603	2466	408
3604	2683	418
3611	2181	239
3612	2049	273
3617	3041	271
3618	4154	345
3624	2105	452
3626	3576	373
3626	3576	418
3628	1977	234
3632	1752	272
3634	3814	469
3636	2662	440
3637	3539	358
3637	3539	475
3640	4194	467
3644	4330	313
3647	3095	239
3649	2774	200
3651	2575	325
3653	3505	307
3654	2137	227
3656	3949	371
3659	1742	312
3662	1934	185
3666	3566	211
3669	2901	290
3672	1965	352
3673	2722	250
3677	2936	326
3679	3590	301
3679	3590	399
3680	1762	363
3685	2591	185
3686	3495	485
3689	4296	321
3693	3298	307
3695	1383	297
3696	5370	295
3698	1802	255
3705	2385	304
3706	3502	279
3706	3502	262
3709	3659	354
3710	2739	310
3713	5358	412
3714	2360	263
3717	2966	361
3720	4144	444
3728	1886	384
3730	3586	255
3730	3586	314
3732	3657	290
3733	2434	185
3739	4949	350
3746	1590	257
3748	2599	227
3749	2407	314
3751	1930	261
3754	2547	309
3755	2561	272
3758	2592	248
3761	3125	345
3764	2577	261
3771	4266	330
3774	1620	273
3778	4415	299
3782	4503	453
3784	2947	328
3788	1887	200
3797	2427	206
3798	2046	326
3804	3450	414
3807	3013	211
3808	2717	449
3814	2397	274
3819	2370	339
3821	2739	282
3821	2739	248
3824	2594	471
3827	4936	277
3827	4936	461
3831	3868	412
3836	2715	238
3838	6009	455
3839	1971	206
3852	4217	469
3852	4217	497
3854	2047	393
3856	3282	272
3856	3282	270
3860	2362	268
3864	2130	273
3871	2678	253
3875	5869	248
3876	2263	253
3878	1329	263
3880	5274	275
3880	5274	320
3883	3508	284
3883	3508	267
3885	2537	222
3886	3627	226
3886	3627	201
3888	3475	242
3889	2200	285
3891	3777	311
3892	3031	415
3893	3107	406
3895	6113	273
3896	3108	269
3898	2614	305
3900	2864	336
3910	1987	261
3912	1499	260
3926	1865	305
3928	1976	286
3930	2200	185
3931	2978	466
3933	2625	293
3934	2224	250
3935	2548	401
3937	4141	442
3943	5394	227
3943	5394	333
3951	3148	189
3951	3148	189
3957	3030	306
3957	3030	237
3958	2335	211
3960	4254	211
3961	2494	250
3962	2625	311
3965	5036	200
3968	2149	263
3971	3927	243
3981	2264	292
3982	2478	216
3983	2138	309
3987	4889	227
3988	3205	216
3988	3205	286
3993	1569	294
3996	2024	185
3997	3403	372
4009	1435	211
4011	1833	211
4012	4431	332
4012	4431	406
4016	2321	290
4016	2321	248
4020	4511	292
4020	4511	414
4021	3077	196
4021	3077	262
4024	3057	261
4025	3188	279
4028	2994	466
4029	2727	461
4030	2024	312
4033	3372	266
4034	4897	467
4040	2014	283
4040	2014	241
4044	3107	304
4046	1629	274
4052	2080	523
4054	1259	200
4058	5626	306
4058	5626	263
4061	1998	431
4064	2844	287
4065	2456	232
4066	2488	428
4067	3802	245
4075	3112	291
4077	3462	457
4078	2856	232
4078	2856	311
4082	2696	185
4084	1909	250
4085	2484	319
4090	2315	239
4093	3143	312
4093	3143	445
4094	3873	408
4095	1988	227
4101	2636	211
4102	3187	293
4103	3072	430
4107	3199	279
4119	1745	256
4120	3263	284
4122	1877	372
4134	2720	476
4136	1570	253
4136	1570	232
4137	3179	357
4139	5252	294
4139	5252	338
4140	3864	422
4145	4108	303
4145	4108	307
4146	2059	206
4147	3295	442
4151	2346	273
4159	2340	301
4160	2616	324
4164	3082	312
4169	2826	465
4174	2402	276
4175	2878	449
4186	3391	545
4190	2189	267
4195	2582	299
4197	2046	290
4198	3186	265
4201	4710	309
4203	3983	386
4203	3983	450
4205	2526	301
4207	4488	460
4208	2064	211
4213	3315	260
4213	3315	188
4215	4897	268
4215	4897	290
4216	3948	424
4217	3779	238
4217	3779	275
4218	3348	465
4219	1906	200
4221	5281	436
4223	2106	281
4224	3345	211
4225	2436	291
4226	2552	472
4229	3007	211
4229	3007	284
4233	5196	277
4233	5196	330
4235	3243	332
4241	1580	291
4245	1945	370
4250	2755	232
4251	4480	365
4252	1925	312
4255	2584	331
4256	1847	222
4260	2565	489
4265	2534	325
4265	2534	258
4267	3201	433
4271	2543	284
4272	3738	200
4273	2310	239
4279	3048	506
4282	6798	324
4282	6798	427
4283	2114	314
4284	1805	283
4291	3469	324
4292	1826	222
4295	3451	340
4297	2905	331
4298	3393	285
4300	1926	466
4302	2849	476
4305	3237	434
4307	3369	250
4308	2080	303
4310	2677	328
4311	3114	483
4313	1718	232
4315	3782	349
4318	2845	222
4326	2172	337
4327	4530	450
4327	4530	358
4330	4877	479
4330	4877	447
4333	2661	211
4341	2336	331
4353	3162	245
4353	3162	300
4354	3933	266
4355	4753	474
4355	4753	465
4357	3531	185
4357	3531	383
4360	3384	274
4360	3384	174
4364	2012	285
4365	2294	238
4367	4037	480
4369	6267	420
4369	6267	412
4371	2803	324
4381	4759	510
4381	4759	532
4385	4168	370
4386	2646	272
4390	1768	292
4391	1052	299
4394	3234	262
4396	3092	280
4397	4148	487
4404	3465	237
4404	3465	254
4407	2087	259
4415	4448	449
4415	4448	417
4417	2064	441
4420	1627	319
4424	3988	357
4424	3988	278
4425	1792	233
4427	3526	237
4429	3334	523
4431	5604	391
4431	5604	425
4432	3139	232
4433	3347	262
4440	1930	273
4454	5689	236
4454	5689	257
4455	3093	430
4456	2578	185
4458	2144	319
4460	2553	439
4461	3441	305
4464	2258	303
4466	1793	345
4468	2247	297
4472	2901	317
4473	1977	255
4474	4257	464
4475	2439	232
4477	5768	343
4477	5768	495
4480	2962	294
4480	2962	306
4485	3477	309
4488	3009	283
4493	3162	467
4493	3162	185
4496	2489	185
4498	2916	185
4505	3522	419
4506	3166	426
4507	1565	398
4510	5095	459
4512	3395	261
4515	1548	266
4516	8127	216
4516	8127	324
4520	3126	249
4524	3408	526
4527	2662	307
4531	1545	387
4532	3959	306
4536	2793	311
4538	2155	302
4540	5251	520
4542	1521	252
4543	3741	468
4545	1343	273
4549	2453	265
4555	2992	263
4555	2992	246
4556	3577	311
4557	2379	253
4563	3760	286
4564	3512	279
4566	1570	327
4570	2029	323
4571	1195	275
4572	2385	390
4576	2139	294
4583	2413	194
4583	2413	175
4589	2013	309
4591	2666	343
4593	2169	343
4594	2962	482
4599	2566	395
4600	3100	318
4605	4754	277
4613	4476	407
4613	4476	362
4620	3755	200
4624	2540	234
4624	2540	255
4625	3367	307
4627	2439	338
4630	6685	327
4630	6685	259
4632	3647	321
4634	2297	330
4637	1742	314
4638	2230	403
4648	2679	222
4651	5197	291
4651	5197	348
4658	3914	412
4660	2877	311
4663	2363	270
4664	1894	232
4665	8425	329
4673	2280	292
4674	3456	490
4679	2367	267
4680	2159	333
4682	2442	322
4683	5528	494
4684	3864	314
4685	2604	318
4687	4723	331
4690	2078	318
4692	5025	295
4694	2293	185
4696	3878	292
4697	7154	284
4697	7154	249
4698	5110	321
4701	2649	283
4704	4533	294
4704	4533	215
4716	5129	283
4720	3486	295
4721	3192	383
4728	4468	417
4729	3182	308
4730	3779	429
4730	3779	432
4734	3595	297
4736	2021	303
4740	6089	261
4740	6089	227
4741	6120	312
4744	3777	311
4755	2081	241
4756	3508	412
4761	2484	318
4774	2104	242
4778	2347	237
4779	7329	211
4779	7329	233
4780	2680	238
4780	2680	340
4786	4574	455
4788	2256	185
4791	4883	222
4796	1363	200
4797	5247	233
4806	2992	445
4807	2327	298
4808	2645	274
4816	3346	523
4817	1287	346
4818	8442	446
4819	6831	277
4819	6831	227
4826	1734	262
4828	2666	301
4829	1783	391
4831	3377	299
4834	5369	238
4834	5369	312
4839	2061	294
4848	2274	476
4855	2412	200
4863	6144	232
4863	6144	284
4864	5988	255
4865	2720	442
4866	4706	372
4866	4706	438
4870	2234	234
4871	3158	293
4878	4579	387
4882	2748	268
4883	3316	351
4887	4114	389
4891	2909	423
4892	5068	222
4895	3156	299
4897	1711	453
4903	3804	297
4905	3353	285
4907	1258	273
4912	2791	478
4917	2621	263
4918	3433	391
4921	2984	185
4922	4268	417
4923	4252	380
4931	7556	319
4931	7556	318
4934	5333	437
4935	2417	227
4936	6044	550
4942	2239	211
4954	2982	289
4957	2239	262
4959	4894	503
4960	3442	268
4961	2969	445
4964	3017	509
4965	2073	206
4966	3778	211
4966	3778	232
4967	7841	465
4967	7841	485
4967	7841	259
4970	2437	185
4978	3871	479
4980	3912	333
4981	4200	498
4982	3366	226
4982	3366	316
4983	3879	321
4986	2531	336
4990	4690	443
4995	2447	333
5004	7465	473
5004	7465	449
5006	2597	470
5007	2507	417
5011	1920	458
5012	3622	435
5018	5929	545
5023	5330	298
5023	5330	200
5024	4795	434
5029	2158	323
5035	2732	254
5039	2563	250
5052	2910	441
5054	3143	331
5055	1839	244
5057	2609	294
5061	3540	185
5062	3847	275
5064	8568	215
5072	4167	329
5072	4167	407
5073	3805	460
5082	3241	287
5090	7168	262
5099	2906	318
5100	7775	249
5101	2741	365
5115	2176	185
5116	3447	469
5118	4450	433
5121	5818	402
5121	5818	287
5123	2526	464
5128	3809	445
5129	2234	233
5133	4440	321
5137	3259	515
5142	1831	266
5143	3222	455
5157	3096	459
5158	2561	249
5164	3019	185
5164	3019	185
5171	2506	424
5174	2721	293
5179	5076	513
5183	2531	423
5187	4784	242
5187	4784	491
5190	2205	283
5192	5609	263
5198	5379	296
5198	5379	200
5203	2206	238
5205	4640	316
5208	5146	426
5208	5146	261
5212	4848	331
5215	1864	280
5217	4401	288
5217	4401	247
5218	3600	375
5225	2500	280
5230	4573	185
5235	7315	479
5241	1846	337
5247	4839	177
5247	4839	201
5247	4839	333
5255	3068	253
5257	4148	185
5257	4148	427
5263	2698	336
5266	3814	255
5271	6046	463
5273	4443	215
5273	4443	383
5276	2187	211
5278	3725	185
5279	3463	487
5282	6074	335
5282	6074	273
5282	6074	252
5286	2650	226
5289	1777	297
5291	1822	299
5292	3015	271
5293	1642	208
5293	1642	176
5296	5413	368
5296	5413	305
5302	4297	563
5305	3797	185
5307	5928	410
5309	5049	261
5309	5049	185
5311	2608	290
5313	4268	374
5314	2806	451
5315	2647	280
5317	3004	273
5321	3014	266
5321	3014	185
5323	1408	243
5336	4706	200
5336	4706	275
5337	2289	285
5340	3706	317
5353	2826	185
5355	2531	314
5359	2797	257
5360	1927	442
5361	2641	439
5365	2664	534
5368	4966	257
5368	4966	247
5369	8606	289
5369	8606	450
5371	3065	278
5373	4558	378
5379	3909	261
5383	2715	250
5392	3042	185
5397	2645	305
5398	2661	487
5401	3177	287
5402	3228	433
5403	3829	326
5404	1937	200
5406	6946	222
5407	7783	431
5407	7783	237
5409	3966	298
5410	2059	453
5412	3428	185
5413	1946	255
5417	4637	334
5418	2454	200
5424	3624	202
5430	2403	299
5438	2861	301
5441	5401	339
5447	2605	396
5450	2962	490
5451	1222	244
5454	3576	502
5457	4572	454
5459	1934	230
5468	5335	273
5468	5335	294
5477	4569	356
5484	3558	470
5488	1239	266
5489	2532	315
5490	3439	276
5493	5480	238
5493	5480	545
5498	3433	434
5499	4344	407
5500	3414	262
5501	4780	442
5501	4780	389
5502	1421	315
5507	2390	286
5515	4787	504
5518	4844	238
5520	6571	373
5527	6301	275
5527	6301	482
5528	2411	525
5529	3663	452
5532	5028	272
5533	4459	282
5535	2445	372
5539	5133	206
5540	2536	263
5541	1039	295
5543	6967	423
5543	6967	395
5545	4909	244
5549	1535	279
5551	2829	278
5555	2519	511
5559	2809	264
5560	2638	200
5568	6092	400
5569	2506	379
5572	2164	356
5577	2230	266
5578	3096	472
5579	2682	489
5580	3031	292
5581	1628	267
5583	2522	371
5584	4835	255
5584	4835	255
5585	2063	185
5586	4635	468
5587	2482	303
5588	4983	405
5591	7308	369
5591	7308	167
5601	3148	501
5608	2284	310
5610	2658	301
5612	2356	298
5636	2686	317
5639	8143	434
5639	8143	291
5639	8143	267
5640	4147	424
5640	4147	402
5642	5710	343
5643	2454	293
5644	2711	477
5645	4998	309
5657	3529	285
5665	5665	185
5665	5665	304
5666	6537	372
5667	4730	485
5668	2081	302
5673	4845	271
5674	3899	509
5675	3083	402
5679	2538	260
5681	3781	227
5683	3767	461
5691	3689	352
5695	2581	297
5700	5119	453
5703	7492	465
5703	7492	491
5713	7165	252
5716	4893	330
5717	2964	333
5720	2757	536
5723	5288	474
5732	2195	318
5736	2785	381
5737	3782	238
5739	7354	397
5741	3682	498
5747	2829	395
5748	2771	244
5755	2463	441
5757	3513	538
5761	3760	419
5764	2745	550
5775	3993	459
5780	5775	456
5782	4137	306
5782	4137	185
5789	3419	327
5800	3141	293
5801	2151	276
5806	2221	476
5808	2768	354
5809	3086	478
5810	3441	392
5814	2794	222
5816	2689	383
5820	2987	431
5821	5008	481
5826	2140	273
5831	4894	470
5831	4894	458
5842	602	441
5844	1933	339
5851	1216	463
5854	3026	348
5858	3316	365
5860	1779	306
5861	6208	257
5864	4223	308
5864	4223	289
5866	1903	206
5868	3975	461
5875	2128	378
5880	3138	386
5888	2682	200
5893	2710	200
5895	3573	502
5896	2378	273
5897	3719	247
5900	5125	245
5907	2772	292
5909	2361	470
5910	3212	275
5916	4469	291
5917	4181	439
5919	2252	232
5922	1522	243
5924	2557	348
5925	2047	389
5926	3386	243
5927	2252	310
5936	2524	308
5938	2533	267
5940	2478	269
5944	3022	385
5946	2213	300
5956	3560	185
5956	3560	277
5958	2158	273
5967	2477	254
5972	4796	245
5973	2858	423
5976	3056	260
5977	2431	302
5985	4059	388
5985	4059	446
5986	4092	494
5986	4092	483
5987	2560	462
5990	2760	319
5993	1835	254
5997	2442	185
5998	2316	398
6001	2173	305
6007	1842	253
6009	2790	339
6011	2273	237
6012	4624	216
6014	2194	447
6017	3839	514
6022	3284	487
6027	1476	441
6029	4267	268
6033	4762	268
6036	2333	227
6037	3877	288
6038	2339	308
6048	1643	305
6050	3536	422
6053	3907	498
6055	3368	221
6055	3368	249
6056	2606	227
6059	2412	216
6061	2431	330
6068	1550	270
6070	5589	267
6071	1324	274
6074	3668	449
6077	5007	436
6078	5030	216
6078	5030	328
6080	2195	328
6081	5152	425
6082	1153	370
6083	2899	206
6084	5103	294
6085	2557	460
6090	2255	316
6091	2959	316
6099	1822	255
6104	1871	200
6110	3702	329
6113	3440	262
6120	3594	319
6121	4814	409
6124	2956	265
6126	4231	222
6126	4231	463
6127	2143	293
6129	2669	463
6130	2592	316
6131	1938	282
6135	1821	403
6136	3673	297
6138	2732	443
6139	1838	311
6146	2900	353
6150	2148	417
6153	2944	510
6156	2008	369
6160	1450	349
6167	3246	513
6172	2023	322
6175	4198	298
6176	3740	441
6187	2904	428
6190	2109	297
6192	4777	294
6193	5623	273
6193	5623	305
6196	4110	478
6197	3530	185
6201	2411	478
6202	2452	364
6206	4966	411
6213	2368	222
6216	3410	475
6217	3705	418
6218	6091	211
6218	6091	472
6219	2724	527
6231	1586	389
6232	3507	423
6236	6076	291
6236	6076	530
6237	1876	220
6240	2452	286
6242	1736	477
6244	2468	409
6245	2118	243
6246	2576	233
6247	1963	215
6250	2961	475
6251	2967	396
6251	2967	308
6256	4731	452
6260	3824	455
6262	2147	487
6264	1792	324
6266	2433	259
6267	2429	426
6270	3556	179
6270	3556	263
6272	3686	180
6272	3686	168
6274	2520	206
6277	4492	185
6279	4717	385
6286	2610	234
6291	4304	530
6300	2946	268
6303	2115	278
6306	4959	269
6311	5256	288
6311	5256	251
6312	3055	293
6313	4952	470
6314	2800	362
6318	4574	490
6321	3889	306
6326	2372	462
6328	1503	200
6329	2787	518
6334	2810	237
6336	2358	267
6337	3354	200
6338	3634	260
6342	2474	474
6343	5359	448
6344	3062	284
6344	3062	200
6348	4431	335
6353	2807	333
6353	2807	295
6355	5448	385
6356	2641	485
6361	2778	332
6365	4618	408
6368	2418	211
6370	2898	253
6373	2026	238
6376	2555	226
6379	2523	363
6388	2768	310
6389	2739	337
6392	3758	276
6395	1649	259
6396	2522	285
6406	2141	370
6408	5307	356
6409	1647	414
6410	1661	322
6416	2644	432
6419	3662	309
6420	3213	206
6423	3161	185
6431	2348	308
6434	2481	375
6438	2424	200
6439	5565	273
6441	2070	322
6442	4922	499
6443	4218	491
6444	2808	211
6445	4366	476
6446	2616	297
6450	2138	490
6451	1989	343
6458	1797	227
6461	2750	284
6463	5983	310
6464	3537	435
6467	3480	257
6468	1301	302
6473	3271	306
6473	3271	300
6475	2647	301
6479	2479	312
6484	2516	244
6488	3497	233
6492	3950	475
6493	1969	300
6502	1737	398
6506	3845	216
6510	1540	278
6511	4798	392
6513	2843	285
6515	2016	260
6526	4186	460
6536	3272	433
6538	4422	211
6544	2606	292
6548	1763	288
6551	2998	206
6555	3780	386
6560	5499	318
6561	3128	417
6565	2885	306
6567	3614	475
6568	5830	420
6568	5830	267
6569	3481	500
6574	2846	332
6578	5145	298
6581	2820	199
6581	2820	198
6591	2414	232
6595	2182	341
6603	4154	468
6604	1592	200
6607	3398	494
6615	4340	298
6615	4340	185
6617	2651	343
6619	3225	509
6621	2416	300
6632	2807	483
6633	4479	475
6635	2187	351
6641	4827	480
6642	2258	456
6643	5983	452
6644	3251	245
6649	2910	401
6651	2866	250
6653	1592	436
6654	3115	340
6656	5971	286
6656	5971	271
6659	3009	347
6663	2947	476
6667	3347	359
6668	4355	462
6670	2552	185
6674	2961	278
6675	2903	267
6677	2347	265
6681	2535	286
6683	3190	185
6687	2832	399
6690	5575	255
6690	5575	504
6691	2288	222
6696	3539	489
6699	3138	318
6701	1457	310
6712	2272	314
6715	2602	308
6723	2744	239
6724	3781	245
6725	5709	498
6725	5709	444
6727	2114	438
6728	4982	458
6729	1869	325
6736	2771	437
6743	3181	457
6748	4822	284
6750	2466	479
6751	2182	358
6753	3446	176
6753	3446	197
6754	2262	200
6757	5051	266
6758	2297	309
6765	3005	227
6772	2577	233
6779	3656	241
6779	3656	295
6782	1800	248
6786	3881	495
6789	1688	242
6791	2108	300
6793	3740	487
6798	2280	298
6799	2284	303
6800	1976	363
6802	2192	332
6808	2536	267
6811	3105	483
6814	2734	298
6814	2734	249
6816	4723	309
6818	2365	254
6819	4418	531
6833	2249	236
6839	1931	261
6840	4161	345
6840	4161	205
6842	2396	333
6844	2648	185
6846	2857	267
6850	4910	444
6855	2017	486
6856	2565	472
6865	2423	385
6869	2825	323
6890	1156	296
6891	4169	450
6896	2715	295
6898	1851	255
6902	1767	185
6904	3103	327
6908	2564	449
6911	5196	227
6913	3527	200
6918	2607	305
6921	1749	328
6924	2518	259
6926	2925	498
6928	3454	299
6932	2936	227
6933	1851	283
6935	1696	250
6936	1872	357
6937	1793	152
6940	2288	244
6941	2629	335
6942	3363	484
6944	2418	271
6945	2457	216
6953	1384	303
6955	1729	337
6965	2134	293
6966	5549	264
6971	5287	337
6972	3703	467
6973	2636	330
6977	2072	310
6980	4848	482
6984	1500	319
6992	3587	521
6994	2704	419
6997	3468	484
7012	2359	200
7013	2489	232
7022	4607	376
7022	4607	354
7023	2609	448
7029	3119	264
7040	2769	306
7044	2953	331
7044	2953	247
7050	3559	333
7055	2814	279
7056	4232	513
7058	2731	447
7060	2622	323
7063	2191	230
7085	2736	290
7089	2724	232
7092	3312	325
7095	3967	320
7096	3807	211
7099	2332	254
7102	2337	308
7105	1280	319
7117	2835	285
7119	2028	262
7120	2173	339
7124	2538	254
7124	2538	230
7127	4735	293
7128	2667	523
7130	2317	428
7134	1179	463
7136	4456	453
7136	4456	260
7138	2067	215
7142	6105	454
7144	4143	421
7151	2458	323
7152	3119	293
7154	3213	426
7156	2873	275
7157	2821	320
7162	2566	227
7165	1829	185
7166	4026	473
7168	3372	350
7169	3667	227
7171	2847	451
7172	1123	275
7173	3332	277
7174	2445	267
7177	1264	283
7178	2281	329
7192	2638	433
7194	2500	274
7197	1602	496
7199	4570	238
7202	3962	379
7203	2059	185
7204	3464	341
7205	3758	253
7214	5006	233
7214	5006	334
7224	5301	298
7225	1784	248
7231	1919	319
7232	2122	484
7233	2183	289
7234	2224	502
7235	2627	276
7237	2276	200
7242	2912	263
7243	3236	211
7243	3236	297
7246	2417	326
7247	5823	291
7248	4359	279
7250	2891	312
7251	3569	283
7259	2459	341
7260	2536	299
7262	2166	294
7265	2853	509
7268	3762	248
7273	2499	206
7274	3217	300
7275	2169	319
7276	5264	301
7277	3683	472
7277	3683	290
7279	3300	513
7280	2037	447
7281	2440	414
7282	2489	533
7287	3840	336
7291	2248	256
7296	3228	313
7297	3301	185
7301	2887	211
7302	2364	400
7306	2372	227
7310	1536	185
7311	3421	291
7313	3238	326
7316	3543	372
7317	5444	273
7318	4045	185
7319	2237	400
7320	3801	349
7320	3801	248
7326	2960	270
7327	1892	264
7331	3673	211
7333	2278	206
7334	2890	185
7335	2806	285
7337	2773	386
7338	2097	249
7340	3598	290
7343	2131	256
7348	3819	228
7348	3819	374
7352	1758	241
7353	3175	249
7353	3175	274
7355	2874	398
7361	3142	532
7371	3692	279
7374	2742	424
7383	1984	463
7385	2542	318
7386	2094	255
7387	2972	489
7395	4059	288
7397	2163	236
7398	2719	203
7401	1853	200
7403	1906	185
7410	3232	285
7410	3232	293
7417	4206	283
7419	1988	255
7422	2843	328
7424	2423	268
7431	2791	483
7432	3945	227
7438	4197	508
7441	1853	414
7442	2599	316
7445	2377	418
7447	3761	316
7447	3761	232
7449	4672	256
7454	2442	303
7456	1987	206
7458	3986	467
7461	3480	249
7476	3713	313
7478	3375	397
7483	4167	442
7484	2438	323
7488	4351	451
7488	4351	465
7490	1901	239
7494	2006	419
7495	2597	397
7499	2902	396
7502	2430	323
7503	1708	200
7503	1708	158
7509	2917	222
7510	1682	216
7514	3858	455
7515	2992	490
7521	3600	463
7522	2426	376
7527	6389	239
7527	6389	288
7528	2393	478
7529	5258	547
7530	3734	365
7531	5476	360
7533	2156	364
7538	2844	328
7542	1681	200
7547	6796	216
7547	6796	227
7553	3444	206
7554	2365	369
7560	5047	435
7561	3863	494
7562	6244	267
7564	4551	320
7569	2660	238
7573	4942	298
7582	5950	486
7588	3038	216
7591	2473	226
7593	5674	320
7603	2967	255
7607	4833	394
7609	2186	380
7611	6810	545
7616	7654	243
7616	7654	243
7621	1989	685
7625	6890	331
7625	6890	227
7627	3000	458
7629	2095	292
7630	4587	476
7633	2580	337
7634	5612	272
7641	4987	351
7643	7758	515
7647	3597	519
7649	6743	363
7650	3240	233
7651	6776	357
7659	3190	291
7662	3752	401
7665	5744	333
7667	2255	467
7669	4534	485
7678	2548	239
7680	1996	234
7682	2502	388
7702	7159	411
7702	7159	185
7710	9015	476
7720	8343	303
7720	8343	327
7735	3246	278
7736	2823	432
7737	2680	344
7737	2680	299
7738	1466	319
7742	3843	338
7744	3011	517
7752	4562	373
7754	3252	491
7756	1617	289
7760	2553	185
7762	2576	390
7764	4600	152
7782	6503	261
7782	6503	269
7791	8965	490
7792	2653	200
7793	2693	206
7793	2693	280
7806	2727	227
7808	2691	347
7818	8972	222
7819	3071	233
7824	3290	284
7825	5829	648
7837	2694	233
7840	2549	368
7845	2295	268
7846	5019	528
7847	2366	304
7849	2565	358
7855	3083	315
7858	3071	516
7863	2077	305
7864	1877	238
7866	1749	316
7870	2586	387
7873	5287	325
7875	5200	317
7878	1092	311
7881	3374	453
7881	3374	509
7895	2294	268
7897	3544	316
7902	2915	522
7906	2876	221
7906	2876	315
7913	2612	308
7913	2612	239
7914	2484	290
7916	2447	185
7918	2691	378
7920	2104	312
7922	2506	215
7923	5238	498
7924	4552	305
7925	3046	382
7930	2984	299
7936	2265	227
7941	2968	443
7942	3279	185
7945	3618	347
7947	2508	316
7950	3979	253
7950	3979	346
7952	2198	317
7963	2051	300
7965	4235	481
7966	2711	389
7968	2154	306
7969	2365	306
7972	3067	230
7973	2777	226
7983	3240	239
7984	4822	215
7985	2437	462
7987	2898	329
7998	3207	285
7998	3207	342
8006	1284	485
8007	2589	260
8007	2589	197
8019	2198	273
8020	3382	501
8021	3715	347
8025	3564	266
8034	2977	536
8054	3398	267
8062	2899	296
8067	2913	419
8072	4102	287
8075	2379	514
8080	2396	338
8086	2688	185
8092	1345	233
8094	2836	472
8097	2332	317
8108	2172	233
8112	2322	226
8114	5003	523
8119	4199	364
8126	4114	411
8131	4433	316
8131	4433	338
8132	1970	266
8133	2826	282
8134	3239	211
8141	3237	339
8149	1290	222
8155	1391	215
8165	2595	298
8165	2595	242
8167	2612	279
8168	3377	414
8171	2932	440
8172	1934	352
8173	2732	347
8175	2366	356
8175	2366	305
8184	3234	360
8185	2481	420
8189	2371	344
8190	3583	254
8191	2537	275
8192	2836	255
8197	1490	271
8199	2868	154
8199	2868	179
8200	2869	280
8201	2368	334
8204	5004	487
8210	3052	216
8211	1983	206
8213	3169	345
8216	2919	279
8219	4997	318
8225	2181	275
8226	2996	443
8228	3495	339
8231	4344	360
8233	2187	315
8234	1558	254
8235	2677	344
8236	2792	238
8244	4105	317
8244	4105	261
8245	3334	319
8248	4418	540
8249	2898	488
8257	4039	409
8258	2243	491
8263	4443	275
8265	3145	311
8266	2273	454
8270	2868	509
8278	3292	348
8280	4173	374
8281	3695	307
8281	3695	206
8289	4389	206
8289	4389	337
8290	2911	289
8290	2911	335
8291	2377	305
8291	2377	301
8292	3661	367
8295	5294	461
8298	3076	390
8305	2032	272
8308	3647	303
8310	3345	273
8316	3941	330
8318	1793	200
8319	2431	362
8323	2165	387
8325	4239	476
8326	2055	296
8327	5930	477
8333	2258	311
8335	2690	402
8337	3529	473
8339	2590	268
8339	2590	255
8341	3171	253
8343	3181	445
8344	2694	284
8346	3092	185
8346	3092	261
8350	2717	308
8357	2816	215
8360	1658	200
8362	2827	570
8363	2302	313
8367	1880	325
8370	1344	227
8371	2406	349
8378	3547	250
8381	3259	485
8383	4277	254
8387	4255	200
8393	4241	296
8394	1911	236
8400	5820	286
8404	2288	279
8405	3766	314
8405	3766	233
8408	3592	291
8408	3592	242
8411	3259	261
8412	3658	260
8414	2668	215
8416	3863	549
8418	3938	311
8423	1650	227
8430	3167	328
8434	3198	521
8436	1756	532
8439	1822	206
8440	2828	323
8441	5527	478
8442	3505	463
8443	3069	320
8443	3069	185
8444	1906	334
8452	4577	586
8454	3390	284
8457	2295	451
8458	4104	521
8458	4104	487
8461	2883	359
8467	2970	185
8469	1591	327
8471	2653	335
8476	3784	339
8478	4342	525
8487	5128	414
8487	5128	356
8489	2083	185
8491	4194	314
8492	2824	220
8492	2824	342
8495	3456	328
8495	3456	300
8496	2788	326
8500	2234	275
8503	2673	555
8505	2561	427
8508	3297	200
8509	4260	545
8510	5126	200
8513	2418	293
8515	4467	556
8518	2782	379
8523	2346	200
8525	2306	328
8526	2562	454
8529	2913	347
8535	1942	283
8538	4349	238
8543	2804	339
8550	2468	358
8556	3841	336
8556	3841	328
8559	1633	324
8563	5339	222
8569	4680	328
8569	4680	242
8569	4680	309
8570	4218	311
8571	4754	484
8575	3615	307
8576	2056	185
8581	3139	325
8584	1952	487
8585	2714	339
8588	2515	434
8590	2463	320
8592	3629	499
8597	2989	185
8602	2233	325
8603	2639	505
8609	2977	185
8610	3052	275
8611	3221	535
8612	2553	451
8616	3772	215
8620	2599	287
8624	4320	505
8630	3741	289
8631	2468	290
8637	2912	452
8640	3552	460
8642	3635	267
8644	3099	202
8644	3099	385
8648	2551	287
8652	4364	294
8656	4793	487
8658	2294	290
8665	2805	310
8666	3715	544
8668	1776	488
8671	1400	185
8674	1504	307
8679	3074	381
8680	4744	534
8682	3178	280
8683	2768	324
8687	2692	185
8694	2614	245
8700	3192	341
8702	3046	341
8703	3095	301
8704	2928	288
8707	3028	426
8711	2944	341
8711	2944	302
8713	3415	531
8717	2168	237
8717	2168	175
8719	4190	495
8719	4190	234
8733	3399	396
8736	2418	244
8741	2614	237
8741	2614	271
8742	1750	330
8744	2696	405
8752	4843	227
8753	5041	245
8755	3424	343
8757	3427	185
8759	2412	206
8763	3564	272
8765	1551	255
8768	2541	319
8768	2541	330
8771	3377	303
8773	2917	339
8776	1588	304
8781	2347	304
8782	3296	361
8791	2810	418
8792	3386	185
8796	4976	324
8796	4976	279
8799	3430	475
8803	2272	211
8807	5240	338
8816	5697	404
8818	3589	417
8818	3589	360
8825	2917	297
8825	2917	313
8826	3285	486
8830	3843	270
8830	3843	193
8835	4577	311
8837	4323	370
8838	1903	290
8851	4365	316
8853	4368	286
8855	2792	301
8855	2792	298
8857	3136	255
8859	2409	317
8860	2702	266
8863	1681	221
8865	5120	450
8866	1822	264
8868	1631	222
8869	5095	316
8872	3188	303
8873	2396	261
8874	2465	257
8874	2465	261
8878	2028	330
8881	2784	308
8882	4609	284
8883	2375	294
8890	3256	442
8895	1578	297
8896	2760	411
8897	1824	211
8898	1841	278
8899	2341	301
8901	2528	250
8902	4030	392
8903	4020	460
8907	2899	185
8909	2404	348
8913	2900	379
8914	2365	315
8915	4117	327
8915	4117	313
8916	3465	314
8917	2087	320
8919	2466	256
8928	1956	481
8930	2619	295
8931	1732	254
8943	3306	337
8944	1785	331
8945	3218	200
8947	3011	321
8953	1776	185
8955	2797	336
8958	2691	411
8961	3010	325
8964	3350	330
8970	5116	248
8970	5116	185
8980	1915	302
8982	4690	429
8989	2895	339
9001	3071	383
9005	2144	185
9006	2943	340
9007	4953	238
9012	2924	306
9021	1941	314
9022	3169	285
9023	5492	280
9026	2129	234
9027	1573	319
9028	2638	200
9036	1909	266
9037	2008	254
9039	2605	530
9042	2284	352
9043	4959	418
9043	4959	459
9044	3683	315
9044	3683	313
9056	3256	331
9057	3128	298
9060	2959	255
9062	3746	458
9065	2136	200
9066	2153	255
9071	2515	517
9075	2161	292
9078	2806	297
9079	1735	261
9083	3814	325
9088	1224	227
9092	1698	318
9093	3077	437
9095	2351	284
9098	2350	454
9099	2272	238
9100	1715	317
9101	2364	233
9110	3439	266
9110	3439	264
9121	2919	267
9122	4120	290
9124	2582	255
9127	2926	342
9130	2931	486
9131	3263	206
9133	1627	254
9136	2377	505
9138	2090	349
9140	2577	340
9142	2526	304
9146	2381	273
9147	4322	474
9148	2167	303
9151	3419	356
9151	3419	412
9156	3347	179
9156	3347	420
9163	1995	281
9164	2784	261
9168	3398	288
9173	3610	677
9175	2098	324
9176	4970	266
9178	2647	286
9179	2461	311
9180	3890	260
9188	2851	283
9189	2894	292
9193	4923	304
9197	2231	200
9199	2450	301
9202	2884	230
9203	3671	368
9205	1697	267
9207	2020	185
9212	2874	482
9217	3112	325
9218	5163	216
9220	3157	445
9227	3185	321
9227	3185	342
9233	3727	226
9235	1920	242
9238	2751	373
9249	1873	324
9252	2128	268
9254	2480	288
9255	3591	297
9257	3568	330
9257	3568	374
9258	3140	242
9258	3140	338
9259	5373	383
9260	1374	285
9264	1657	305
9275	2135	279
9276	2296	304
9276	2296	288
9280	3862	248
9280	3862	279
9283	3534	302
9286	1784	206
9288	2601	504
9289	4015	335
9290	4013	313
9293	4232	392
9293	4232	493
9296	2702	260
9302	1883	312
9306	2899	534
9310	2087	333
9313	1761	251
9317	3092	327
9317	3092	328
9323	3187	480
9328	3570	561
9330	3423	320
9331	2213	354
9332	2557	338
9333	4613	399
9335	3199	279
9337	1380	299
9340	2051	257
9341	2444	234
9348	3637	258
9348	3637	304
9355	4941	401
9356	2203	206
9357	2497	339
9360	1950	494
9364	3910	366
9365	2924	290
9371	2441	362
9374	5725	353
9376	2928	425
9378	2312	216
9382	1867	254
9388	3200	300
9390	3303	513
9393	3312	312
9396	1152	289
9399	3897	492
9402	3331	450
9406	3805	330
9408	2188	285
9414	2545	304
9418	2390	298
9421	2826	230
9425	2071	268
9426	4346	388
9426	4346	357
9431	2162	306
9431	2162	160
9433	4112	377
9438	2538	313
9458	4638	255
9458	4638	185
9459	4206	368
9463	2270	319
9465	5188	238
9466	2187	294
9468	3974	465
9469	4230	266
9470	2235	304
9474	1690	408
9477	2120	321
9482	3742	200
9482	3742	376
9485	2772	303
9487	2378	482
9493	3130	501
9495	2298	301
9497	4549	489
9498	2283	185
9500	2467	332
9501	2096	249
9503	2168	494
9507	1985	286
9511	2654	294
9512	2426	256
9519	3686	185
9528	1414	251
9530	2453	441
9538	3182	464
9541	4235	540
9542	3854	283
9545	2338	167
9548	3672	283
9549	3299	343
9551	2880	321
9551	2880	269
9557	3587	211
9567	3073	223
9567	3073	203
9568	2755	269
9569	1402	303
9572	1828	200
9574	3338	328
9580	2119	314
9581	3070	519
9582	4361	436
9593	2881	261
9594	2309	387
9596	2067	369
9597	2617	222
9599	2719	248
9602	1603	253
9604	3936	453
9604	3936	349
9606	4693	502
9606	4693	189
9611	2894	255
9613	3889	377
9616	3911	230
9618	3184	400
9620	2783	313
9626	2033	227
9628	3768	312
9629	2711	211
9631	2896	414
9634	4862	255
9638	3897	370
9638	3897	241
9642	1435	258
9643	4037	391
9647	3102	334
9653	1725	256
9661	3077	295
9661	3077	200
9663	3288	517
9665	3488	301
9665	3488	300
9666	1763	320
9667	2456	221
9669	2517	274
9675	3295	271
9677	2678	381
9678	2090	297
9679	2862	317
9690	3666	238
9694	2213	342
9696	2019	299
9697	2171	227
9698	2149	251
9698	2149	237
9708	4261	301
9709	4302	325
9711	2807	271
9716	2994	200
9728	2231	279
9732	2750	305
9733	1714	222
9743	3913	282
9743	3913	281
9749	2462	422
9753	2772	448
9759	1822	226
9765	3309	226
9766	3493	274
9774	4640	370
9776	3592	333
9781	3942	441
9783	4501	267
9791	2364	306
9792	2935	227
9793	2828	439
9794	3195	238
9796	2548	215
9802	4770	167
9802	4770	445
9803	2276	298
9806	1752	272
9812	2178	329
9816	3358	360
9817	2303	328
9820	4502	465
9824	2773	425
9826	2930	368
9828	3508	279
9829	2353	263
9833	2618	294
9836	3708	486
9836	3708	238
9847	3436	215
9848	1898	303
9850	1937	311
9851	3504	206
9851	3504	283
9853	1849	185
9856	3010	243
9857	2128	338
9859	3352	453
9861	3376	403
9863	5121	358
9863	5121	495
9864	3923	471
9869	2615	403
9870	1550	412
9874	2327	470
9875	3005	482
9878	2398	250
9890	3089	391
9893	2437	444
9896	2096	300
9901	3996	355
9904	1707	272
9912	2276	248
9914	2094	227
9918	1757	458
9920	2051	227
9923	1745	211
9929	2135	342
9935	3388	282
9939	2898	423
9940	2597	348
9941	1272	292
9942	1614	276
9945	3118	270
9946	1699	206
9947	3291	488
9951	3359	228
9951	3359	303
9958	2534	305
9959	3456	280
9965	1721	293
9966	3874	312
9966	3874	472
9967	3635	349
9969	1702	448
9971	3295	253
9978	2838	340
9990	3709	276
9990	3709	351
9992	3275	445
9996	2690	454
9997	2936	283
9997	2936	476
10003	3092	335
10006	3662	280
10006	3662	422
10010	3394	435
10013	3157	356
10015	2633	237
10020	2521	487
10021	4487	382
10021	4487	447
10024	2878	443
10031	2319	200
10032	2614	216
10034	2643	279
10034	2643	286
10035	2857	414
10037	1619	215
10040	2329	307
10045	2470	297
10050	2160	250
10051	2452	435
10052	4341	185
10053	2931	294
10058	3194	434
10060	5003	474
10060	5003	317
10063	2220	278
10067	4761	496
10068	3228	285
10074	3187	437
10075	3262	227
10077	2336	327
10080	2168	250
10081	3222	470
10087	2708	331
10092	2038	337
10094	2373	433
10096	4254	280
10101	1982	282
10104	1956	261
10106	4207	483
10107	1797	300
10114	2235	266
10115	3528	277
10118	1818	444
10122	1901	245
10125	2486	222
10126	2364	329
10127	2462	227
10128	1499	301
10129	2032	270
10132	4310	283
10132	4310	397
10140	2484	239
10144	5162	243
10144	5162	268
10146	4501	412
10152	2689	252
10155	3018	386
10156	2494	280
10159	3115	262
10161	2913	466
10162	2543	262
10167	1978	185
10170	2720	200
10172	3794	266
10174	2037	312
10178	3844	206
10180	3690	200
10180	3690	339
10182	3236	471
10186	2615	444
10188	1599	200
10189	2877	367
10191	2651	417
10192	4442	394
10197	2777	260
10200	2186	200
10202	2594	365
10203	1740	455
10205	2975	391
10205	2975	376
10206	2624	290
10208	2276	185
10212	1562	222
10214	3723	426
10218	2494	243
10219	2538	274
10226	3732	468
10226	3732	335
10227	2850	297
10229	1652	253
10233	2351	252
10240	2733	450
10241	3208	324
10243	2110	325
10246	3267	456
10255	3751	352
10259	2482	416
10268	2837	489
10270	2217	230
10273	4026	394
10273	4026	481
10274	2369	272
10276	2130	267
10278	1856	419
10284	2119	185
10288	3327	397
10292	3381	222
10292	3381	243
10293	3658	375
10293	3658	295
10297	2419	295
10302	3070	424
10305	1917	248
10309	3734	437
10313	2992	421
10314	3394	406
10315	4314	460
10316	2148	200
10317	3770	383
10318	2938	428
10320	1910	435
10321	3412	507
10325	2863	377
10327	2177	285
10331	1396	243
10334	2694	436
10337	2086	301
10339	2402	226
10347	2042	298
10350	2740	314
10358	1345	272
10362	2629	412
10366	2702	423
10368	4569	417
10368	4569	396
10371	2191	232
10374	2269	304
10376	4873	425
10376	4873	310
10380	3827	185
10381	2591	371
10382	2643	379
10384	1952	305
10385	3142	200
10386	2231	315
10401	2539	261
10403	4292	401
10403	4292	386
10405	1977	303
10407	3120	213
10407	3120	270
10408	2688	215
10418	2654	257
10421	2185	291
10422	3043	274
10424	1590	248
10427	4041	268
10432	3338	248
10433	2247	472
10435	1874	317
10439	2514	287
10440	1620	299
10443	2602	254
10444	2677	477
10449	3910	409
10454	1837	262
10457	1741	185
10461	3319	439
10466	2851	307
10472	2862	420
10474	2012	206
10476	2435	244
10479	4184	162
10479	4184	238
10481	2154	293
10482	2281	215
10483	2441	227
10487	2936	302
10489	2545	410
10490	2759	262
10491	2326	249
10492	1744	311
10497	3400	310
10514	2443	185
10517	1496	185
10524	1752	227
10528	2990	185
10534	3184	431
10540	2420	308
10541	2518	443
10544	2559	284
10545	2796	273
10550	3526	447
10551	3262	295
10553	4953	412
10556	3312	242
10562	3052	361
10566	1708	261
10568	2241	238
10569	2861	314
10576	3590	273
10577	2768	298
10578	4061	256
10580	4544	196
10580	4544	181
10582	2674	278
10584	3696	245
10584	3696	489
10590	2121	200
10596	3809	337
10602	2434	238
10603	1820	238
10604	1807	206
10610	4431	242
10616	2466	185
10618	3512	419
10621	2481	342
10624	2180	211
10629	1267	237
10633	2267	238
10635	1715	244
10637	3100	267
10640	2638	259
10652	2173	292
10653	2704	295
10661	2203	312
10665	4393	306
10672	1436	233
10676	2875	229
10676	2875	303
10677	4015	368
10678	2752	237
10694	1532	355
10695	2354	441
10696	1639	263
10697	3930	380
10697	3930	404
10700	3029	414
10700	3029	415
10704	3751	472
10705	3536	409
10708	2605	232
10712	3638	403
10713	3281	346
10717	4122	307
10722	2616	268
10724	2611	299
10726	1992	280
10727	3243	412
10729	2862	487
10734	1854	185
10735	3375	380
10735	3375	222
10738	3917	477
10739	3252	415
10746	2216	440
10752	2468	262
10759	1688	473
10761	1699	211
10762	4002	282
10772	3650	316
10773	4447	455
10773	4447	200
10783	3486	453
10789	2082	289
10789	2082	162
10790	2060	295
10793	3103	300
10796	2746	344
10801	1736	335
10802	2031	309
10803	2893	407
10808	4122	256
10811	2730	486
10812	1935	345
10813	2034	421
10815	1289	185
10822	2338	286
10824	1371	266
10833	3823	348
10834	3868	396
10838	3983	500
10840	4965	298
10843	2340	216
10850	3235	322
10851	1712	437
10854	2826	479
10855	2460	354
10856	2191	273
10861	3603	185
10861	3603	277
10862	3389	464
10873	4051	447
10874	2719	478
10878	4466	427
10882	3599	453
10883	1994	298
10884	2581	215
10886	1780	245
10888	1276	185
10889	4156	251
10893	3107	171
10893	3107	213
10894	2442	309
10899	1999	216
10902	4061	430
10902	4061	373
10905	1862	287
10906	3369	339
10906	3369	456
10910	4528	477
10919	3640	285
10921	3328	284
10922	2655	293
10924	3791	302
10924	3791	268
10929	2183	238
10931	2143	269
10933	2488	291
10933	2488	216
10934	2300	329
10935	4582	275
10935	4582	283
10937	2008	334
10938	3034	410
10940	2635	244
10942	2907	329
10944	4264	510
10949	2493	280
10950	1477	316
10951	2391	286
10952	4902	440
10956	1970	245
10961	4346	371
10967	1914	425
10968	3869	272
10969	3811	399
10970	1998	200
10981	4603	250
10986	1928	185
10988	2878	461
10991	4191	544
10994	1998	213
10995	4306	222
10996	2101	206
10999	3904	461
11005	1978	322
11008	3372	413
11008	3372	285
11017	1899	355
11021	2272	309
11022	5146	200
11024	1564	215
11027	2520	463
11030	3568	415
11031	3927	355
11033	3537	369
11039	2106	304
11041	3899	429
11043	3603	421
11046	1737	287
11050	4352	362
11053	3219	289
11053	3219	262
11055	2929	261
11057	1110	215
11058	2716	477
11065	3606	409
11067	2077	261
11068	4255	291
11074	2976	390
11075	4374	308
11078	2101	318
11079	2306	284
11082	2774	313
11085	1181	227
11086	2623	315
11089	2380	185
11091	2816	283
11092	3025	448
11094	2416	304
11101	2312	286
11103	1818	254
11104	4448	423
11112	3009	215
11113	3807	314
11113	3807	384
11114	1769	372
11117	2198	185
11118	2122	305
11119	2334	399
11120	2385	275
11121	2287	348
11123	2121	273
11132	1730	292
11135	2725	332
11137	2908	288
11148	2487	216
11157	2629	471
11161	3457	438
11163	3756	537
11166	3823	233
11173	2315	215
11179	1791	261
11185	2220	279
11186	2651	322
11187	2941	426
11188	4483	284
11188	4483	315
11201	3729	451
11201	3729	413
11209	2605	450
11210	2127	321
11211	2680	284
11212	2660	394
11213	3872	389
11214	3522	239
11215	1703	340
11217	4180	473
11219	4690	426
11221	3362	312
11231	2753	488
11241	3637	287
11244	2648	396
11249	2185	267
11258	1875	447
11265	3273	279
11269	2757	268
11271	1803	279
11273	2500	227
11274	4328	222
11278	2393	200
11279	3184	185
11280	2520	185
11284	2714	245
11288	3624	279
11291	2629	185
11296	3246	227
11299	2023	405
11301	3025	478
11302	2547	273
11304	4092	428
11306	2381	200
11307	1605	236
11310	2703	423
11314	2751	285
11317	3383	425
11318	1840	293
11322	1710	200
11325	3996	337
11328	3454	234
11330	3554	319
11336	2058	300
11341	2200	343
11342	2671	513
11344	3868	592
11348	4652	250
11349	1573	291
11350	2100	261
11356	2686	335
11357	2977	349
11361	2179	200
11367	2101	304
11368	3352	432
11369	2035	338
11371	3531	185
11376	2838	215
11378	2221	494
11380	2025	334
11386	5038	567
11386	5038	415
11393	3130	512
11396	2685	423
11398	2232	337
11399	2899	261
11402	5106	484
11402	5106	520
11404	2600	319
11406	2553	242
11422	1575	330
11426	2458	243
11427	2655	339
11440	1902	331
11442	2260	534
11443	3380	279
11445	3297	330
11445	3297	243
11447	2180	204
11447	2180	350
11452	1519	392
11454	2717	236
11454	2717	315
11456	2793	185
11459	1636	296
11461	3029	325
11464	2065	337
11465	3127	335
11474	2064	275
11475	3332	235
11475	3332	348
11479	1987	323
11480	5227	364
11480	5227	303
11481	3650	473
11485	3004	490
11489	3457	564
11490	1425	185
11492	5202	267
11493	2816	335
11494	3168	485
11499	2344	321
11505	5515	465
11508	3830	339
11511	3561	529
11512	4017	496
11516	4773	388
11516	4773	410
11521	4769	614
11524	4212	334
11526	3398	291
11526	3398	353
11532	3980	529
11536	2362	369
11537	4944	542
11541	3568	610
11544	1377	260
11545	2717	312
11554	1814	268
11556	3506	450
11557	2275	524
11559	2764	332
11560	3882	379
11560	3882	311
11561	1977	283
11563	1919	433
11569	4548	351
11570	2584	232
11580	5040	488
11581	2913	351
11584	2112	233
11586	5359	464
11587	2956	332
11588	2802	316
11591	5298	185
11592	2350	501
11595	4284	530
11596	3880	461
11598	4897	489
11600	1540	317
11602	2894	364
11603	2862	390
11607	2268	232
11609	1982	243
11612	2275	268
11613	3571	460
11614	3285	367
11614	3285	328
11615	1578	255
11620	3179	255
11621	2093	248
11622	1851	292
11625	1934	292
11629	1566	331
11633	2463	337
11634	2201	411
11635	2792	311
11636	2560	246
11639	2561	482
11640	2947	511
11641	2541	287
11646	4723	285
11646	4723	317
11647	3159	373
11652	1455	282
11653	1156	227
11656	2535	227
11667	2409	279
11675	1773	446
11678	3312	330
11679	2509	258
11684	2370	313
11685	1847	232
11689	2450	322
11692	2523	332
11695	2719	445
11696	1748	244
11707	2822	307
11714	2718	211
11715	3379	202
11719	2069	211
11722	2002	261
11723	4671	365
11723	4671	216
11735	1920	345
11738	2860	369
11739	2629	317
11743	2590	283
11751	2231	330
11752	2204	321
11757	1158	318
11760	3113	268
11762	2371	336
11763	2337	185
11766	4296	347
11766	4296	266
11768	3463	342
11770	2930	389
11786	2636	336
11788	2307	274
11791	2384	308
11793	1726	278
11794	2197	249
11796	2598	304
11800	3042	329
11801	3083	359
11802	3247	323
11806	3205	353
11807	3109	196
11807	3109	357
11810	2152	344
11822	2705	308
11825	3004	402
11844	2416	334
11848	4266	272
11855	1600	295
11859	2227	292
11862	3069	462
11867	2990	514
11870	5327	321
11870	5327	333
11872	3413	370
11872	3413	232
11874	3119	200
11883	4297	346
11894	3453	451
11895	2091	401
11898	2792	226
11899	2860	342
11902	2377	278
11910	3608	211
11911	2946	261
11912	2447	366
11913	2561	249
11913	2561	323
11914	2060	335
11917	2900	204
11917	2900	204
11919	3306	364
11922	3596	369
11924	1901	292
11926	4736	226
11927	2747	315
11928	2635	342
11930	2895	347
11932	2699	345
11934	2438	324
11935	4651	528
11936	2758	369
11937	2586	319
11944	3163	344
11945	4823	206
11945	4823	211
11945	4823	336
11946	3499	398
11951	1742	304
11955	2147	359
11956	3637	356
11958	3133	337
11960	1962	305
11962	5988	227
11965	2356	323
11969	2660	314
11972	3146	361
11976	2960	552
11979	1956	230
11981	1866	357
11985	2455	215
11988	3731	366
11992	3308	413
11996	2264	439
12000	2681	318
12001	2559	317
12004	3572	222
12006	5127	250
12007	3021	358
12012	2591	316
12015	3917	328
12017	3233	279
12019	3425	316
12023	2494	215
12027	3410	303
12029	2860	390
12039	3069	327
12040	5805	309
12040	5805	306
12043	2599	551
12049	4686	402
12058	3940	342
12062	3164	298
12063	4087	288
12068	1972	221
12079	2804	243
12081	2834	422
12084	2356	367
12085	2337	398
12094	4549	145
12094	4549	140
12095	2519	346
12100	2649	303
12104	2773	326
12104	2773	299
12108	3920	344
12111	3424	345
12111	3424	236
12115	3165	338
12121	1785	215
12123	3090	513
12126	4238	383
12128	4153	487
12130	2535	355
12132	3503	505
12133	2267	267
12134	2675	295
12139	3647	354
12140	2229	255
12144	3540	185
12145	3178	349
12147	2713	367
12148	2951	375
12149	3588	317
12150	3045	414
12153	3519	539
12159	2958	200
12162	2302	496
12170	2557	500
12172	2520	287
12174	2215	284
12178	2371	312
12179	3515	497
12182	2523	361
12183	3650	222
12184	3400	203
12184	3400	323
12187	1370	311
12190	2577	227
12194	3298	305
12194	3298	484
12196	4311	360
12197	2952	314
12200	2631	284
12201	3193	319
12202	5093	470
12202	5093	379
12203	4492	541
12204	3073	265
12207	2421	243
12210	2132	300
12224	2583	255
12225	2130	349
12226	1815	478
12227	2062	518
12231	5516	238
12234	2791	376
12235	3904	305
12236	3114	506
12238	3874	445
12240	4175	193
12240	4175	185
12241	2495	473
12244	2962	502
12245	2282	487
12250	1754	375
12252	2760	504
12259	2808	236
12260	3208	278
12261	2078	337
12263	2921	200
12266	3122	452
12267	5517	345
12267	5517	473
12269	5772	185
12269	5772	460
12276	2097	319
12279	2826	206
12280	2805	486
12285	4640	360
12285	4640	504
12297	2686	512
12300	3140	261
12305	4076	302
12305	4076	364
12307	3093	319
12308	3045	466
12310	3811	368
12313	4506	527
12316	2821	306
12320	4604	496
12322	2604	283
12324	2229	421
12327	2409	350
12337	2011	317
12339	2296	343
12342	2646	375
12346	3107	464
12347	4158	379
12347	4158	392
12355	3699	566
12359	2541	294
12369	2169	200
12384	2429	185
12389	2315	316
12391	3301	446
12396	3934	492
12398	3771	526
12400	4319	185
12400	4319	211
12408	4275	561
12409	4492	299
12411	2206	321
12420	2989	402
12422	2726	211
12423	3440	546
12430	1932	345
12437	2746	215
12438	4854	539
12441	4158	289
12443	2784	267
12447	2466	326
12448	2540	386
12450	4313	390
12455	4239	434
12458	2994	406
12460	2642	386
12463	2314	227
12467	4297	319
12467	4297	290
12472	2932	185
12475	2514	545
12478	3750	331
12482	3436	200
12485	1415	310
12486	1953	280
12493	2848	311
12494	4769	461
12494	4769	230
12498	3215	540
12502	2865	317
12504	2737	269
12505	1881	279
12508	2869	351
12511	4222	365
12522	2654	288
12527	3642	238
12528	2263	283
12539	3164	306
12541	5828	393
12541	5828	222
12544	4125	485
12548	2077	289
12551	4739	265
12559	2440	273
12560	2547	255
12560	2547	266
12565	3782	369
12565	3782	214
12569	3951	332
12569	3951	386
12571	1580	276
12572	1905	261
12579	4441	233
12583	2193	286
12584	1800	284
12587	3197	334
12589	3984	200
12591	3092	473
12595	2215	319
12598	4097	289
12599	3911	226
12599	3911	483
12600	3216	244
12600	3216	251
12605	2690	249
12607	3340	313
12609	3979	525
12609	3979	394
12613	2680	284
12616	2985	293
12616	2985	268
12618	3269	316
12619	3456	477
12620	4124	307
12624	2673	385
12625	2393	185
12627	4385	486
12631	3526	326
12636	5124	499
12636	5124	521
12637	2982	277
12642	3960	254
12646	3344	507
12648	2913	278
12648	2913	264
12649	4414	185
12651	3072	256
12654	3119	358
12657	2304	318
12659	2190	185
12660	1398	375
12661	3314	293
12661	3314	306
12664	2749	389
12665	3785	310
12667	2052	345
12669	3133	203
12669	3133	290
12670	3864	481
12672	4167	338
12675	3116	366
12681	4515	185
12681	4515	200
12683	4411	450
12685	3000	255
12686	2635	215
12686	2635	249
12689	4461	285
12698	3458	227
12704	2075	355
12705	2302	320
12708	1883	261
12709	3138	420
12712	2405	442
12719	2636	307
12720	3062	296
12721	2960	258
12721	2960	311
12723	3734	292
12723	3734	330
12726	4533	285
12732	2857	337
12734	2149	284
12740	4194	335
12742	2226	531
12744	3372	500
12746	2193	359
12756	2831	222
12761	4010	306
12761	4010	293
12765	4444	297
12767	1695	437
12768	2764	330
12775	3549	295
12778	3716	487
12778	3716	222
12780	2015	342
12782	1844	271
12786	2505	274
12787	2065	255
12788	2277	272
12791	1827	305
12793	3002	236
12794	4597	301
12794	4597	286
12799	2785	326
12800	2670	429
12805	3759	283
12807	2434	241
12809	2134	430
12820	2735	245
12821	2181	266
12822	2287	293
12839	3861	185
12844	2594	266
12846	3940	377
12847	2126	474
12851	2827	286
12862	4289	230
12863	2172	238
12864	2512	206
12866	4049	395
12869	2501	356
12877	4525	271
12881	4879	465
12881	4879	348
12887	2815	296
12888	2876	263
12888	2876	346
12892	2470	460
12896	2533	237
12898	5531	233
12899	4398	486
12899	4398	480
12909	3940	388
12910	2519	447
12911	1965	321
12912	2061	185
12919	2466	418
12923	2208	497
12924	3891	433
12926	3274	310
12931	2732	405
12932	3238	260
12934	3266	576
12935	2004	375
12936	2114	294
12944	2551	373
12950	4912	216
12951	2560	310
12955	4515	217
12955	4515	205
12959	4376	357
12960	1478	295
12966	3881	321
12968	2463	227
12982	2377	411
12988	4479	514
12992	2706	350
12992	2706	304
12997	2044	200
13000	3089	353
13001	2170	320
13012	3236	258
13012	3236	332
13017	2259	185
13023	2856	320
13024	2544	245
13034	3456	350
13034	3456	418
13037	1601	275
13038	2371	258
13040	3452	292
13043	3935	286
13044	3505	281
13046	1951	330
13049	1610	266
13051	3833	268
13053	4617	526
13054	3172	263
13060	1702	237
13067	3419	499
13068	1776	266
13070	4663	233
13071	2691	353
13071	2691	426
13073	1657	309
13079	3655	200
13081	1723	185
13086	2678	281
13087	2536	259
13089	3130	514
13099	2801	483
13100	1551	185
13103	3741	415
13104	2084	275
13105	2349	243
13107	3260	198
13107	3260	303
13113	2320	211
13116	1938	308
13117	3041	185
13118	3998	323
13121	2976	304
13122	2055	290
13126	2779	333
13129	3074	289
13130	3622	527
13136	1392	185
13137	4683	455
13137	4683	303
13139	3019	281
13143	2673	305
13144	3466	275
13145	2566	311
13146	3438	531
13148	1811	303
13149	2387	424
13153	1977	270
13154	4178	370
13162	2516	314
13163	1852	274
13167	3518	411
13172	3644	227
13177	2614	185
13178	2205	449
13180	3836	559
13182	2149	461
13186	2007	255
13187	3660	286
13191	2702	471
13194	2782	469
13195	2712	284
13196	2871	328
13201	3860	353
13202	2249	290
13205	2267	407
13211	2208	472
13214	3742	454
13214	3742	331
13216	1827	275
13217	2653	433
13223	3095	243
13226	3861	396
13230	2396	275
13234	3246	366
13236	3604	336
13236	3604	236
13242	4427	262
13244	3246	458
13244	3246	399
13246	3962	456
13248	2596	422
13249	3670	313
13249	3670	334
13252	3488	505
13256	4002	200
13259	1904	310
13260	2062	333
13268	3325	421
13269	3091	341
13273	2527	346
13274	2088	325
13276	2411	213
13276	2411	224
13278	2150	239
13280	2777	317
13282	2049	227
13285	3548	494
13287	2503	510
13291	2145	200
13297	2975	305
13298	2621	505
13300	1837	277
13301	2263	350
13306	2649	459
13310	2403	232
13314	3177	517
13316	2051	303
13324	2764	269
13326	3322	401
13326	3322	442
13331	4489	200
13334	1688	222
13335	4604	248
13339	2250	425
13342	2656	261
13344	2240	200
13361	3871	372
13372	1623	338
13374	2615	336
13377	3775	470
13380	3540	346
13380	3540	493
13382	3851	279
13389	2552	410
13392	2367	200
13394	2940	243
13397	2620	523
13401	2802	408
13403	2352	477
13405	4591	269
13420	2352	323
13426	2291	322
13429	3780	317
13440	2213	331
13444	3148	373
13447	2132	449
13449	2481	290
13450	3196	403
13457	4716	468
13457	4716	330
13464	3618	185
13464	3618	429
13466	2777	462
13468	2696	498
13471	3581	405
13472	1922	291
13474	1718	282
13480	1724	250
13484	2682	314
13491	2594	206
13492	2167	449
13495	4460	324
13497	3685	227
13498	2780	513
13504	2402	491
13506	1920	291
13509	4164	496
13514	2401	278
13515	2973	472
13517	1580	413
13519	2573	288
13521	1710	264
13522	1865	322
13524	2620	441
13532	1667	227
13542	1503	362
13544	2052	407
13546	2550	273
13549	1628	452
13557	2785	418
13558	2253	453
13565	3419	482
13565	3419	266
13571	2653	450
13574	2064	200
13575	3776	471
13586	2569	443
13587	2473	465
13588	2133	260
13589	4845	508
13589	4845	469
13594	2739	309
13600	3712	488
13603	2053	256
13612	2063	276
13614	2455	260
13620	2247	185
13623	2072	457
13634	3536	453
13635	1755	301
13639	4204	455
13640	2361	258
13641	1983	448
13643	2835	227
13645	2288	463
13654	2834	227
13655	2002	241
13656	2266	221
13663	3057	402
13667	2434	401
13668	2855	257
13668	2855	226
13669	1948	466
13670	1450	297
13672	1991	200
13674	2607	357
13675	2630	446
13677	2687	272
13678	1468	251
13679	1866	278
13684	1725	273
13686	3647	243
13694	2149	486
13695	1101	185
13696	3181	200
13707	2684	215
13707	2684	215
13711	2751	285
13716	3365	297
13718	3289	285
13722	2463	461
13723	2993	284
13725	3046	279
13732	2639	272
13734	2255	330
13739	2405	308
13743	3440	293
13746	3596	648
13747	1823	245
13751	2543	255
13754	2095	295
13756	2593	292
13757	3004	449
13761	2376	185
13771	1325	238
13772	2521	273
13772	2521	200
13776	2377	215
13777	2356	539
13781	2364	178
13781	2364	304
13787	2993	244
13789	3548	236
13791	1704	360
13794	2715	250
13795	2521	427
13797	1973	301
13800	2830	533
13801	3388	350
13803	1690	259
13804	2025	200
13806	3323	478
13806	3323	442
13807	2826	449
13810	3597	393
13817	2727	264
13818	2801	328
13826	2769	281
13836	3796	303
13843	2840	309
13846	2736	525
13850	3800	318
13851	3395	323
13851	3395	348
13855	1464	281
13858	2542	325
13862	1611	274
13866	2660	494
13867	1599	491
13868	3522	243
13872	2532	288
13873	3127	200
13881	3078	307
13884	3186	347
13886	2583	330
13890	2193	371
13893	2873	222
13895	2421	295
13896	2746	467
13899	2622	255
13905	3760	281
13910	3529	509
13911	2303	273
13914	2480	308
13916	2504	499
13923	2492	330
13928	2146	272
13930	4470	454
13934	2713	307
13935	2660	238
13937	2186	325
13938	4887	371
13949	4668	348
13953	2684	285
13961	4114	324
13961	4114	489
13963	4054	286
13963	4054	304
13965	3294	484
13967	2398	512
13970	1256	260
13971	2501	297
13974	3066	442
13975	4055	484
13976	1639	344
13978	1347	276
13980	3513	185
13981	3011	451
13983	1814	274
13984	1891	347
13985	3196	470
13987	2784	257
13987	2784	232
13989	3028	269
13989	3028	265
13995	2930	328
13999	2069	291
14002	2877	293
14009	3766	480
14014	3135	200
14014	3135	259
14016	1806	243
14018	3607	297
14021	2498	433
14023	2747	185
14023	2747	279
14026	2835	418
14030	3552	256
14033	2538	409
14034	3203	262
14034	3203	334
14038	1763	390
14039	2682	349
14040	2882	474
14041	3902	458
14045	3649	262
14055	3211	206
14061	3295	335
14065	4210	266
14069	3277	309
14073	3963	285
14074	3434	283
14079	2771	396
14083	2744	314
14085	1688	248
14092	2605	316
14093	3272	447
14097	4823	250
14101	1622	278
14102	3809	487
14105	3552	185
14106	4441	480
14106	4441	445
14107	1941	266
14116	2219	521
14117	1202	211
14121	2637	532
14128	4115	231
14128	4115	481
14137	4166	301
14138	2108	280
14142	3003	249
14149	2147	285
14159	1989	348
14160	3641	484
14163	2497	455
14168	3279	185
14168	3279	237
14172	2228	250
14181	2492	250
14195	3963	203
14195	3963	408
14199	2231	275
14203	3165	380
14207	3920	421
14210	1589	348
14220	1699	271
14224	2990	285
14231	1017	308
14232	2663	261
14236	1777	306
14251	1897	243
14257	4122	487
14268	1746	318
14269	2944	478
14270	4807	437
14271	2333	473
14277	3632	211
14278	2034	345
14280	2553	262
14288	4435	460
14289	1906	244
14299	2022	374
14300	2851	216
14301	2519	346
14303	2006	318
14305	1736	368
14309	4283	312
14312	1651	264
14313	1656	230
14314	2454	263
14316	3471	457
14318	2148	311
14320	3112	452
14321	2199	293
14322	2597	358
14323	4351	304
14324	3374	419
14325	2735	200
14326	2587	447
14330	3158	481
14340	3277	335
14342	2481	318
14343	1956	298
14345	3318	497
14347	4025	323
14347	4025	440
14352	3150	471
14353	2036	317
14356	3240	424
14360	2048	403
14361	2467	521
14363	2380	470
14364	1991	238
14366	2924	443
14375	4100	316
14378	3255	462
14380	1855	227
14381	2111	324
14383	2309	185
14390	1198	227
14392	1942	352
14394	4423	367
14395	3094	243
14395	3094	306
14403	1509	261
14405	1511	518
14410	3068	185
14414	3025	267
14422	4389	447
14425	1278	185
14428	3989	353
14428	3989	445
14434	2180	397
14438	2359	400
14444	2439	312
14449	3307	343
14451	1865	436
14470	1840	211
14476	2179	431
14478	2190	286
14485	1931	413
14491	2946	469
14492	3039	420
14495	2995	325
14495	2995	249
14497	3089	211
14500	2890	442
14501	2516	287
14503	2530	469
14507	2220	273
14508	1906	396
14511	3269	364
14517	1829	206
14518	2931	261
14522	3718	383
14527	2031	440
14528	2395	280
14532	2026	200
14533	2262	264
14537	3760	424
14537	3760	375
14543	2722	387
14544	3083	206
14545	2690	260
14547	1625	301
14548	3353	279
14551	1905	370
14558	2394	471
14561	3031	371
14562	2140	243
14565	2019	397
14568	2484	456
14571	4326	361
14573	3060	484
14575	3117	525
14575	3117	237
14578	3287	446
14581	2465	262
14582	2903	281
14585	2516	451
14589	2853	378
14591	2494	455
14593	3559	433
14593	3559	398
14596	2070	317
14599	4380	381
14599	4380	457
14600	2537	438
14604	2738	232
14606	1729	239
14608	2660	342
14611	2371	434
14618	1698	335
14620	3375	185
14622	1974	262
14624	3665	464
14624	3665	331
14625	1982	269
14635	4784	452
14637	2085	468
14638	2657	315
14639	2055	392
14640	1354	222
14643	2730	502
14644	2556	461
14651	2308	185
14656	3085	431
14657	2787	262
14658	3048	315
14661	3024	460
14663	2454	325
14664	2102	194
14664	2102	280
14666	2624	471
14671	2390	298
14676	3300	369
14677	2301	327
14681	2560	397
14682	2012	453
14687	2924	277
14690	2106	274
14698	2131	266
14706	3157	330
14707	2050	393
14709	2587	426
14715	1344	273
14717	3464	460
14718	1852	372
14719	1677	332
14724	2648	227
14725	2848	218
14725	2848	217
14732	2303	291
14733	2631	317
14734	1586	206
14735	2241	398
14737	3381	459
14738	2055	299
14747	2187	399
14748	1533	329
14750	2305	403
14751	1750	308
14753	1858	185
14755	1941	428
14757	2437	457
14771	1639	185
14772	2996	467
14779	2634	279
14794	2195	351
14799	2887	332
14799	2887	327
14806	2597	188
14809	3760	462
14822	2606	524
14825	2437	319
14826	1506	312
14828	2368	303
14829	3152	314
14832	2069	263
14835	2351	185
14837	2796	484
14842	2322	325
14850	1629	427
14857	2183	462
14859	2342	471
14861	2321	354
14868	2527	268
14870	2261	222
14872	2486	248
14874	2668	255
14875	2190	243
14876	4061	302
14876	4061	301
14883	3883	426
14884	3627	461
14887	3273	286
14890	1833	243
14891	2336	291
14893	2093	244
14895	2746	517
14896	1313	329
14898	2681	469
14900	2269	393
14904	2075	293
14913	1435	458
14914	1832	249
14918	2981	280
14918	2981	287
14919	2572	268
14923	2309	255
14924	3369	287
14926	3238	315
14930	3651	375
14937	3024	185
14948	3094	317
14959	2211	293
14960	2395	296
14960	2395	172
14961	3619	300
14961	3619	279
14967	2940	343
14972	2162	431
14973	3789	244
14976	1405	232
14977	3780	200
14978	3229	297
14978	3229	287
14979	1791	227
14980	3064	433
14982	3253	384
14991	5260	295
14992	2636	370
14993	2586	287
14999	2945	291
15003	2110	298
15015	3124	363
15020	985	232
15024	2938	266
15025	2466	499
15030	2546	185
15032	2712	323
15044	4421	185
15044	4421	320
15060	2585	215
15068	3917	274
15071	4360	456
15089	2238	221
15092	2757	310
15095	4010	273
15108	3833	326
15111	3419	296
15112	4383	491
15113	4077	276
15118	2605	294
15119	2932	280
15120	3415	284
15122	2215	273
15126	2838	264
15129	2619	301
15131	4254	400
15135	2694	292
15136	3503	369
15137	3020	254
15137	3020	326
15139	2610	230
15141	1475	235
15143	3223	455
15145	3368	463
15151	2371	283
15159	2810	227
15165	1785	293
15168	2127	401
15169	4164	436
15169	4164	184
15170	2020	320
15171	1821	204
15173	2124	489
15185	2634	288
15198	3781	345
15202	3907	292
15206	2566	439
15235	2492	291
15239	2271	502
15242	4006	435
15252	2484	508
15257	1663	267
15258	3529	267
15259	1746	324
15260	2400	329
15262	2699	473
15263	2382	452
15265	2925	495
15267	3961	215
15269	2807	423
15274	2402	308
15277	1841	345
15279	3710	185
15279	3710	229
15288	3843	508
15290	2335	473
15294	3051	450
15301	2559	306
15302	2844	492
15308	2644	306
15311	2389	498
15313	2708	486
15320	1976	251
15327	2837	365
15333	3393	257
15333	3393	187
15343	1467	448
15348	2579	442
15350	2072	460
15362	2678	438
15363	3919	443
15377	4468	265
15385	3673	305
15388	1670	227
15394	2203	278
15395	1735	274
15398	2372	260
15400	3163	511
15402	3994	264
15404	3745	324
15414	2456	254
15418	3845	202
15420	4438	473
15420	4438	342
15425	3618	426
15427	2023	278
15428	3135	362
15432	1920	185
15433	3042	425
15434	4846	285
15434	4846	243
15435	1500	234
15449	3150	420
15451	3583	276
15452	2193	267
15454	2272	341
15455	2914	285
15459	3141	327
15461	2334	200
15464	2329	277
15465	2730	185
15466	2781	443
15467	2297	435
15477	2236	238
15478	2110	311
15482	3379	308
15482	3379	197
15484	2688	266
15485	2058	389
15498	2136	323
15500	3304	283
15501	2329	447
15507	2017	280
15511	4141	253
15515	2131	263
15518	1849	312
15520	4086	377
15525	4411	463
15526	1787	292
15533	1528	245
15537	5141	268
15549	1898	263
15550	3443	465
15553	2457	245
15556	1919	227
15557	2455	227
15559	2598	269
15565	4252	279
15566	4250	441
15575	1848	288
15582	2663	234
15582	2663	246
15585	5114	488
15586	2842	249
15587	2892	271
15593	1702	253
15595	3680	349
15597	1833	485
15599	2388	185
15600	2976	413
15602	2498	238
15603	2337	242
15603	2337	294
15605	2198	280
15608	3012	334
15608	3012	443
15609	2907	438
15610	1854	318
15611	2968	300
15617	2009	267
15620	3581	404
15627	2386	456
15629	2445	226
15630	2280	268
15636	1348	296
15637	1901	472
15638	3219	211
15638	3219	422
15640	2240	375
15643	3622	469
15645	2372	287
15651	1941	305
15653	2008	402
15659	2233	279
15660	1874	244
15665	3452	297
15666	2781	441
15672	1497	266
15673	2603	392
15676	1588	222
15677	4373	453
15681	4171	422
15681	4171	465
15683	2824	245
15686	3777	443
15687	3396	252
15687	3396	336
15696	3308	206
15699	3773	504
15701	3656	468
15705	2257	280
15705	2257	297
15706	1850	279
15708	3041	398
15708	3041	209
15710	1761	365
15717	1635	242
15722	1521	277
15724	2381	501
15726	2867	313
15728	2102	510
15736	3064	281
15741	2062	426
15748	3459	374
15750	2709	211
15752	1912	290
15756	2540	236
15757	4974	227
15757	4974	275
15760	3703	269
15760	3703	487
15761	2958	367
15762	2679	302
15763	3298	285
15764	1876	350
15767	2869	506
15768	2523	402
15773	3184	428
15775	2638	230
15776	1974	204
15776	1974	273
15778	2267	441
15779	3555	348
15781	2022	291
15782	3148	441
15784	2940	257
15788	2144	314
15798	1930	420
15803	2367	368
15804	1925	302
15805	2603	317
15815	3593	374
15821	4043	453
15822	3023	447
15825	2372	375
15827	2824	248
15831	2292	258
15836	1466	238
15842	5179	451
15845	1617	455
15850	2743	302
15851	2607	289
15852	2253	222
15857	2677	373
15861	2300	201
15861	2300	260
15862	2523	347
15866	2069	266
15869	1478	355
15871	3729	453
15873	2494	252
15873	2494	290
15874	2679	454
15875	3320	455
15881	3528	466
15882	1501	259
15885	2268	315
15899	2889	444
15900	2846	200
15902	1231	185
15903	2332	296
15908	2839	441
15912	2143	215
15913	2089	185
15914	2461	318
15915	1420	206
15917	3699	318
15919	2432	433
15921	1399	265
15924	3371	490
15929	2445	404
15930	1707	250
15931	1282	276
15932	2938	227
15933	3282	313
15933	3282	313
15934	2218	458
15935	2317	279
15935	2317	283
15936	2569	280
15937	3129	464
15939	2796	434
15940	1541	274
15947	3414	358
15947	3414	342
15948	1655	222
15949	1917	282
15950	2814	200
15952	3317	446
15953	2629	372
15958	3477	434
15960	2776	237
15961	2453	238
15962	2391	265
15964	3486	424
15967	2404	483
15970	2317	429
15971	2478	222
15977	4596	443
15977	4596	364
15978	3018	393
15983	3706	364
15983	3706	229
15991	3713	406
15992	2271	200
15996	3722	412
15997	5040	185
15999	3842	458
16004	2662	370
16005	1979	200
16010	3622	403
16010	3622	444
16015	1744	280
16018	2083	261
16019	4019	291
16023	2569	268
16024	2380	261
16025	3006	411
16027	3449	343
16042	4189	404
16047	3904	391
16051	1780	363
16056	3595	358
16059	2490	444
16061	3265	431
16064	2770	255
16072	2253	246
16073	2776	254
16076	1934	227
16079	3675	278
16079	3675	211
16087	2221	211
16087	2221	273
16088	2858	238
16090	4481	253
16090	4481	347
16092	2844	273
16093	3463	456
16094	2636	273
16095	3526	281
16097	2057	211
16098	3599	473
16102	2866	227
16108	2484	296
16110	2490	345
16110	2490	160
16111	2241	329
16116	3019	356
16121	3152	296
16129	2042	293
16133	1545	300
16143	2408	366
16145	3103	464
16149	2962	266
16149	2962	259
16157	1909	482
16163	3029	421
16167	3090	433
16169	1448	263
16170	4740	466
16171	2620	349
16174	3946	200
16179	2470	297
16180	2615	304
16181	3073	484
16182	1472	261
16186	1984	336
16189	3042	342
16195	2091	200
16196	2676	431
16201	4139	502
16204	1826	200
16211	2492	304
16214	2135	243
16216	2160	211
16217	3119	210
16217	3119	333
16223	2862	425
16230	2443	452
16234	4532	504
16234	4532	265
16235	4150	498
16246	2836	256
16248	4473	472
16250	3021	270
16251	2639	464
16260	2056	263
16264	2515	278
16267	2032	286
16270	4210	454
16271	2406	268
16272	2156	284
16274	1886	301
16282	1855	267
16285	1820	314
16288	2151	222
16288	2151	304
16290	2612	296
16304	5268	505
16309	4729	384
16314	2264	322
16315	2803	490
16326	1560	304
16330	1465	329
16332	2701	272
16332	2701	211
16341	3523	415
16344	2952	185
16348	1395	211
16349	2521	411
16369	5112	429
16378	3427	268
16382	3122	280
16383	2298	331
16386	3538	197
16386	3538	297
16389	1660	309
16390	4519	515
16398	3234	169
16398	3234	273
16413	2000	306
16416	2843	211
16419	2558	290
16420	2144	447
16422	2451	296
16425	1556	300
16428	3573	289
16434	1357	318
16436	2793	240
16436	2793	213
16438	2058	256
16443	2111	426
16447	2657	455
16451	3630	284
16451	3630	202
16456	2006	227
16457	2544	276
16463	4460	297
16463	4460	283
16466	3035	287
16468	1646	200
16470	2111	291
16474	3637	185
16479	3297	435
16480	2594	305
16482	2901	512
16484	4430	458
16489	1975	214
16490	2146	345
16491	2119	284
16493	2360	279
16494	2266	282
16496	2320	278
16497	1458	255
16498	2556	414
16502	2158	311
16507	3405	458
16509	2963	345
16513	1864	255
16516	3340	211
16521	3220	289
16527	2665	505
16529	3460	457
16530	2430	227
16532	4192	200
16533	3202	436
16535	1757	256
16546	4090	267
16547	3972	447
16549	2373	262
16550	3064	295
16560	3365	292
16562	2444	239
16564	2524	227
16570	3705	511
16575	2148	313
16578	2283	255
16579	2153	200
16580	4655	334
16581	2378	254
16583	3548	426
16583	3548	200
16584	2402	275
16585	1986	200
16587	2614	206
16589	1903	253
16592	3057	313
16597	2988	460
16598	3005	321
16606	2831	270
16609	2137	268
16614	2600	312
16617	1344	233
16619	3022	450
16633	2804	331
16635	2214	211
16636	2829	471
16638	2966	396
16639	4607	455
16640	3323	502
16644	2127	276
16647	1874	307
16648	2781	185
16651	2807	276
16653	2308	318
16654	2372	443
16662	2920	243
16664	1793	242
16668	2574	281
16668	2574	309
16669	2819	370
16670	3728	439
16671	2306	507
16672	2046	248
16677	2324	239
16677	2324	227
16681	2152	261
16690	2270	309
16693	4876	317
16695	4416	480
16696	2289	301
16701	4050	355
16701	4050	462
16706	4481	460
16706	4481	369
16707	3969	294
16708	2146	278
16713	2962	284
16714	2918	482
16722	2885	279
16725	1814	254
16730	2861	288
16732	2450	227
16737	2396	256
16738	2861	460
16740	1700	254
16741	2917	477
16743	3671	437
16743	3671	366
16745	2017	265
16747	2638	459
16750	2129	284
16760	2394	311
16766	3217	488
16771	3186	454
16786	5243	499
16787	7226	401
16790	1927	185
16792	3291	474
16793	1176	239
16815	1399	370
16816	2889	318
16818	3210	430
16830	4105	284
16833	4548	206
16836	2535	522
16841	3509	581
16850	5646	389
16851	2104	200
16853	6853	185
16861	2764	382
16869	6559	463
16872	3247	274
16875	2516	185
16880	2330	278
16885	5722	500
16889	3648	381
16890	2157	474
16894	6709	510
16906	2847	239
16914	2994	239
16915	4449	300
16918	2734	200
16919	2167	317
16926	5831	185
16926	5831	211
16932	2645	275
16933	2856	277
16937	3103	490
16946	4253	460
16949	3454	451
16953	5533	185
16953	5533	362
16957	1548	238
16961	4555	499
16971	3330	267
16971	3330	350
16973	4661	402
16974	2497	243
16975	2433	332
16979	2759	278
16979	2759	285
16981	1277	224
16981	1277	171
16982	1632	382
16984	2448	185
16991	2124	433
16995	5141	423
16995	5141	236
17000	2785	293
17004	3731	459
17012	3863	436
17013	3259	450
17014	3422	391
17015	4376	386
17017	2984	215
17020	3002	200
17023	4420	317
17027	2714	244
17028	4080	468
17030	2831	185
17034	2669	466
17037	2305	276
17041	5562	261
17041	5562	365
17045	2890	200
17046	2251	317
17052	2602	291
17054	3498	185
17056	2585	309
17066	3040	273
17068	1986	200
17074	3471	245
17087	5113	291
17087	5113	487
17088	2171	389
17089	1808	233
17092	1833	215
17099	2270	227
17102	1777	272
17103	2086	428
17105	4067	509
17106	879	251
17114	7083	394
17117	3555	297
17118	2457	272
17120	4454	222
17120	4454	257
17122	1901	291
17125	4202	350
17130	4729	426
17131	2576	505
17136	2737	349
17137	4028	249
17139	4441	433
17152	3306	274
17158	2915	473
17160	3113	266
17161	4440	258
17161	4440	267
17165	4009	367
17166	1189	306
17167	4574	402
17167	4574	346
17174	3412	392
17175	1757	351
17178	2768	304
17179	2500	200
17180	4614	366
17193	3372	472
17197	4681	465
17201	1707	327
17204	3370	514
17205	3841	211
17206	2689	448
17208	2218	333
17212	6252	321
17212	6252	219
17215	3921	185
17217	2768	331
17229	3463	227
17237	6260	520
17237	6260	250
17244	5438	307
17245	3816	379
17253	5051	195
17253	5051	314
17259	3154	499
17267	3526	476
17269	4063	391
17270	1922	299
17272	2729	272
17273	3167	347
17275	2331	256
17282	3604	524
17283	3263	303
17283	3263	250
17286	2668	397
17289	2919	342
17294	4141	309
17299	2253	251
17300	3705	360
17301	2733	260
17304	3095	404
17313	1454	354
17316	2872	280
17319	2775	185
17326	5358	516
17330	2017	304
17333	3238	185
17341	2124	222
17343	4997	489
17344	5164	424
17346	3776	291
17346	3776	242
17348	3878	309
17349	2634	211
17350	3653	451
17351	3446	278
17352	2890	399
17353	1532	200
17354	2136	284
17355	4480	259
17363	3217	283
17365	2635	300
17368	2869	503
17369	3892	535
17371	4691	504
17372	3891	222
17377	5054	222
17377	5054	448
17379	3718	289
17383	3122	313
17383	3122	307
17386	2641	238
17389	2118	249
17391	5982	501
17391	5982	230
17393	3310	293
17394	4920	289
17395	5741	318
17398	2567	302
17399	2949	462
17402	2480	211
17403	6901	424
17406	1262	206
17412	1999	227
17415	2665	435
17416	2483	316
17423	1608	185
17428	3171	273
17428	3171	343
17430	5370	250
17435	6216	216
17435	6216	293
17436	2401	377
17441	4821	459
17441	4821	273
17444	7473	306
17448	1842	185
17449	3187	185
17449	3187	323
17453	3305	200
17456	1374	185
17459	1894	336
17465	4361	661
17468	5761	436
17469	4895	483
17478	4817	276
17479	3246	282
17489	6760	306
17489	6760	299
17492	2768	440
17498	2471	282
17499	2640	266
17500	2356	332
17503	2305	261
17505	2219	302
17510	1908	471
17511	2874	285
17513	5329	495
17515	2781	316
17515	2781	297
17516	3231	239
17523	2504	314
17533	2598	222
17533	2598	240
17534	2690	282
17553	5203	257
17553	5203	297
17554	2614	268
17556	2834	211
17557	3918	299
17566	2276	279
17569	2519	256
17573	3329	185
17574	2009	304
17575	3623	286
17576	4393	350
17576	4393	472
17579	4359	430
17579	4359	457
17583	3061	262
17583	3061	316
17586	3469	486
17587	3312	397
17590	4357	447
17591	2029	185
17592	2297	313
17594	3423	450
17600	2824	340
17603	5991	436
17604	2261	318
17606	4099	483
17608	4416	260
17608	4416	323
17614	1263	284
17617	2847	310
17622	2424	324
17623	2889	227
17628	2796	258
17635	2532	332
17637	2553	246
17637	2553	237
17638	2944	185
17639	2133	222
17653	2579	360
17658	1469	312
17660	3749	455
17670	3086	280
17674	3731	216
17685	2729	297
17690	3843	344
17690	3843	311
17695	2287	261
17696	2298	317
17700	2944	284
17717	2565	350
17719	3050	185
17722	1531	238
17723	4405	529
17727	2582	478
17728	2751	279
17733	2479	346
17738	3653	400
17741	3106	259
17743	2544	466
17745	4562	304
17749	2832	206
17754	2423	276
17764	3497	265
17764	3497	326
17765	3773	454
17766	3137	423
17767	2074	234
17768	4690	368
17769	1030	262
17772	4749	479
17774	1856	289
17775	3140	435
17776	3203	271
17777	2151	254
17778	2778	185
17778	2778	296
17787	2370	452
17788	5186	575
17792	4056	328
17792	4056	446
17793	5964	185
17793	5964	478
17794	2610	284
17795	1976	200
17796	4909	331
17799	2231	211
17800	5008	306
17804	2510	340
17809	5074	286
17809	5074	291
17811	2976	286
17816	2998	260
17821	3409	285
17824	3932	292
17826	3106	305
17829	2877	383
17831	3256	450
17838	3877	472
17838	3877	442
17843	4295	499
17845	3313	237
17846	7367	326
17848	3656	461
17857	2551	279
17857	2551	319
17858	3571	352
17864	1414	273
17866	5870	324
17877	4665	524
17879	6817	500
17882	2939	294
17885	2172	305
17890	2742	375
17893	2865	235
17893	2865	358
17897	3715	521
17901	4990	415
17902	3763	615
17906	3502	441
17908	1891	352
17915	2549	242
17916	2528	529
17928	2844	456
17931	3092	503
17932	1527	275
17941	4081	705
17943	2166	200
17947	5103	285
17954	2063	298
17958	7164	314
17960	4251	433
17975	3050	301
17975	3050	232
17976	3389	185
17977	2745	334
17978	5817	211
17981	2262	286
17983	3473	462
17984	3161	448
17986	4673	362
17986	4673	490
17988	3481	441
17988	3481	503
17989	3609	440
17992	5710	304
17992	5710	429
17993	2249	267
17994	6108	523
17994	6108	545
17995	1109	284
17997	7137	261
18000	5474	305
18000	5474	275
18001	3646	492
18002	3065	274
18004	2314	210
18004	2314	180
18006	6467	179
18006	6467	290
18015	2788	225
18015	2788	319
18021	2499	393
18023	2800	311
18023	2800	285
18028	3866	470
18031	4565	480
18031	4565	399
18033	3849	317
18033	3849	238
18035	3418	466
18040	6648	385
18045	2467	353
18047	2773	249
18048	5316	375
18055	2242	291
18056	2896	509
18059	4194	509
18061	3948	465
18064	1677	295
18065	2422	278
18069	3209	431
18070	4995	352
18071	3678	261
18072	2685	280
18074	2451	222
18076	5720	518
18078	5691	430
18079	4070	283
18081	2598	266
18082	3174	211
18085	2863	211
18085	2863	279
18089	5051	647
18091	3525	274
18096	2100	439
18099	2886	525
18101	2409	499
18102	4623	336
18104	2882	275
18104	2882	195
18110	2967	440
18112	3559	534
18114	3005	471
18116	5337	289
18117	2318	287
18121	1892	255
18122	2343	297
18123	2166	263
18126	2084	243
18127	2312	384
18128	3367	383
18129	2473	312
18143	2075	433
18145	2748	428
18150	4584	251
18153	3599	263
18154	2616	292
18160	2718	286
18165	3044	509
18166	4547	328
18166	4547	399
18170	3707	364
18170	3707	476
18172	5655	365
18175	2311	200
18176	2693	261
18178	3040	290
18181	4244	250
18182	1830	282
18184	6005	227
18184	6005	305
18188	6222	328
18197	3441	211
18197	3441	291
18203	1389	327
18204	2765	327
18205	5397	267
18205	5397	335
18206	6580	222
18211	2810	372
18215	3013	322
18217	1833	304
18218	4518	462
18223	3829	439
18223	3829	418
18224	2722	316
18226	3099	298
18230	2929	265
18230	2929	336
18233	3652	442
18233	3652	184
18236	3548	285
18239	3156	334
18245	2295	287
18246	3508	185
18256	2029	392
18259	1970	283
18262	3128	283
18267	2990	253
18268	3292	380
18273	4334	238
18280	2273	279
18281	4755	478
18282	1549	313
18283	1511	318
18284	2709	200
18297	3277	357
18303	3131	501
18306	2844	260
18307	2429	313
18308	3165	323
18310	2134	238
18311	5696	362
18312	3394	355
18315	3006	260
18316	4498	181
18316	4498	313
18317	2995	341
18317	2995	339
18319	3447	478
18321	1534	330
18323	3237	185
18323	3237	341
18324	3067	458
18325	3532	499
18332	3234	282
18338	4179	483
18340	1331	327
18341	4725	262
18341	4725	273
18346	3929	289
18356	2539	280
18357	2399	303
18363	1713	283
18368	2133	316
18368	2133	226
18369	4492	238
18375	2497	296
18380	3996	391
18380	3996	468
18383	4510	271
18385	4379	280
18385	4379	185
18388	2753	344
18388	2753	329
18389	2273	462
18393	3890	424
18393	3890	257
18395	3242	200
18397	4286	495
18401	1921	268
18403	2456	293
18406	2537	185
18407	3029	296
18407	3029	267
18412	6355	276
18414	3970	316
18419	6070	337
18419	6070	198
18419	6070	185
18421	4369	473
18425	2445	493
18427	3419	470
18430	3444	486
18431	3261	321
18431	3261	289
18433	6548	237
18433	6548	462
18434	4191	238
18434	4191	200
18441	3552	337
18442	5989	273
18445	6450	241
18446	6579	323
18446	6579	254
18452	2759	422
18462	2541	274
18463	3067	300
18463	3067	259
18470	2782	245
18471	2163	292
18475	6526	299
18475	6526	200
18475	6526	283
18477	2677	402
18478	3821	292
18478	3821	301
18483	2284	323
18484	3253	326
18486	4083	479
18490	2733	200
18494	4594	645
18494	4594	175
18495	4143	452
18496	2073	408
18503	2664	308
18507	3360	286
18512	2586	232
18516	2193	305
18521	2365	330
18522	3184	206
18523	4153	291
18525	2573	317
18526	1952	472
18527	2450	297
18529	3712	477
18537	2834	326
18538	5741	446
18541	3355	266
18543	2810	347
18545	3808	470
18558	2225	314
18560	3372	227
18564	5450	290
18567	2895	305
18568	4334	374
18569	1368	287
18570	2515	303
18573	1997	185
18574	4131	396
18580	3787	457
18582	6802	185
18583	2468	336
18585	2778	456
18586	2482	362
18591	2464	293
18594	3987	533
18594	3987	449
18596	2384	319
18598	4180	362
18602	3477	188
18602	3477	229
18602	3477	278
18603	3568	317
18603	3568	345
18604	3159	509
18609	3557	445
18610	3224	375
18611	2289	268
18613	3932	364
18614	2551	323
18616	3138	506
18621	1542	306
18630	2125	498
18631	1626	549
18633	4423	468
18633	4423	238
18638	2781	303
18651	4536	444
18651	4536	487
18652	6073	299
18655	4495	506
18662	3399	440
18665	5231	338
18666	1918	206
18668	4997	304
18670	1506	353
18672	2459	434
18681	3526	238
18683	5109	521
18685	2915	317
18685	2915	237
18696	3843	404
18696	3843	375
18697	5156	259
18697	5156	255
18699	2635	345
18710	3425	444
18711	5197	316
18711	5197	185
18714	3181	424
18718	3315	336
18719	1898	326
18722	2949	379
18723	4622	373
18725	2964	379
18727	2587	423
18730	3123	287
18731	3284	185
18732	2957	420
18736	3350	471
18738	2201	473
18739	2443	311
18743	2403	548
18746	2705	185
18748	4071	305
18751	2772	343
18756	5533	211
18756	5533	330
18758	3652	227
18759	3370	217
18759	3370	570
18761	3013	200
18763	2084	298
18764	2603	518
18767	4744	535
18770	2543	352
18773	4391	469
18774	6010	506
18774	6010	565
18781	3136	522
18782	3052	536
18789	5934	315
18789	5934	449
18789	5934	285
18790	2754	357
18793	3730	200
18794	3916	185
18795	4126	338
18797	2710	458
18798	2718	409
18804	2723	309
18812	4061	510
18813	1790	513
18816	2340	274
18821	2268	211
18824	3237	265
18826	3469	250
18828	1720	275
18830	2488	185
18834	2482	435
18835	4942	488
18835	4942	375
18837	3563	279
18841	5608	509
18843	2663	275
18845	2655	255
18846	2294	473
18849	2659	310
18849	2659	279
18853	3512	268
18856	6281	534
18856	6281	268
18857	3668	377
18862	2836	236
18867	1752	297
18874	2889	287
18878	2143	506
18879	2486	249
18880	2695	302
18881	3463	233
18884	2085	448
18886	2951	301
18887	4169	305
18890	3341	263
18894	4052	295
18901	4189	227
18903	2975	290
18906	2154	269
18906	2154	211
18909	2477	351
18917	2338	255
18920	2892	318
18922	2397	334
18923	2576	268
18924	3273	499
18926	4874	290
18927	4391	580
18930	4689	200
18931	3022	313
18932	3432	243
18935	3466	200
18937	3491	245
18939	3149	380
18947	2973	369
18948	4076	304
18948	4076	241
18954	1809	345
18959	4857	498
18959	4857	520
18964	2046	227
18966	4798	516
18966	4798	445
18967	2594	425
18969	4663	300
18971	3099	332
18972	1852	330
18973	3934	396
18973	3934	393
18974	2484	333
18975	2305	238
18976	5254	362
18992	3637	206
18996	2432	334
18998	3712	429
19002	2490	317
19013	3009	546
19016	2551	227
19018	2818	304
19019	2744	261
19020	2756	325
19022	2211	323
19029	3297	265
19035	3437	382
19036	1748	270
19038	1721	312
19039	4895	316
19041	2376	258
19042	5100	496
19042	5100	477
19049	2874	427
19054	4064	167
19054	4064	283
19057	2316	211
19061	4687	289
19065	1979	456
19069	4239	477
19072	1614	450
19078	1127	336
19084	2878	370
19086	2076	276
19087	1506	310
19088	2593	511
19089	2352	291
19091	2586	466
19092	2857	335
19093	2792	236
19095	5611	200
19095	5611	251
19104	1681	394
19106	4888	542
19110	2737	326
19111	1395	215
19114	2958	418
19116	3535	531
19116	3535	465
19117	2049	293
19124	2141	281
19125	2639	346
19127	2402	317
19129	3408	326
19129	3408	294
19137	2268	250
19139	2555	211
19141	4197	496
19143	2377	321
19164	3401	200
19165	3517	200
19166	4319	476
19167	2303	326
19175	2986	338
19178	4354	479
19178	4354	482
19180	2026	295
19183	2577	215
19185	2921	385
19191	4260	369
19191	4260	480
19192	4919	303
19193	5160	612
19194	2845	286
19195	2548	272
19197	3849	426
19201	2977	305
19201	2977	254
19203	3768	516
19205	5139	490
19206	5844	289
19210	2073	264
19225	1245	283
19226	3718	283
19234	4004	510
19237	4499	326
19237	4499	398
19242	2238	286
19253	3352	394
19255	2369	269
19256	2419	490
19259	6051	323
19260	3098	283
19265	2833	271
19266	4164	493
19266	4164	185
19267	3303	515
19269	2863	254
19273	3166	274
19274	3749	296
19275	3347	492
19277	4588	317
19279	2142	276
19280	1338	298
19281	2476	483
19283	3075	464
19286	2181	484
19288	3836	421
19293	1885	238
19294	2805	292
19301	1939	312
19302	2335	301
19304	2967	262
19305	2316	294
19307	4724	378
19312	4733	479
19312	4733	461
19314	2829	462
19315	4176	478
19317	1765	221
19326	2627	357
19327	2959	211
19328	2224	432
19330	1281	266
19334	2297	344
19335	5027	458
19347	2926	215
19348	5644	411
19352	2600	510
19353	3455	225
19354	1894	406
19360	2628	441
19362	2815	398
19366	2765	366
19374	3773	206
19375	2472	480
19379	3985	504
19381	2222	303
19387	2365	470
19389	2266	238
19391	1489	235
19398	3652	378
19405	2371	288
19415	5509	284
19415	5509	447
19417	2811	271
19422	3310	469
19426	3642	430
19427	3821	422
19428	3942	478
19431	2346	249
19432	2247	211
19433	3592	312
19437	3217	473
19438	2093	433
19439	2566	467
19443	5152	411
19443	5152	445
19459	5431	468
19459	5431	461
19460	3214	303
19461	4702	436
19462	6709	442
19462	6709	304
19462	6709	459
19463	3084	320
19467	2071	319
19468	2771	277
19469	2628	313
19469	2628	313
19470	3452	444
19472	2449	502
19476	2816	356
19479	2526	280
19480	2893	481
19481	4973	484
19481	4973	399
19483	2226	326
19489	2002	185
19491	2662	399
19499	2464	258
19500	1905	313
19503	1486	305
19507	1325	318
19508	3451	533
19513	5337	538
19514	1616	485
19516	3522	250
19519	4910	300
19519	4910	499
19520	1320	185
19522	2493	306
19526	5899	462
19530	5275	256
19531	1686	319
19536	3172	513
19537	4518	268
19546	2185	185
19548	1514	200
19550	2968	357
19552	1651	302
19560	4912	346
19561	1895	310
19563	2881	200
19566	3501	271
19566	3501	264
19570	5637	185
19571	2546	381
19574	2357	311
19575	1744	273
19581	1883	297
19584	4061	489
19584	4061	261
19592	3114	444
19606	2630	351
19606	2630	266
19610	1795	412
19611	3962	267
19611	3962	238
19612	2056	326
19617	2673	446
19618	6682	259
19621	5199	373
19622	2505	323
19624	4250	323
19624	4250	259
19625	4188	331
19625	4188	243
19629	2694	200
19629	2694	289
19630	3864	239
19632	4442	399
19639	4455	489
19641	3290	442
19642	2807	465
19643	3952	614
19644	2658	297
19649	3205	335
19650	2341	365
19651	3096	282
19653	4241	280
19655	3062	455
19656	3292	285
19656	3292	287
19660	2954	446
19664	3689	391
19666	3615	503
19667	2173	483
19674	3715	468
19675	1309	320
19676	4018	319
19677	4886	363
19680	3317	545
19681	1914	292
19683	2998	226
19685	4875	471
19687	2563	459
19688	4090	493
19688	4090	325
19692	4935	432
19692	4935	449
19704	3146	488
19706	1638	340
19710	3222	275
19712	2055	344
19715	2386	470
19717	2715	445
19720	2884	556
19721	3493	311
19725	4088	307
19725	4088	318
19727	4821	422
19727	4821	238
19729	2015	269
19730	2818	372
19731	2673	519
19733	3533	280
19740	4593	530
19765	3261	433
19766	3030	417
19769	4484	292
19771	4929	395
19776	2014	480
19779	3671	391
19780	5331	233
19781	3416	343
19784	1737	215
19786	2399	203
19787	1175	215
19788	3358	338
19794	2996	250
19795	3251	361
19795	3251	295
19797	2228	321
19798	4088	621
19802	3737	409
19803	4163	211
19803	4163	263
19804	4838	463
19805	2707	322
19806	2722	244
19808	1728	297
19810	3296	318
19811	2822	300
19812	3585	288
19815	4449	286
19815	4449	331
19818	1801	200
19822	1572	344
19824	2768	323
19825	4742	469
19825	4742	390
19830	1970	200
19837	3328	255
19839	1925	236
19844	3468	423
19850	1941	289
19853	3420	275
19853	3420	185
19854	2018	296
19856	2118	263
19857	3127	369
19860	3055	453
19864	2769	262
19867	2826	273
19869	1986	254
19870	1709	185
