0	16015	19448
2	4231	461
4	5934	794
5	3955	277
10	4760	299
11	4164	416
11	4164	508
17	4998	565
17	4998	483
20	4772	433
20	4772	465
21	3012	394
26	3167	542
27	3745	539
30	4090	384
32	3380	295
37	3987	200
42	2706	556
45	1707	250
47	4068	603
55	4293	473
60	3343	527
61	1368	283
62	4109	410
63	1631	419
72	2166	576
82	4732	581
86	4299	555
91	4138	825
92	2930	250
101	7202	577
102	2057	406
106	2526	510
109	2614	185
113	5007	589
114	2855	487
115	7013	899
119	3001	350
120	2011	222
131	3986	570
133	3664	579
135	5549	642
136	3326	467
141	5244	468
141	5244	418
143	2867	327
145	3743	366
147	3731	335
148	2980	556
152	4237	562
156	3469	531
157	4758	592
157	4758	585
160	5743	558
167	5760	451
168	2465	370
169	2501	206
170	4956	563
170	4956	319
171	4641	874
172	4182	584
176	2429	572
178	2978	256
182	3018	559
185	4633	903
190	3061	547
194	5475	485
194	5475	466
197	3249	743
198	4370	584
201	2728	386
205	4401	506
207	2397	238
208	4682	534
208	4682	424
210	2938	185
211	1955	522
213	2990	752
227	2120	528
231	2473	211
232	1961	316
233	2895	261
234	5330	543
236	2179	247
237	3367	379
237	3367	424
240	3696	796
241	2352	570
246	4096	504
251	3918	216
251	3918	277
252	2435	400
254	2686	280
254	2686	310
256	2696	378
257	5119	578
257	5119	505
259	2901	551
262	2759	450
266	3690	786
270	2884	311
280	4568	288
280	4568	199
281	1906	412
285	3698	591
290	3152	508
293	4409	796
297	3912	234
299	1368	358
305	3249	290
305	3249	234
314	5019	610
317	2732	500
319	1737	249
320	2402	277
324	2238	284
326	2819	419
330	4137	206
335	4465	606
335	4465	172
340	1921	185
348	4059	584
350	2213	266
360	3132	314
360	3132	340
361	5774	363
361	5774	370
362	3762	562
366	3120	445
367	4378	372
368	4437	480
368	4437	589
373	4808	408
374	4071	371
379	3120	157
379	3120	379
380	4176	580
380	4176	211
381	2210	445
382	3794	396
383	4247	200
387	4065	918
391	2713	244
397	4030	467
404	2920	356
404	2920	349
410	4500	558
413	4219	494
417	2384	394
422	2091	243
425	2690	368
428	4046	291
428	4046	328
430	5360	516
432	2777	334
435	2920	461
437	4179	651
438	2418	369
439	3589	344
440	2954	430
444	3920	267
458	2915	334
458	2915	206
460	3427	457
467	6316	826
475	2787	369
476	2481	236
476	2481	374
478	4684	185
478	4684	211
483	2831	277
491	3909	492
491	3909	283
493	3133	393
497	1720	221
500	1296	351
501	2489	348
504	2273	505
505	3196	315
511	3668	331
512	3216	348
512	3216	299
513	4233	409
514	1646	377
518	7292	313
519	3412	286
523	2200	238
525	1984	240
526	1544	206
527	5318	595
529	5173	526
544	5285	524
547	4998	505
547	4998	559
555	3690	758
556	3286	264
556	3286	477
557	4223	319
562	3633	410
564	2465	492
565	1875	348
568	4463	550
571	2359	347
574	2436	350
575	7764	361
577	4678	412
578	3931	569
583	2150	296
585	2222	255
592	1911	289
595	2535	439
598	3890	618
605	3604	420
607	3538	463
612	6564	347
612	6564	349
617	2935	468
620	2944	255
622	3822	275
622	3822	217
623	3336	262
627	2734	211
628	3422	311
634	6492	542
634	6492	479
635	1877	211
640	4194	505
644	3279	575
647	4123	414
657	2039	267
666	2108	185
668	2480	370
668	2480	306
671	2349	367
673	841	215
677	2554	317
683	4570	347
686	3532	345
688	6293	321
693	1502	238
698	3813	200
700	2635	364
710	4598	265
712	3301	423
716	2538	476
720	3793	356
720	3793	516
726	3566	265
731	3224	248
731	3224	321
735	2622	399
742	7194	430
743	7670	516
743	7670	775
750	7129	654
763	2465	532
763	2465	243
778	3386	486
791	3253	494
794	2003	264
797	4622	625
798	2713	200
801	6942	829
803	2033	260
806	1665	371
809	2424	204
809	2424	253
814	4945	354
814	4945	468
816	4150	759
817	5401	617
817	5401	169
820	4476	522
824	2572	245
829	3301	352
837	4868	847
838	4086	514
839	4109	399
840	1545	336
846	3429	663
847	2976	484
848	3541	357
850	3625	558
853	3065	370
855	1447	314
856	5505	459
860	1967	358
862	5205	325
862	5205	349
867	2279	310
876	2673	244
879	1626	230
882	3676	320
889	3242	441
889	3242	455
893	5511	464
894	1917	254
896	5979	196
897	1669	261
900	2619	513
906	2156	416
908	3133	335
909	3834	420
912	6593	581
912	6593	315
913	3602	315
914	2184	324
916	3950	561
922	4378	325
926	2572	362
927	5510	558
927	5510	203
930	5009	404
930	5009	483
931	6049	532
932	6390	645
932	6390	277
932	6390	240
935	5952	595
935	5952	617
936	4268	396
936	4268	162
938	4303	607
942	2931	211
948	3112	669
955	3432	610
956	3477	395
957	4849	512
957	4849	471
962	4825	339
964	3332	298
969	3984	453
973	4152	859
974	4943	227
979	4442	550
980	2617	360
981	4149	596
981	4149	368
982	4795	566
984	3157	473
990	3619	185
991	2635	608
994	6352	427
994	6352	547
997	6135	517
997	6135	538
998	2153	326
1000	6188	820
1000	6188	654
1002	2543	514
1003	4273	628
1004	3755	355
1009	1902	296
1010	2660	346
1015	3886	455
1016	2568	389
1019	5392	496
1021	3338	460
1023	2626	454
1024	3378	434
1033	4505	570
1038	3117	548
1040	3971	249
1042	5495	558
1043	3295	279
1050	3172	254
1050	3172	457
1054	4450	530
1057	2514	243
1059	4437	542
1061	1477	353
1062	2628	387
1065	5168	711
1069	3393	534
1070	2617	662
1072	2080	403
1077	3359	226
1079	4528	603
1079	4528	579
1082	6622	543
1082	6622	559
1084	4578	620
1085	3149	396
1090	4445	548
1090	4445	438
1092	4582	396
1092	4582	547
1099	2337	445
1100	2270	387
1101	4429	515
1102	2751	528
1103	2623	567
1105	3577	415
1107	4388	265
1107	4388	394
1108	3902	563
1110	4955	927
1111	2427	320
1112	4046	690
1113	3052	279
1116	1705	238
1121	2589	200
1122	3930	597
1124	4832	403
1127	3333	491
1133	3172	470
1134	2483	249
1135	3093	472
1138	4469	340
1139	4849	536
1139	4849	534
1140	1790	295
1142	4555	573
1143	3962	525
1145	3410	350
1158	3213	253
1158	3213	281
1159	4267	561
1160	4240	516
1168	4398	628
1170	4578	490
1171	3957	905
1175	3707	503
1177	2423	289
1180	4693	619
1183	4209	381
1183	4209	200
1193	3244	527
1194	5262	794
1198	5305	318
1198	5305	563
1199	3412	370
1201	3817	564
1202	3669	503
1206	3195	557
1211	2880	317
1213	3303	222
1213	3303	408
1214	2317	365
1223	3350	183
1223	3350	499
1227	4113	563
1230	3022	560
1233	6133	261
1233	6133	476
1239	6083	227
1246	3753	389
1248	4448	537
1250	2927	328
1252	1908	284
1255	5358	636
1262	2543	352
1264	3629	547
1267	3032	248
1270	3516	523
1272	1693	353
1273	3824	327
1276	2439	261
1278	3291	522
1284	4013	490
1285	3257	322
1292	3169	250
1295	3645	230
1296	4013	587
1311	3848	317
1312	2950	369
1314	2121	330
1315	5026	445
1315	5026	521
1316	5541	453
1316	5541	564
1320	5823	358
1320	5823	217
1329	1101	251
1330	1990	343
1333	3168	278
1335	3028	388
1338	4217	268
1338	4217	621
1339	3189	417
1341	3238	397
1344	3737	331
1347	3936	185
1348	1383	387
1349	1669	158
1350	2504	341
1354	1626	308
1359	3461	282
1362	3952	370
1362	3952	263
1363	3290	483
1367	3066	347
1368	2130	341
1370	2446	333
1372	2342	374
1375	5232	379
1380	3488	373
1380	3488	263
1381	4552	378
1381	4552	396
1382	3076	723
1390	3769	820
1396	1331	353
1400	4711	497
1403	3425	481
1407	3747	525
1412	6261	448
1412	6261	500
1418	3219	334
1418	3219	243
1419	1298	257
1420	2642	309
1429	5708	209
1429	5708	275
1431	6518	504
1432	4732	317
1432	4732	260
1434	1345	379
1442	2780	377
1446	5195	419
1448	4361	286
1449	4305	714
1450	3122	344
1450	3122	287
1451	2295	293
1453	1675	331
1454	3404	443
1455	4430	533
1457	3592	287
1458	3177	337
1458	3177	256
1459	6164	290
1462	3282	392
1466	1675	230
1467	3852	387
1468	4570	823
1470	3611	514
1471	6610	384
1473	3680	365
1474	2262	281
1477	3546	372
1481	2742	431
1484	3553	363
1484	3553	282
1486	2589	360
1492	2948	338
1493	3209	333
1499	3921	230
1499	3921	490
1505	2394	259
1506	1297	349
1507	2585	284
1509	1850	348
1511	3953	536
1512	5658	282
1512	5658	343
1513	3287	401
1517	5284	506
1517	5284	540
1519	3304	363
1520	3212	261
1520	3212	336
1521	3310	361
1522	6033	401
1522	6033	457
1528	1958	343
1529	2461	349
1530	2369	418
1534	3462	248
1534	3462	199
1537	3187	390
1537	3187	278
1543	4879	179
1543	4879	275
1543	4879	346
1544	2331	268
1545	2152	338
1545	2152	217
1547	1985	222
1549	2719	339
1550	3402	358
1551	3101	312
1551	3101	236
1563	3008	226
1568	4455	756
1570	3550	524
1571	2754	324
1571	2754	313
1574	1675	345
1576	3453	351
1579	3341	273
1579	3341	314
1581	2444	227
1585	3247	577
1586	2855	215
1588	1828	291
1592	4076	273
1594	5975	756
1597	4554	488
1597	4554	567
1600	2586	459
1602	3284	359
1605	2019	273
1606	4095	309
1609	4535	206
1610	1375	517
1611	4339	512
1616	2081	360
1617	5565	874
1621	2340	386
1622	1908	244
1623	2216	307
1624	1903	354
1627	3292	364
1627	3292	297
1629	2254	522
1632	1801	528
1633	3737	394
1634	2461	333
1636	2158	363
1638	2356	338
1642	2364	299
1642	2364	291
1650	3417	363
1656	2311	271
1663	2600	344
1663	2600	289
1664	2634	333
1667	5174	302
1668	2383	215
1672	3253	185
1673	1950	342
1675	2536	291
1676	2102	364
1677	2379	380
1679	2902	244
1680	2720	400
1682	2007	211
1690	2617	273
1695	4213	227
1695	4213	304
1697	3435	515
1700	2829	329
1711	2116	326
1712	3675	351
1719	2456	286
1722	2498	496
1724	1602	227
1725	2562	490
1735	2803	488
1736	2051	272
1738	2273	538
1741	4981	523
1748	3811	453
1750	3991	442
1754	2555	345
1756	2684	216
1757	3930	665
1761	2652	549
1773	3678	504
1774	6061	458
1774	6061	386
1782	3336	542
1786	2109	548
1787	4882	461
1787	4882	460
1788	3998	454
1793	2553	317
1795	1865	255
1803	6682	448
1807	2608	256
1808	2115	264
1818	3376	222
1824	2909	249
1827	4328	493
1827	4328	291
1837	3376	396
1840	5243	676
1841	3410	451
1842	6038	832
1845	3111	270
1847	3040	436
1849	6220	637
1852	3050	276
1854	3742	323
1868	4379	227
1873	5156	328
1887	5365	185
1887	5365	495
1888	1990	211
1893	3916	568
1894	6208	345
1894	6208	331
1899	3019	346
1902	6492	211
1902	6492	349
1903	2942	460
1904	3430	290
1906	2006	297
1907	2329	322
1911	6950	396
1911	6950	608
1915	5967	488
1915	5967	587
1919	4111	661
1921	2536	327
1927	2683	396
1928	5841	923
1932	4507	591
1934	6119	941
1935	2518	344
1936	4801	335
1937	2096	376
1938	2124	339
1947	4973	590
1949	2052	619
1958	5203	601
1958	5203	188
1959	6070	486
1959	6070	614
1960	2392	258
1964	2073	296
1965	3298	490
1970	5646	474
1970	5646	544
1971	1998	335
1974	1637	244
1979	2259	227
1980	2556	283
1982	5161	502
1983	4124	239
1985	2333	283
1985	2333	293
1993	2713	448
1995	3313	340
2001	2999	604
2005	2733	834
2007	3309	185
2011	6571	319
2012	2776	340
2013	5628	630
2020	6256	703
2021	2959	423
2023	1832	313
2028	3251	222
2031	3334	236
2034	1187	291
2035	4673	295
2036	3980	695
2038	3450	342
2039	2077	185
2040	2996	381
2050	4489	375
2057	5299	490
2057	5299	333
2058	2655	185
2070	3057	403
2071	3035	421
2074	3228	514
2078	3829	200
2079	4468	353
2082	5439	248
2084	3562	591
2085	4247	370
2085	4247	315
2089	2329	325
2089	2329	332
2092	3767	560
2093	2861	185
2099	4304	376
2099	4304	239
2100	2921	345
2108	5227	770
2112	3172	359
2113	3503	338
2117	2248	298
2122	3123	185
2123	3335	401
2135	2146	539
2139	3294	528
2140	2603	443
2144	3851	603
2145	3940	562
2148	3444	319
2149	3548	301
2154	3780	500
2155	2233	361
2160	2228	222
2161	3829	534
2163	3172	198
2163	3172	154
2167	4103	390
2168	2327	264
2168	2327	214
2170	3113	333
2185	2815	387
2186	5153	334
2187	4005	446
2191	5520	654
2200	4128	287
2201	2021	375
2202	3534	347
2202	3534	330
2203	3748	296
2204	3042	315
2204	3042	262
2212	1720	216
2213	3169	273
2214	2817	440
2215	4124	485
2225	3677	291
2226	2848	324
2227	3173	616
2229	2552	411
2230	3536	474
2231	3565	572
2235	2397	343
2240	2327	251
2241	2452	286
2242	3353	299
2242	3353	162
2245	2188	162
2246	3057	330
2247	4934	526
2257	3180	354
2265	2325	304
2266	2508	505
2271	2805	215
2274	5518	597
2276	2797	345
2279	1945	298
2280	3574	252
2280	3574	286
2283	3586	238
2283	3586	185
2285	2122	324
2297	2921	499
2298	2182	200
2299	4276	601
2301	2074	291
2302	3321	519
2310	2416	324
2322	3336	264
2328	2016	310
2329	3410	775
2330	5351	540
2332	4623	363
2332	4623	338
2336	3376	517
2337	2156	232
2339	3296	386
2346	3753	401
2351	2471	260
2353	3875	262
2353	3875	319
2354	3367	347
2359	3780	291
2359	3780	311
2360	5850	408
2364	3755	530
2365	2128	308
2369	2155	350
2375	3377	468
2376	1058	227
2378	5094	735
2380	4257	204
2380	4257	310
2384	272	211
2385	2015	337
2395	6110	608
2397	2520	272
2399	2238	273
2403	4471	537
2416	2152	324
2417	3711	244
2419	2761	346
2423	3489	951
2425	3788	444
2425	3788	437
2426	3792	386
2427	4533	336
2427	4533	343
2432	3154	600
2433	2328	491
2447	4263	319
2451	4079	302
2452	2325	222
2455	5315	347
2458	3081	652
2465	2259	328
2467	4840	321
2480	5547	420
2482	1834	396
2485	2965	279
2485	2965	268
2489	2626	398
2503	4546	305
2511	3673	356
2513	4240	344
2536	4653	185
2536	4653	401
2556	3498	454
2559	3032	292
2562	1071	238
2580	2575	531
2607	4245	369
2608	8445	457
2609	3684	226
2613	4998	971
2622	3087	399
2630	5067	808
2638	3639	461
2648	5699	380
2651	3332	250
2654	7141	376
2670	3956	415
2675	2308	250
2684	4708	314
2684	4708	185
2686	4535	564
2694	1584	185
2695	2615	422
2704	4149	227
2709	5368	499
2710	4695	618
2715	4337	385
2718	2211	221
2720	4078	904
2724	4360	508
2730	3888	576
2734	6276	456
2734	6276	563
2736	5793	615
2736	5793	297
2737	2865	480
2743	2612	355
2748	2391	324
2750	1090	308
2765	4829	651
2767	8378	703
2773	3623	488
2774	2481	328
2779	2788	527
2786	5174	606
2800	6831	911
2803	2388	185
2814	1474	327
2825	2314	369
2827	2105	185
2836	2716	409
2839	3007	494
2840	5224	541
2840	5224	358
2841	4795	262
2841	4795	575
2845	3878	229
2848	2273	445
2850	3365	396
2854	3025	342
2856	2923	576
2858	3494	389
2862	6436	305
2864	2473	324
2866	3636	200
2874	4082	392
2878	2928	446
2880	3018	247
2880	3018	351
2881	3238	326
2885	4211	413
2885	4211	277
2893	2787	393
2896	4749	285
2896	4749	266
2897	4307	347
2902	2434	215
2903	1761	382
2906	1896	327
2907	4104	349
2909	3601	268
2910	2605	377
2910	2605	199
2912	2015	626
2914	4043	322
2916	5954	262
2916	5954	342
2916	5954	185
2917	2366	302
2922	2910	382
2922	2910	204
2927	3694	366
2928	2837	291
2930	2801	185
2935	2169	349
2936	3220	524
2944	4166	273
2948	3731	397
2952	3519	356
2953	1332	324
2955	4744	344
2955	4744	790
2956	1618	295
2961	2348	385
2962	2775	290
2968	2255	185
2969	1809	258
2972	3575	185
2974	2972	346
2976	3453	200
2976	3453	221
2978	2785	263
2980	3075	211
2983	2611	332
2984	6178	352
2996	2781	238
2996	2781	185
2999	4324	381
3000	2464	206
3003	2005	349
3006	3344	327
3007	3228	513
3012	2731	222
3015	2446	539
3017	3306	361
3017	3306	215
3023	1320	227
3024	1571	368
3028	1809	257
3029	1762	124
3030	4069	200
3032	3161	267
3032	3161	313
3034	2482	222
3035	2776	250
3038	2436	373
3051	3713	350
3052	3553	281
3054	5196	372
3059	3075	320
3060	2671	246
3066	2443	185
3072	2778	357
3079	2685	355
3080	3253	281
3084	3646	541
3087	4012	401
3093	2658	336
3094	2420	430
3096	2533	318
3099	3711	333
3099	3711	246
3100	4428	585
3104	3235	366
3106	4771	352
3107	6478	244
3107	6478	304
3108	4312	473
3113	5477	227
3113	5477	452
3117	4097	276
3119	5061	584
3119	5061	601
3121	2915	382
3125	928	295
3131	3492	294
3131	3492	185
3132	2616	368
3133	2574	521
3134	3654	471
3135	2694	336
3138	4373	566
3139	2653	353
3141	1683	568
3148	2479	222
3149	2684	230
3151	2843	401
3153	5180	491
3156	1172	262
3158	2137	429
3162	4121	341
3162	4121	374
3167	2603	332
3168	2402	531
3171	4163	227
3173	4071	352
3174	3149	363
3175	5241	350
3181	5493	573
3182	5128	197
3182	5128	269
3183	2124	185
3186	4393	381
3187	4026	345
3187	4026	367
3190	5658	347
3190	5658	567
3201	2869	346
3202	3268	238
3205	2949	200
3206	2716	379
3207	5262	466
3215	2598	322
3222	2696	523
3230	1174	313
3231	6402	607
3232	4487	448
3232	4487	364
3238	1781	256
3240	3692	355
3242	3165	232
3244	2470	303
3248	4731	447
3248	4731	343
3251	3687	494
3256	4350	595
3265	3339	612
3271	3140	462
3272	3470	237
3272	3470	507
3281	1989	472
3288	3797	273
3290	4964	263
3290	4964	304
3291	2713	377
3298	3018	293
3304	2657	591
3305	3180	473
3306	3142	584
3307	2127	604
3311	4618	462
3323	4206	359
3328	3636	265
3328	3636	258
3329	4615	628
3330	4482	662
3333	2902	321
3334	6403	227
3335	2921	330
3336	2760	453
3343	2906	448
3344	3272	370
3346	5297	469
3352	3349	583
3354	2216	601
3359	2109	333
3363	3031	534
3365	5467	610
3368	4261	185
3371	3419	549
3373	4014	518
3376	2857	304
3380	1793	211
3381	5564	348
3381	5564	537
3384	4619	579
3387	3340	498
3390	2210	428
3396	3198	469
3397	3036	211
3399	1537	185
3402	2195	351
3404	2874	452
3411	3199	448
3413	4208	527
3418	1371	304
3420	3126	451
3423	3971	155
3423	3971	196
3431	4920	200
3431	4920	259
3439	5505	638
3442	3804	200
3442	3804	311
3444	3427	299
3447	4385	269
3448	2923	568
3451	3935	588
3455	5481	581
3456	4785	501
3459	1947	450
3460	2654	524
3465	1426	284
3467	3687	628
3470	3340	503
3473	5634	440
3474	2761	200
3475	4326	387
3495	2480	413
3498	2176	303
3507	3436	583
3510	2740	323
3512	2087	250
3513	4943	533
3513	4943	561
3515	3615	340
3516	1572	325
3518	6267	473
3518	6267	493
3524	3879	238
3524	3879	201
3525	5883	216
3536	3927	592
3548	3957	227
3548	3957	260
3551	1848	425
3552	4698	475
3552	4698	523
3556	5667	618
3557	4388	390
3563	2540	648
3567	2889	381
3571	3384	654
3582	2799	340
3584	3773	307
3586	5923	480
3586	5923	538
3590	4694	523
3593	2502	525
3595	2937	215
3597	2197	476
3598	2644	303
3601	2205	215
3601	2205	201
3607	2366	342
3608	4678	507
3609	2078	531
3610	2066	383
3610	2066	357
3612	2548	527
3614	4145	314
3619	1738	318
3634	2266	354
3636	3449	185
3636	3449	320
3637	4487	274
3638	3099	355
3638	3099	332
3640	3859	476
3642	2071	552
3644	2502	320
3644	2502	291
3653	3549	480
3660	4866	608
3661	3214	333
3666	1621	227
3667	3834	1041
3680	5080	522
3684	5137	455
3686	3802	365
3698	2411	342
3702	2723	600
3704	2853	268
3705	2353	467
3707	4401	571
3709	2011	320
3717	2251	362
3727	2584	221
3729	3664	290
3729	3664	306
3731	2627	327
3732	3279	215
3732	3279	376
3733	3405	259
3734	2770	242
3738	3448	232
3739	1339	335
3740	3955	471
3750	1550	271
3752	3837	342
3768	2572	400
3774	4915	579
3776	1632	221
3778	2939	336
3781	718	275
3790	2993	272
3795	4606	401
3802	1206	326
3803	5143	507
3805	3622	617
3811	3786	267
3815	3036	496
3816	3201	556
3821	4147	632
3825	2106	259
3826	3940	350
3826	3940	220
3830	1533	227
3832	2017	273
3838	2064	275
3842	2971	511
3843	4792	522
3846	4033	638
3850	2794	468
3851	4797	268
3851	4797	464
3854	3191	201
3859	2653	200
3861	1973	532
3867	5365	578
3867	5365	416
3869	2479	279
3870	1451	394
3875	2095	324
3876	2532	311
3881	3827	237
3881	3827	526
3883	3361	550
3884	3080	359
3886	2449	291
3889	2656	255
3890	1816	553
3893	2538	332
3894	2465	120
3894	2465	186
3894	2465	248
3897	4585	512
3900	3678	331
3902	4078	560
3903	3126	518
3905	2761	499
3911	2271	275
3912	2589	200
3915	2831	267
3915	2831	354
3916	802	286
3918	2639	549
3919	2197	354
3920	2083	177
3920	2083	127
3922	3871	364
3922	3871	526
3928	2472	574
3929	3522	413
3932	2568	169
3932	2568	192
3934	3108	319
3937	2818	319
3938	2856	274
3941	3740	389
3944	5227	429
3946	2944	755
3949	2304	331
3951	3249	345
3951	3249	349
3954	3039	447
3955	5237	545
3957	3365	300
3961	3156	359
3961	3156	359
3962	2996	400
3963	2946	289
3964	4118	391
3964	4118	313
3967	4548	253
3967	4548	589
3968	2711	323
3970	2921	350
3972	3735	403
3977	2320	270
3977	2320	318
3981	4486	524
3983	3968	537
3990	2967	397
3992	2451	254
3992	2451	252
3996	2385	322
3999	4369	557
3999	4369	486
4000	2616	324
4004	1884	358
4014	1556	361
4015	3762	397
4017	3790	449
4027	3573	353
4029	2947	397
4030	4417	312
4035	2565	460
4036	2936	428
4036	2936	176
4037	5101	436
4037	5101	461
4039	4535	413
4039	4535	250
4044	3101	222
4045	3536	442
4046	2820	200
4047	1910	169
4047	1910	138
4052	1852	307
4055	2579	498
4056	4160	625
4057	3961	409
4057	3961	347
4059	2591	424
4059	2591	318
4067	4822	650
4067	4822	545
4085	1775	508
4086	3550	569
4093	4730	837
4095	3161	531
4096	2226	518
4097	3242	470
4099	2155	504
4105	2589	337
4108	3407	579
4109	3686	612
4114	1954	518
4117	3203	406
4118	2438	185
4124	3477	341
4124	3477	569
4132	2618	419
4136	3991	570
4141	4412	471
4141	4412	307
4142	3433	334
4143	2235	185
4150	3154	560
4151	3610	563
4152	2159	319
4153	2126	536
4154	2080	357
4160	5306	401
4162	2606	490
4165	1720	206
4169	3998	440
4173	4170	509
4175	4059	281
4175	4059	468
4177	2963	362
4178	2181	464
4180	4964	298
4184	3513	395
4188	2988	580
4197	2856	335
4201	2579	447
4207	2287	576
4209	4348	353
4211	3764	553
4212	4339	381
4217	3569	578
4220	4605	613
4221	2987	319
4222	3346	363
4228	2437	420
4229	2187	482
4230	2527	385
4236	4191	646
4241	3937	525
4245	2980	228
4245	2980	211
4246	4777	751
4249	3167	373
4251	2879	619
4252	5135	498
4252	5135	552
4255	3254	636
4256	4165	304
4256	4165	316
4257	2743	388
4257	2743	259
4258	2898	402
4259	2018	227
4261	3074	485
4265	2637	316
4265	2637	238
4269	3082	266
4270	1756	185
4275	2309	292
4279	2356	474
4280	3315	346
4282	4569	561
4284	2532	344
4286	4318	516
4287	4302	631
4295	2468	211
4296	2539	222
4298	3912	442
4298	3912	568
4303	4734	650
4307	2851	309
4308	2755	357
4318	3031	477
4318	3031	191
4319	2336	332
4320	2901	314
4321	2320	598
4323	4785	429
4324	3102	338
4327	2714	295
4333	4191	559
4334	2953	553
4335	4438	497
4336	3375	238
4338	3332	594
4338	3332	369
4349	2824	367
4350	5089	215
4357	4346	385
4358	2587	359
4362	2660	573
4364	3610	827
4367	4665	556
4369	2158	531
4371	2657	457
4373	1771	185
4374	4687	555
4374	4687	200
4375	2698	321
4376	2663	253
4378	4911	296
4378	4911	407
4380	3868	621
4381	4124	366
4381	4124	345
4382	2947	326
4385	3775	179
4385	3775	145
4386	4608	448
4396	3420	348
4397	3248	316
4397	3248	335
4398	4011	452
4398	4011	569
4400	3744	317
4402	3096	361
4403	3629	333
4407	3569	255
4414	4895	594
4418	3887	443
4418	3887	414
4419	2871	510
4421	5206	697
4427	3309	542
4428	3814	390
4429	2258	339
4432	3229	353
4433	2629	351
4434	1843	501
4446	5115	501
4448	3525	215
4449	3792	481
4450	3779	620
4451	2026	350
4452	2057	531
4454	3701	597
4455	2666	373
4457	2881	303
4457	2881	315
4458	2044	296
4459	2148	285
4460	1685	358
4474	2175	206
4477	7085	442
4478	4574	543
4478	4574	214
4478	4574	182
4481	4555	622
4481	4555	435
4482	5531	351
4482	5531	454
4483	7061	882
4489	4068	185
4489	4068	299
4490	3202	590
4495	3335	185
4498	3729	559
4499	5882	869
4501	3328	430
4503	3463	547
4506	5956	851
4509	4451	809
4510	2655	354
4511	1939	460
4512	2107	298
4513	5910	619
4513	5910	404
4522	2719	691
4526	4027	553
4529	3804	256
4534	6060	890
4537	3376	213
4538	4261	553
4540	1124	397
4542	3733	337
4544	4054	586
4544	4054	422
4545	3557	582
4550	1858	298
4551	3957	399
4553	3532	227
4556	6242	541
4560	3508	330
4561	6341	280
4564	3659	439
4575	2211	266
4576	3129	337
4577	3712	215
4595	4108	634
4598	3353	255
4599	3529	609
4600	3937	605
4603	3558	227
4604	2390	296
4605	2094	356
4606	3780	341
4607	3098	369
4613	4201	292
4613	4201	584
4614	5800	468
4614	5800	722
4618	4287	602
4620	3388	335
4624	3772	356
4628	2114	590
4629	4741	361
4630	2381	185
4633	4304	365
4636	4297	589
4638	2638	274
4638	2638	364
4639	5080	302
4639	5080	185
4642	1809	313
4643	2421	329
4646	2814	324
4647	4092	624
4649	3251	380
4650	2680	336
4654	1840	222
4657	1871	347
4659	2891	634
4663	2918	375
4665	2839	336
4665	2839	299
4669	2384	335
4678	2451	404
4679	2575	316
4682	3612	586
4683	2161	200
4686	7528	327
4686	7528	273
4689	6882	619
4689	6882	567
4696	2419	380
4702	3496	322
4702	3496	275
4703	6506	694
4704	1820	211
4705	3813	363
4709	3866	185
4710	5705	445
4710	5705	386
4711	2926	185
4711	2926	233
4713	2337	267
4714	2945	369
4715	4955	853
4717	2267	407
4721	5816	320
4728	2340	394
4736	1708	342
4738	4191	345
4739	2992	211
4740	4434	392
4741	3250	635
4743	2807	446
4767	3216	582
4771	3800	687
4772	3886	266
4778	2701	293
4782	2155	357
4783	2229	239
4796	4734	295
4796	4734	271
4802	1963	289
4811	6418	321
4818	6023	200
4822	4459	273
4822	4459	287
4825	4831	460
4825	4831	403
4827	3010	185
4829	2603	185
4830	2914	232
4845	2200	361
4850	5538	304
4859	2613	503
4860	3727	368
4861	2170	325
4862	1710	280
4866	3592	315
4868	3069	293
4887	4111	205
4887	4111	402
4888	3684	281
4890	2528	318
4892	4789	354
4894	3221	254
4895	3334	185
4898	3217	297
4902	4089	200
4903	7552	336
4908	5004	260
4908	5004	273
4911	2384	321
4916	3470	297
4916	3470	300
4918	4846	465
4920	1920	251
4925	4185	295
4927	3199	158
4927	3199	283
4931	3122	268
4938	6117	237
4939	4777	276
4940	2251	248
4942	5532	317
4946	5251	335
4946	5251	343
4954	3046	292
4956	966	284
4958	3342	269
4959	3509	275
4959	3509	211
4961	3140	245
4961	3140	338
4978	4307	508
4979	3474	244
4980	3704	493
4991	2759	282
4993	2102	200
4999	2027	404
5003	3543	283
5010	2625	320
5011	3558	185
5019	4274	528
5020	2495	396
5021	2645	267
5026	2323	268
5035	2662	311
5037	1581	251
5041	5049	297
5045	2382	337
5046	2881	227
5046	2881	185
5051	3791	291
5053	2820	286
5054	4391	348
5057	3600	233
5057	3600	309
5070	3304	144
5070	3304	165
5076	2601	318
5089	6702	812
5089	6702	456
5091	3596	185
5092	5244	520
5113	1236	305
5115	2468	290
5117	3434	268
5156	3422	272
5159	1747	293
5163	2010	443
5170	2948	305
5182	2729	230
5205	2340	296
5227	2183	206
5240	3152	501
5250	4341	287
5250	4341	260
5265	1591	383
5269	2706	352
5279	2620	353
5281	6018	273
5291	4060	278
5294	5826	514
5299	2316	211
5311	2210	289
5312	2616	215
5313	1901	200
5315	3391	185
5317	2802	261
5318	2663	320
5318	2663	319
5322	3408	503
5327	3239	369
5334	3788	191
5334	3788	342
5335	3998	531
5338	4857	522
5339	1691	215
5340	3104	365
5347	2438	298
5348	1442	310
5350	2740	498
5354	4471	389
5356	5302	200
5359	4279	392
5359	4279	555
5364	2522	185
5365	2742	460
5370	4129	551
5372	2857	503
5374	6237	341
5374	6237	380
5378	4504	363
5378	4504	292
5383	3433	185
5386	5363	582
5387	2681	606
5392	3154	566
5401	1900	310
5403	3279	370
5412	2660	301
5419	3306	405
5420	4688	531
5420	4688	243
5422	4423	185
5423	5247	569
5426	5601	567
5426	5601	432
5435	3837	515
5436	5596	509
5436	5596	200
5437	5109	886
5438	5482	976
5440	2851	604
5442	4677	398
5443	1983	267
5444	2367	200
5445	2229	357
5448	5966	474
5448	5966	471
5452	4076	885
5454	6230	414
5458	2757	170
5458	2757	183
5463	4382	514
5463	4382	279
5465	2091	238
5467	4637	529
5486	4100	406
5490	3458	408
5492	3243	670
5496	4324	598
5501	3448	358
5503	3778	359
5504	4381	400
5507	4673	535
5509	2396	271
5511	3718	268
5513	3874	321
5513	3874	396
5514	3627	287
5518	3551	585
5521	3377	200
5525	4905	534
5528	3909	238
5529	2535	401
5530	3371	410
5531	3825	278
5531	3825	294
5532	3113	418
5534	4835	185
5535	4334	357
5537	6000	625
5537	6000	249
5543	3991	454
5544	4136	469
5546	2338	385
5547	2736	334
5550	4393	492
5551	5891	235
5551	5891	493
5555	4123	377
5555	4123	399
5556	4318	596
5562	2908	642
5564	4759	583
5568	4910	483
5568	4910	488
5576	2847	262
5578	3238	610
5579	5091	746
5582	5762	565
5582	5762	601
5585	4954	447
5585	4954	597
5586	6191	436
5586	6191	617
5587	4703	572
5588	3340	200
5588	3340	320
5592	3922	342
5593	4802	613
5598	5986	657
5598	5986	421
5601	5825	491
5601	5825	325
5606	5773	898
5606	5773	765
5612	1958	278
5613	2033	200
5617	5097	494
5618	2965	474
5621	2522	317
5623	3048	527
5624	5325	237
5625	6967	617
5625	6967	667
5626	3223	211
5632	3279	436
5633	5318	443
5635	4809	569
5638	5153	269
5638	5153	557
5639	1878	491
5640	3987	267
5640	3987	226
5641	4080	594
5643	5934	564
5643	5934	294
5651	6645	363
5651	6645	607
5651	6645	708
5652	4454	666
5655	3103	444
5657	3856	336
5657	3856	578
5660	4026	627
5661	2800	451
5662	4459	615
5667	3536	590
5669	5918	692
5669	5918	667
5672	5643	386
5678	4456	404
5679	4332	571
5683	2041	462
5685	2564	406
5686	4007	324
5687	3312	622
5688	3324	241
5691	4548	543
5692	4639	405
5692	4639	429
5702	3090	288
5703	5107	257
5704	5293	571
5704	5293	525
5705	3503	276
5708	4045	360
5710	2292	520
5714	3560	593
5715	2913	263
5717	3667	292
5718	4842	427
5722	5655	615
5726	2442	382
5730	3656	527
5731	2950	417
5733	6689	683
5733	6689	920
5734	3138	410
5736	2885	346
5736	2885	165
5740	3611	589
5741	2488	222
5743	3486	521
5744	3740	819
5745	2620	364
5746	6794	567
5749	5044	428
5753	5796	595
5754	6133	282
5754	6133	618
5757	3334	528
5760	4181	361
5761	3629	325
5762	5234	394
5763	4035	568
5764	2628	335
5769	4109	450
5774	5548	558
5775	2057	311
5776	2637	481
5781	1151	347
5782	1803	551
5785	2117	495
5788	4975	517
5788	4975	488
5790	4878	660
5795	3573	388
5800	4015	583
5802	5615	584
5804	2861	268
5805	3763	846
5807	2842	630
5810	5831	666
5812	2428	600
5814	2235	383
5815	2492	442
5819	2698	368
5824	4150	206
5824	4150	311
5827	5394	348
5831	4334	883
5836	1975	405
5839	2717	553
5840	2828	549
5842	5040	711
5843	3313	424
5847	4198	482
5850	2406	216
5850	2406	363
5851	3722	543
5853	2425	506
5855	1883	275
5857	3945	862
5862	5763	378
5868	1585	476
5869	6182	262
5869	6182	676
5870	5630	564
5874	2314	230
5884	2527	287
5884	2527	291
5889	4766	590
5892	4480	632
5897	3127	645
5898	4274	608
5899	3823	600
5901	3434	490
5902	4647	672
5902	4647	266
5904	3573	535
5915	2273	285
5921	1873	329
5923	3018	424
5924	2744	357
5925	3311	233
5927	3182	620
5931	1577	255
5935	4075	166
5935	4075	167
5939	3049	371
5945	3788	452
5950	3188	503
5956	3263	389
5961	4482	893
5962	4700	255
5962	4700	185
5965	2585	258
5965	2585	313
5967	3117	243
5968	6816	462
5968	6816	654
5969	4095	591
5970	1362	200
5979	3579	420
5989	5930	312
5989	5930	590
5991	3190	576
5992	3060	322
5995	2384	325
5996	3101	331
5997	3605	593
6000	4646	391
6004	4738	938
6005	4890	598
6007	3085	328
6023	2571	298
6026	2223	200
6032	5012	504
6034	2706	358
6035	2602	540
6036	4536	472
6039	2066	361
6040	2306	342
6040	2306	360
6043	4655	617
6062	3259	185
6065	3132	365
6075	5348	529
6078	5345	303
6084	2558	394
6091	2701	200
6095	6204	613
6098	5641	358
6098	5641	227
6117	4015	354
6123	4820	558
6124	2890	255
6129	2998	456
6134	4532	538
6137	3890	427
6148	3918	437
6152	3700	198
6152	3700	476
6165	4553	506
6166	3545	458
6167	2382	185
6177	4066	200
6181	2762	352
6186	3886	442
6192	5291	488
6197	785	264
6208	3088	685
6229	4743	211
6237	3723	593
6240	3955	453
6247	4046	509
6249	4778	573
6249	4778	179
6266	5603	832
6283	4279	232
6283	4279	215
6286	2821	274
6289	3742	519
6290	5953	958
6292	2690	206
6292	2690	164
6296	3674	416
6296	3674	371
6301	4203	452
6301	4203	512
6303	3994	248
6304	4537	523
6310	4075	663
6311	4462	369
6312	5163	555
6314	3957	448
6317	3634	222
6319	5150	487
6322	2894	450
6325	4507	266
6326	4726	585
6327	2199	297
6329	5309	601
6332	3836	500
6333	5292	183
6333	5292	608
6334	1565	316
6337	5989	340
6337	5989	417
6341	2305	282
6343	5233	661
6346	4682	278
6346	4682	417
6353	3546	453
6356	4565	497
6366	3733	473
6367	1269	274
6368	3245	275
6372	5781	488
6372	5781	592
6379	3803	469
6386	1687	297
6387	4556	490
6397	4461	316
6397	4461	336
6401	4108	350
6401	4108	312
6402	2921	446
6408	2688	274
6409	6026	393
6409	6026	479
6412	3778	906
6415	1871	267
6418	3207	350
6421	3366	376
6423	4035	850
6424	6130	477
6427	3352	706
6428	3351	436
6435	5384	425
6436	1931	274
6439	2295	415
6440	6153	395
6440	6153	592
6441	3004	362
6445	2709	515
6448	1933	251
6449	3043	262
6457	3276	522
6462	2001	336
6464	3515	433
6466	5519	354
6466	5519	178
6466	5519	75
6466	5519	213
6473	2675	432
6478	2561	318
6479	3147	343
6482	4270	349
6482	4270	344
6484	3157	340
6487	2413	427
6489	4047	226
6491	2844	367
6492	3603	356
6492	3603	354
6493	2553	591
6496	4093	622
6497	4474	589
6499	3417	340
6501	1876	200
6507	2215	335
6514	3479	311
6514	3479	316
6519	5001	227
6528	6395	463
6528	6395	648
6529	2929	536
6533	4998	534
6535	2896	255
6535	2896	364
6539	4050	955
6550	1746	353
6551	2539	417
6553	3095	460
6563	4911	1029
6564	5228	515
6564	5228	553
6565	4790	637
6567	2635	455
6568	3996	319
6574	3195	270
6574	3195	344
6578	4924	738
6587	2369	338
6588	3168	319
6596	2887	292
6596	2887	345
6600	2425	211
6601	1473	185
6605	5027	351
6605	5027	573
6606	5154	415
6610	5492	595
6611	4254	627
6617	3271	450
6619	3569	553
6624	4229	399
6627	2666	311
6628	5635	510
6628	5635	315
6631	3045	357
6632	3999	349
6637	3429	359
6640	3568	351
6640	3568	385
6641	3084	337
6642	4064	462
6647	5392	249
6648	2933	185
6650	3316	435
6653	3401	618
6654	2528	450
6655	4694	448
6658	3393	444
6659	4502	446
6659	4502	508
6660	2973	564
6661	2857	376
6663	3086	435
6668	2565	185
6671	4311	617
6674	2281	295
6674	2281	250
6677	3326	267
6678	4177	326
6679	3583	381
6680	5435	267
6682	5023	164
6682	5023	683
6685	3323	259
6688	2634	339
6691	3031	255
6694	1879	308
6697	3388	411
6701	2450	243
6703	4821	540
6703	4821	370
6711	2965	447
6713	3833	217
6713	3833	409
6714	2749	368
6716	3868	331
6716	3868	370
6720	3349	363
6724	2919	286
6724	2919	211
6728	4384	420
6729	4079	443
6737	3690	414
6738	4126	502
6740	3614	273
6741	4646	356
6741	4646	610
6745	3839	542
6748	2164	367
6749	5587	262
6749	5587	488
6751	2657	211
6751	2657	338
6752	3236	358
6756	3833	280
6756	3833	137
6756	3833	152
6760	3415	257
6761	5609	479
6761	5609	274
6764	4179	577
6765	4204	608
6767	3492	311
6771	4792	522
6774	2512	601
6789	2708	630
6791	2534	191
6791	2534	135
6794	3828	592
6795	4330	476
6796	5192	638
6796	5192	225
6796	5192	154
6797	5545	607
6799	2215	215
6800	5250	399
6801	3366	551
6803	1747	374
6811	4530	266
6811	4530	186
6811	4530	637
6814	2869	518
6817	6421	566
6817	6421	649
6820	4092	480
6820	4092	338
6827	5368	328
6827	5368	641
6829	5829	522
6829	5829	551
6835	3209	486
6836	2596	216
6836	2596	165
6839	2407	424
6846	2547	250
6848	2667	185
6849	4970	480
6851	2679	615
6852	3793	447
6861	2323	306
6862	4044	347
6863	4729	472
6869	2983	347
6871	4577	430
6875	2884	354
6877	2504	572
6879	2929	378
6881	1889	330
6883	3342	378
6883	3342	229
6887	1678	314
6890	3001	328
6890	3001	311
6891	2204	227
6896	3343	332
6896	3343	185
6898	3539	285
6898	3539	277
6899	2365	501
6901	2179	310
6901	2179	305
6902	2817	384
6902	2817	213
6903	2589	211
6908	2723	428
6909	2552	267
6911	2585	324
6915	1707	232
6925	3096	365
6926	3266	360
6927	1872	369
6930	2614	384
6932	3079	389
6932	3079	292
6936	3240	364
6942	3238	527
6947	2975	309
6951	3191	359
6951	3191	293
6953	3824	279
6957	3665	325
6962	3852	438
6966	4954	274
6966	4954	303
6968	1498	359
6969	1565	185
6975	1887	215
6978	2647	346
6983	2916	362
6985	2311	222
6989	1977	371
6994	2036	317
6995	2005	185
7002	2900	298
7003	3160	329
7003	3160	161
7004	2041	185
7006	2305	200
7010	5631	549
7014	3249	317
7018	2831	227
7018	2831	326
7022	3747	325
7024	2730	352
7030	2482	307
7033	2914	275
7033	2914	373
7034	3390	321
7035	2170	310
7036	4091	215
7039	1277	335
7041	4239	285
7041	4239	144
7051	5048	438
7059	3842	367
7060	2878	196
7060	2878	334
7064	2492	335
7065	2440	318
7066	4045	384
7073	2914	281
7073	2914	303
7084	3326	519
7085	3768	316
7085	3768	513
7087	2493	271
7088	2059	300
7089	2996	354
7089	2996	321
7090	2696	352
7090	2696	179
7094	3012	329
7101	2985	155
7101	2985	319
7106	2500	297
7107	979	226
7109	5874	558
7109	5874	544
7114	2101	211
7115	3255	292
7115	3255	272
7117	3807	261
7122	2427	541
7123	3439	335
7127	4406	498
7130	2874	289
7133	2930	377
7134	2390	527
7136	2556	399
7143	2742	295
7143	2742	297
7150	2501	264
7150	2501	291
7151	1352	358
7156	1950	455
7158	2300	237
7161	3319	268
7162	2495	244
7163	2234	361
7170	2461	426
7171	4443	596
7171	4443	316
7172	3123	565
7173	2206	320
7175	2087	315
7179	2667	470
7194	2706	648
7200	3662	621
7202	3585	362
7204	4591	561
7209	3733	600
7210	3490	585
7211	2294	269
7212	4487	563
7215	2784	500
7218	1615	294
7223	4448	151
7223	4448	134
7223	4448	546
7226	3435	547
7228	1956	371
7229	3664	347
7232	3723	350
7232	3723	227
7233	5472	494
7233	5472	608
7234	3434	215
7234	3434	192
7234	3434	319
7241	3132	430
7243	3567	433
7244	2003	558
7250	3503	340
7250	3503	258
7254	2360	272
7254	2360	359
7255	4718	442
7256	2255	449
7258	4616	522
7260	3880	598
7264	2285	448
7267	3176	444
7268	4687	662
7270	1578	357
7273	2749	710
7274	4104	529
7279	3119	293
7283	3839	232
7285	2640	219
7285	2640	219
7288	2639	360
7299	3052	284
7300	2912	322
7301	2518	247
7301	2518	180
7302	2611	397
7304	3282	200
7304	3282	171
7308	2759	379
7315	4221	437
7316	4250	278
7325	5404	333
7326	3862	524
7329	3711	477
7339	3019	306
7339	3019	200
7340	4166	211
7343	2766	476
7343	2766	285
7345	3508	628
7345	3508	192
7347	3305	302
7349	3085	524
7357	4231	179
7357	4231	539
7362	5151	580
7367	3795	467
7367	3795	501
7369	3180	350
7379	2848	415
7380	6639	382
7381	1713	206
7383	5258	342
7383	5258	223
7387	4749	573
7389	3590	328
7391	4055	633
7393	1482	368
7396	6173	614
7396	6173	586
7397	3360	576
7401	6313	361
7402	3828	616
7403	2666	516
7405	2481	358
7407	2338	238
7407	2338	185
7408	3647	377
7411	2707	420
7417	4905	597
7417	4905	579
7418	2656	302
7419	5180	342
7422	4274	628
7423	3123	305
7427	4245	367
7431	3068	273
7432	2660	430
7433	3575	143
7433	3575	143
7437	3297	264
7437	3297	248
7441	3978	528
7443	4744	305
7443	4744	327
7444	2414	227
7448	5428	264
7448	5428	408
7455	2749	589
7461	3910	583
7463	4548	317
7464	4044	424
7478	2753	390
7482	4883	233
7482	4883	541
7488	5662	537
7488	5662	613
7490	5029	185
7498	5507	510
7501	3449	375
7501	3449	492
7502	1998	200
7505	6150	288
7507	4105	317
7513	2330	329
7520	5827	222
7520	5827	593
7528	4073	369
7529	2770	312
7532	4888	721
7537	1540	298
7540	3844	566
7543	5648	547
7544	2326	298
7549	2825	465
7563	1411	321
7565	3575	422
7566	4609	494
7567	5127	601
7571	5355	588
7577	5176	503
7577	5176	427
7578	1944	475
7584	3390	439
7585	4347	518
7586	2548	462
7598	1193	255
7602	3846	498
7605	3210	508
7608	4789	659
7612	3313	626
7622	2551	358
7622	2551	212
7625	4237	921
7626	3662	337
7626	3662	440
7629	4286	495
7637	4947	517
7639	2038	503
7648	2053	403
7649	4077	542
7651	3451	556
7667	3746	528
7672	2539	349
7676	3574	726
7677	2197	144
7677	2197	253
7678	1760	292
7685	3055	462
7689	5679	427
7689	5679	509
7695	2833	305
7695	2833	309
7701	4084	372
7701	4084	448
7712	3145	440
7713	3956	413
7718	3390	819
7720	2726	306
7721	4693	222
7721	4693	445
7723	4254	391
7725	3836	327
7727	3331	563
7735	4648	572
7741	3394	200
7742	2387	178
7742	2387	195
7745	2581	529
7750	2683	429
7754	1937	504
7760	4004	460
7765	3139	347
7765	3139	430
7767	1583	280
7771	3176	279
7773	4669	643
7774	2906	360
7785	3537	484
7793	3306	367
7796	5477	676
7796	5477	416
7800	3845	291
7802	3764	451
7812	2313	206
7816	3700	451
7818	2063	273
7827	1438	185
7836	4405	227
7837	3226	357
7840	1591	185
7846	4083	391
7852	1930	403
7856	3172	626
7861	2423	379
7866	3156	306
7872	4359	720
7874	3694	805
7881	1858	362
7885	1731	538
7891	3584	342
7891	3584	366
7895	3511	588
7907	2956	238
7908	3873	255
7910	2700	363
7910	2700	333
7913	2320	285
7914	2315	361
7915	2660	201
7915	2660	197
7917	3002	538
7920	4388	592
7921	1988	392
7925	3441	215
7930	1983	346
7933	5975	555
7942	3202	555
7943	1859	249
7946	1974	570
7947	3008	230
7947	3008	319
7952	2692	322
7957	2323	370
7958	2483	373
7963	2869	392
7967	2851	270
7971	2437	439
7973	2680	321
7974	2741	310
7975	2710	368
7976	2728	532
7981	2770	537
7990	1534	185
7993	2865	308
7995	1542	318
7997	1801	259
7999	3546	158
7999	3546	258
8003	6083	472
8004	3564	445
8004	3564	348
8005	3740	750
8006	2579	343
8007	4087	563
8008	2653	340
8023	1679	387
8024	4903	444
8026	2898	464
8026	2898	505
8028	2203	256
8029	4724	427
8029	4724	580
8035	2540	348
8038	4970	432
8046	1224	200
8048	2343	354
8050	5770	682
8050	5770	815
8052	2918	280
8054	3341	215
8056	5112	339
8057	2785	222
8062	3643	200
8063	6112	912
8064	2655	390
8065	5024	734
8067	5948	580
8067	5948	315
8068	4200	405
8074	2735	386
8078	4024	399
8079	3496	278
8083	5639	468
8083	5639	253
8088	4099	221
8088	4099	592
8092	3389	561
8093	3348	275
8100	2970	450
8105	2213	341
8106	3812	544
8115	3810	647
8117	4605	894
8124	6213	221
8125	5772	607
8127	4388	433
8128	4395	518
8130	4436	661
8131	3355	543
8136	4699	525
8137	4350	270
8138	6124	561
8138	6124	592
8140	4993	328
8140	4993	333
8141	4800	658
8142	5684	918
8143	2839	479
8147	4688	230
8149	3457	236
8152	2043	200
8160	3256	609
8163	3354	405
8164	4896	372
8165	4222	521
8168	5324	314
8169	4519	255
8169	4519	395
8172	3829	508
8172	3829	200
8172	3829	209
8178	4904	422
8178	4904	333
8179	5633	499
8180	4540	444
8185	5521	504
8190	2018	185
8191	6266	288
8191	6266	563
8195	4024	602
8196	4508	635
8199	3666	580
8201	5044	259
8204	3329	571
8207	2583	443
8209	5166	408
8211	5375	594
8212	3725	524
8212	3725	535
8215	3705	295
8218	2650	190
8219	5011	647
8224	5996	618
8229	2377	379
8230	3793	391
8234	2244	375
8235	4381	373
8235	4381	292
8236	4213	509
8236	4213	373
8239	4690	635
8242	3236	381
8242	3236	338
8245	6065	340
8245	6065	222
8247	6082	593
8252	3050	631
8253	3192	493
8258	3755	548
8261	4253	580
8262	2265	412
8269	4500	264
8269	4500	492
8273	3063	288
8274	4806	573
8275	4355	398
8277	2816	426
8280	5275	211
8280	5275	364
8282	4103	611
8285	4890	663
8291	4284	571
8293	1580	200
8300	3286	341
8300	3286	221
8303	5833	527
8303	5833	345
8303	5833	272
8316	2774	303
8316	2774	306
8319	2657	267
8320	4684	568
8326	3508	333
8326	3508	302
8327	4502	358
8330	2756	352
8332	2727	446
8335	1491	285
8336	4736	505
8337	2447	338
8339	1835	215
8341	2140	293
8343	2749	332
8345	2765	281
8346	2112	273
8347	3868	357
8348	4371	259
8352	2164	525
8354	4641	500
8355	1898	304
8356	3021	433
8356	3021	315
8359	4419	302
8359	4419	280
8360	2904	361
8361	3239	493
8363	2518	267
8365	2794	353
8371	2167	257
8372	3651	499
8376	4137	563
8382	2327	529
8383	2381	441
8385	2771	497
8386	2176	305
8387	3365	360
8392	2628	423
8394	2333	375
8399	3001	330
8403	3946	120
8403	3946	174
8406	4367	215
8412	3135	303
8412	3135	319
8414	2024	448
8420	4453	587
8422	2536	332
8423	2966	256
8424	1650	292
8425	2553	335
8430	2834	215
8431	3983	630
8433	2811	331
8433	2811	357
8436	3138	386
8439	2124	211
8440	1343	334
8441	2134	399
8443	2907	279
8444	2661	433
8445	2864	530
8446	4903	628
8448	2126	324
8450	2504	312
8455	2801	348
8458	2119	340
8461	2821	314
8463	4704	615
8464	3920	466
8464	3920	220
8468	1803	295
8469	4225	461
8470	3753	185
8475	3633	222
8475	3633	386
8477	4790	672
8478	4160	368
8484	2044	367
8485	1696	310
8488	3849	410
8492	3033	337
8492	3033	417
8493	1168	244
8495	3124	127
8495	3124	341
8497	2444	379
8500	1868	358
8504	4254	598
8505	2608	353
8506	3420	454
8513	2982	533
8514	3705	444
8518	2444	334
8525	3811	446
8526	3993	291
8528	3902	400
8529	4659	338
8531	2671	337
8534	3592	383
8536	4294	349
8547	4447	559
8549	3142	529
8552	4062	181
8552	4062	133
8552	4062	322
8560	3175	543
8561	1524	387
8562	1714	211
8564	3622	248
8568	2976	314
8572	2773	598
8575	1963	355
8583	4371	284
8587	1942	317
8588	3103	281
8591	3048	430
8594	1470	430
8599	3689	422
8600	2284	243
8615	3434	500
8617	2569	206
8623	3140	578
8624	1191	288
8626	2586	469
8627	2281	523
8628	3612	523
8639	3048	523
8640	2465	388
8644	4555	533
8645	1666	416
8654	3564	313
8657	3499	554
8659	2596	206
8659	2596	255
8660	2801	472
8664	2487	476
8665	2119	227
8666	1690	275
8668	1545	320
8670	3343	459
8675	2620	493
8677	2188	377
8679	4775	500
8681	3047	481
8685	2877	294
8687	2473	185
8692	3203	393
8694	3218	386
8698	3762	370
8698	3762	265
8698	3762	328
8701	2732	332
8708	3260	185
8710	3129	461
8710	3129	401
8713	4255	570
8719	3653	539
8721	4428	605
8724	4100	447
8734	1842	227
8736	1923	432
8740	1778	469
8744	3255	459
8746	3084	521
8748	4084	291
8748	4084	550
8755	3463	416
8756	4054	517
8758	4344	594
8759	1442	254
8760	2286	296
8763	2997	665
8764	3561	272
8764	3561	169
8773	3868	232
8778	3709	414
8778	3709	373
8780	1896	487
8782	4245	595
8786	3947	289
8789	3922	535
8789	3922	391
8792	3191	527
8798	2944	238
8806	2183	371
8813	3454	311
8819	2406	238
8823	4345	747
8823	4345	253
8826	2242	280
8829	3945	440
8831	2971	556
8834	2305	657
8841	3372	530
8848	2646	329
8849	4769	594
8850	2576	500
8852	4669	583
8852	4669	544
8853	1736	215
8854	3315	459
8858	1323	326
8860	3492	185
8861	1281	185
8866	3775	400
8867	4901	381
8867	4901	577
8869	4882	385
8872	3491	718
8874	3659	315
8875	3724	300
8878	2764	333
8889	2775	305
8892	1725	287
8894	2319	273
8895	2023	330
8898	3412	463
8900	2180	539
8901	4618	333
8904	4344	599
8912	1701	320
8915	3477	281
8915	3477	295
8920	3333	306
8923	4118	330
8927	2595	506
8928	4311	227
8929	1680	477
8930	2004	245
8932	4307	528
8933	1604	324
8934	3202	308
8934	3202	407
8936	3346	255
8938	3856	398
8940	3054	258
8941	3483	498
8942	2797	394
8943	4419	552
8943	4419	389
8946	2280	271
8947	2240	515
8951	2070	333
8952	2375	338
8957	3002	317
8961	3981	623
8963	1576	281
8968	2964	315
8968	2964	314
8969	1963	262
8972	1549	221
8973	3991	338
8973	3991	185
8978	4222	423
8983	2098	249
8987	2742	308
8989	2770	310
8989	2770	274
8994	2136	283
8995	3642	448
8998	3480	222
9000	3311	547
9005	3860	647
9007	3596	598
9008	2360	545
9009	2060	344
9012	3229	270
9012	3229	295
9013	2793	404
9014	2665	435
9016	2288	337
9017	1613	317
9019	2510	373
9023	4120	580
9028	2825	436
9029	1408	317
9035	2886	718
9036	2307	441
9038	3497	331
9041	1682	344
9046	2811	315
9047	1652	211
9048	3720	368
9050	3550	506
9052	3018	474
9055	3313	559
9059	2668	388
9060	2803	323
9067	4035	479
9068	2540	380
9069	2164	458
9070	2323	319
9072	3196	269
9072	3196	533
9073	4871	342
9073	4871	185
9078	3726	574
9084	2213	271
9093	3002	342
9094	3237	496
9098	2900	337
9100	3937	639
9105	2953	292
9105	2953	185
9112	4285	355
9112	4285	317
9118	1725	368
9127	2733	267
9134	3900	337
9135	2318	491
9137	3138	336
9140	4811	392
9143	3238	500
9152	3615	353
9153	3055	355
9156	3243	316
9156	3243	200
9160	3742	582
9165	1965	354
9178	2318	391
9192	2727	275
9194	2966	330
9196	2070	267
9198	2672	211
9201	3788	437
9209	4137	200
9213	3650	392
9224	3923	474
9227	4845	373
9232	2355	185
9232	2355	265
9236	1465	238
9237	3593	547
9238	3133	251
9238	3133	308
9241	4441	518
9251	3141	302
9255	2089	252
9261	1508	328
9263	2493	248
9264	2853	341
9269	3054	325
9269	3054	182
9272	2360	280
9276	2682	211
9282	3027	317
9285	3718	222
