0	28503	39774
2	4510	418
6	3094	569
15	3334	535
16	3032	750
19	2113	334
21	4097	585
25	5262	535
25	5262	142
25	5262	455
34	2758	385
37	4145	345
40	1703	269
48	3535	473
51	2916	602
55	3099	372
56	4162	546
57	3310	227
58	2940	232
59	5172	469
62	3088	497
65	2215	471
66	4301	756
67	3819	893
69	2848	211
71	3056	301
80	5302	647
84	4265	552
85	4186	528
85	4186	239
91	3907	255
92	4925	567
96	2720	441
97	3547	670
100	2718	200
102	3759	483
111	4029	874
112	3130	255
113	3423	545
118	3687	536
120	2940	254
120	2940	363
122	2279	410
123	3960	409
127	5296	601
132	4598	183
132	4598	581
139	2784	593
144	3109	353
146	4423	559
146	4423	311
148	2308	332
161	2610	500
164	3069	277
165	4317	625
165	4317	375
167	4243	490
167	4243	444
168	3267	612
170	2376	485
180	2541	324
181	3128	323
182	5553	605
182	5553	571
185	2484	463
189	5437	553
190	3374	638
192	3789	644
195	4916	844
204	4353	441
206	3053	522
212	1668	245
216	2960	425
217	2577	437
219	3714	346
222	3601	253
222	3601	494
229	2104	560
230	2139	185
231	4201	469
231	4201	416
234	4205	504
234	4205	185
239	3948	570
243	1983	279
244	4899	432
246	1622	278
247	2918	309
249	3849	538
252	3460	545
255	3195	397
263	3138	711
267	2879	516
274	3335	250
276	2369	200
278	3152	796
279	3787	503
280	2711	567
282	2347	200
283	2722	668
285	1657	200
288	2467	530
289	3193	419
293	2845	469
296	2221	369
298	3054	571
299	2851	211
300	3002	575
310	2487	308
313	2908	551
316	4260	328
318	3248	356
320	2952	306
327	4228	579
332	2545	430
334	5661	626
338	2615	176
338	2615	279
339	2978	366
343	1885	356
344	4176	382
344	4176	482
345	2705	516
346	3679	324
347	2772	215
350	1855	400
353	2811	309
354	4082	465
354	4082	504
358	2497	364
360	4439	661
366	4010	328
366	4010	455
367	3490	571
368	3998	479
368	3998	403
369	3819	451
369	3819	404
370	1822	296
371	1946	285
372	3130	599
373	4788	386
373	4788	483
374	3497	348
376	2248	350
377	3244	477
379	4130	548
379	4130	481
381	2507	487
382	3016	385
384	2694	281
385	2892	459
386	2487	520
391	4868	626
393	3827	233
393	3827	489
395	4995	258
395	4995	505
398	3289	335
398	3289	184
400	4086	429
401	5056	542
405	1318	275
415	2144	531
418	2607	291
419	2195	303
420	1997	310
421	3544	676
423	2988	512
424	4777	250
424	4777	458
425	2394	329
426	1746	367
430	3210	597
431	3360	536
436	4360	550
442	3068	352
442	3068	229
446	2062	239
450	2949	298
451	4696	287
451	4696	216
452	4278	411
454	3890	530
455	5338	200
455	5338	616
457	3644	444
460	2494	300
463	2965	294
467	2543	297
468	2804	238
469	3854	600
470	4080	563
476	1981	297
477	2863	250
478	2517	394
484	3706	458
484	3706	201
486	2153	302
487	3927	336
487	3927	339
488	2726	378
490	3746	480
495	2972	392
498	1000	322
501	4107	185
501	4107	443
506	4407	478
506	4407	228
510	1612	215
511	2907	332
513	1536	237
514	2506	457
515	2934	297
522	2715	289
522	2715	180
524	1843	319
529	5300	519
531	3235	320
531	3235	304
533	1377	211
534	2606	232
534	2606	221
536	4282	462
536	4282	530
537	1520	314
538	2279	255
540	3520	500
543	3214	518
543	3214	515
544	4496	215
544	4496	468
545	3559	185
546	3320	300
546	3320	199
547	1549	517
550	3809	542
552	1855	289
554	1049	200
555	2525	395
566	2087	302
567	2099	422
572	2989	373
575	2116	202
575	2116	177
577	3092	426
581	2553	358
584	2150	327
589	1337	284
590	2892	361
592	3776	518
593	4228	189
593	4228	367
594	3146	510
597	2173	222
598	2234	206
611	3967	161
614	3177	534
616	3121	466
622	3820	641
625	4544	147
625	4544	198
625	4544	344
626	2719	292
630	1678	293
631	2684	400
636	2208	509
638	4816	636
639	1684	365
645	5382	432
645	5382	357
646	2442	272
657	4768	788
658	3681	542
660	3045	313
660	3045	165
663	2285	221
668	3631	388
668	3631	330
670	2186	309
673	3775	533
676	2483	291
677	1913	320
680	2484	319
682	2840	248
684	1723	308
690	3713	421
692	1565	292
695	4160	535
696	4439	376
696	4439	408
697	3362	352
699	2318	517
700	4650	280
700	4650	411
701	4214	302
702	2833	298
704	2904	345
706	3786	576
713	4867	472
713	4867	482
718	1815	254
724	2498	524
728	1785	313
729	2731	416
732	4206	810
733	3239	538
734	1948	339
738	1459	283
739	2064	438
740	2375	411
741	3423	443
743	3945	185
754	4560	334
754	4560	600
758	2132	376
759	1919	200
760	2146	338
762	4010	660
763	4335	523
767	4244	383
767	4244	272
768	2753	260
768	2753	330
772	4018	542
778	4866	604
779	2233	485
789	1159	289
792	2400	500
793	2773	399
798	1263	211
799	1965	267
804	2122	533
806	4584	244
806	4584	450
810	3943	499
812	5403	339
813	2124	514
815	2452	409
817	2602	272
818	4509	685
823	4838	837
826	2079	453
829	2717	555
830	4601	369
833	5477	521
836	3464	581
840	3944	568
846	3955	218
846	3955	390
850	3117	547
851	2820	370
853	2689	393
859	2135	243
862	3996	604
868	4006	582
872	2726	629
873	1725	264
876	3658	512
879	2875	547
880	5303	200
884	2316	573
885	5087	526
887	2177	292
888	2136	410
890	3735	359
893	4169	518
893	4169	533
894	3557	518
895	4915	451
895	4915	307
896	2679	671
897	3986	367
897	3986	516
898	3338	238
899	5233	671
902	4796	227
904	2612	234
906	2202	313
909	2423	289
914	1600	270
919	3318	524
920	4067	187
920	4067	192
922	2067	393
928	2692	293
929	2369	508
930	3335	655
932	4376	691
936	2999	473
939	2625	320
940	1843	323
941	4336	604
945	4984	595
947	3426	436
949	3903	745
950	2615	267
951	1715	299
952	4203	451
954	2487	361
962	2394	585
964	3298	564
965	5018	840
966	2982	337
967	4917	457
967	4917	591
968	2126	548
969	1904	227
978	5112	503
978	5112	410
984	2250	557
985	2092	324
991	2913	306
992	4316	552
993	3364	818
1003	1983	286
1003	1983	278
1004	2613	537
1005	2281	325
1009	2983	346
1010	2439	386
1011	3046	275
1013	4641	562
1013	4641	483
1015	1947	211
1016	2859	297
1017	3306	468
1017	3306	182
1018	4497	200
1019	3430	439
1019	3430	400
1020	4771	560
1020	4771	322
1022	3580	376
1024	3474	539
1025	4735	509
1027	2008	488
1028	1704	334
1029	2097	200
1033	1964	387
1035	1165	285
1036	2019	185
1046	1972	432
1047	2023	426
1058	3078	583
1061	1659	222
1062	2506	542
1063	2316	590
1064	2594	230
1064	2594	271
1068	3674	489
1069	3068	531
1071	2637	647
1075	4196	421
1078	2404	496
1080	1793	299
1085	2037	273
1086	2958	276
1089	3953	338
1092	2280	317
1098	5098	479
1098	5098	208
1103	5232	259
1108	2291	474
1110	3092	550
1113	4747	466
1114	5367	454
1114	5367	442
1115	4055	397
1125	3920	574
1127	4256	511
1129	3011	544
1136	4142	636
1138	2212	307
1141	3109	238
1144	3321	498
1148	3789	287
1149	1298	250
1151	3812	712
1155	3811	570
1156	2645	575
1158	2598	501
1159	4457	416
1159	4457	560
1162	4969	547
1162	4969	233
1164	2081	356
1171	1934	559
1172	5421	493
1173	4768	424
1174	1611	247
1176	3367	325
1179	2151	342
1183	2311	278
1184	5407	686
1190	2448	200
1193	3101	274
1195	2354	419
1196	5187	375
1198	2413	529
1200	1864	498
1201	2064	312
1201	2064	298
1209	3120	556
1211	5413	294
1211	5413	289
1213	2993	439
1216	1500	289
1219	2563	211
1221	1150	222
1224	2849	528
1230	4665	496
1231	3289	557
1237	5669	381
1237	5669	881
1241	3926	648
1242	2426	396
1244	2576	558
1246	4777	269
1246	4777	268
1248	5392	555
1249	4428	519
1256	1804	211
1258	4037	469
1259	4770	296
1260	2202	314
1261	4019	734
1262	1532	260
1263	2881	583
1264	4271	680
1266	2878	353
1271	3682	573
1272	2296	273
1274	4202	796
1278	2029	305
1284	3240	371
1284	3240	241
1285	1927	461
1288	2223	310
1290	2299	522
1291	4689	464
1291	4689	535
1300	2383	384
1301	2675	375
1302	2645	432
1305	4983	339
1306	3538	453
1307	2372	342
1310	2545	515
1312	2316	406
1313	2480	440
1317	3247	765
1318	5165	635
1321	3731	564
1324	4246	514
1325	2984	568
1327	4669	644
1328	3923	579
1332	4374	487
1339	2111	323
1340	2675	203
1340	2675	317
1342	3462	356
1344	2398	168
1344	2398	191
1345	3259	498
1348	2879	253
1348	2879	274
1350	3717	242
1351	3229	271
1352	2027	237
1354	3040	222
1363	5561	300
1365	3335	443
1366	2309	297
1367	3348	253
1367	3348	261
1374	2648	145
1376	4654	515
1377	2707	405
1378	2823	349
1379	3085	267
1379	3085	307
1380	4675	492
1385	2870	260
1385	2870	391
1390	3866	349
1398	3742	597
1399	2560	278
1399	2560	255
1401	2987	602
1402	3118	330
1403	4908	433
1406	2941	545
1408	3891	582
1409	3291	488
1412	4546	565
1416	3624	268
1417	2447	395
1420	2554	524
1423	5607	504
1423	5607	402
1425	3157	558
1430	1021	267
1431	3982	260
1433	3759	615
1435	2501	406
1436	1187	283
1439	4203	452
1439	4203	271
1440	3242	574
1443	2200	372
1445	3749	544
1450	1600	222
1459	5438	325
1459	5438	282
1460	2248	580
1463	3299	330
1466	4558	593
1468	1745	366
1472	2654	482
1475	4891	569
1475	4891	536
1476	2581	294
1477	2435	323
1478	2537	477
1485	3484	327
1488	3468	499
1488	3468	284
1489	4508	140
1489	4508	192
1492	3406	261
1494	4138	591
1494	4138	120
1502	4202	464
1504	4016	752
1507	1711	297
1508	2220	535
1509	1080	336
1510	2128	537
1511	2211	354
1512	2955	244
1512	2955	180
1521	4033	219
1521	4033	583
1522	3161	497
1528	2210	522
1530	3391	501
1532	2925	447
1532	2925	373
1533	3600	260
1534	2941	501
1537	4385	354
1538	3884	230
1538	3884	583
1540	2706	304
1541	2283	343
1542	2551	243
1542	2551	368
1551	3958	399
1551	3958	487
1554	3682	429
1557	2828	212
1557	2828	163
1559	3096	516
1561	3114	406
1562	3450	278
1563	3620	347
1566	2678	422
1573	1891	343
1574	904	273
1576	4010	404
1576	4010	301
1578	2043	216
1578	2043	171
1580	4154	450
1584	2355	373
1584	2355	212
1585	3378	493
1586	2401	529
1591	2708	380
1591	2708	269
1593	4473	462
1595	2537	628
1601	2529	539
1606	2271	539
1611	3442	473
1613	3732	405
1614	2884	484
1617	1574	397
1618	2702	546
1619	4142	185
1620	1885	398
1623	2527	434
1625	2281	356
1629	2456	263
1630	2518	527
1633	1932	185
1635	3966	445
1636	3017	323
1636	3017	257
1640	3777	356
1642	2825	420
1645	2372	383
1646	4731	489
1646	4731	269
1652	4029	556
1653	3175	253
1655	4720	491
1657	3003	495
1661	4649	283
1661	4649	530
1662	4395	467
1665	2362	451
1668	2187	486
1670	3687	200
1673	2037	581
1674	4267	375
1674	4267	416
1676	2977	740
1678	3086	551
1679	4282	374
1687	2216	480
1688	2456	556
1690	2125	408
1692	3574	510
1697	3423	787
1699	3270	531
1701	2109	275
1703	4158	507
1704	2335	237
1705	3140	578
1706	3633	499
1708	1652	185
1710	3718	500
1711	3763	648
1721	3404	558
1728	3970	524
1732	4251	559
1733	4171	522
1736	3212	339
1736	3212	259
1738	4138	605
1739	4467	537
1741	4082	488
1749	4592	496
1749	4592	341
1750	1752	366
1752	5163	536
1752	5163	562
1753	2195	380
1754	2352	588
1755	2329	212
1758	3410	491
1759	2215	759
1760	2360	548
1764	2532	215
1766	4629	443
1769	4357	371
1769	4357	489
1774	3776	295
1775	3390	419
1776	2357	502
1778	2607	291
1779	2158	517
1780	1771	317
1782	1722	303
1783	2188	450
1786	2992	374
1788	4064	603
1789	3753	200
1794	3031	501
1798	4189	399
1801	3093	358
1801	3093	307
1804	3056	827
1806	3100	294
1807	2226	234
1809	2946	386
1811	4822	485
1811	4822	558
1812	3828	491
1813	4425	452
1815	3121	804
1817	5411	755
1819	3487	590
1822	2576	200
1822	2576	298
1823	4322	475
1825	3685	521
1829	3185	744
1831	2848	526
1833	4172	558
1837	2585	453
1838	4942	385
1838	4942	500
1844	3170	655
1847	2086	324
1852	3162	500
1859	4865	627
1861	3287	478
1862	2519	546
1866	4688	631
1869	1655	296
1870	3393	441
1871	4485	351
1871	4485	442
1873	2781	333
1875	4419	458
1875	4419	503
1876	1183	304
1878	2259	367
1880	2245	411
1882	4025	766
1884	3711	404
1890	3362	187
1890	3362	195
1892	2383	395
1895	2786	270
1897	2621	442
1898	4312	415
1900	4896	401
1900	4896	516
1903	2614	295
1904	2483	527
1906	2798	360
1908	3365	543
1909	5157	591
1909	5157	465
1913	2657	305
1917	1573	408
1918	3923	616
1919	2976	529
1922	4161	185
1924	3168	328
1927	3273	182
1927	3273	164
1928	2090	227
1929	4751	423
1930	2901	346
1932	5599	542
1932	5599	708
1933	3251	376
1934	2248	527
1935	2919	417
1937	3102	385
1939	4159	568
1939	4159	644
1940	2517	418
1942	2478	606
1943	4502	507
1944	4268	379
1945	2754	471
1950	3635	342
1952	4467	521
1954	2497	524
1955	3467	508
1955	3467	443
1956	4395	581
1957	4373	772
1959	4413	243
1963	1626	332
1964	3019	507
1970	4132	470
1971	2180	230
1972	3866	492
1974	5200	626
1978	4097	131
1978	4097	490
1982	4252	396
1982	4252	255
1986	4855	308
1986	4855	352
1988	3580	519
1989	2630	519
1991	4777	532
1991	4777	519
1994	4595	486
2003	4330	563
2007	4068	583
2012	2541	435
2013	3636	185
2014	3627	460
2015	4104	516
2017	3261	516
2021	4331	527
2022	3436	283
2024	5107	520
2024	5107	594
2025	2211	587
2030	3209	436
2031	2791	496
2032	5604	641
2033	2651	434
2036	3904	560
2044	4943	349
2046	4106	523
2048	2494	361
2049	2436	477
2050	2047	255
2056	5538	514
2059	1627	284
2060	3068	480
2062	3339	516
2069	5654	466
2069	5654	328
2071	2760	185
2071	2760	237
2072	4920	277
2074	1829	471
2075	3274	517
2079	3282	449
2084	2401	284
2085	5212	613
2087	4389	576
2088	2454	496
2089	2135	469
2091	3427	662
2092	3068	491
2093	1677	371
2094	4514	491
2094	4514	529
2095	2433	504
2097	4149	329
2097	4149	534
2099	2635	456
2100	4231	333
2101	2707	343
2103	4737	282
2104	3014	307
2106	4358	499
2109	4280	212
2109	4280	306
2112	4204	470
2121	4340	297
2129	2630	206
2130	2857	265
2131	5507	494
2134	5470	312
2134	5470	354
2138	4239	557
2141	3551	805
2143	2709	646
2146	2267	386
2147	2798	427
2155	3569	233
2157	3290	564
2158	3497	457
2160	3365	532
2162	5572	597
2165	3651	162
2165	3651	179
2168	2281	278
2170	3176	585
2172	3472	537
2173	2475	350
2174	3390	376
2179	3051	185
2181	4037	215
2182	1685	185
2183	4520	362
2183	4520	380
2187	3763	406
2187	3763	193
2190	1819	185
2191	2333	211
2194	2859	285
2196	5462	538
2196	5462	542
2198	2389	277
2208	4791	880
2211	2045	488
2212	2952	271
2214	1877	408
2216	4197	573
2217	3634	609
2220	3730	519
2226	3231	258
2226	3231	199
2228	4976	478
2228	4976	287
2231	4811	237
2233	4528	449
2235	5155	355
2237	5450	741
2237	5450	348
2238	4826	535
2241	4811	519
2242	2671	364
2246	2541	297
2246	2541	279
2249	2621	440
2251	3190	561
2252	3511	710
2255	5357	351
2256	3665	394
2260	2349	222
2261	2443	215
2262	2979	440
2264	4642	215
2267	3138	304
2267	3138	211
2268	5648	546
2272	3706	558
2275	3139	317
2294	2196	364
2301	2946	517
2305	4257	552
2306	2491	516
2307	1698	251
2308	5076	303
2311	2852	387
2312	2601	313
2314	1331	331
2316	3486	322
2317	3446	499
2318	4018	390
2320	3041	425
2321	1549	303
2326	3001	508
2333	3135	461
2336	3557	509
2337	3051	436
2338	3689	267
2338	3689	475
2339	2859	353
2340	1835	270
2346	2772	299
2348	3967	540
2354	3656	366
2357	4668	256
2358	2325	474
2359	2564	618
2361	2196	437
2362	2294	352
2367	3745	581
2368	2754	252
2373	5331	439
2375	2064	369
2378	3798	587
2379	3051	411
2380	3399	357
2381	3588	185
2383	3580	222
2384	3977	623
2385	2655	474
2387	1887	344
2388	2433	320
2390	2890	297
2390	2890	295
2391	3230	584
2402	4865	487
2402	4865	335
2408	2655	211
2412	3034	404
2416	2746	325
2418	2160	227
2424	752	185
2431	3078	510
2432	2274	485
2433	2091	360
2434	3121	196
2434	3121	256
2436	2646	314
2438	3034	600
2439	2691	494
2442	5624	518
2442	5624	735
2447	3442	500
2447	3442	474
2454	2866	354
2457	4571	696
2458	1496	313
2461	3572	510
2462	3481	416
2467	3943	377
2467	3943	200
2469	4648	585
2470	2163	185
2473	3255	261
2479	2846	473
2482	3882	521
2483	2319	554
2484	2341	197
2485	3976	216
2485	3976	200
2487	3977	344
2488	4557	375
2488	4557	256
2490	4065	512
2491	3456	501
2491	3456	505
2492	4135	563
2494	2778	280
2495	5652	542
2502	1881	458
2504	4455	458
2506	2081	131
2506	2081	354
2507	2299	171
2507	2299	311
2524	2255	537
2527	3372	291
2528	4987	853
2532	2705	442
2533	5084	377
2537	2360	494
2546	2707	667
2549	3480	531
2551	2023	400
2552	2376	313
2555	1507	377
2559	4313	470
2559	4313	444
2566	2600	193
2566	2600	203
2567	5288	513
2567	5288	313
2568	5337	483
2569	4572	863
2571	5312	848
2574	2423	452
2577	4523	340
2581	2599	269
2582	3011	239
2582	3011	182
2583	3703	486
2584	3824	496
2586	3226	276
2589	1791	257
2592	3555	557
2593	4125	368
2593	4125	515
2594	2203	347
2595	2974	560
2597	1989	132
2598	3387	252
2599	4367	704
2599	4367	204
2600	2287	267
2601	2773	521
2603	5169	448
2603	5169	490
2612	2853	327
2612	2853	271
2614	2639	500
2615	3594	489
2622	3876	360
2625	2357	536
2626	4571	472
2626	4571	421
2627	3416	410
2627	3416	574
2632	4337	291
2637	2550	361
2638	3085	337
2639	3004	565
2641	1894	507
2645	3097	255
2646	5339	303
2647	2969	185
2650	4411	410
2651	2981	376
2653	1911	367
2654	3367	517
2655	2913	546
2656	3645	294
2656	3645	295
2657	3260	432
2658	2747	456
2659	4201	485
2660	2748	333
2666	2060	343
2667	2652	341
2669	3536	243
2671	1697	309
2672	5001	846
2674	4630	285
2676	3743	200
2677	2931	537
2678	3023	454
2680	4254	625
2682	4406	821
2685	4027	588
2688	1294	319
2695	3363	534
2696	3365	442
2698	3631	484
2699	3345	610
2700	2060	232
2705	4657	583
2705	4657	516
2709	1734	371
2711	4610	483
2711	4610	471
2712	2819	315
2715	3440	227
2721	2703	642
2722	4206	424
2724	2724	347
2726	2367	251
2729	3229	516
2733	2113	518
2736	3204	468
2737	4162	390
2737	4162	345
2738	2925	319
2743	3682	487
2744	3741	412
2745	2752	324
2746	3392	356
2748	3826	463
2751	2961	402
2755	2167	272
2756	2027	200
2758	3587	366
2762	4664	429
2762	4664	426
2767	2066	383
2771	3813	206
2776	4773	215
2776	4773	354
2779	3122	437
2780	4311	230
2783	3913	350
2785	5037	577
2787	3646	474
2788	5331	671
2790	3667	464
2792	3718	489
2794	4573	616
2795	5640	759
2802	4140	137
2802	4140	182
2803	4450	457
2810	3199	481
2812	4885	540
2818	3702	303
2819	3099	311
2819	3099	334
2821	2816	478
2823	2615	281
2825	3701	386
2825	3701	356
2826	3883	580
2827	3043	413
2830	4000	480
2831	2347	185
2841	2723	146
2841	2723	188
2843	4139	245
2845	3621	497
2851	2804	318
2852	4746	734
2858	1667	302
2860	5343	482
2862	4360	275
2864	4798	477
2866	1741	324
2873	2272	289
2874	3354	382
2875	4444	351
2878	2473	430
2881	1733	206
2884	4440	317
2888	3937	340
2890	4884	673
2893	3649	192
2893	3649	490
2894	2366	322
2894	2366	144
2896	1550	346
2898	1757	255
2900	2169	250
2902	2711	531
2907	3067	435
2908	2370	286
2912	2656	234
2915	3066	459
2923	2478	337
2928	3821	477
2929	4319	373
2932	5028	394
2934	1716	185
2936	4888	771
2941	5491	341
2946	4310	544
2949	2496	299
2950	3366	271
2951	5171	543
2959	4485	620
2961	4724	413
2961	4724	184
2963	3330	518
2964	2545	465
2965	2023	238
2966	2633	302
2968	2175	266
2970	5393	490
2973	4070	336
2975	5318	481
2975	5318	336
2977	2698	319
2981	4715	553
2982	3520	566
2983	1965	328
2984	5439	417
2994	4325	301
2996	3262	698
2999	2503	429
3001	4461	435
3001	4461	354
3002	2952	510
3003	5363	277
3003	5363	552
3008	2465	553
3010	3188	519
3011	3112	420
3014	2155	532
3015	3055	343
3016	5519	502
3017	1767	524
3018	3876	530
3020	3544	442
3022	3294	546
3026	3388	526
3030	2626	261
3033	5042	621
3037	1064	331
3043	5117	449
3044	3283	534
3053	1779	232
3055	4054	505
3057	2762	469
3059	2036	464
3061	2751	566
3064	4061	392
3067	1297	297
3071	3097	526
3073	3503	393
3076	3664	526
3077	3141	576
3079	2995	366
3080	3386	381
3081	2247	343
3084	2503	482
3088	3141	316
3090	4734	513
3093	3453	399
3096	3323	584
3097	2688	329
3099	3124	451
3100	3761	204
3100	3761	563
3105	3784	293
3108	2520	363
3109	5093	860
3113	3453	222
3116	4146	412
3117	3796	185
3118	2764	517
3119	4594	491
3119	4594	468
3122	3218	412
3123	2235	359
3124	4858	568
3125	4062	552
3126	3307	500
3133	3272	483
3139	4050	489
3148	2257	514
3151	2627	476
3154	5503	473
3154	5503	551
3155	2373	344
3157	1970	302
3159	2441	376
3161	2379	200
3165	3013	502
3166	2008	271
3180	3115	515
3181	5241	506
3183	4059	557
3184	3666	459
3188	2345	310
3189	2559	509
3191	2543	495
3192	2228	448
3193	2424	327
3195	3900	442
3196	2200	417
3199	2002	177
3200	3809	618
3202	2392	451
3203	4070	352
3208	2875	422
3222	2528	508
3230	2496	267
3234	2965	590
3235	2935	383
3236	4273	207
3236	4273	531
3239	3169	426
3242	4457	491
3242	4457	257
3248	2536	470
3250	3116	606
3251	2884	289
3253	4187	232
3259	4067	484
3260	3110	536
3269	3122	485
3270	3650	548
3271	2345	578
3272	2853	262
3274	2653	489
3281	4555	284
3281	4555	254
3285	2476	563
3286	4773	462
3288	3527	549
3292	3263	296
3293	2181	250
3294	4309	245
3294	4309	548
3296	3375	297
3301	2247	607
3305	3722	687
3307	2555	603
3309	3988	464
3310	3956	354
3316	1304	185
3317	3428	244
3317	3428	302
3320	3045	531
3322	2269	332
3323	3162	376
3323	3162	627
3325	1597	324
3326	2630	361
3326	2630	253
3327	4219	601
3328	2861	511
3331	2188	522
3336	2418	380
3339	2457	504
3341	2157	466
3344	1735	284
3347	4087	442
3347	4087	131
3347	4087	141
3349	2242	323
3351	2711	185
3353	3457	466
3354	4070	200
3354	4070	587
3355	3407	359
3357	2521	286
3360	1414	414
3361	2820	603
3365	3914	411
3366	2425	487
3368	2043	535
3371	2369	362
3377	2179	270
3378	4423	495
3381	4807	301
3384	2659	396
3385	2320	411
3386	4428	471
3387	2066	374
3390	2142	368
3393	2287	546
3395	3931	532
3397	2375	397
3401	2315	233
3406	2967	519
3407	3484	475
3407	3484	467
3408	2536	614
3415	3061	478
3416	4259	495
3416	4259	211
3417	3018	421
3418	3993	619
3418	3993	409
3419	2877	462
3420	4063	237
3422	2581	226
3423	2772	344
3425	2167	441
3427	3066	346
3428	2980	417
3430	5143	369
3430	5143	358
3432	2219	259
3435	4026	504
3439	4083	277
3439	4083	187
3439	4083	239
3441	3538	536
3443	4574	502
3443	4574	360
3444	2417	305
3445	3704	585
3451	3394	384
3453	3258	761
3455	2502	320
3456	3826	374
3459	2062	503
3461	3347	508
3462	2454	525
3465	4331	547
3466	4944	547
3471	3238	504
3474	4157	545
3476	2650	363
3478	3774	341
3479	3271	417
3480	2861	467
3484	1666	477
3487	4741	429
3487	4741	543
3490	3214	379
3494	2548	608
3495	4422	510
3495	4422	481
3496	2247	390
3500	3019	499
3511	2952	470
3524	2799	227
3526	4347	616
3528	1876	249
3531	1709	211
3542	2609	273
3543	2781	387
3543	2781	322
3544	3463	319
3544	3463	283
3548	4588	451
3550	2492	324
3551	3956	470
3552	4410	452
3556	3124	200
3566	2914	589
3568	3064	453
3568	3064	197
3570	2668	340
3571	2218	392
3571	2218	324
3576	4293	290
3576	4293	476
3577	2628	216
3578	2658	439
3580	2708	488
3581	2473	476
3582	4161	545
3582	4161	366
3583	3486	308
3586	3197	506
3587	2291	392
3588	1381	287
3590	1977	367
3594	2465	323
3595	4384	363
3600	2692	222
3600	2692	354
3601	4623	254
3601	4623	241
3605	2351	549
3610	3399	445
3612	4413	475
3616	2523	367
3618	2630	573
3619	3435	300
3619	3435	410
3623	4914	303
3623	4914	267
3629	4918	310
3629	4918	532
3631	3805	344
3635	3752	462
3641	2789	253
3641	2789	366
3642	3217	243
3647	2780	292
3652	2941	529
3654	1768	353
3659	3736	435
3668	2307	250
3668	2307	215
3671	2241	462
3672	2788	306
3673	1745	200
3675	2825	532
3682	1660	304
3683	1727	331
3685	2857	233
3687	5132	490
3687	5132	444
3688	2553	261
3688	2553	312
3693	2621	278
3695	4605	432
3700	3716	550
3705	4033	792
3706	2782	323
3707	1916	332
3708	2958	200
3709	2346	368
3710	4174	497
3713	3216	424
3723	3266	509
3728	2825	460
3731	1983	593
3732	2186	399
3733	3505	377
3734	3754	277
3735	3399	284
3736	2218	454
3738	1641	243
3739	3376	379
3740	3206	352
3741	2828	285
3747	3476	400
3749	3525	627
3754	3280	518
3756	3622	276
3756	3622	451
3757	2317	496
3760	3372	354
3761	3238	387
3763	4771	558
3767	2423	453
3769	3650	419
3770	2488	298
3771	1098	287
3773	1763	345
3776	4036	458
3782	2832	433
3791	2115	285
3795	2326	439
3798	3302	520
3799	4430	454
3799	4430	485
3800	2298	231
3800	2298	252
3801	2332	318
3802	3189	278
3803	2915	619
3804	3827	497
3804	3827	396
3805	3995	541
3807	1448	280
3808	1861	320
3810	4668	452
3810	4668	218
3810	4668	155
3813	4754	470
3813	4754	256
3815	3005	486
3820	2256	470
3821	2117	487
3823	3640	274
3823	3640	173
3824	1633	340
3831	2015	292
3834	2127	333
3835	3677	483
3841	4257	562
3845	3713	501
3845	3713	477
3848	3963	559
3849	1679	268
3851	2800	227
3853	3573	287
3853	3573	481
3855	2390	581
3856	2498	501
3858	2969	363
3861	3851	562
3866	1855	308
3873	2454	287
3874	1221	289
3879	3162	559
3883	2129	301
3894	4442	376
3896	1411	347
3898	2719	405
3899	3668	551
3907	2346	369
3910	2198	497
3912	2299	613
3913	4211	372
3913	4211	313
3914	4762	379
3914	4762	361
3916	2266	361
3917	2733	579
3925	3113	243
3926	2388	463
3927	2196	497
3928	3740	433
3929	3748	416
3930	2882	440
3932	3301	615
3933	3351	626
3934	3359	300
3935	2125	337
3936	4911	300
3940	1720	271
3942	2457	275
3942	2457	241
3943	3177	392
3948	3034	492
3949	1708	296
3950	2283	510
3955	3321	435
3955	3321	185
3958	1539	250
3962	1831	200
3965	2556	337
3966	4527	587
3966	4527	127
3966	4527	224
3968	3771	363
3972	3919	523
3982	2960	356
3983	3613	514
3985	3726	653
3998	4328	425
4001	2430	317
4004	2945	530
4012	1553	357
4013	1842	227
4014	4715	351
4018	2082	324
4021	3618	793
4022	4730	426
4023	4142	491
4024	3051	274
4024	3051	314
4025	2837	429
4026	3067	444
4031	2294	489
4033	2397	237
4035	2446	339
4036	4744	344
4037	1947	364
4040	2625	580
4042	2491	510
4048	2330	560
4053	2116	311
4057	1321	260
4058	2694	372
4059	2108	382
4062	3701	538
4067	1919	292
4068	2513	373
4069	2505	363
4070	2771	494
4071	2829	287
4071	2829	364
4075	3239	387
4076	2946	500
4080	3240	449
4081	1551	317
4085	3368	712
4088	2795	488
4090	1554	523
4093	3400	227
4095	2180	279
4097	2773	374
4100	2474	321
4101	4673	494
4102	1553	341
4106	3509	698
4108	4069	391
4108	4069	134
4110	3405	397
4110	3405	522
4112	2240	537
4114	4829	556
4117	1255	297
4121	1613	232
4122	2129	230
4127	1159	299
4132	3548	511
4137	2355	294
4138	1010	227
4142	4278	485
4142	4278	508
4143	1790	332
4145	3698	583
4147	2117	489
4148	2310	422
4149	3242	563
4153	2191	200
4158	3286	387
4160	2913	411
4165	3246	595
4167	2248	547
4169	2172	467
4170	3196	478
4171	1893	527
4173	3012	398
4176	3901	338
4176	3901	250
4177	1822	344
4179	2568	358
4180	2157	251
4183	2887	238
4184	1646	279
4185	2962	536
4186	2605	369
4190	2597	185
4190	2597	328
4191	3226	420
4191	3226	364
4192	2319	536
4194	1968	322
4207	3141	472
4210	2369	319
4212	2340	213
4212	2340	340
4215	2278	185
4216	4372	300
4219	2547	387
4222	3730	401
4222	3730	484
4223	3972	328
4223	3972	442
4225	1063	227
4226	2494	284
4226	2494	296
4229	1415	294
4234	3729	561
4235	2567	352
4236	3870	368
4236	3870	538
4240	2111	200
4241	1802	543
4242	3914	485
4242	3914	176
4243	2449	474
4245	2784	308
4245	2784	256
4246	2685	512
4247	1966	337
4252	2457	270
4252	2457	277
4256	2638	308
4256	2638	212
4258	3429	468
4260	1483	251
4261	2646	275
4261	2646	197
4262	2858	484
4265	2874	370
4268	3698	501
4269	1723	576
4271	2708	393
4275	1529	293
4282	3023	304
4282	3023	253
4286	2784	513
4287	2848	406
4288	2383	366
4290	3263	494
4291	2982	506
4292	1663	305
4296	3471	555
4297	2355	500
4298	2194	511
4301	2589	216
4301	2589	245
4303	2014	381
4304	3254	417
4306	2368	545
4310	1879	361
4313	2776	501
4314	1639	301
4317	1068	215
4318	2069	292
4323	2084	404
4334	1999	417
4336	3226	352
4338	2853	281
4339	3172	291
4340	4177	471
4342	2641	322
4344	3998	280
4344	3998	551
4345	1197	271
4347	2126	335
4354	4566	527
4355	4440	211
4356	2292	298
4358	1142	296
4363	2122	556
4364	2999	531
4368	2654	474
4370	3605	266
4371	3592	262
4371	3592	228
4380	3780	537
4382	4627	307
4384	3323	383
4388	2642	489
4394	3273	222
4396	2193	302
4398	1838	324
4399	2295	491
4401	1583	275
4402	2428	359
4403	2022	392
4404	2540	279
4406	4198	523
4417	2023	533
4420	3069	464
4426	2172	432
4427	2264	269
4431	2872	476
4431	2872	466
4433	4230	497
4433	4230	207
4436	2364	350
4438	2974	579
4442	2937	495
4445	2446	265
4447	2521	468
4449	2964	582
4454	2741	299
4465	2228	560
4468	1916	317
4470	2785	511
4476	3691	536
4479	2730	344
4480	4181	485
4482	3754	768
4485	2497	357
4485	2497	268
4490	1975	316
4490	1975	320
4491	2088	389
4492	3583	725
4493	3976	544
4495	1687	300
4496	1533	250
4497	1480	377
4498	1727	278
4500	4591	145
4501	2830	477
4503	2052	326
4504	2831	590
4505	4640	598
4505	4640	236
4508	2106	200
4513	2634	559
4517	2759	337
4519	3363	513
4523	2772	527
4529	3116	510
4530	3064	575
4532	4738	519
4532	4738	412
4533	1926	457
4534	3290	185
4535	2996	363
4538	4668	517
4538	4668	571
4542	4370	487
4542	4370	324
4543	1829	312
4548	2000	519
4553	1418	255
4554	1530	468
4556	3770	574
4557	3741	377
4557	3741	269
4564	3119	297
4567	3427	419
4572	3097	565
4573	2250	462
4576	2250	462
4580	1866	321
4581	3840	644
4582	5044	532
4582	5044	538
4585	2571	384
4588	3450	530
4589	2423	602
4590	2947	500
4595	1829	492
4597	2006	265
4601	1632	396
4603	3464	580
4604	2585	346
4605	4641	511
4606	3037	620
4607	2255	480
4609	2855	473
4610	1272	282
4615	3362	347
4617	4407	537
4624	3315	529
4627	2875	467
4628	2455	401
4637	1918	542
4643	2698	424
4647	3538	487
4647	3538	373
4651	3912	383
4656	2814	329
4657	2530	163
4657	2530	235
4659	2600	435
4663	4938	211
4663	4938	351
4666	4156	488
4666	4156	520
4668	3955	482
4669	5057	477
4669	5057	462
4673	2394	522
4674	3346	508
4676	2582	342
4677	1845	591
4680	2578	359
4682	2793	303
4685	2283	271
4686	3667	215
4686	3667	505
4689	4400	362
4691	3057	450
4697	4485	431
4697	4485	507
4698	2436	422
4701	3055	462
4701	3055	349
4703	3051	353
4705	3769	549
4706	2524	577
4707	3398	498
4710	3066	549
4710	3066	222
4711	2241	529
4715	2631	572
4718	2114	371
4719	1983	394
4720	2089	220
4720	2089	232
4728	4184	594
4729	1954	535
4731	2254	516
4732	3166	530
4734	3570	406
4737	2033	600
4742	1775	238
4745	2466	618
4746	3319	554
4747	4575	526
4747	4575	536
4756	2972	458
4760	2416	503
4762	4387	451
4762	4387	533
4764	4940	316
4764	4940	495
4770	3107	517
4774	2309	605
4776	3571	344
4776	3571	454
4778	4206	392
4785	2125	421
4785	2125	175
4786	3068	178
4786	3068	147
4788	2830	314
4791	2340	398
4793	4427	464
4793	4427	367
4795	2002	395
4798	3154	329
4799	2792	565
4800	3753	526
4807	2709	315
4809	1901	286
4810	3359	445
4812	3458	327
4814	2742	577
4815	4234	510
4819	4920	575
4820	3553	331
4820	3553	275
4821	4601	407
4821	4601	510
4822	2694	574
4824	3130	366
4825	2914	185
4829	2993	226
4832	3109	395
4833	3190	604
4836	3123	404
4840	2684	558
4842	3297	448
4843	3083	334
4845	1369	261
4849	2401	318
4858	1649	302
4864	3843	805
4866	2182	458
4868	2490	459
4871	3114	631
4875	2486	633
4877	4488	573
4878	4381	519
4879	3447	458
4880	3572	395
4882	3042	559
4883	2680	280
4885	4102	303
4887	2785	422
4888	3049	676
4890	3380	496
4891	4002	234
4891	4002	195
4892	2938	286
4892	2938	349
4894	3224	289
4894	3224	314
4904	2095	430
4905	4979	242
4905	4979	477
4906	3209	563
4912	3787	406
4915	5002	513
4915	5002	255
4915	5002	205
4926	4401	422
4926	4401	593
4928	3697	442
4930	2382	356
4934	2091	430
4935	4392	477
4935	4392	440
4937	3291	352
4937	3291	339
4939	4258	245
4939	4258	512
4945	4039	545
4946	2952	285
4949	3864	491
4951	2920	578
4952	2802	563
4954	2949	374
4955	2277	548
4961	3697	546
4965	2505	435
4968	4529	521
4968	4529	291
4972	3330	535
4973	4420	453
4976	3268	394
4978	953	305
4979	3707	589
4981	3750	608
4981	3750	493
4982	4022	491
4986	2299	479
4999	2402	460
5000	2382	200
5003	2217	555
5006	3497	574
5008	2404	541
5010	3959	430
5012	3094	545
5015	1915	295
5016	1824	311
5018	4440	414
5018	4440	516
5020	4879	522
5020	4879	427
5023	3528	335
5024	2495	392
5027	4715	284
5027	4715	567
5030	3659	215
5032	2239	215
5033	2291	266
5034	1730	243
5038	4277	513
5042	3188	352
5043	2440	351
5045	5238	378
5045	5238	530
5046	2418	429
5048	3842	473
5052	2099	360
5053	2229	185
5054	3159	513
5058	3912	534
5059	3796	544
5062	2733	253
5064	2393	452
5070	4112	555
5071	2225	455
5075	2205	511
5077	2836	320
5079	3925	266
5080	4612	357
5080	4612	514
5083	3429	353
5088	3183	258
5089	3042	515
5091	3220	232
5091	3220	523
5092	2808	427
5095	4590	311
5099	2939	342
5100	2111	279
5101	2885	305
5104	2513	277
5114	3213	492
5117	3672	669
5127	2611	262
5130	1167	243
5133	2272	548
5134	2859	329
5137	3773	491
5140	2759	276
5141	4676	537
5147	2801	572
5149	2511	185
5150	3433	354
5155	3329	409
5156	2497	424
5158	2491	360
5159	2385	302
5161	3462	598
5164	4598	465
5166	2871	363
5169	1431	211
5171	4181	316
5172	2630	335
5172	2630	273
5173	2196	303
5174	3871	194
5174	3871	658
5175	2633	249
5175	2633	359
5176	3796	513
5177	3477	129
5177	3477	303
5178	4138	465
5180	2715	216
5180	2715	238
5181	3275	360
5184	1255	405
5187	3507	562
5194	4508	552
5194	4508	502
5196	2887	403
5199	3584	445
5201	2775	495
5203	2795	460
5207	2344	536
5208	2607	321
5209	1926	360
5212	2275	401
5219	2233	260
5224	2935	528
5225	1770	371
5226	1548	412
5227	1547	355
5236	4040	307
5238	3155	559
5241	1856	245
5242	2148	348
5246	1710	506
5248	2876	336
5249	2271	531
5255	2476	361
5256	3649	430
5256	3649	198
5259	3836	482
5259	3836	459
5260	2458	418
5264	4836	530
5266	3024	344
5273	2590	227
5273	2590	347
5277	2211	365
5279	1181	185
5281	3859	319
5281	3859	226
5284	3723	489
5284	3723	642
5288	2110	280
5288	2110	215
5292	2415	404
5293	1863	326
5300	2084	261
5303	3131	500
5306	1399	411
5308	3657	508
5309	3909	504
5314	1903	222
5320	2343	381
5321	2979	369
5323	4018	800
5325	3033	431
5331	2211	185
5333	3593	579
5335	2670	415
5336	3398	412
5344	4504	356
5346	3642	330
5347	3429	467
5349	3386	378
5355	2511	356
5357	1991	372
5361	4131	416
5361	4131	301
5363	2205	424
5364	3403	273
5364	3403	330
5370	2533	321
5372	3290	536
5372	3290	169
5373	2882	435
5373	2882	350
5374	2469	575
5375	4791	592
5375	4791	488
5380	4758	180
5383	2648	538
5385	4119	379
5386	3012	570
5393	2779	462
5395	1858	527
5396	3192	478
5398	1637	317
5400	2267	244
5400	2267	185
5401	2615	426
5402	3451	273
5403	1235	311
5406	2364	544
5407	2151	250
5411	3828	255
5414	3636	535
5415	3679	211
5416	1894	363
5417	1692	135
5418	3195	635
5425	3821	222
5426	2578	241
5426	2578	360
5427	3172	392
5430	1620	343
5432	4204	542
5433	2466	594
5436	2501	497
5449	3040	350
5452	3791	482
5453	2410	511
5455	2905	260
5456	2545	495
5460	2274	280
5465	3971	232
5466	4653	411
5466	4653	423
5471	5080	479
5471	5080	558
5475	2027	244
5475	2027	290
5478	3460	352
5479	3643	493
5486	2373	331
5488	4103	487
5488	4103	520
5496	3066	348
5501	2641	538
5503	1927	286
5505	4458	597
5506	3369	337
5508	1718	307
5509	3174	615
5511	4689	426
5512	3919	498
5514	2130	303
5515	1329	233
5516	2083	222
5518	2553	185
5519	3206	466
5519	3206	476
5524	1022	268
5526	2584	185
5533	3016	492
5536	3495	441
5540	4528	534
5541	3435	598
5542	2613	342
5542	2613	219
5549	4567	379
5557	1923	443
5561	2582	521
5563	2055	280
5565	2538	200
5566	1753	346
5571	3055	498
5573	2334	493
5576	3683	493
5578	3068	537
5580	1969	272
5582	2783	386
5584	1802	295
5587	4392	483
5590	3171	531
5592	1769	335
5596	1821	303
5597	3923	288
5597	3923	222
5599	2585	188
5599	2585	275
5605	1871	294
5607	2466	498
5609	2735	389
5612	2460	560
5614	2455	587
5615	2680	129
5615	2680	184
5616	1949	251
5617	3252	420
5624	3248	590
5631	1244	335
5633	4425	477
5634	2591	621
5635	4611	517
5635	4611	270
5636	4677	539
5638	3282	189
5638	3282	201
5641	3465	326
5641	3465	466
5642	3060	544
5645	2985	227
5645	2985	414
5647	3383	555
5649	1977	238
5655	4986	460
5657	1970	276
5661	3897	261
5662	2510	574
5664	3156	294
5667	4000	312
5669	4162	498
5671	2759	538
5674	2239	528
5675	3598	467
5676	3709	469
5678	3002	227
5679	2838	433
5681	2044	282
5684	5027	507
5688	2347	398
5691	3984	485
5695	2778	287
5698	1994	554
5700	1462	350
5704	2964	540
5714	2299	306
5718	4056	685
5719	2768	316
5720	2860	520
5723	3721	554
5726	4038	509
5728	4563	573
5730	1746	390
5731	4486	503
5732	2866	359
5737	3127	498
5738	2868	476
5741	3067	480
5743	3879	505
5754	3925	572
5756	2901	221
5756	2901	245
5757	4576	302
5759	2947	451
5760	2039	402
5762	3743	309
5762	3743	195
5763	2537	394
5764	4187	359
5765	3638	491
5765	3638	588
5769	1997	561
5774	2545	587
5775	1903	228
5775	1903	218
5777	3102	395
5788	3601	321
5790	1374	261
5791	2131	206
5795	2083	239
5795	2083	327
5797	3075	255
5797	3075	467
5798	2594	294
5801	3271	482
5802	5189	550
5805	5228	258
5805	5228	166
5805	5228	143
5809	4261	421
5809	4261	516
5816	3517	541
5821	2845	485
5822	3031	559
5823	2281	506
5824	3963	539
5825	4712	503
5828	3866	408
5830	1845	339
5832	2163	301
5832	2163	321
5833	3187	342
5834	2373	306
5837	1145	230
5838	2179	458
5839	3558	380
5848	2661	497
5849	2295	398
5851	4927	441
5851	4927	454
5852	3451	423
5852	3451	391
5853	3135	555
5855	2982	402
5865	2154	374
5866	2470	553
5872	1492	342
5875	2031	364
5880	4381	525
5881	3182	506
5882	3853	540
5891	2695	328
5891	2695	281
5893	2485	261
5895	1705	266
5901	4892	532
5905	4405	351
5908	4294	531
5910	3595	447
5911	3184	392
5914	3892	506
5917	2240	534
5918	2539	273
5919	3841	525
5921	2475	333
5922	2848	324
5923	4757	513
5923	4757	463
5926	3831	206
5933	3287	362
5934	2552	322
5937	3573	292
5939	2953	336
5950	3044	546
5953	1839	233
5956	4833	561
5956	4833	445
5958	3055	416
5960	2434	500
5963	2780	284
5964	2719	475
5969	2421	527
5970	4177	494
5970	4177	447
5973	3306	523
5974	4767	238
5974	4767	200
5976	2419	395
5978	4093	473
5979	2527	537
5983	3873	471
5983	3873	333
5985	3487	318
5986	2596	493
5987	2788	549
5992	2668	314
5993	2797	275
5995	2260	486
5996	3015	534
6002	3592	249
6002	3592	185
6003	3078	489
6004	3156	617
6005	4567	440
6005	4567	464
6007	3459	263
6008	3250	493
6011	3689	607
6016	4824	406
6016	4824	389
6020	2711	419
6021	2846	603
6024	5087	308
6024	5087	448
6027	2167	405
6033	2772	326
6035	2331	515
6036	2095	222
6038	3016	527
6042	2117	233
6043	1783	522
6047	4203	397
6048	2809	457
6055	5033	297
6055	5033	211
6059	2637	457
6061	3620	211
6066	4774	526
6067	2759	496
6068	3207	556
6069	2833	273
6075	5115	482
6076	1659	345
6084	3965	573
6087	3398	621
6092	2324	312
6094	3091	554
6095	2449	373
6097	2967	266
6099	4079	565
6100	4127	405
6103	2032	230
6103	2032	165
6104	2371	479
6106	3006	555
6107	1883	198
6107	1883	149
6108	2837	332
6110	2632	335
6113	3023	402
6117	4940	492
6126	3553	462
6129	2251	227
6131	2697	383
6134	2427	211
6134	2427	179
6136	2956	299
6136	2956	169
6137	2436	497
6138	2421	301
6145	3283	283
6147	3975	416
6147	3975	492
6151	3158	480
6159	4664	316
6159	4664	484
6160	3327	359
6161	2857	539
6162	2524	497
6164	4402	425
6167	5031	590
6169	3916	484
6180	3482	368
6181	1893	266
6182	1530	302
6184	3941	402
6185	5098	495
6186	2338	388
6187	4115	539
6190	2680	336
6193	5214	300
6197	3039	589
6198	2387	338
6208	5118	224
6208	5118	277
6209	2366	334
6210	2885	230
6220	2555	337
6222	3205	375
6222	3205	222
6224	3377	538
6226	1696	485
6227	2166	222
6232	3846	490
6232	3846	290
6233	2479	221
6236	3565	459
6237	2160	347
6238	1675	252
6241	2236	238
6244	2211	375
6245	2229	362
6251	2370	487
6253	1488	185
6256	2626	271
6258	2507	562
6259	4666	516
6259	4666	456
6261	2591	464
6263	1832	244
6266	3458	281
6266	3458	339
6275	1218	200
6277	3011	238
6279	4234	307
6287	3622	297
6287	3622	316
6289	3607	309
6292	4160	480
6297	4110	495
6297	4110	423
6301	2110	238
6304	4664	330
6306	4999	492
6310	3622	310
6310	3622	517
6312	2780	481
6313	2581	530
6316	1517	521
6317	4962	496
6321	1823	327
6321	1823	266
6322	3872	555
6324	4005	376
6324	4005	497
6325	1909	229
6328	2506	268
6333	2928	358
6345	3411	424
6347	2024	333
6348	3529	557
6352	2671	326
6360	4195	432
6362	4287	238
6364	2789	361
6364	2789	362
6366	3867	577
6367	2793	639
6370	2629	561
6372	2631	275
6374	1836	165
6377	3208	536
6378	4302	431
6379	2714	450
6382	3412	294
6383	3098	373
6385	3405	271
6387	3770	600
6390	3582	426
6392	4017	497
6399	2748	429
6401	4430	285
6406	4318	655
6408	2225	372
6414	2284	321
6415	2225	347
6415	2225	211
6416	3561	227
6422	2086	379
6424	3559	447
6425	1803	478
6432	2535	516
6435	4772	550
6438	5187	540
6438	5187	438
6447	2866	523
6450	2650	449
6457	3915	480
6466	2138	460
6487	3430	377
6492	2567	352
6493	4973	238
6494	2735	407
6501	6041	374
6506	2605	510
6517	2727	488
6519	3862	529
6519	3862	352
6523	2747	391
6526	2642	307
6530	3687	433
6531	2221	468
6536	3093	379
6546	2649	377
6557	3596	449
6579	1660	396
6584	3546	318
6621	3388	332
6622	2923	259
6629	3485	508
6633	969	237
6634	2258	333
6636	1766	357
6651	1753	238
6652	5620	215
6652	5620	291
6653	5501	309
6657	2267	344
6661	1538	274
6674	2267	293
6678	1945	382
6684	2574	314
6688	5580	419
6696	2210	415
6703	2695	490
6705	1788	211
6706	2792	479
6709	2495	366
6710	5111	279
6712	3197	356
6716	2604	255
6716	2604	470
6717	5163	437
6717	5163	260
6722	1343	200
6723	1133	281
6724	4552	471
6732	4654	563
6734	2408	495
6735	2287	323
6737	3292	409
6742	3279	464
6742	3279	429
6745	1568	449
6749	3779	410
6750	2270	340
6753	1922	214
6753	1922	170
6755	2687	319
6762	3441	377
6763	4149	362
6764	5738	200
6765	4986	215
6765	4986	390
6766	3289	399
6767	4668	497
6768	2357	446
6769	3018	260
6773	2252	301
6775	2287	293
6777	3834	465
6778	2441	398
6784	2799	403
6785	830	185
6790	3279	322
6793	1369	410
6795	3056	413
6796	2881	289
6798	5579	458
6799	3071	266
6802	3977	316
6804	1844	277
6804	1844	184
6809	2760	478
6819	5477	232
6819	5477	329
6819	5477	173
6820	5627	254
6821	4879	397
6823	3383	428
6823	3383	220
6824	2549	185
6829	3719	499
6833	2988	330
6834	2897	503
6840	5092	401
6841	3126	488
6844	3456	288
6846	4795	514
6849	2224	292
6850	4106	502
6856	2857	303
6856	2857	477
6857	3022	454
6860	5344	222
6863	2400	267
6865	2809	279
6866	2743	405
6870	2802	316
6875	3220	330
6876	3067	484
6878	3080	320
6879	5006	308
6881	2058	374
6890	4550	211
6891	3392	208
6891	3392	304
6893	3936	363
6894	2192	250
6897	4755	480
6901	3010	490
6904	3930	568
6908	2573	453
6913	2563	488
6914	5071	270
6916	2362	326
6917	2567	405
6918	5826	522
6919	3062	362
6921	1437	328
6925	2836	325
6927	1722	277
6930	5367	302
6930	5367	486
6936	3163	271
6940	1375	324
6944	2790	356
6947	4658	509
6948	2654	132
6951	2238	185
6953	2719	310
6954	5128	552
6958	3455	506
6962	3377	367
6966	3430	447
6969	2365	250
6971	3022	353
6972	2916	284
6975	4777	313
6975	4777	211
6977	4439	276
6977	4439	165
6978	4133	526
6981	5096	263
6983	2007	409
6990	2264	245
6992	2546	249
6993	1877	414
7000	3789	408
7011	2666	232
7013	2296	541
7015	2927	607
7019	5047	319
7019	5047	366
7022	2107	350
7023	2551	492
7025	2390	424
7033	2283	334
7037	3218	544
7042	4680	618
7042	4680	405
7043	1558	328
7049	1283	286
7054	4024	351
7054	4024	273
7056	3346	432
7072	3868	388
7077	2382	430
7082	1466	185
7083	2737	437
7086	1742	271
7088	3379	494
7092	2742	470
7093	3602	314
7102	5036	314
7102	5036	544
7103	5832	374
7103	5832	416
7111	4426	272
7111	4426	221
7112	1862	305
7116	1817	276
7121	3528	594
7124	5163	663
7129	2105	211
7130	4711	468
7132	2308	399
7133	2431	372
7136	4372	243
7138	4243	449
7139	1824	238
7141	2322	248
7147	5368	280
7148	2761	522
7149	2654	226
7152	2400	737
7153	3299	538
7154	3317	337
7154	3317	367
7157	4434	291
7159	3144	578
7160	5115	419
7160	5115	310
7166	3379	315
7166	3379	185
7167	3289	282
7168	2461	284
7170	4199	275
7172	4118	342
7177	1919	478
7180	3701	442
7182	1685	310
7184	1560	324
7185	3042	329
7188	3004	385
7188	3004	322
7189	3198	499
7192	2739	254
7193	3092	349
7197	3100	331
7198	3981	524
7199	3424	522
7204	2320	353
7213	3198	330
7214	3349	343
7218	4348	276
7226	5210	451
7226	5210	358
7233	3043	468
7236	4364	167
7236	4364	139
7238	4266	511
7240	2785	200
7241	2685	250
7254	4182	487
7261	3928	492
7262	4597	386
7264	4604	222
7265	4489	755
7269	3430	508
7270	2814	296
7275	2546	543
7279	3708	468
7280	1795	366
7290	2057	458
7295	4991	339
7298	1528	290
7301	3951	484
7304	4138	541
7308	3768	451
7308	3768	431
7309	3166	815
7319	3123	402
7323	4126	361
7324	3883	348
7325	3891	537
7326	3256	372
7330	2939	329
7334	3426	324
7336	4872	404
7336	4872	417
7337	3625	533
7338	2882	388
7345	5216	470
7349	2237	504
7350	4087	282
7350	4087	437
7352	3090	486
7354	5026	396
7358	3558	543
7360	2377	432
7363	4139	256
7363	4139	471
7368	2933	355
7370	3497	328
7372	5049	330
7372	5049	236
7373	2722	309
7377	5952	308
7378	1942	206
7381	3671	539
7386	2441	591
7394	2532	264
7394	2532	331
7398	4121	354
7398	4121	364
7402	3390	185
7406	2742	477
7410	3936	518
7413	2269	325
7420	3190	231
7420	3190	175
7420	3190	212
7421	2828	414
7422	2580	590
7424	3431	520
7426	4501	248
7434	4315	446
7434	4315	548
7437	3272	526
7439	2789	341
7443	4440	409
7444	2225	316
7446	2350	332
7449	2855	505
7450	2570	466
7455	4911	234
7455	4911	321
7459	3258	533
7460	3115	348
7470	5573	492
7475	6146	283
7475	6146	532
7478	1992	385
7479	2838	374
7480	3964	318
7490	1925	602
7492	5357	552
7492	5357	343
7496	2574	222
7501	3497	206
7505	1065	349
7506	2432	333
7507	3087	416
7508	4419	504
7515	3229	468
7516	3803	365
7517	3309	432
7526	2144	615
7531	3156	391
7531	3156	347
7533	3153	487
7537	5729	260
7538	1144	227
7539	5378	515
7541	3661	233
7541	3661	259
7541	3661	320
7542	2992	354
7545	2492	375
7548	3402	538
7558	4244	381
7569	4352	562
7573	3178	411
7576	2927	526
7577	2881	226
7577	2881	357
7585	4102	548
7591	3515	536
7602	1702	346
7603	4584	368
7604	2229	235
7604	2229	356
7608	2626	444
7609	4670	488
7610	5177	742
7613	1873	498
7614	3462	459
7615	6122	548
7615	6122	539
7618	3329	479
7622	5601	227
7622	5601	522
7623	3027	392
7629	1779	381
7630	2265	263
7633	2632	334
7639	4183	278
7644	3116	388
7649	1740	222
7653	5981	507
7654	2137	295
7659	4597	618
7660	3252	530
7672	3699	515
7675	3689	501
7680	5142	454
7686	4251	325
7689	2826	605
7698	4044	358
7701	4553	529
7703	2986	259
7705	3233	178
7705	3233	202
7709	2723	286
7711	2490	222
7714	3054	506
7723	1850	349
7724	3606	301
7726	5801	270
7726	5801	233
7726	5801	269
7729	2160	243
7731	2927	466
7733	4943	517
7733	4943	486
7738	3531	644
7745	3612	565
7758	3344	430
7760	5098	465
7761	4063	420
7761	4063	504
7764	4770	280
7764	4770	482
7766	3689	200
7767	2750	435
7769	3384	292
7770	4479	626
7776	5798	336
7776	5798	708
7781	3275	271
7781	3275	286
7785	2624	335
7794	3373	307
7794	3373	351
7796	3276	467
7804	2458	185
7816	4983	362
7822	4204	456
7825	2765	253
7826	2865	353
7836	2421	345
7841	5152	380
7841	5152	255
7848	1915	311
7855	3344	185
7856	3425	200
7856	3425	289
7865	3237	383
7865	3237	383
7866	1379	291
7867	4221	474
7869	3636	518
7875	4903	449
7876	3856	373
7876	3856	318
7879	4852	401
7880	3329	354
7887	3311	364
7889	4182	492
7889	4182	439
7890	3541	551
7891	2130	392
7894	2552	185
7898	2757	463
7905	3289	598
7906	3219	625
7911	5807	484
7911	5807	340
7912	2716	344
7913	3762	472
7915	4313	427
7924	2152	278
7929	2911	469
7930	2388	297
7936	3245	539
7943	4710	321
7943	4710	497
7968	2954	523
7981	2007	364
7982	4222	200
7988	4623	785
7989	1950	495
7992	3415	273
7996	3028	495
7998	3144	323
7998	3144	365
8001	5544	527
8001	5544	206
8002	3074	342
8006	2321	227
8011	4178	302
8011	4178	519
8013	3308	359
8015	3861	467
8025	5729	493
8026	2405	185
8047	3710	455
8051	4548	435
8072	2900	493
8073	3041	210
8073	3041	295
8077	1761	243
8079	2320	454
8085	2985	623
8095	4471	466
8095	4471	318
8097	2573	576
8099	4774	424
8099	4774	558
8113	3748	368
8117	3152	365
8119	2666	294
8129	2922	473
8132	4464	185
8139	3593	185
8142	4236	628
8147	2683	227
8150	3879	515
8152	4464	762
8153	3475	495
8158	1517	527
8159	1393	249
8161	4838	580
8161	4838	503
8167	4731	849
8172	3145	289
8174	4429	348
8184	4151	185
8185	3160	457
8188	3804	607
8190	3598	345
8190	3598	320
8192	2250	211
8202	2615	346
8203	3012	364
8204	4948	260
8208	2627	659
8217	2373	250
8219	4751	484
8222	1740	337
8223	4394	748
8229	2774	340
8235	2490	329
8236	3747	226
8244	2584	311
8245	4448	200
8257	3676	625
8259	1898	233
8260	2278	470
8262	3621	394
8266	5066	523
8272	3646	561
8275	2402	215
8276	2106	378
8279	2298	238
8283	5222	291
8287	4993	359
8290	4563	561
8300	2001	687
8303	3600	606
8305	3475	157
8305	3475	265
8306	2854	343
8307	3650	338
8307	3650	330
8313	3656	403
8315	2359	312
8320	2336	320
8322	4095	157
8322	4095	367
8327	2860	283
8328	2277	238
8330	4136	479
8331	1289	200
8332	2745	415
8337	3473	612
8342	3283	389
8347	1014	285
8351	3542	326
8359	2729	584
8361	2506	369
8366	4213	185
8366	4213	344
8369	4135	522
8370	3667	461
8375	2280	255
8376	4301	484
8377	3632	340
8380	6017	535
8383	2394	494
8392	2742	262
8395	3680	166
8395	3680	364
8397	2214	333
8404	2800	397
8407	4319	368
8413	1905	549
8421	3077	255
8428	1919	362
8429	2860	217
8429	2860	300
8431	1339	211
8432	3706	546
8434	3951	264
8435	2303	291
8439	2577	313
8441	2419	412
8444	3634	344
8445	2701	337
8446	2599	255
8447	3642	364
8454	2786	482
8456	3205	290
8464	2902	316
8466	4265	321
8471	4417	383
8475	4021	355
8480	4677	441
8480	4677	413
8485	2938	444
8489	5043	346
8490	4145	230
8492	3791	355
8492	3791	287
8494	5978	228
8494	5978	337
8495	2832	494
8496	3352	292
8500	5164	528
8501	4787	449
8501	4787	545
8503	4431	422
8506	2240	202
8507	5786	554
8511	2811	322
8513	2937	503
8516	4913	315
8516	4913	400
8517	4865	442
8519	4231	469
8523	3512	391
8524	3160	625
8528	2263	558
8532	3984	584
8550	2902	452
8552	5360	543
8553	4671	420
8554	5345	536
8554	5345	373
8560	2873	391
8561	3631	479
8563	3918	585
8566	3415	380
8566	3415	385
8570	2477	432
8571	2402	281
8572	1974	185
8581	3317	417
8584	4959	185
8588	3935	615
8591	2897	278
8593	2449	185
8601	2532	357
8606	2444	301
8608	4646	479
8610	2484	525
8616	1937	414
8620	1936	221
8622	1524	391
8625	3289	415
8630	1880	487
8631	2354	483
8634	1782	462
8635	2559	230
8636	5370	594
8637	4353	761
8638	2789	344
8639	3646	536
8641	4031	629
8643	2003	322
8648	3721	505
8648	3721	248
8649	3654	543
8650	2837	416
8651	3148	538
8652	4467	414
8652	4467	519
8653	2230	462
8654	2690	185
8655	2713	325
8655	2713	165
8655	2713	125
8663	1526	238
8665	2986	289
8669	1872	276
8671	2992	602
8673	5381	394
8681	5823	493
8681	5823	580
8682	2731	530
8689	2760	267
8692	1198	185
8694	3171	576
8695	2125	236
8696	1997	268
8696	1997	238
8698	3138	379
8702	2222	279
8704	5949	405
8706	3819	261
8706	3819	500
8710	4363	372
8716	3970	425
8716	3970	355
8719	3689	478
8720	3236	476
8722	5221	448
8724	3296	409
8724	3296	307
8725	2395	149
8725	2395	196
8730	3112	341
8731	4496	490
8731	4496	530
8732	1953	348
8733	5295	606
8734	4491	392
8737	3378	476
8740	2774	466
8745	2849	465
8746	3188	561
8747	3461	599
8749	2958	297
8751	3485	408
8751	3485	198
8753	1930	227
8757	2889	509
8758	4745	476
8763	5877	518
8771	2549	586
8775	3563	398
8777	2791	604
8782	2615	392
8787	2086	428
8789	2009	328
8794	4139	342
8797	3940	379
8798	3108	299
8798	3108	348
8799	3856	378
8800	2323	517
8801	3405	405
8803	1673	381
8804	3056	497
8804	3056	274
8806	1704	185
8808	2239	286
8810	3199	280
8812	3340	381
8815	1692	433
8816	3109	557
8818	2199	293
8819	4123	370
8819	4123	399
8822	3792	300
8822	3792	345
8825	2563	418
8826	1203	308
8828	3994	622
8832	3087	578
8841	1943	533
8844	1943	398
8845	2848	224
8845	2848	303
8848	3625	300
8850	3977	432
8854	2577	456
8855	2279	443
8858	3609	453
8859	3072	456
8862	3099	528
8866	3895	512
8866	3895	426
8868	2891	502
8869	5552	581
8869	5552	578
8876	2058	506
8878	1578	318
8879	3057	544
8880	2058	295
8883	2237	311
8884	2686	384
8886	2905	481
8887	4548	621
8887	4548	494
8889	2556	309
8892	1755	250
8893	4560	249
8894	1564	252
8897	2935	570
8901	3762	554
8903	2643	238
8905	4063	314
8906	3426	292
8910	2598	531
8917	2812	598
8922	1974	467
8923	5428	577
8923	5428	554
8925	4816	490
8925	4816	479
8927	2468	234
8928	2148	492
8932	1821	271
8934	4342	527
8935	2504	327
8938	1706	227
8939	1813	276
8940	3007	306
8941	977	211
8943	2425	455
8944	3704	391
8944	3704	370
8946	2264	554
8950	2285	368
8954	2965	599
8955	5373	364
8957	3771	593
8962	4297	640
8976	2891	295
8980	2883	328
8980	2883	213
8981	3478	558
8983	2407	448
8985	3629	526
8986	2989	405
8987	3323	460
8988	3375	533
8992	3852	356
8995	3219	510
8998	3524	303
8999	3279	341
9003	2881	604
9007	4173	817
9012	2092	361
9016	2416	215
9021	3488	550
9024	2775	373
9026	2317	379
9027	5746	745
9032	3042	548
9041	3070	555
9042	2093	279
9043	3392	650
9052	2705	516
9053	3781	319
9055	2496	248
9056	2830	264
9056	2830	293
9062	1885	307
9067	2820	480
9068	1359	232
9073	2295	570
9080	5595	353
9080	5595	262
9082	3000	401
9083	1892	343
9088	4063	629
9088	4063	538
9089	2062	260
9093	3174	283
9095	3710	532
9096	3438	447
9101	2330	222
9108	2822	430
9110	1894	215
9111	5702	408
9115	4516	319
9118	3704	268
9121	2488	394
9128	2525	239
9133	1908	243
9134	4539	266
9137	2493	232
9142	5356	289
9145	2683	462
9147	3366	230
9149	3236	537
9156	2371	342
9161	3069	613
9162	4860	540
9167	2930	398
9172	2465	358
9176	2105	373
9183	2048	338
9184	3980	232
9187	2106	325
9189	1418	185
9192	2279	334
9196	3688	250
9204	2665	319
9208	4916	309
9211	3612	297
9214	4279	429
9215	2471	283
9219	4611	412
9220	3972	643
9226	1530	324
9230	4007	382
9233	2875	146
9233	2875	174
9234	2849	171
9234	2849	371
9236	2518	281
9236	2518	301
9238	4083	259
9240	3361	311
9240	3361	208
9249	4952	589
9249	4952	355
9253	1536	326
9254	3934	480
9255	2372	454
9256	3063	376
9260	5205	227
9261	2480	185
9268	3523	776
9281	3765	771
9284	2595	332
9285	3156	264
9285	3156	197
9294	3047	340
9296	3089	359
9302	3531	206
9304	1890	271
9308	999	249
9310	4671	467
9312	3521	200
9314	3858	504
9321	2308	517
9322	2416	324
9337	3297	510
9340	3054	309
9343	2594	355
9344	3775	146
9344	3775	270
9347	1995	360
9350	4839	766
9351	3947	287
9359	5246	296
9365	3497	235
9365	3497	196
9367	2998	530
9369	1412	185
9372	4202	456
9373	4599	459
9373	4599	522
9375	5678	222
9378	4417	327
9379	3226	341
9380	2916	615
9389	2958	503
9395	3960	271
9396	3394	503
9397	3048	498
9398	3553	321
9398	3553	316
9401	4637	287
9409	3586	503
9409	3586	444
9412	2823	255
9413	3647	491
9422	3331	418
9424	2272	295
9427	2948	206
9432	1218	244
9433	5557	556
9433	5557	568
9434	4259	560
9435	5646	375
9437	1626	278
9439	3468	211
9439	3468	215
9442	3187	557
9444	4593	456
9445	3197	200
9447	2420	211
9447	2420	245
9448	5568	290
9458	2561	284
9460	2676	314
9462	1884	232
9463	1441	263
9464	3964	286
9470	2344	340
9472	5711	338
9477	2132	305
9479	4661	256
9479	4661	200
9483	1916	457
9488	4360	443
9488	4360	300
9489	2091	332
9490	2872	569
9494	2876	434
9500	3939	509
9500	3939	489
9503	1675	200
9504	3141	337
9505	2795	185
9506	3499	603
9507	4003	482
9507	4003	325
9513	2693	305
9517	2643	351
9520	4177	248
9521	2522	532
9522	5768	558
9528	3917	388
9530	2077	592
9536	1975	370
9538	3190	539
9540	2882	540
9544	2748	516
9545	3998	499
9546	3703	489
9549	4082	495
9550	4288	254
9550	4288	483
9559	2119	324
9560	2788	448
9561	3848	423
9564	4238	677
9571	4001	393
9573	2964	534
9575	4031	510
9577	1976	401
9578	3999	514
9578	3999	200
9579	1296	243
9580	4884	675
9580	4884	423
9581	5078	358
9581	5078	576
9582	2121	215
9584	4183	499
9585	3691	461
9587	2411	306
9590	4082	451
9590	4082	215
9591	1726	185
9592	2122	466
9596	5444	453
9601	4432	185
9605	2860	368
9608	4882	381
9611	2644	206
9612	3726	809
9613	3142	513
9614	4293	502
9620	1383	297
9625	1779	341
9627	3185	369
9631	4750	452
9638	5229	510
9638	5229	340
9639	2686	557
9643	3012	400
9644	1593	248
9645	1509	328
9650	2717	532
9651	3076	442
9652	2543	441
9653	2259	481
9655	2767	275
9655	2767	288
9664	4934	451
9667	2401	442
9668	2400	315
9672	2389	314
9673	3662	380
9673	3662	544
9675	3897	262
9675	3897	270
9675	3897	350
9682	5314	395
9686	2152	521
9689	2490	312
9691	2504	288
9692	3042	570
9697	2391	421
9698	2080	238
9701	1765	426
9706	4023	427
9713	1733	415
9715	2100	333
9718	3906	733
9719	3696	477
9719	3696	388
9722	2458	206
9725	2127	568
9726	4701	365
9730	2213	361
9735	2218	288
9736	3833	430
9737	3550	521
9737	3550	493
9743	2515	367
9744	2595	521
9745	4798	563
9751	1809	275
9752	4561	230
9758	2492	309
9759	2604	374
9760	2267	379
9761	2922	308
9762	1734	358
9764	3368	342
9767	4291	459
9772	2365	200
9773	3877	586
9781	3224	583
9784	2499	305
9785	2633	455
9794	3384	298
9795	1895	284
9796	3682	481
9801	2705	329
9802	1168	404
9803	1443	261
9806	3923	310
9806	3923	393
9814	2717	324
9814	2717	306
9816	2709	440
9817	4481	382
9818	2974	301
9818	2974	260
9819	3136	558
9820	4116	327
9820	4116	573
9824	2376	290
9826	2463	443
9827	3981	250
9827	3981	185
9831	3755	291
9831	3755	185
9834	2290	465
9836	3845	477
9837	2508	211
9845	2831	284
9848	2291	326
9856	1937	200
9856	1937	158
9859	4019	237
9859	4019	536
9862	3570	349
9864	2966	396
9865	1175	283
9870	2278	188
9870	2278	336
9871	4151	458
9872	2057	365
9879	2033	347
9880	3378	290
9882	2991	228
9882	2991	201
9885	2650	321
9890	3569	492
9892	4243	332
9892	4243	496
9898	2483	549
9899	3327	138
9899	3327	183
9900	3852	488
9906	2421	201
9906	2421	325
9908	5308	261
9908	5308	508
9913	5474	516
9913	5474	527
9917	3781	200
9917	3781	378
9919	5470	469
9919	5470	426
9920	2023	359
9926	3275	480
9933	2667	284
9937	2296	524
9939	2646	200
9940	1740	250
9944	2695	349
9947	3297	473
9950	2855	497
9954	2048	466
9955	4218	200
9955	4218	356
9956	2404	498
9961	3257	376
9963	2312	322
9971	2364	296
9973	2473	368
9978	4270	409
9978	4270	175
9978	4270	391
9984	2661	337
9985	2705	592
9987	2842	562
9988	3752	344
9989	3041	714
9990	2565	470
9991	3648	415
9998	3656	442
9998	3656	451
10000	1645	272
10004	1577	386
10009	3605	574
10012	3276	215
10014	4843	808
10021	3216	351
10021	3216	319
10022	3814	513
10025	1874	344
10026	3567	482
10027	4853	330
10028	2776	378
10028	2776	425
10031	2795	316
10031	2795	291
10039	4928	770
10046	2742	185
10048	2006	311
10050	2549	517
10051	1233	250
10053	1958	260
10060	2371	476
10063	2699	516
10065	1838	353
10066	5317	494
10066	5317	481
10068	3386	565
10070	3132	411
10072	5827	560
10072	5827	446
10075	4030	292
10077	5404	392
10078	4242	270
10078	4242	198
10078	4242	197
10081	3107	317
10081	3107	416
10085	2215	492
10086	2595	405
10089	3421	442
10090	1669	200
10092	1327	281
10094	2579	501
10097	2564	363
10100	1997	536
10102	4443	295
10102	4443	462
10103	4257	437
10110	2221	269
10110	2221	256
10111	2358	350
10114	2457	290
10116	1554	250
10119	2636	478
10133	2622	357
10134	2242	255
10135	5006	254
10136	2129	328
10138	2358	291
10144	2516	283
10147	3643	478
10148	1678	338
10155	3285	751
10157	2391	333
10164	1930	335
10166	2016	499
10175	2103	364
10178	3592	445
10179	2348	331
10184	1752	272
10184	1752	223
10188	3088	270
10188	3088	351
10189	3674	460
10192	2757	446
10196	1684	267
10198	2997	422
10205	3846	524
10211	1397	249
10216	1537	474
10218	1500	335
10220	2464	354
10221	2258	472
10222	2635	515
10225	2938	325
10227	5922	362
10228	2111	323
10232	2476	350
10237	3032	274
10237	3032	221
10237	3032	249
10239	1366	393
10245	2660	317
10246	1852	340
10251	1083	378
10252	3853	272
10262	1238	185
10264	1924	206
10269	1554	383
10271	2149	447
10275	2149	574
10276	3352	583
10286	5545	723
10288	1641	222
10291	2681	350
10292	2504	377
10294	4867	441
10296	2082	427
10300	2077	543
10302	1843	451
10304	2095	361
10309	2781	274
10309	2781	259
10314	2558	533
10315	2994	207
10315	2994	409
10317	957	336
10318	2988	550
10319	1869	200
10320	2181	394
10321	2352	255
10322	4379	277
10322	4379	475
10325	2388	334
10325	2388	210
10326	1858	268
10328	3676	652
10329	3638	272
10331	2257	304
10337	1821	540
10339	2025	481
10341	4016	493
10342	2056	444
10343	3511	523
10343	3511	185
10345	1970	293
10346	3054	469
10346	3054	156
10348	2131	368
10349	2443	255
10350	1559	261
10352	1646	345
10358	5104	374
10362	1858	499
10364	1465	280
10365	1605	252
10370	2126	347
10371	1966	324
10373	1611	185
10374	2771	566
10375	2374	522
10376	2119	350
10377	1952	375
10379	2661	291
10379	2661	366
10380	1993	481
10383	5071	327
10386	2504	244
10387	3920	328
10388	2177	230
10392	3199	663
10394	1919	316
10395	2327	340
10403	3280	625
10404	2224	346
10404	2224	342
10406	3048	454
10409	5380	334
10409	5380	344
10411	2193	382
10420	1754	508
10422	3525	395
10424	2288	302
10427	2739	483
10435	2920	504
10437	3359	572
10439	2123	559
10442	3250	422
10443	2287	421
10445	5077	395
10445	5077	471
10448	3520	209
10448	3520	311
10449	1803	435
10450	1864	368
10454	1656	226
10456	2417	470
10459	1815	488
10463	2678	281
10464	2596	407
10465	3361	255
10465	3361	233
10465	3361	284
10466	4194	455
10467	4857	499
10468	2518	296
10468	2518	256
10469	2650	480
10470	2123	542
10471	2431	373
10474	3049	184
10474	3049	475
10475	2521	488
10477	4451	394
10477	4451	336
10487	3014	493
10490	3416	255
10491	3590	470
10493	2959	404
10497	3128	486
10500	2909	648
10501	2791	293
10502	4418	238
10502	4418	230
10507	4140	628
10509	3751	516
10511	5978	200
10513	3544	575
10519	4326	633
10524	2095	302
10527	2094	333
10529	3162	385
10530	1853	428
10537	1378	246
10540	1991	464
10548	4098	408
10548	4098	524
10551	5193	498
10551	5193	602
10555	4439	376
10558	4322	444
10558	4322	503
10560	1552	369
10562	1615	552
10565	4027	464
10565	4027	400
10566	1771	173
10568	3683	548
10574	2027	185
10580	2492	341
10586	3520	556
10591	1835	432
10593	3122	498
10598	3382	255
10598	3382	406
10601	3192	454
10606	2204	306
10607	2787	545
10608	1627	375
10609	3740	463
10610	2157	232
10611	2369	312
10611	2369	266
10615	3187	519
10619	2529	216
10619	2529	176
10620	2789	261
10624	2055	428
10626	3147	333
10629	2435	471
10635	2285	466
10638	3218	356
10640	3138	396
10642	1035	215
10643	4534	220
10643	4534	244
10645	4714	185
10651	3520	574
10658	4579	445
10663	3598	646
10668	4525	254
10668	4525	499
10669	1798	185
10669	1798	255
10670	2777	222
10671	4374	547
10672	3041	250
10672	3041	336
10673	2596	448
10680	3659	375
10683	4103	861
10686	3694	508
10688	2058	350
10697	1366	280
10702	3093	561
10706	3842	282
10706	3842	215
10711	4956	481
10712	4595	852
10714	4656	668
10717	2403	333
10719	3036	561
10723	1305	252
10725	2161	448
10726	3670	158
10726	3670	237
10728	4172	444
10729	1980	431
10736	3681	357
10737	2747	257
10737	2747	325
10739	2242	255
10740	2727	338
10746	4842	535
10747	2587	227
10749	4238	516
10753	2040	283
10754	4822	800
10763	4176	455
10763	4176	380
10764	2238	400
10766	3508	288
10770	3644	498
10773	2615	473
10774	2506	553
10775	5147	262
10776	3259	284
10777	2655	298
10778	4648	281
10778	4648	516
10779	5422	568
10779	5422	197
10783	3883	426
10789	3809	585
10791	4205	537
10792	2876	278
10793	2193	226
10794	4580	329
10796	2768	528
10799	2423	331
10802	3644	308
10802	3644	194
10803	5515	235
10806	3418	180
10806	3418	329
10811	2409	557
10815	5014	831
10816	1090	384
10817	2899	551
10819	1985	222
10820	3411	585
10822	3510	500
10824	5229	487
10824	5229	405
10829	3982	222
10832	3505	580
10833	3969	421
10834	4824	535
10842	4921	748
10843	2552	209
10843	2552	198
10846	2314	274
10846	2314	222
10847	3017	347
10850	1851	211
10851	4642	549
10854	1965	261
10859	3404	455
10862	1576	140
10862	1576	192
10863	2115	600
10864	2712	345
10864	2712	355
10865	3132	422
10869	2650	603
10873	3801	437
10874	4125	340
10875	1733	215
10876	3149	442
10877	4267	478
10878	3292	548
10880	1644	414
10881	2857	552
10882	2248	344
10884	2626	395
10889	3156	481
10889	3156	195
10892	2810	320
10892	2810	258
10894	2978	322
10894	2978	373
10896	2789	298
10897	5181	518
10900	3015	399
10903	5353	482
10906	2522	383
10909	1097	216
10910	2902	582
10911	3746	377
10912	1714	284
10919	2711	555
10921	3050	329
10926	2585	370
10927	4383	388
10928	2406	406
10929	4439	601
10933	3172	405
10933	3172	436
10935	3641	273
10938	1943	311
10941	3617	332
10941	3617	323
10943	3952	548
10944	5615	428
10944	5615	339
10945	4743	674
10946	4704	320
10946	4704	101
10946	4704	342
10952	4107	238
10954	4804	253
10957	2272	358
10959	3706	581
10962	2947	289
10962	2947	304
10963	2580	560
10965	3857	784
10967	4949	276
10968	2784	324
10968	2784	342
10970	4096	514
10971	2363	565
10975	2465	316
10977	3762	387
10978	3046	492
10981	2821	384
10983	3609	577
10984	2051	370
10988	3887	315
10988	3887	399
10990	3737	217
10990	3737	102
10990	3737	240
10992	2600	300
10993	3088	555
10995	3761	370
10996	4113	611
10997	1884	294
10999	3724	602
11000	3104	345
11000	3104	351
11001	2220	283
11002	3361	341
11003	4110	552
11005	3814	636
11008	3835	392
11008	3835	398
11010	2505	669
11012	2782	409
11015	4445	518
11015	4445	319
11017	3022	614
11018	2681	531
11019	3089	206
11023	5162	719
11025	3496	406
11026	4157	322
11028	2646	587
11030	4250	446
11032	5037	745
11033	1615	227
11037	2961	543
11039	2827	222
11041	2624	227
11042	5148	379
11045	2395	185
11047	4830	470
11047	4830	380
11049	2454	437
11050	2262	280
11053	3766	526
11056	2609	405
11059	2600	481
11062	2960	457
11064	3807	532
11066	2587	510
11068	2167	396
11069	3242	537
11075	2307	585
11080	2914	288
11081	4855	517
11082	3587	652
11083	3722	570
11084	3056	491
11087	5601	608
11087	5601	557
11094	4272	427
11094	4272	326
11095	3028	315
11097	3301	491
11099	5035	557
11102	4171	243
11102	4171	362
11104	4989	599
11110	5226	463
11110	5226	199
11110	5226	215
11111	2401	401
11112	2607	576
11116	3802	518
11116	3802	263
11122	2796	448
11124	3806	414
11126	4186	316
11126	4186	185
11132	3375	365
11134	4133	278
11134	4133	441
11135	3055	467
11137	2563	429
11141	3094	539
11142	4375	338
11144	3399	408
11148	3237	345
11151	4654	467
11154	3882	587
11158	2110	324
11162	3422	319
11162	3422	402
11164	4683	333
11164	4683	478
11171	5609	560
11173	2609	412
11176	3864	369
11181	1813	243
11183	2624	344
11184	2957	464
11190	4054	425
11191	2032	321
11192	2418	326
11194	1808	563
11199	2815	364
11205	4018	329
11209	3481	548
11211	2467	340
11212	2981	206
11214	3513	547
11221	3007	213
11221	3007	243
11227	2254	526
11231	4903	557
11232	4356	501
11232	4356	523
11234	3374	376
11237	3479	462
11240	3223	318
11242	4039	343
11243	1496	243
11244	5352	449
11245	2520	284
11246	3293	438
11247	2596	446
11249	2157	406
11251	4292	519
11255	2915	375
11256	4272	379
11259	2635	213
11259	2635	174
11262	4152	471
11262	4152	534
11265	3522	683
11266	2408	245
11266	2408	369
11267	1680	324
11268	2567	600
11269	2397	375
11270	3714	382
11273	2248	375
11276	3420	192
11276	3420	347
11277	1179	319
11279	2487	338
11283	3507	645
11284	2772	530
11287	4949	399
11287	4949	535
11289	5461	532
11292	3955	628
11294	2341	185
11297	2772	415
11298	3927	445
11314	2751	420
11315	2784	244
11317	3105	369
11318	2152	522
11319	3719	383
11321	3540	438
11322	2434	185
11325	3615	482
11326	2898	291
11326	2898	239
11327	5076	494
11327	5076	374
11330	4540	570
11334	5513	557
11339	3476	475
11341	5151	255
11341	5151	344
11343	5280	542
11347	2392	380
11348	2972	581
11354	3120	390
11355	1875	215
11356	3469	347
11356	3469	343
11357	4177	729
11361	3269	520
11362	2516	266
11363	1635	357
11366	2335	310
11368	5534	202
11368	5534	517
11369	3394	572
11370	4074	192
11370	4074	137
11373	3909	248
11376	5309	431
11376	5309	682
11379	1819	261
11380	4512	418
11382	5173	462
11382	5173	368
11383	2556	309
11386	3196	409
11387	3504	287
11391	3468	435
11392	4428	277
11393	3346	489
11394	2667	586
11396	2044	332
11398	2786	329
11402	2319	529
11405	2220	306
11407	3816	541
11411	4258	314
11413	2336	553
11415	3939	668
11416	4578	848
11418	4658	222
11425	3245	488
11435	2238	287
11436	3191	425
11438	1293	293
11439	4623	601
11441	2282	435
11443	3708	365
11444	2602	389
11447	2574	351
11448	3097	203
11448	3097	375
11455	4752	344
11455	4752	125
11455	4752	524
11457	4173	558
11460	2177	265
11461	4325	709
11464	5113	243
11465	4620	799
11466	3549	407
11468	4046	612
11469	2976	403
11471	3015	310
11475	4357	687
11477	3136	438
11478	4892	530
11479	4800	551
11481	5589	271
11481	5589	260
11482	4723	537
11482	4723	535
11484	3196	411
11489	3315	504
11490	3383	606
11495	2582	250
11501	1632	306
11505	2524	435
11510	3053	492
11514	1383	329
11516	4103	337
11517	2794	355
11526	2786	590
11527	4469	774
11529	5403	336
11529	5403	525
11531	1781	222
11533	3029	606
11534	4140	272
11534	4140	185
11536	1506	368
11537	3365	415
11539	3515	185
11540	4296	486
11542	3135	487
11543	3175	362
11544	3023	313
11546	4025	530
11548	4443	581
11548	4443	649
11551	3636	514
11551	3636	430
11553	4207	200
11554	3790	554
11557	4115	303
11558	3389	200
11560	4274	630
11561	3595	569
11562	3819	243
11562	3819	310
11564	2661	563
11570	4052	671
11576	2335	376
11578	4361	233
11578	4361	525
11579	3352	408
11582	4581	513
11583	1854	272
11585	2995	319
11586	4044	185
11587	2387	477
11592	2870	546
11595	4239	269
11598	2196	319
11601	3345	333
11605	3005	350
11607	4533	354
11608	1894	332
11609	2799	417
11611	2257	230
11613	4009	602
11614	2861	317
11617	3001	331
11617	3001	287
11620	3543	706
11621	1872	167
11621	1872	150
11622	1185	287
11624	1585	525
11625	2988	320
11638	2170	340
11639	2334	595
11646	4495	532
11647	5091	460
11655	3584	450
11655	3584	481
11660	2287	521
11662	2737	649
11668	3737	860
11669	4182	185
11673	4982	616
11677	3442	305
11683	3527	603
11686	2699	382
11687	1896	206
11688	4608	710
11693	3917	374
11699	4528	551
11700	2203	206
11700	2203	218
11701	2295	338
11702	5401	621
11702	5401	513
11703	3290	361
11704	4846	281
11706	2240	284
11709	4337	595
11713	2748	414
11714	3649	604
11715	5364	624
11715	5364	222
11719	1004	145
11722	1186	140
11724	3504	486
11728	3162	616
11729	2489	226
11732	2331	291
11739	3450	536
11741	2918	521
11743	5336	657
11744	3328	507
11746	1463	397
11749	4123	293
11749	4123	323
11751	1941	317
11755	4654	375
11756	2481	669
11760	2017	267
11762	5098	818
11763	2530	367
11764	3909	618
11767	4290	483
11768	3272	529
11771	4634	783
11777	4947	783
11778	2548	388
11779	3308	496
11785	2946	399
11787	3074	348
11787	3074	195
11788	4649	626
11788	4649	374
11791	3125	480
11792	2832	545
11795	4028	668
11797	4224	821
11798	2359	515
11800	4075	281
11801	2687	185
11804	2353	238
11805	3070	630
11807	5117	440
11807	5117	540
11808	2354	294
11809	4408	707
11815	3717	359
11816	3402	799
11818	3048	885
11820	3421	384
11825	2441	571
11828	2345	279
11829	3233	467
11832	2944	588
11837	4305	488
11840	4948	227
11841	2688	498
11842	2860	475
11843	4063	600
11847	4129	558
11850	2552	300
11856	3302	760
11858	4726	410
11859	3831	482
11863	1699	160
11863	1699	167
11868	2777	504
11872	2981	507
11875	2740	506
11877	3871	573
11882	3751	523
11884	1756	250
11886	3824	507
11889	2651	301
11892	4381	494
11894	4658	665
11896	1768	399
11899	4335	613
11901	3924	538
11906	3126	185
11907	3137	361
11912	4235	339
11917	2363	275
11923	5252	698
11927	3739	417
11928	3356	386
11929	5140	405
11932	2525	253
11935	3873	483
11936	2434	350
11938	3253	487
11945	1921	226
11950	2470	557
11952	3616	436
11952	3616	461
11954	2623	531
11955	2340	370
11956	3958	513
11969	2741	458
11975	4874	498
11976	4448	312
11977	4000	660
11981	3000	561
11983	3016	580
11993	4532	559
11994	3697	544
11995	4501	383
11995	4501	418
11996	4752	486
12000	2679	506
12002	2066	559
12003	5093	676
12003	5093	373
12005	3383	593
12006	3799	655
12009	4310	550
12010	4288	574
12012	3990	554
12013	1570	259
12017	3962	578
12018	3339	473
12019	4526	414
12020	3658	295
12022	3028	494
12023	3621	555
12025	4130	568
12027	2391	343
12029	4859	654
12031	1664	317
12034	3646	282
12039	4983	541
12039	4983	475
12044	2480	540
12045	3324	549
12046	3466	542
12054	5394	581
12054	5394	200
12057	3142	558
12067	4948	386
12069	2032	362
12070	4442	214
12070	4442	158
12073	2438	334
12074	4691	504
12076	4112	484
12077	3439	513
12082	2217	276
12082	2217	259
12084	2607	533
12086	2807	361
12087	2335	253
12088	4218	503
12092	3098	412
12095	3348	335
12098	2796	250
12100	4555	403
12102	3821	467
12105	2112	185
12110	5419	395
12113	2995	343
12117	2884	550
12119	3515	200
12121	4277	507
12122	3807	777
12127	2792	540
12128	4957	370
12128	4957	486
12129	2679	486
12132	3225	412
12133	2805	590
12135	3767	514
12137	3414	251
12137	3414	549
12138	1938	256
12139	3860	865
12140	2971	506
12144	3485	506
12148	3159	537
12149	3698	551
12153	3379	261
12153	3379	222
12155	5309	446
12155	5309	476
12156	4270	630
12160	4511	488
12161	2606	315
12161	2606	301
12164	3780	213
12164	3780	382
12166	2577	348
12167	5168	627
12169	3292	580
12173	3937	337
12174	2773	407
12175	4504	574
12177	3473	843
12180	2485	613
12181	3122	510
12183	3510	725
12185	4456	539
12186	3547	654
12192	3678	404
12195	3375	567
12197	4225	492
12198	2346	360
12200	3614	241
12200	3614	204
12201	3850	537
12204	4812	524
12206	4748	411
12215	3771	329
12217	3531	350
12218	1882	373
12221	2882	622
12227	4495	527
12228	3813	497
12228	3813	292
12229	2417	305
12230	1643	227
12233	4544	388
12235	3576	382
12236	4894	242
12236	4894	230
12237	2926	422
12244	3019	358
12245	5428	566
12246	3518	564
12251	3582	493
12253	2650	613
12267	4680	697
12271	3738	443
12275	5485	618
12275	5485	473
12276	2914	315
12277	1902	296
12278	3254	394
12281	4489	271
12281	4489	359
12282	810	249
12286	2591	233
12287	5309	610
12292	2503	333
12297	3160	305
12299	3106	416
12301	2323	581
12304	4691	288
12306	4306	266
12306	4306	479
12313	4070	619
12314	3272	528
12317	4530	488
12319	2285	206
12321	4895	342
12321	4895	556
12322	1786	404
12323	2484	290
12327	3488	273
12328	3475	477
12328	3475	209
12330	2881	272
12333	3000	426
12334	2470	482
12335	4924	234
12338	5453	681
12340	2638	308
12340	2638	235
12344	3936	542
12346	3183	540
12347	2016	503
12349	4077	314
12350	4372	532
12351	3040	600
12352	4900	413
12353	4401	526
12354	4765	484
12358	4360	560
12363	4235	140
12363	4235	135
12363	4235	575
12364	4011	513
12365	3420	488
12369	2138	559
12373	1651	326
12377	3723	479
12377	3723	415
12381	3065	243
12381	3065	353
12384	4175	259
12384	4175	261
12385	2524	254
12385	2524	270
12386	2124	185
12387	1576	249
12391	3587	532
12393	2848	425
12394	2524	530
12395	3157	317
12395	3157	343
12396	3716	523
12398	1968	388
12399	2756	291
12401	2118	300
12402	4955	460
12402	4955	292
12405	3165	462
12406	3383	475
12407	4712	609
12408	3596	523
12412	1812	279
12416	2169	219
12417	2576	327
12421	2499	514
12422	3538	492
12424	2868	348
12425	2272	275
12433	3390	600
12437	3864	370
12437	3864	127
12438	4159	650
12446	5569	257
12446	5569	470
12447	3691	226
12451	2940	358
12453	2189	185
12455	2326	457
12458	3419	504
12459	3421	473
12461	3283	345
12461	3283	354
12465	3454	525
12466	2663	447
12467	2523	251
12467	2523	284
12469	4028	414
12469	4028	471
12472	5066	284
12472	5066	348
12477	4903	495
12478	2499	324
12482	2708	388
12483	1887	287
12484	4351	545
12485	3015	231
12485	3015	239
12487	3235	423
12489	3202	346
12495	2458	455
12497	3783	442
12499	1750	387
12505	5237	633
12507	3305	353
12508	1002	185
12514	2498	362
12515	4102	509
12519	2732	197
12519	2732	205
12525	2420	422
12528	3996	845
12530	4661	530
12531	2536	295
12534	3693	554
12535	1719	226
12539	2886	336
12541	4268	353
12541	4268	572
12542	4005	415
12545	1659	339
12549	4294	480
12549	4294	478
12553	2603	324
12554	2959	478
12555	4398	352
12556	1603	278
12566	2149	434
12573	3790	462
12576	2593	339
12578	3074	250
12580	2906	431
12581	2957	477
12583	3610	366
12586	1896	552
12589	3363	593
12591	1948	257
12592	2620	492
12594	3525	524
12598	2351	230
12607	2455	211
12607	2455	300
12609	1933	316
12610	4443	405
12610	4443	456
12611	3874	421
12612	3965	584
12616	2822	488
12618	2373	480
12622	3928	702
12625	3028	308
12626	1374	322
12628	2818	456
12629	5226	499
12632	2031	510
12634	3193	468
12635	1852	377
12636	3885	542
12639	2772	439
12640	2222	322
12642	1700	302
12643	2970	238
12645	1983	255
12648	2859	358
12649	2443	297
12652	2876	331
12654	3111	339
12657	4315	535
12657	4315	299
12659	2499	486
12665	4345	349
12666	2965	343
12670	4101	513
12671	2222	313
12672	4488	519
12676	2867	456
12676	2867	251
12678	2468	360
12679	3061	362
12680	5482	561
12680	5482	219
12680	5482	120
12685	3351	369
12688	4566	416
12689	4108	524
12691	2628	296
12691	2628	330
12692	3703	318
12693	1330	337
12694	2269	338
12702	2896	322
12705	3623	364
12706	3705	598
12707	1207	200
12711	4598	471
12711	4598	185
12713	2663	299
12714	1869	328
12715	2624	402
12719	3817	588
12722	2289	222
12724	2892	549
12725	3026	522
12729	3223	147
12729	3223	132
12731	1505	185
12732	3692	502
12732	3692	136
12733	4256	320
12735	1594	267
12741	2999	669
12747	2664	342
12750	2682	533
12751	2636	378
12753	5217	855
12753	5217	308
12754	2764	283
12754	2764	330
12758	2703	330
12758	2703	304
12759	2003	313
12760	2739	275
12760	2739	323
12764	3662	249
12766	2173	295
12771	2302	239
12773	2781	493
12774	2050	278
12775	1863	244
12778	3352	501
12788	3703	621
12789	4590	763
12790	4971	684
12792	1958	286
12794	3358	490
12798	2304	211
12802	3123	185
12803	2939	285
12810	4316	185
12814	1893	211
12815	2062	272
12817	2404	315
12818	2938	521
12820	1876	441
12823	1299	257
12825	2378	418
12826	4213	485
12827	1901	266
12828	4852	482
12831	3380	241
12833	1544	297
12834	2859	567
12835	4578	540
12837	2628	356
12840	4453	511
12840	4453	393
12842	4713	495
12845	1549	256
12847	3732	501
12851	3503	335
12855	1724	184
12855	1724	155
12858	2268	324
12861	4925	294
12861	4925	227
12865	3473	476
12868	1687	396
12870	1323	267
12873	3961	421
12874	3792	499
12876	2484	480
12879	3863	530
12886	4240	653
12887	2784	486
12892	2060	298
12895	2550	308
12897	3279	206
12897	3279	337
12898	5319	412
12899	2993	578
12903	2084	307
12910	3298	505
12911	3038	343
12916	3195	446
12917	1924	304
12918	3337	319
12921	4190	489
12923	3667	501
12923	3667	235
12925	2480	227
12926	5076	594
12927	3836	303
12927	3836	314
12928	2062	306
12929	2373	530
12935	1961	263
12938	3311	382
12939	2847	341
12940	2546	370
12941	2116	354
12942	2036	519
12944	2821	298
12945	3950	462
12946	3428	393
12950	2313	354
12954	2727	504
12958	3542	541
12962	5118	577
12963	1591	310
12965	3621	540
12967	2964	583
12968	3196	334
12969	2765	526
12971	3158	339
12976	1494	266
12977	3340	565
12980	2414	219
12980	2414	311
12981	2292	416
12982	2529	550
12985	4247	273
12992	3080	440
12993	2685	294
12995	2736	331
12998	2180	185
12999	3311	234
13001	2145	282
13003	2058	347
13004	2002	508
13011	5242	272
13011	5242	229
13012	4190	583
13014	5490	479
13014	5490	378
13015	4649	259
13015	4649	261
13018	1939	185
13019	1241	314
13021	4374	375
13023	2282	310
13026	2527	185
13028	2658	503
13030	2824	390
13031	3047	408
13033	2228	322
13034	1825	310
13035	3739	339
13038	2061	298
13041	3251	300
13042	1836	407
13044	2142	360
13052	2384	480
13054	1990	342
13055	2221	259
13056	2811	399
13060	3095	414
13061	4931	586
13062	2957	211
13064	4595	533
13070	3641	328
13070	3641	401
13072	4651	401
13072	4651	473
13074	1654	230
13079	1684	461
13086	2274	519
13090	3657	470
13094	3230	542
13094	3230	225
13100	3388	375
13101	1809	303
13104	2178	329
13109	3057	361
13111	3787	568
13114	1296	282
13115	3645	613
13121	2620	186
13121	2620	193
13129	2478	278
13131	2170	452
13132	2168	297
13133	4715	779
13135	5592	618
13138	3401	248
13141	3715	450
13144	2550	273
13146	3733	237
13147	1959	402
13149	2728	302
13149	2728	324
13151	1854	322
13153	2989	428
13157	2478	307
13157	2478	297
13159	3542	625
13160	2636	463
13161	4047	337
13162	1588	206
13166	2690	456
13167	2941	232
13170	1444	284
13176	2416	200
13176	2416	375
13177	5507	637
13178	2459	285
13180	1980	295
13184	2508	182
13184	2508	304
13186	3532	350
13189	3629	425
13192	2496	282
13196	4094	705
13201	1993	295
13207	2613	462
13209	1870	405
13210	2067	304
13216	1929	211
13217	2458	295
13217	2458	249
13218	2034	302
13221	2575	232
13226	4917	325
13226	4917	367
13236	3046	609
13240	3030	450
13241	4480	382
13242	3901	342
13242	3901	374
13243	1852	268
13244	3909	564
13248	3074	482
13249	1581	273
13250	2200	320
13254	2038	438
13257	3323	339
13267	3764	414
13269	1943	238
13270	1653	185
13271	3140	507
13272	1716	241
13273	2249	275
13273	2249	263
13274	3316	280
13280	3099	332
13281	3056	260
13287	3108	474
13291	1825	342
13292	3877	605
13302	3553	412
13307	4260	477
13311	1802	312
13312	3052	500
13316	2280	260
13316	2280	344
13318	2854	376
13319	1943	322
13320	2202	366
13321	2399	528
13323	4726	222
13336	2833	434
13337	2753	348
13342	3608	250
13345	2353	286
13347	1434	216
13349	1797	524
13350	4140	513
13355	3818	525
13359	2282	515
13363	2476	306
13364	1623	319
13365	3550	370
13366	5016	552
13367	3145	327
13368	1690	284
13369	1945	315
13371	3264	467
13373	3785	355
13375	4791	701
13375	4791	376
13382	1768	263
13383	1798	323
13389	4800	801
13391	3403	850
13392	2671	515
13393	2045	318
13394	3500	233
13394	3500	475
13396	5218	791
13397	3645	277
13401	1911	348
13402	1988	493
13403	2308	277
13403	2308	228
13406	1856	446
13407	4059	238
13412	2422	299
13413	3806	475
13416	4546	473
13419	5524	663
13419	5524	718
13421	3284	586
13422	2739	238
13422	2739	238
13427	4225	445
13431	2024	293
13435	4076	423
13436	3286	506
13437	3561	538
13439	2804	567
13442	2105	289
13444	2382	440
13446	2135	484
13448	2201	470
13450	3511	429
13453	4203	437
13454	4837	544
13456	2826	404
13457	2612	278
13457	2612	241
13462	3463	435
13468	3763	808
13469	4233	485
13470	3584	294
13474	2233	477
13481	4608	338
13483	3600	665
13484	2492	466
13485	2344	185
13487	2881	468
13489	3033	331
13490	2848	308
13492	3670	772
13500	3863	555
13501	2336	491
13504	3412	399
13507	2495	482
13509	2056	356
13511	3729	143
13511	3729	291
13515	2891	409
13516	4024	411
13517	4125	488
13520	3517	301
13520	3517	380
13522	4329	446
13526	4155	743
13530	5563	553
13533	3514	474
13537	2430	404
13539	3050	454
13541	4468	648
13544	3234	728
13545	4414	764
13548	1398	290
13552	2167	291
13558	1454	215
13562	2395	249
13568	3318	568
13573	5136	581
13575	1282	185
13577	2332	277
13577	2332	184
13578	3172	353
13578	3172	290
13582	3691	365
13582	3691	420
13584	4769	461
13584	4769	515
13587	2861	650
13591	4581	528
13595	3083	675
13598	4094	494
13598	4094	423
13600	4185	453
13600	4185	366
13602	4133	291
13603	2779	575
13604	1567	268
13606	1834	266
13607	2461	211
13609	2431	309
13610	4299	462
13612	2207	297
13613	4585	376
13618	5218	259
13618	5218	319
13621	3501	377
13621	3501	131
13627	4326	331
13627	4326	528
13629	3982	416
13629	3982	291
13631	2423	266
13633	3120	472
13635	4201	618
13638	4011	391
13640	4422	568
13644	4681	372
13647	3518	306
13649	1618	242
13650	3156	586
13652	3110	865
13653	4437	484
13653	4437	429
13654	3853	262
13657	2749	394
13662	4579	785
13665	1359	200
13674	3696	544
13675	3254	489
13677	2258	295
13680	4189	848
13681	3294	211
13682	2367	401
13683	2928	221
13688	1569	273
13689	2054	492
13690	3722	487
13692	3287	215
13694	2576	425
13695	3165	600
13696	2598	185
13697	4870	518
13699	2384	446
13700	2931	586
13708	2649	428
13710	2793	581
13711	2066	376
13712	1640	264
13713	2446	368
13718	2040	460
13719	1796	277
13724	3807	315
13727	2977	522
13728	2816	641
13729	3734	259
13729	3734	369
13730	4389	423
13731	3069	512
13733	4530	428
13733	4530	593
13734	4371	564
13734	4371	418
13736	2577	275
13743	1475	211
13746	3490	511
13751	2275	355
13753	3225	503
13755	2444	335
13757	4573	521
13760	2173	375
13761	2625	285
13761	2625	192
13762	2069	266
13763	3490	443
13763	3490	326
13765	2153	340
13766	2691	200
13766	2691	172
13766	2691	145
13768	1964	364
13771	4102	516
13773	2905	200
13776	1863	227
13778	2723	598
13779	2388	638
13781	3356	519
13782	2653	424
13784	4824	467
13786	4136	320
13788	3862	452
13793	2064	274
13796	3486	402
13797	2709	221
13798	4178	519
13802	2042	472
13806	2144	215
13808	3468	432
13808	3468	433
13809	3361	546
13813	1865	185
13817	2973	439
13818	3331	251
13823	3405	473
13824	3529	508
13825	3567	548
13829	4368	486
13830	4736	239
13830	4736	381
13835	3083	485
13836	4768	346
13837	3977	524
13840	1519	327
13847	1756	425
13853	1593	329
13855	1210	261
13856	2855	401
13857	2217	295
13860	3050	339
13862	2374	237
13863	3810	524
13864	1968	375
13865	1825	335
13866	1836	417
13867	3052	449
13870	1536	340
13871	2818	273
13889	3144	275
13901	3188	541
13902	2521	232
13912	2508	391
13916	2463	432
13917	3777	379
13917	3777	405
13920	2807	316
