0	17227	25004
2	3923	417
6	3360	368
10	4961	355
10	4961	329
11	2106	249
14	2576	237
15	3501	274
17	2643	215
28	2699	489
36	6080	530
37	3613	316
41	4777	407
42	5774	440
42	5774	363
50	2959	303
53	3962	502
53	3962	471
54	6025	394
54	6025	442
60	2201	362
62	3168	230
71	4791	306
71	4791	358
74	3669	439
76	4504	417
77	3807	226
82	4417	373
82	4417	377
84	4631	330
84	4631	440
88	3259	211
91	3627	509
100	4206	406
100	4206	439
105	3571	266
108	2319	236
109	3495	424
114	2710	344
115	3474	244
119	2435	426
120	2401	395
121	6226	185
124	5244	310
130	4587	357
133	4352	334
133	4352	346
149	4137	500
154	3649	332
159	3581	283
160	2626	308
161	4904	544
167	2961	342
169	4033	462
170	4791	504
173	3679	462
173	3679	291
177	4623	476
179	3555	382
180	2403	260
187	4924	237
195	3255	436
196	3583	272
199	2167	364
200	4515	507
202	3784	451
203	3908	743
207	3140	311
210	3671	486
214	2414	381
235	3551	396
238	6433	221
242	3634	520
246	5470	443
248	5185	504
252	4108	337
254	2731	244
255	3246	372
257	4579	316
267	4670	353
267	4670	504
276	4523	339
279	4846	390
282	5478	362
283	5465	511
283	5465	185
291	6555	474
295	4153	400
295	4153	277
297	3378	215
301	2132	284
302	4952	327
302	4952	308
307	6638	444
308	3421	243
308	3421	235
310	5652	515
310	5652	365
312	3293	459
314	3284	206
315	2645	266
317	4577	474
319	2204	282
321	3198	313
324	2949	256
336	2543	291
336	2543	257
342	1613	185
354	2215	215
356	2089	292
357	4803	279
357	4803	355
358	2633	245
362	999	253
366	2778	362
367	2412	366
370	3260	274
370	3260	270
372	3577	291
374	1649	332
381	2766	325
382	6342	222
392	3173	324
392	3173	309
396	3777	318
400	3120	263
402	3557	303
403	6025	306
403	6025	513
404	4062	344
404	4062	467
405	2916	185
406	3426	408
407	5935	635
409	4108	495
410	4431	547
411	3425	200
412	2456	330
413	2690	347
415	2200	331
416	5581	336
416	5581	326
417	2895	315
417	2895	278
421	1818	248
437	2755	211
438	4147	400
439	4265	479
439	4265	185
441	3335	332
442	4255	493
445	2805	505
449	1555	295
452	2387	323
454	4732	239
456	3513	321
457	2509	544
461	3162	254
464	2187	238
471	2477	254
474	3010	319
474	3010	169
481	1739	368
483	4589	642
484	3310	526
486	2449	250
488	2814	371
489	4435	295
489	4435	474
494	2508	345
498	3043	197
498	3043	260
500	4646	233
501	2104	215
505	4913	267
505	4913	494
506	3061	406
507	2509	507
509	2880	325
512	1813	307
514	3542	379
517	4183	342
517	4183	321
518	2736	300
518	2736	268
520	4839	392
523	2603	193
523	2603	270
525	4328	485
526	3070	322
531	4306	285
532	2000	379
538	1803	311
544	2899	319
544	2899	256
545	2209	244
547	2580	120
547	2580	320
548	3323	509
549	3275	228
549	3275	149
551	4300	500
554	3416	392
559	3131	473
560	1986	460
561	2859	305
564	2790	257
564	2790	309
567	2402	287
568	3157	184
568	3157	336
569	2153	280
580	2334	359
582	5443	200
582	5443	324
582	5443	222
584	2905	307
584	2905	303
585	2802	251
590	2876	323
590	2876	323
593	3017	348
594	1715	335
595	1608	284
599	2510	206
603	5087	504
604	2674	260
605	3342	315
605	3342	185
608	2956	311
608	2956	330
611	2324	317
614	1200	292
618	1136	340
624	3540	512
625	3383	256
625	3383	320
631	2511	270
631	2511	237
637	1189	226
640	2394	306
641	2437	461
642	1591	243
650	2879	519
651	2463	337
651	2463	160
652	1965	298
655	2012	250
656	3316	289
658	1341	285
661	2098	211
663	2330	285
664	1720	391
670	4162	200
670	4162	294
676	3322	333
676	3322	357
678	3223	318
679	3134	312
684	2594	238
685	2528	302
685	2528	234
692	2885	345
695	4301	532
695	4301	159
699	2847	443
700	2051	328
701	3579	299
702	3055	350
703	1451	308
709	3174	515
711	2775	338
713	2460	312
714	4321	182
714	4321	504
715	2233	439
718	3178	382
719	2908	315
723	2900	525
724	2939	542
727	1904	238
733	4870	397
733	4870	215
735	1885	278
736	2874	478
738	2805	229
738	2805	359
739	2749	517
740	2957	356
742	2612	392
750	2888	534
753	3158	303
753	3158	309
756	5158	249
756	5158	350
766	3390	437
766	3390	211
768	774	251
771	1308	290
773	2759	335
774	4319	244
774	4319	289
776	4104	200
776	4104	250
780	2772	491
785	2669	305
793	3379	491
795	4277	486
797	3772	373
797	3772	508
801	3551	328
801	3551	475
808	1817	319
811	2439	561
812	3388	395
814	1750	238
815	2585	349
818	2758	283
819	1628	303
821	4322	426
821	4322	440
823	2299	412
824	2431	448
828	1201	306
829	2575	272
830	3548	517
833	2809	455
837	3981	520
839	4238	713
846	2277	200
847	2345	328
852	1907	323
853	1868	421
854	3232	431
855	4007	418
859	2535	292
859	2535	297
862	1811	256
864	4731	520
866	2334	323
871	4107	493
875	1608	285
878	2247	310
879	2929	351
883	2761	401
894	3691	344
894	3691	298
898	4701	174
898	4701	537
899	2082	332
900	4108	424
900	4108	279
901	4180	544
905	4173	238
907	3034	423
910	2884	340
912	5944	403
915	3045	429
922	1529	336
924	3137	499
928	3660	469
930	4739	500
938	4247	457
941	4301	206
943	2680	165
943	2680	199
945	2313	226
952	3829	398
953	2156	222
956	3502	376
956	3502	400
959	3691	517
960	3488	283
960	3488	249
964	3504	437
965	2160	200
966	5547	456
966	5547	331
970	2924	495
980	2566	518
983	3537	456
984	2871	317
984	2871	313
990	5342	455
993	1508	318
994	1922	366
997	2764	328
998	4635	441
1000	2512	232
1001	5041	416
1012	4552	440
1013	4278	277
1017	2817	256
1018	3774	393
1020	1130	268
1022	3016	301
1023	4781	491
1024	3799	389
1026	2320	299
1027	5896	588
1028	3051	300
1033	2751	297
1033	2751	200
1035	4229	626
1037	5241	399
1037	5241	487
1040	2831	317
1041	6169	338
1051	2009	294
1053	2708	297
1055	5077	356
1055	5077	457
1060	1676	206
1062	3843	365
1069	2757	472
1071	2683	313
1074	5985	523
1077	2821	190
1077	2821	318
1078	2594	200
1086	3065	304
1086	3065	300
1087	3796	450
1090	1324	286
1099	5590	433
1099	5590	534
1102	2238	177
1106	2180	559
1113	4720	362
1113	4720	417
1115	3399	473
1116	2369	376
1120	3844	298
1121	3641	480
1121	3641	232
1125	2895	189
1127	1963	501
1130	2983	479
1131	4916	506
1132	2234	457
1133	1925	358
1139	3190	417
1144	1999	441
1145	3263	248
1147	3156	323
1149	2843	286
1149	2843	183
1152	4323	332
1152	4323	484
1154	2546	540
1157	2405	185
1158	2762	495
1160	2371	435
1162	2125	569
1166	2761	253
1167	3230	493
1169	3330	569
1174	1886	456
1181	3869	368
1182	3280	322
1186	2727	226
1187	4193	401
1192	3745	330
1192	3745	602
1193	2559	412
1194	3078	305
1195	3489	243
1199	3031	302
1200	3510	413
1202	3625	520
1203	3444	226
1205	5854	457
1205	5854	491
1206	6162	499
1207	1230	277
1208	2499	273
1213	5564	363
1213	5564	494
1215	2808	345
1216	3650	142
1216	3650	258
1218	1875	192
1218	1875	347
1221	2569	232
1221	2569	315
1222	3091	532
1223	4260	317
1224	2169	290
1225	2557	538
1231	2594	227
1232	3258	414
1233	3647	343
1235	1404	185
1236	1785	466
1239	5229	267
1239	5229	329
1239	5229	188
1241	2931	434
1242	5403	532
1242	5403	503
1243	3556	301
1249	2006	232
1251	4759	277
1251	4759	471
1256	2854	294
1256	2854	348
1258	2466	374
1260	3692	316
1262	2774	388
1263	2324	501
1268	1604	328
1269	5897	544
1270	3979	524
1273	3153	558
1274	2782	185
1276	3664	341
1276	3664	480
1281	2606	289
1282	2190	337
1286	4479	213
1286	4479	482
1294	2512	397
1296	3392	310
1299	3650	302
1299	3650	358
1300	2451	457
1303	2031	337
1304	3039	425
1306	3709	693
1307	1201	285
1310	3009	434
1311	2372	498
1315	1658	316
1317	4165	426
1318	3519	200
1320	4004	285
1320	4004	472
1321	4361	185
1324	3920	594
1326	3675	577
1327	1943	356
1330	5807	434
1331	2457	435
1335	2528	370
1341	1994	365
1344	2862	476
1346	1929	402
1349	4324	446
1350	3189	582
1351	1132	185
1352	4109	407
1353	2545	516
1359	3388	427
1360	2909	400
1362	3028	226
1363	2412	317
1364	3252	185
1364	3252	309
1367	5285	332
1367	5285	516
1371	2483	345
1372	2459	319
1373	4487	519
1376	2839	554
1379	4097	506
1382	4264	449
1383	3332	280
1386	2682	348
1387	3047	185
1388	1876	347
1392	2955	293
1393	1635	428
1397	3685	543
1411	2322	304
1413	2128	261
1419	3170	333
1424	1402	185
1429	2009	355
1431	3151	554
1432	1990	200
1438	2364	472
1441	4873	464
1441	4873	419
1448	1723	435
1453	2380	564
1457	3139	308
1458	2610	421
1459	3025	383
1460	2424	321
1460	2424	173
1461	2414	320
1464	3064	320
1474	5039	474
1476	1582	352
1478	4471	449
1478	4471	294
1484	3402	401
1485	3720	504
1488	4103	399
1489	2889	479
1491	2442	515
1493	3821	286
1494	5320	511
1496	4601	514
1500	3402	389
1503	3069	492
1505	2860	547
1506	3481	547
1507	2324	463
1509	2621	427
1512	4186	230
1512	4186	273
1513	2397	185
1519	2987	563
1520	3171	505
1521	4424	405
1521	4424	486
1523	2351	200
1527	2995	238
1527	2995	363
1528	6114	185
1529	4899	540
1531	1915	275
1534	4695	560
1536	2048	211
1536	2048	279
1541	3003	311
1541	3003	314
1544	1721	253
1545	3470	532
1547	2746	312
1547	2746	280
1551	2416	271
1551	2416	232
1552	3455	281
1553	2734	523
1558	2807	560
1559	2878	427
1567	3198	566
1569	1899	378
1570	5344	451
1570	5344	530
1573	5971	227
1576	3402	529
1580	3496	621
1583	4437	306
1586	3777	286
1587	3126	483
1588	2606	249
1590	2623	564
1592	3917	443
1596	2280	307
1597	2503	315
1610	3402	541
1611	3160	261
1615	2655	227
1616	4974	487
1617	3388	348
1620	4899	494
1620	4899	462
1624	2345	359
1625	1805	396
1626	4730	324
1630	2713	378
1633	2441	315
1634	4333	482
1636	1963	250
1639	4301	361
1641	3152	452
1643	3509	472
1647	5020	514
1649	3437	345
1651	3146	394
1652	4603	356
1654	3195	451
1655	3368	185
1656	4510	560
1658	3871	316
1659	2963	473
1663	4715	518
1664	4084	414
1671	2881	557
1676	4061	380
1676	4061	291
1677	3291	740
1678	3989	378
1679	2660	318
1681	2443	347
1682	5556	337
1682	5556	460
1683	2392	575
1687	4131	470
1688	5152	343
1693	4419	466
1693	4419	501
1700	3795	405
1703	4440	484
1707	5611	275
1707	5611	369
1710	2390	357
1716	2401	449
1722	3626	290
1722	3626	197
1725	2907	331
1727	1915	260
1730	4773	338
1733	4431	562
1734	2393	336
1735	2890	343
1743	2079	320
1749	2880	555
1750	4960	282
1750	4960	525
1751	2320	363
1755	4353	618
1757	5073	486
1757	5073	242
1764	3484	564
1765	5262	416
1765	5262	471
1768	4522	398
1773	2104	272
1774	4232	748
1778	4965	559
1779	2536	382
1781	4974	484
1781	4974	427
1782	1665	268
1783	4647	432
1784	4659	536
1784	4659	248
1793	2665	326
1797	6172	529
1798	4913	488
1798	4913	177
1799	3030	553
1801	3294	421
1803	3557	315
1807	3876	450
1808	2322	566
1811	2999	200
1812	4974	730
1812	4974	295
1813	3417	309
1814	2119	329
1824	2125	255
1825	3879	515
1829	4166	386
1829	4166	436
1830	4836	345
1831	4553	280
1831	4553	381
1832	2955	326
1834	5246	502
1834	5246	477
1837	2631	419
1838	3524	397
1840	2210	251
1840	2210	236
1845	3305	549
1847	5374	488
1847	5374	244
1849	2445	227
1850	4574	200
1850	4574	303
1851	3878	383
1852	4488	442
1852	4488	444
1857	4959	464
1865	3385	542
1869	3498	321
1869	3498	385
1870	2856	476
1871	2843	337
1876	3127	312
1879	3058	333
1881	3170	352
1882	3844	487
1883	4986	406
1883	4986	300
1888	3023	530
1889	5071	432
1889	5071	184
1891	4873	509
1892	4256	323
1893	3978	542
1895	3685	299
1896	4227	457
1901	3008	444
1908	2281	338
1909	2588	295
1910	4058	494
1914	2300	185
1919	2153	285
1919	2153	182
1922	2143	509
1923	4955	519
1923	4955	386
1925	5450	360
1928	2379	422
1933	3239	361
1933	3239	258
1934	2338	318
1936	5678	493
1938	2596	512
1939	2897	319
1942	3134	364
1949	2378	351
1953	3496	248
1954	5322	647
1957	3829	578
1959	5060	354
1960	2353	416
1961	4934	566
1964	4783	491
1966	2325	239
1967	2614	529
1968	3431	272
1968	3431	315
1970	3327	283
1970	3327	175
1973	2727	381
1974	2852	346
1974	2852	288
1976	4309	457
1988	3516	544
1990	2797	469
1993	3023	241
1993	3023	251
1994	1998	351
1996	2831	593
1999	2918	537
2000	2476	311
2002	2679	338
2003	4152	365
2003	4152	577
2005	2929	517
2006	4694	544
2006	4694	333
2007	2344	249
2008	2373	175
2008	2373	134
2012	2953	392
2015	2404	461
2016	2649	298
2016	2649	290
2021	3428	402
2022	4288	315
2024	2840	266
2028	2584	216
2030	2890	351
2035	6450	777
2035	6450	470
2039	2667	573
2040	4456	796
2042	2206	245
2044	2373	230
2047	2614	347
2050	1513	271
2051	5834	509
2051	5834	522
2057	4997	466
2061	2564	376
2063	3470	522
2067	3279	532
2068	4085	440
2076	3458	249
2082	2888	467
2084	3787	281
2084	3787	291
2090	3512	320
2093	3962	245
2105	4573	767
2106	5942	679
2108	2608	396
2109	3423	322
2109	3423	315
2117	2985	353
2121	1978	343
2126	3405	315
2134	2493	266
2140	2037	355
2142	2859	508
2143	5515	754
2145	2287	309
2147	3591	499
2148	1873	330
2152	2847	463
2156	3649	347
2162	3807	539
2164	4635	544
2165	3540	470
2166	2913	468
2167	2443	259
2171	3608	439
2172	2760	350
2174	3466	325
2176	3703	261
2182	3119	394
2183	3175	244
2186	2518	317
2187	4513	286
2188	2804	489
2192	4330	476
2194	2686	312
2195	3566	211
2196	4267	345
2198	2279	318
2201	2626	299
2202	3578	255
2205	2719	324
2207	3760	493
2212	2059	268
2215	3457	729
2217	3510	318
2217	3510	299
2223	2403	235
2228	2617	242
2232	2950	301
2235	4915	434
2235	4915	359
2238	2460	261
2239	2711	324
2241	2799	330
2241	2799	156
2242	2593	521
2243	2700	292
2245	1997	279
2248	2724	279
2251	2414	293
2258	2128	295
2259	3128	200
2259	3128	185
2261	5440	540
2261	5440	361
2270	4249	500
2273	3120	478
2274	2166	249
2287	2753	324
2292	2205	211
2300	3044	342
2304	3021	353
2306	4563	306
2308	4848	470
2308	4848	185
2309	5836	682
2310	1158	385
2312	3080	309
2312	3080	354
2316	3058	320
2318	5875	505
2318	5875	504
2319	3050	321
2325	4924	185
2325	4924	443
2327	3940	481
2329	4198	541
2342	2780	454
2345	3149	407
2350	2507	405
2351	2349	238
2352	3055	315
2352	3055	306
2358	2323	348
2359	2974	261
2359	2974	170
2361	3524	339
2364	1860	355
2371	2407	293
2374	3191	456
2376	2350	363
2376	2350	169
2377	4776	810
2378	3517	498
2379	3686	347
2380	3096	305
2383	6323	334
2383	6323	467
2385	3455	386
2388	4277	562
2394	3314	470
2397	2941	588
2403	3530	248
2404	3521	527
2407	3362	515
2408	2891	305
2410	3007	379
2415	3521	151
2415	3521	285
2417	3885	632
2419	1370	330
2421	2947	307
2425	3716	461
2426	2756	147
2426	2756	204
2430	4565	547
2432	5738	375
2434	4920	281
2434	4920	227
2440	4580	389
2441	3469	419
2444	3923	599
2445	2849	227
2447	2585	387
2455	3962	463
2456	2781	533
2457	5158	341
2458	3903	373
2461	2910	563
2467	6445	588
2467	6445	405
2470	2720	291
2472	4492	538
2474	3138	404
2475	3123	407
2476	3155	221
2477	3809	417
2478	4320	248
2481	4692	531
2482	4060	608
2483	4353	319
2484	1663	315
2485	3475	301
2486	6095	692
2489	3711	548
2490	5413	268
2490	5413	481
2494	2701	379
2497	5151	449
2498	4022	185
2500	3921	559
2509	2998	420
2514	1530	313
2518	6170	705
2519	5553	384
2522	3403	432
2529	4813	496
2540	5740	553
2540	5740	507
2541	4144	553
2542	3899	307
2550	1784	298
2555	2411	495
2557	3234	372
2566	2463	301
2567	4128	403
2568	3320	539
2569	4913	504
2571	4561	566
2575	2276	309
2578	5396	418
2578	5396	340
2583	4184	493
2584	1955	211
2587	1495	322
2590	2756	446
2591	2445	308
2592	3194	620
2595	3398	401
2598	4185	446
2600	3144	303
2604	1817	250
2607	4472	530
2611	4439	580
2617	3717	543
2618	2431	251
2620	2702	498
2621	4786	404
2629	2771	506
2634	3647	355
2634	3647	193
2635	3582	323
2636	2286	384
2638	5886	364
2638	5886	306
2639	2491	551
2640	4282	518
2643	3718	312
2645	5858	550
2649	2741	328
2656	4282	372
2657	3263	315
2660	3494	351
2661	4088	347
2662	4249	594
2663	3899	542
2667	4875	690
2668	2527	249
2671	2336	399
2673	3842	334
2673	3842	147
2675	1995	323
2676	2709	263
2681	2036	185
2686	2820	311
2689	2518	280
2693	3466	447
2699	3478	341
2701	3971	461
2704	3306	302
2705	3866	427
2707	2712	346
2708	6674	533
2711	2619	329
2714	1831	301
2719	6194	404
2721	4703	316
2722	5512	471
2723	2606	487
2741	3562	389
2741	3562	432
2744	4695	419
2746	2310	318
2747	2372	331
2752	7012	273
2756	3368	317
2758	7263	346
2758	7263	275
2758	7263	262
2761	3488	463
2768	4468	548
2768	4468	351
2787	2133	379
2789	2961	406
2790	2759	293
2793	5387	200
2793	5387	417
2796	6554	648
2799	2674	341
2803	5773	493
2803	5773	455
2805	1865	379
2812	4239	559
2820	3026	447
2821	3405	436
2822	3097	467
2824	5472	736
2829	2127	491
2830	4502	420
2831	1117	299
2832	4157	452
2833	2839	185
2839	2921	537
2840	4400	393
2846	2766	215
2851	5693	444
2852	4944	484
2852	4944	395
2855	1433	222
2862	4781	332
2865	1162	369
2866	2490	256
2867	1554	200
2870	5391	436
2870	5391	451
2872	4872	313
2877	3368	232
2879	2573	423
2884	2738	351
2886	3354	533
2892	2824	549
2894	3087	393
2901	3825	696
2905	3387	592
2907	5451	543
2907	5451	443
2908	4552	281
2909	3883	468
2912	3573	388
2914	6102	769
2915	5446	311
2915	5446	383
2920	2693	185
2921	3307	541
2925	4150	522
2926	4384	489
2931	5843	591
2933	3939	353
2935	5013	552
2938	4923	185
2939	3820	572
2940	5274	461
2943	2661	566
2947	8122	300
2949	4161	530
2952	2985	222
2953	3362	713
2956	2837	430
2957	4026	687
2959	4325	363
2960	3894	290
2962	4564	499
2970	5712	531
2971	4647	185
2977	3264	222
2978	5491	469
2981	3376	273
2984	4770	460
2984	4770	206
2987	5508	524
2989	5428	530
2989	5428	391
2990	3788	461
2994	3320	301
3006	5662	185
3009	2310	222
3010	2504	291
3014	3734	250
3015	6457	535
3016	4848	402
3018	5007	412
3018	5007	338
3020	4181	364
3027	3979	445
3031	4804	541
3031	4804	241
3036	7064	559
3036	7064	439
3037	7695	548
3039	2456	543
3049	4937	435
3052	4071	206
3052	4071	259
3058	2289	302
3059	3982	424
3060	4686	685
3065	2963	345
3070	2692	337
3075	6454	427
3079	4821	272
3081	2922	561
3089	4511	667
3100	6343	512
3101	3348	287
3101	3348	403
3103	2479	562
3106	5746	403
3107	2875	327
3108	3912	405
3108	3912	474
3111	3826	342
3116	3780	352
3119	5610	735
3126	3437	507
3128	5506	596
3137	4333	498
3143	3956	529
3147	4602	527
3148	2187	342
3153	3804	338
3157	5103	631
3160	3737	363
3161	3476	505
3164	4430	313
3166	3561	431
3169	4048	758
3174	6609	512
3174	6609	441
3175	3113	510
3182	4177	498
3184	3529	359
3185	5238	299
3185	5238	512
3191	4364	798
3194	3547	377
3197	3604	350
3198	4177	294
3203	4151	444
3203	4151	424
3210	5564	206
3214	2875	363
3215	4638	500
3218	3837	462
3221	4127	185
3228	4752	618
3231	4065	463
3231	4065	440
3235	3570	185
3236	4977	360
3237	3663	412
3237	3663	341
3242	3846	326
3242	3846	374
3246	2596	347
3250	6372	627
3255	5362	327
3263	2562	338
3265	3269	539
3267	2105	250
3268	2498	551
3270	3145	430
3273	3141	544
3275	4181	454
3279	1823	317
3280	3426	569
3282	4091	273
3283	4966	517
3306	3431	463
3312	3955	517
3315	2556	466
3318	5836	534
3318	5836	416
3319	4763	345
3320	3129	206
3320	3129	239
3321	1879	349
3326	4486	433
3327	5498	306
3329	7260	725
3330	5164	200
3330	5164	323
3340	1875	287
3342	2390	590
3345	3920	548
3348	1794	310
3352	2612	253
3353	4107	259
3353	4107	340
3356	3337	525
3363	7853	516
3373	1734	406
3375	5924	596
3378	2495	269
3382	2081	343
3386	3511	321
3386	3511	185
3388	2971	317
3390	4395	449
3391	5965	551
3399	6821	632
3399	6821	576
3400	3494	595
3404	1821	286
3407	4632	495
3409	3996	354
3411	5627	482
3411	5627	356
3412	3573	816
3413	4295	452
3416	3776	576
3420	6586	363
3421	3401	343
3422	5456	430
3428	3331	500
3432	8308	321
3439	4455	429
3440	4692	238
3441	4628	380
3442	6185	713
3446	7450	273
3446	7450	227
3446	7450	301
3447	3753	447
3449	1747	263
3452	3150	267
3452	3150	359
3461	1850	404
3462	3975	512
3464	4947	563
3469	4727	492
3469	4727	473
3471	2893	341
3472	8070	300
3472	8070	369
3474	4564	499
3477	3183	338
3478	3009	185
3483	5077	622
3484	4521	536
3486	7603	545
3487	2859	322
3488	5407	317
3491	2529	294
3494	5051	511
3494	5051	364
3499	3011	276
3499	3011	280
3500	4349	509
3500	4349	291
3501	4236	327
3502	3951	305
3505	4211	335
3505	4211	299
3510	6983	772
3516	1791	325
3517	3477	316
3518	3989	226
3524	7649	766
3526	2451	302
3531	4533	419
3534	6297	541
3535	3363	487
3543	2745	310
3544	5622	312
3545	3216	311
3549	2697	312
3559	2954	321
3559	2954	312
3562	1931	227
3563	3823	250
3563	3823	233
3567	2901	354
3574	4306	433
3575	2945	583
3584	4391	311
3584	4391	230
3585	2747	353
3587	3468	507
3589	1962	281
3591	3074	302
3591	3074	228
3596	4613	445
3596	4613	440
3597	2858	290
3599	2411	342
3605	1301	244
3607	1121	271
3608	3119	362
3609	2557	255
3619	467	185
3623	4567	292
3623	4567	298
3624	2854	464
3625	3898	255
3629	4748	471
3629	4748	434
3630	3488	455
3636	4105	490
3638	4611	526
3641	2595	319
3648	3593	476
3662	5113	692
3681	4543	423
3682	4201	523
3683	3342	406
3684	2716	404
3687	1637	239
3692	2508	273
3693	1412	242
3697	2169	287
3701	2252	267
3702	3337	299
3703	2136	185
3713	3056	359
3714	6127	349
3715	5380	165
3715	5380	391
3717	4933	451
3722	1868	274
3731	4948	488
3733	4278	324
3736	6829	318
3736	6829	314
3736	6829	232
3737	5786	452
3742	3977	311
3744	2963	372
3747	4358	329
3747	4358	173
3750	3754	390
3752	3113	354
3756	5209	461
3761	3217	513
3763	2556	244
3764	6228	488
3764	6228	482
3766	4323	387
3767	1971	266
3771	4904	506
3773	4270	334
3775	4952	556
3779	2930	365
3780	5888	526
3782	2723	338
3785	6252	484
3786	1940	310
3788	3466	332
3789	2843	254
3791	6082	505
3795	5497	387
3800	3665	318
3811	4860	351
3811	4860	278
3812	4724	456
3817	2852	238
3819	3623	233
3820	5053	222
3821	6327	529
3827	3280	467
3828	6667	704
3835	6321	327
3840	3213	526
3841	4763	269
3842	3938	318
3843	2386	222
3847	5083	242
3847	5083	369
3849	1687	245
3857	3638	478
3867	5636	575
3870	3142	227
3872	6021	256
3876	3423	357
3880	4980	273
3882	2948	286
3891	2510	211
3892	3166	429
3893	6632	382
3894	5333	338
3896	2637	312
3899	8391	254
3899	8391	565
3910	3980	562
3915	3082	301
3916	4708	256
3917	5107	239
3917	5107	185
3919	2974	274
3921	4178	370
3926	5036	394
3931	3727	310
3936	6231	785
3938	2769	283
3940	2538	316
3941	1877	304
3942	5183	243
3944	3157	280
3945	5015	259
3945	5015	120
3946	3929	206
3950	5702	313
3953	5421	319
3956	2830	322
3962	4051	426
3962	4051	185
3963	3152	315
3965	4173	200
3966	3925	268
3967	2227	275
3968	1811	306
3971	2553	396
3978	3897	232
3984	3693	552
3985	5681	671
3988	3842	451
3989	2832	399
3990	7076	508
3990	7076	544
3991	2544	311
3992	3444	533
3995	4636	492
4002	2056	298
4004	4589	486
4013	4277	272
4014	5135	545
4015	5103	557
4016	3459	583
4017	3825	402
4018	2548	435
4021	5133	389
4023	5597	242
4029	3208	222
4033	3433	398
4038	1916	319
4043	2556	303
4050	3414	233
4053	3157	479
4058	4654	614
4058	4654	160
4063	3035	364
4064	3387	278
4065	7519	257
4068	2887	375
4071	7056	290
4073	3458	490
4074	6595	448
4075	2260	338
4077	5092	297
4079	2710	245
4090	2808	538
4091	4449	280
4091	4449	290
4095	2211	308
4096	2740	453
4098	5698	385
4099	4334	365
4104	2552	298
4109	3608	383
4115	5414	412
4119	2628	351
4120	4633	248
4125	2404	215
4131	3976	194
4131	3976	274
4133	4722	534
4135	4361	551
4136	4727	254
4137	2624	364
4139	3489	424
4141	2152	221
4142	4363	283
4146	2566	317
4150	3265	272
4151	2463	284
4160	2929	187
4160	2929	359
4162	3738	249
4173	3248	362
4176	3282	291
4177	3708	516
4182	3992	301
4183	4992	289
4185	3164	318
4190	4249	532
4201	1685	263
4203	2635	266
4207	4396	525
4208	5257	481
4210	4503	454
4217	7089	303
4222	7763	455
4225	4175	484
4230	2955	466
4233	4214	274
4233	4214	211
4237	2620	303
4240	5112	342
4248	7429	507
4248	7429	200
4252	1697	270
4257	3312	211
4260	2744	303
4265	2188	299
4266	3727	416
4267	3531	313
4269	3256	262
4269	3256	270
4272	1771	211
4275	3212	216
4279	3876	185
4293	2494	211
4294	3563	227
4295	2228	239
4301	1603	310
4303	4954	371
4304	2434	282
4310	5814	261
4310	5814	437
4316	2920	333
4317	4818	519
4317	4818	511
4320	1514	260
4321	5684	424
4323	5957	458
4326	3337	278
4330	4665	274
4330	4665	227
4332	5691	507
4332	5691	371
4335	3421	527
4338	4394	517
4343	4106	420
4343	4106	189
4347	3108	329
4348	2197	316
4349	2848	318
4355	2556	326
4356	3601	515
4360	2282	363
4361	2536	524
4366	3365	573
4367	4017	511
4371	7109	222
4373	3166	504
4375	3977	374
4376	3693	200
4377	3005	387
4378	6194	211
4383	2734	551
4385	5457	542
4390	4446	521
4395	4425	504
4396	5522	552
4399	2984	454
4402	3215	313
4402	3215	250
4403	4200	730
4407	2912	437
4409	3804	538
4415	4749	479
4415	4749	500
4417	4178	552
4418	4633	353
4421	3765	487
4421	3765	184
4422	6277	317
4423	3927	473
4424	3127	468
4427	3295	298
4432	3120	242
4436	3595	510
4440	5245	273
4446	4032	233
4450	3222	479
4452	4044	458
4453	4410	336
4454	3471	204
4458	4140	498
4462	5296	479
4464	4039	468
4464	4039	279
4468	3035	312
4473	6063	357
4475	3490	508
4476	6354	580
4476	6354	364
4490	2932	215
4491	1502	276
4494	3106	278
4496	2442	295
4503	2915	410
4504	3608	185
4507	1644	375
4508	3752	508
4509	3160	467
4512	3196	554
4513	2879	211
4514	5077	459
4514	5077	270
4516	2194	470
4518	3642	371
4531	2661	489
4532	2750	483
4533	4168	416
4535	4593	215
4536	1717	185
4537	2586	506
4538	4935	488
4539	3536	378
4540	4693	503
4544	2793	291
4546	3594	347
4547	3204	396
4550	6352	479
4552	2119	597
4554	6192	177
4554	6192	172
4554	6192	185
4556	3699	373
4559	4391	395
4561	3031	365
4565	7389	505
4567	4390	354
4569	3239	492
4571	2183	465
4572	3695	411
4574	2630	296
4575	2784	311
4575	2784	346
4577	3840	566
4579	3629	522
4580	4606	383
4583	2910	443
4587	4019	443
4589	3419	348
4590	3047	493
4591	2881	510
4597	7059	508
4600	2723	487
4602	4551	543
4604	2474	491
4608	3227	523
4613	3684	519
4618	5461	432
4619	2071	256
4620	1827	200
4625	4799	509
4628	5257	410
4632	3677	531
4633	3239	260
4634	4174	570
4640	2873	327
4645	4246	185
4652	1867	222
4653	2481	289
4655	4495	641
4656	4577	471
4656	4577	294
4658	2463	249
4660	5663	350
4663	2790	266
4665	7245	185
4665	7245	268
4673	4509	555
4675	5292	330
4677	2960	268
4682	3874	484
4684	2329	294
4688	4852	440
4688	4852	511
4690	4738	334
4693	4978	385
4696	4347	433
4699	3901	317
4703	5130	377
4704	2266	200
4705	4420	337
4714	3195	348
4715	4303	533
4716	2604	407
4718	2674	445
4722	3286	309
4723	4713	406
4723	4713	391
4727	2507	369
4733	7840	512
4733	7840	508
4735	2180	312
4738	3868	429
4740	3787	211
4741	2841	284
4744	5140	324
4746	3624	254
4747	4654	529
4753	3745	367
4756	3427	369
4757	4695	506
4762	4082	427
4768	2770	561
4770	4620	457
4775	3472	286
4778	3381	308
4784	2908	497
4789	4503	347
4790	3268	312
4793	2289	278
4795	3133	458
4801	4766	282
4809	4397	222
4810	3723	455
4813	4417	566
4815	3894	505
4822	5727	251
4822	5727	327
4827	4657	500
4833	4158	443
4838	4795	540
4840	6481	176
4840	6481	459
4841	7088	515
4841	7088	368
4848	4275	463
4848	4275	339
4849	2454	560
4854	2099	593
4859	7752	272
4866	4019	275
4875	3968	185
4877	5483	267
4878	5401	562
4879	5194	354
4879	5194	384
4881	5556	187
4881	5556	166
4882	3844	552
4886	3128	435
4888	3601	522
4890	3373	372
4892	4310	473
4893	3979	453
4893	3979	446
4897	4395	462
4901	7365	308
4903	2763	331
4907	3615	412
4908	4632	332
4914	5733	380
4914	5733	520
4916	2313	185
4917	5008	368
4919	2449	215
4920	2659	222
4922	4858	367
4923	5031	464
4923	5031	259
4924	2765	513
4926	3956	446
4930	6004	498
4930	6004	490
4934	3110	221
4936	2245	346
4937	2882	262
4941	3437	515
4947	3107	356
4949	3808	525
4950	5845	451
4950	5845	532
4954	3879	549
4956	4799	443
4958	5613	567
4962	4663	250
4963	5797	463
4965	2685	345
4968	2015	435
4970	6963	469
4974	4966	534
4975	3145	308
4975	3145	285
4977	2992	515
4978	2613	294
4980	2933	556
4986	1042	221
4988	4204	438
4989	4289	558
4989	4289	285
4991	4255	315
4991	4255	258
4992	3822	424
4994	4441	472
4998	5855	666
4998	5855	680
4999	4196	484
5001	4088	461
5004	5101	332
5004	5101	487
5017	2106	266
5019	4692	273
5019	4692	516
5020	4807	254
5027	3696	476
5030	7204	620
5033	4248	609
5036	4231	276
5037	4267	507
5037	4267	465
5038	2146	349
5041	2274	353
5045	3037	527
5053	2057	211
5059	4626	463
5063	2703	326
5065	4803	552
5070	3338	259
5070	3338	230
5073	2340	331
5077	7089	535
5082	3479	561
5085	3496	341
5085	3496	372
5086	2357	323
5087	2589	212
5087	2589	205
5091	4028	501
5092	4189	445
5094	3999	308
5098	5379	490
5101	2874	311
5103	2339	243
5105	5195	355
5105	5195	403
5106	3461	526
5107	7569	495
5107	7569	618
5110	3689	463
5116	5029	463
5116	5029	422
5117	2760	540
5119	3212	285
5119	3212	355
5121	5496	391
5123	3927	452
5128	2814	206
5129	2618	465
5130	3316	445
5132	2403	200
5134	6693	216
5134	6693	289
5137	3007	329
5138	3960	333
5142	1272	338
5146	2936	337
5149	1965	185
5154	2759	557
5156	6401	554
5157	4650	438
5158	2734	406
5160	5722	255
5160	5722	213
5170	2293	356
5174	5982	286
5174	5982	200
5175	2544	356
5177	2994	231
5177	2994	270
5181	6324	511
5189	4612	611
5198	3981	345
5199	4787	568
5203	2554	308
5208	3345	433
5211	4231	249
5212	2195	403
5215	6236	215
5215	6236	242
5215	6236	291
5222	2909	578
5224	3089	444
5228	3051	276
5228	3051	263
5237	6330	352
5242	3019	174
5242	3019	285
5243	1703	262
5244	2162	283
5258	2200	352
5259	1566	332
5260	3701	310
5264	6024	200
5264	6024	324
5264	6024	348
5269	1629	335
5270	2845	453
5272	2954	551
5273	2930	216
5274	3304	383
5278	4945	496
5283	6956	565
5284	5267	463
5289	6001	554
5289	6001	521
5291	4751	573
5291	4751	185
5293	2809	315
5294	4293	468
5295	2358	284
5297	3120	389
5300	3394	352
5301	3445	339
5301	3445	287
5302	4493	397
5305	4406	211
5311	2374	303
5312	4639	509
5317	6719	426
5317	6719	460
5317	6719	230
5319	2311	245
5325	3247	517
5328	2605	233
5330	7134	295
5333	3002	318
5336	4389	531
5340	3653	254
5344	2861	249
5344	2861	279
5347	1801	330
5354	2635	495
5357	2468	308
5358	3057	493
5359	2832	313
5360	3744	245
5366	3247	334
5369	2958	182
5369	2958	353
5370	2238	250
5371	4249	542
5373	5022	776
5375	2544	333
5378	1745	533
5380	5869	509
5384	2348	206
5388	2417	358
5390	5821	227
5391	3714	341
5393	5753	440
5395	4120	447
5397	5698	524
5398	4417	316
5406	2143	565
5413	2648	337
5416	4308	576
5418	2631	556
5426	4658	436
5428	2916	548
5442	3921	468
5446	2482	292
5448	5006	289
5448	5006	397
5450	2852	317
5456	3388	551
5460	4466	471
5460	4466	527
5463	5762	435
5463	5762	440
5469	6284	518
5470	3556	185
5472	2527	200
5476	3472	444
5477	4442	580
5483	2069	343
5484	4709	533
5486	5599	529
5489	4314	315
5489	4314	341
5494	6953	501
5494	6953	197
5494	6953	179
5497	3837	502
5499	5674	312
5501	2497	244
5502	4087	185
5508	5030	738
5509	3779	286
5510	4721	531
5510	4721	575
5511	3996	486
5512	5957	621
5515	2924	439
5516	4912	534
5516	4912	302
5516	4912	285
5517	4631	460
5517	4631	446
5518	6820	688
5520	3230	304
5521	2387	487
5525	2406	405
5526	4980	321
5528	3673	503
5530	5193	487
5530	5193	530
5534	3075	509
5536	6063	292
5541	5757	532
5541	5757	530
5542	3800	486
5544	2458	551
5545	5265	508
5550	5030	320
5552	5257	483
5558	4439	507
5558	4439	389
5564	3131	545
5565	2874	513
5569	4858	810
5570	2925	411
5571	3890	488
5573	2130	267
5574	4362	512
5575	4575	710
5576	6456	803
5579	5772	223
5579	5772	498
5581	4722	396
5583	4899	473
5586	4492	426
5587	4593	249
5590	3148	561
5592	4666	564
5593	2623	536
5594	4537	374
5596	2677	391
5598	3905	375
5601	3596	541
5602	5454	500
5603	2633	528
5606	5447	529
5606	5447	633
5608	6874	565
5614	3159	572
5617	1950	527
5622	4626	501
5626	1923	465
5632	3380	469
5633	1716	303
5634	4892	537
5637	5262	781
5640	2390	285
5641	2757	510
5644	2608	509
5645	4675	649
5648	1958	255
5650	3217	353
5651	3529	566
5654	2395	331
5655	2678	341
5656	2493	538
5657	2806	314
5661	2876	311
5664	2483	309
5668	2343	298
5669	3093	541
5670	4389	407
5671	1551	211
5675	2906	287
5675	2906	310
5676	2744	525
5677	5428	734
5681	2629	543
5686	2056	267
5687	2711	309
5687	2711	287
5689	2005	317
5693	3772	558
5696	5071	271
5697	4892	469
5698	2565	774
5702	3530	316
5702	3530	211
5707	2519	261
5711	2456	383
5712	2506	570
5713	1856	342
5714	2765	455
5715	3554	370
5716	4368	531
5716	4368	168
5716	4368	131
5718	4399	501
5718	4399	457
5719	4553	300
5719	4553	476
5722	2519	313
5722	2519	292
5727	2596	268
5727	2596	314
5730	4772	511
5731	2682	303
5731	2682	306
5732	5961	474
5732	5961	477
5735	2510	500
5738	1691	185
5743	4243	185
5750	2103	215
5754	2208	305
5755	2986	526
5761	3447	256
5763	2552	248
5764	3715	502
5765	2566	317
5766	1211	275
5769	4193	330
5771	4357	200
5771	4357	227
5774	3292	257
5785	1214	334
5786	5279	458
5786	5279	491
5787	1537	200
5790	4925	313
5791	2879	266
5793	2283	320
5793	2283	240
5799	5259	297
5802	2588	300
5803	4800	445
5809	1622	268
5810	2344	409
5811	2591	310
5812	2465	319
5813	3724	419
5819	1714	291
5823	1238	332
5826	2552	227
5829	3058	384
5833	4163	506
5833	4163	512
5835	2592	194
5835	2592	206
5836	2238	323
5839	3216	322
5841	2143	323
5844	2828	335
5844	2828	202
5847	3835	345
5848	3792	296
5848	3792	245
5850	2723	312
5853	3011	328
5854	3705	430
5854	3705	365
5855	1893	311
5856	5872	270
5856	5872	731
5857	2775	230
5858	1327	238
5861	2586	376
5862	5071	502
5865	2026	245
5866	3967	338
5868	3923	250
5868	3923	289
5869	6034	812
5872	2762	179
5872	2762	284
5873	4952	273
5876	2466	385
5888	4010	185
5891	5788	339
5891	5788	286
5892	2506	234
5893	5050	530
5894	2216	260
5900	4582	219
5900	4582	291
5900	4582	272
5907	2300	302
5915	3587	295
5916	4947	756
5917	2275	147
5917	2275	141
5924	2160	296
5924	2160	483
5926	2719	503
5927	5659	277
5928	4325	427
5930	3209	323
5930	3209	316
5933	4505	185
5935	4715	501
5937	2968	378
5939	5212	414
5939	5212	355
5940	1722	200
5951	2304	354
5953	4863	328
5956	907	243
5957	3826	238
5958	1299	308
5962	2758	274
5966	3889	541
5971	3125	369
5972	4234	307
5976	1816	291
5979	3049	248
5986	6720	304
5986	6720	271
5998	4031	185
6002	1578	333
6003	2037	398
6007	6591	473
6011	6098	591
6012	1884	226
6018	2173	354
6019	3218	358
6022	3388	242
6025	2464	185
6029	1690	303
6030	5892	391
6032	5919	512
6034	3808	279
6034	3808	276
6036	1785	154
6039	4255	503
6040	4668	542
6040	4668	520
6041	5898	238
6041	5898	320
6042	2773	413
6045	6203	579
6045	6203	445
6050	5149	200
6058	3185	286
6064	5668	673
6068	2232	264
6072	3778	298
6072	3778	351
6076	2754	185
6079	4011	509
6084	2306	484
6086	3300	297
6086	3300	216
6088	3312	284
6090	6504	263
6090	6504	227
6092	4257	578
6093	2348	315
6096	4336	514
6100	3369	291
6102	2111	407
6106	3130	185
6107	2562	269
6107	2562	275
6112	4684	505
6115	3896	268
6116	4424	517
6118	2572	359
6122	4516	255
6125	3307	514
6127	4371	493
6131	2372	212
6133	3426	315
6135	1854	324
6141	2551	259
6145	6057	185
6150	2001	345
6152	5015	730
6153	5797	185
6155	1905	302
6158	5885	279
6158	5885	277
6165	2270	292
6167	4580	792
6168	2086	305
6172	5007	351
6175	2230	437
6181	3245	261
6183	2576	314
6183	2576	300
6184	4544	746
6185	2106	282
6188	2775	280
6189	2124	363
6193	3245	337
6195	2963	222
6199	2928	302
6204	1907	200
6207	2460	285
6207	2460	260
6208	4221	472
6210	3129	269
6215	2500	367
6218	2277	208
6218	2277	173
6220	3105	319
6220	3105	172
6225	1488	288
6229	2927	183
6229	2927	303
6230	4521	315
6236	4443	339
6239	1830	185
6247	3262	267
6247	3262	321
6250	3641	372
6251	5094	277
6251	5094	333
6253	3375	252
6253	3375	319
6263	2132	294
6270	3670	333
6275	2887	488
6276	2844	309
6276	2844	276
6277	4340	286
6278	3793	451
6280	2992	514
6282	2750	185
6294	2472	404
6295	4383	296
6302	3731	436
6303	2611	335
6303	2611	302
6309	3280	392
6310	3445	206
6311	5093	494
6311	5093	481
6312	5943	501
6314	3876	282
6316	2795	345
6317	2632	297
6318	2866	412
6321	2594	323
6323	4573	278
6324	3422	355
6325	4327	455
6325	4327	216
6327	2692	347
6330	2947	227
6331	2591	187
6331	2591	269
6339	3055	234
6340	2613	327
6341	4175	365
6341	4175	386
6344	3060	220
6347	2858	359
6350	3348	306
6350	3348	348
6351	3140	357
6364	2808	454
6365	2869	451
6367	6245	512
6367	6245	477
6376	2926	360
6379	1894	281
6380	2990	221
6380	2990	143
6384	2007	238
6385	1864	267
6387	3946	487
6390	6254	449
6392	3248	328
6402	4076	244
6407	1564	303
6408	2799	306
6416	3209	332
6418	3063	291
6423	2422	200
6424	1962	301
6427	4179	500
6432	1953	243
6443	5161	651
6444	4197	227
6445	2730	185
6450	6351	553
6450	6351	414
6455	2757	487
6456	4439	284
6457	4227	259
6465	1995	293
6469	2690	327
6471	1963	306
6474	4220	546
6480	4026	329
6486	3039	294
6486	3039	323
6487	3773	507
6488	3417	498
6489	2033	472
6493	5728	534
6493	5728	201
6494	4219	513
6494	4219	498
6500	3927	544
6502	3807	200
6513	3863	298
6515	5189	508
6518	6877	545
6519	4814	494
6520	7148	460
6522	3335	323
6526	3690	206
6527	4445	430
6527	4445	439
6529	4246	238
6530	4366	312
6530	4366	470
6532	3901	379
6532	3901	507
6535	2846	511
6537	3417	520
6538	2901	297
6544	6112	707
6549	3463	480
6552	4299	221
6552	4299	509
6553	3085	253
6558	3168	610
6559	6701	492
6560	2889	517
6562	2579	185
6562	2579	227
6564	7852	344
6566	3375	513
6567	2697	329
6570	4110	355
6571	7789	353
6571	7789	222
6572	3276	502
6574	2173	279
6576	5162	714
6577	3478	730
6582	2554	344
6584	4017	529
6585	3478	378
6591	3747	207
6591	3747	223
6592	4372	185
6595	3444	485
6598	4547	233
6606	4412	417
6606	4412	448
6607	5098	164
6607	5098	193
6611	4387	458
6617	3592	513
6625	4258	342
6626	1848	353
6630	3473	564
6632	4281	515
6633	3422	372
6633	3422	231
6640	6515	229
6640	6515	311
6646	3695	455
6648	4318	447
6652	3540	499
6653	2435	574
6655	2805	322
6656	3757	261
6656	3757	303
6668	2810	344
6671	2563	200
6671	2563	333
6676	2677	249
6678	4167	543
6679	4605	185
6680	2771	272
6682	2519	344
6683	6562	352
6684	4116	493
6689	3182	245
6690	4409	514
6693	2105	238
6698	2440	436
6709	3110	324
6710	2480	336
6713	2903	293
6715	3261	623
6718	3023	215
6722	4003	403
6724	3353	559
6727	2066	275
6737	4612	560
6740	4978	544
6745	2761	414
6751	5156	567
6751	5156	247
6752	3164	394
6754	4603	221
6756	3558	472
6760	2688	290
6762	2548	324
6763	3756	396
6763	3756	286
6764	4170	405
6766	1857	360
6770	2012	326
6773	4186	511
6776	2308	222
6778	2820	339
6778	2820	168
6783	1717	495
6784	3538	313
6785	2326	268
6786	2173	266
6789	2088	455
6790	3276	481
6792	2968	302
6792	2968	327
6793	3854	342
6794	3709	261
6798	4000	769
6801	3891	475
6803	2362	356
6804	3322	587
6805	1672	300
6806	2406	356
6812	2911	312
6812	2911	312
6820	4145	222
6821	3742	458
6822	3197	313
6822	3197	295
6825	6938	227
6825	6938	279
6826	3979	556
6827	3576	504
6830	4935	590
6831	2974	224
6831	2974	344
6834	3195	358
6839	1807	253
6840	3961	233
6841	3356	488
6846	4431	452
6848	4278	603
6849	6078	510
6849	6078	424
6852	4591	439
6854	2844	561
6855	4473	564
6858	4171	156
6858	4171	116
6858	4171	349
6858	4171	243
6861	2154	483
6865	2359	215
6868	3977	475
6869	3856	636
6871	3192	257
6872	4182	496
6873	4969	551
6873	4969	495
6875	2916	327
6876	5083	195
6876	5083	252
6877	7431	505
6877	7431	422
6877	7431	350
6878	5235	304
6882	1700	310
6883	2207	523
6887	4222	429
6891	6273	443
6893	6644	689
6896	4359	400
6912	5539	598
6917	4137	792
6918	3388	399
6920	1995	346
6922	3013	554
6941	3563	292
6946	1380	200
6949	6055	299
6953	4040	495
6954	3303	514
6957	4532	254
6959	3030	265
6963	5494	681
6968	2029	333
6971	3768	574
6972	2793	312
6976	3531	351
6983	3623	508
6989	4708	395
6993	4554	377
6994	3123	516
6997	3375	496
7003	4787	566
7005	5712	569
7005	5712	500
7009	4579	533
7013	4361	400
7014	8014	826
7016	5070	336
7019	6570	727
7024	3559	586
7036	3692	335
7037	3060	558
7041	2156	345
7047	5172	523
7047	5172	261
7048	2850	376
7055	5087	787
7062	3710	437
7067	4991	430
7071	5182	393
7071	5182	321
7075	4205	200
7075	4205	580
7077	5740	519
7084	3701	353
7088	3142	476
7089	7011	270
7091	4152	476
7097	3239	508
7102	1770	211
7104	3843	545
7105	4382	746
7107	2971	402
7109	2849	304
7114	5144	495
7115	5421	519
7116	2036	417
7117	5443	487
7117	5443	141
7117	5443	243
7118	4734	185
7118	4734	507
7121	6348	818
7122	1863	249
7125	2886	334
7128	6035	466
7128	6035	365
7130	3584	428
7132	6262	230
7139	3066	128
7139	3066	120
7144	2545	274
7149	6145	420
7150	5239	538
7151	2489	536
7152	4955	379
7156	4461	523
7164	5721	698
7165	2000	335
7166	4355	357
7167	4417	373
7169	3819	606
7170	2987	595
7171	3384	485
7173	5281	265
7174	7414	298
7178	4015	283
7179	4868	216
7181	2209	358
7185	3544	415
7187	6461	472
7189	5613	559
7189	5613	539
7190	3333	200
7193	3478	313
7194	2686	471
7195	4517	485
7197	4163	481
7199	2863	298
7202	2236	310
7205	2023	305
7210	3941	391
7211	2726	302
7212	4779	339
7213	2608	491
7214	4455	602
7215	3841	314
7216	3362	253
7216	3362	265
7217	2313	357
7218	5530	249
7219	3274	322
7226	2393	480
7232	3225	443
7232	3225	158
7233	4352	389
7233	4352	451
7234	2802	533
7235	2723	206
7240	2444	404
7242	3980	254
7244	3338	291
7245	3193	308
7245	3193	266
7249	2568	200
7251	2592	426
7252	3104	266
7252	3104	185
7257	5438	260
7257	5438	299
7260	2531	325
7261	2993	290
7261	2993	261
7262	7397	200
7264	3731	185
7264	3731	270
7265	3986	280
7265	3986	363
7270	3689	564
7271	2376	306
7272	1081	317
7273	3192	318
7274	4517	481
7277	2754	279
7278	1450	252
7279	1460	259
7285	1972	286
7289	2045	200
7295	8198	273
7295	8198	246
7295	8198	292
7301	3346	203
7301	3346	180
7302	2808	179
7302	2808	298
7306	3377	338
7307	2281	393
7313	6668	264
7321	2461	289
7322	2153	340
7323	3147	200
7326	3368	353
7328	3055	328
7328	3055	318
7329	2102	222
7330	5034	454
7331	2448	341
7333	3985	393
7334	5232	185
7339	4012	303
7342	8390	273
7352	4029	464
7356	2517	325
7361	6652	745
7362	2623	355
7370	2855	165
7371	2555	578
7374	3048	185
7375	4935	312
7375	4935	241
7376	4243	493
7377	2073	298
7381	8486	185
7381	8486	290
7381	8486	224
7388	1912	200
7394	2974	383
7396	4649	430
7405	7195	406
7410	3269	185
7414	8543	358
7414	8543	202
7418	1064	227
7432	3375	262
7435	3755	434
7438	4195	435
7441	2611	263
7441	2611	174
7443	3105	304
7444	2494	490
7449	4936	215
7451	2407	442
7452	4040	274
7453	3682	507
7455	3957	540
7455	3957	340
7456	3366	297
7465	3226	259
7466	7014	476
7469	7692	297
7470	4228	292
7473	3601	270
7475	8558	355
7475	8558	335
7475	8558	322
7476	3711	493
7477	4665	517
7477	4665	211
7479	4674	470
7480	4511	547
7480	4511	292
7486	4061	306
7489	6937	498
7489	6937	338
7491	4023	405
7493	3317	316
7493	3317	311
7495	5255	458
7496	6070	185
7496	6070	728
7500	5567	292
7502	5396	499
7503	3314	543
7507	3418	272
7507	3418	308
7510	3233	291
7511	2815	327
7511	2815	281
7512	3737	478
7513	3472	485
7515	4756	328
7516	3705	197
7516	3705	367
7520	7876	227
7520	7876	304
7520	7876	424
7522	3021	185
7529	8314	530
7530	3467	365
7534	2424	248
7540	2613	416
7543	2942	309
7543	2942	219
7545	6264	424
7545	6264	462
7546	4520	415
7550	5217	200
7550	5217	343
7554	3206	412
7556	3234	392
7563	3719	530
7565	3589	423
7566	3618	318
7572	6523	421
7572	6523	540
7575	4916	400
7576	2025	266
7578	9838	356
7582	1786	486
7583	3115	323
7584	2940	185
7587	2811	420
7589	6825	258
7594	2668	477
7597	2745	284
7599	4221	221
7601	7921	405
7601	7921	351
7604	2480	438
7605	3162	274
7606	5464	348
7609	6025	413
7611	2125	258
7614	2531	227
7615	4195	477
7617	2301	520
7621	3278	185
7624	4320	198
7624	4320	250
7625	2303	405
7630	4086	271
7631	3395	339
7631	3395	111
7632	6758	211
7632	6758	238
7632	6758	294
7634	4899	238
7634	4899	204
7635	2239	338
7639	3680	291
7648	7574	265
7648	7574	185
7658	4460	254
7659	5679	469
7662	2652	347
7664	1216	262
7665	7053	456
7665	7053	715
7666	1930	335
7667	9481	324
7667	9481	321
7667	9481	245
7667	9481	317
7669	2345	541
7674	2274	298
7679	1526	185
7681	2065	253
7682	4838	466
7682	4838	308
7683	6435	185
7684	3202	406
7695	1905	304
7698	4155	211
7699	3801	281
7700	8564	534
7700	8564	404
7707	4086	249
7719	2336	493
7722	4836	238
7723	6359	494
7723	6359	174
7724	6378	468
7725	2350	516
7727	5638	292
7727	5638	328
7738	3513	250
7738	3513	262
7742	4327	703
7744	3776	493
7745	2630	253
7748	3049	255
7749	2329	297
7752	4784	487
7754	2295	268
7759	3106	364
7763	4110	185
7769	1975	185
7770	9115	470
7771	4336	289
7772	3485	335
7776	5703	539
7778	3519	666
7785	7774	312
7787	4615	617
7792	6709	456
7796	5110	403
7799	7563	735
7804	3199	552
7808	3972	457
7809	3872	419
7818	3219	503
7829	4259	423
7835	4689	358
7836	8819	200
7836	8819	511
7839	3553	523
7840	9411	482
7840	9411	450
7841	3482	514
7844	5702	440
7844	5702	488
7846	3670	250
7846	3670	322
7852	2797	350
7855	3874	547
7857	3121	225
7857	3121	382
7859	4055	575
7860	4098	454
7862	3824	206
7872	7389	788
7874	3231	335
7876	4025	486
7881	5365	315
7886	5118	429
7889	2299	457
7890	3024	313
7892	3210	250
7895	3613	322
7898	5193	402
7900	4789	510
7901	2544	497
7908	5946	298
7912	2402	272
7915	7116	483
7916	3239	338
7923	4417	487
7924	3255	435
7925	7407	248
7932	2744	309
7933	5711	509
7934	3089	476
7938	3004	478
7940	4273	499
7941	3704	166
7941	3704	335
7943	9500	316
7946	3642	293
7951	5613	573
7957	3249	406
7962	5118	456
7963	3497	430
7968	3812	511
7969	3153	482
7971	5557	200
7986	2551	405
7994	4411	315
7995	5536	478
7997	3448	377
8004	3216	478
8004	3216	244
8005	4692	612
8015	6266	793
8028	2580	333
8029	3771	334
8032	4604	523
8044	2199	562
8053	8179	485
8065	2548	249
8079	4774	439
8079	4774	243
8083	5105	642
8085	4666	140
8085	4666	163
8086	2411	351
8091	5072	263
8100	3795	367
8100	3795	176
8100	3795	143
8107	4854	384
8107	4854	446
8109	6003	528
8109	6003	476
8123	3805	493
8124	3932	484
8134	3891	185
8141	2078	341
8142	4084	516
8144	2275	304
8149	2108	306
8150	4318	485
8150	4318	485
8151	1852	373
8153	2086	340
8161	4178	502
8162	6126	698
8162	6126	450
8163	1419	206
8164	4553	268
8166	2732	250
8172	3238	278
8175	3023	232
8178	3229	232
8181	7213	324
8181	7213	733
8182	2265	200
8185	2620	299
8188	4261	404
8190	3492	429
8191	3144	330
8193	4878	269
8193	4878	164
8195	2800	427
8198	4262	319
8199	3954	284
8199	3954	313
8203	6152	185
8204	4234	372
8207	2481	478
8213	4793	484
8213	4793	436
8214	3198	185
8216	3035	185
8220	4359	431
8220	4359	445
8222	2407	433
8232	4973	132
8232	4973	224
8232	4973	495
8235	5708	481
8242	3628	558
8246	2503	316
8263	2696	244
8278	3889	299
8285	4306	365
8285	4306	244
8293	3676	211
8296	2197	394
8302	1997	185
8303	1621	368
8304	2685	544
8320	2436	565
8321	3450	266
8322	3248	278
8327	1595	299
8334	4517	528
8335	4234	322
8337	5026	366
8339	2418	200
8343	4638	477
8346	4377	417
8351	1547	345
8354	3757	305
8356	3328	385
8363	4294	506
8363	4294	504
8365	2729	482
8366	4040	467
8367	3225	312
8373	1511	325
8380	4646	407
8382	3600	346
8384	3928	299
8385	3261	519
8387	4941	301
8388	1325	287
8392	3757	523
8394	2982	363
8395	4819	535
8397	2423	306
8398	2833	276
8401	3721	531
8404	2595	491
8410	4334	528
8411	2967	525
8412	5064	502
8414	3151	390
8417	4058	290
8418	2803	486
8419	3723	543
8420	4311	435
8422	3138	600
8424	2554	335
8426	4512	334
8426	4512	257
8429	5666	515
8430	3174	283
8433	2830	255
8438	1408	426
8441	2473	427
8443	2886	338
8447	3847	392
8452	2337	263
8459	2672	549
8463	2484	302
8468	2128	325
8473	3719	340
8473	3719	306
8474	5164	415
8474	5164	526
8482	3075	297
8482	3075	302
8484	1936	270
8487	1604	267
8492	2488	360
8498	1439	312
8502	2096	486
8504	2569	222
8511	3177	368
8512	4027	308
8513	2961	451
8515	2129	295
8519	2532	478
8520	2304	268
8521	1575	200
8525	5477	250
8525	5477	161
8525	5477	321
8527	2160	244
8527	2160	292
8532	1881	305
8533	3137	271
8533	3137	255
8534	3465	158
8534	3465	416
8536	2707	299
8546	2794	219
8546	2794	338
8547	2277	319
8548	3179	339
8548	3179	206
8552	2331	290
8554	3717	251
8554	3717	286
8555	2668	388
8560	4896	271
8560	4896	321
8562	3709	320
8563	3637	399
8567	4076	526
8573	3343	540
8574	1776	305
8577	1638	200
8579	5314	292
8579	5314	238
8583	4010	570
8585	2216	185
8586	1138	297
8587	2572	316
8588	3000	316
8590	2191	284
8591	1816	268
8592	3072	516
8593	1788	298
8597	940	215
8598	2231	259
8604	2309	336
8608	2651	428
8610	2766	350
8612	2719	381
8614	1630	249
8616	5302	284
8619	1109	200
8620	5572	274
8620	5572	261
8620	5572	236
8626	3018	237
8627	1910	315
8628	7159	451
8628	7159	503
8629	2682	244
8630	2327	317
8635	2497	316
8640	3273	462
8641	7479	243
8641	7479	185
8643	4619	356
8646	3018	200
8649	4170	412
8650	1461	308
8651	3200	255
8652	3885	441
8652	3885	308
8655	2549	273
8657	2478	518
8660	2329	306
8661	4796	311
8661	4796	263
8662	2570	404
8664	4581	160
8664	4581	289
8664	4581	186
8665	2604	344
8669	3815	461
8673	5920	566
8675	4124	539
8676	4398	458
8676	4398	402
8678	4217	434
8685	2239	476
8690	1148	185
8693	1571	287
8697	2084	255
8699	2742	534
8700	3916	467
8702	3326	523
8704	5852	554
8705	1056	206
8706	2775	206
8709	1765	439
8715	2685	381
8717	2475	466
8720	3945	317
8721	3557	141
8721	3557	169
8724	2904	320
8724	2904	192
8730	1988	439
8733	3709	272
8734	6332	298
8734	6332	551
8736	4593	271
8736	4593	267
8736	4593	297
8737	4067	238
8738	4491	284
8738	4491	328
8739	4401	530
8739	4401	329
8740	2044	495
8743	1612	350
8744	4338	469
8744	4338	303
8746	3496	161
8752	6687	289
8752	6687	279
8752	6687	335
8752	6687	175
8753	3087	260
8755	1569	311
8756	4800	517
8757	2762	255
8758	5374	298
8759	2435	304
8760	7303	395
8760	7303	337
8761	3015	255
8763	1558	242
8768	2282	322
8769	2937	316
8774	3559	206
8775	4277	490
8777	2287	260
8781	5652	480
8783	3381	462
8784	3406	480
8785	4445	508
8789	4241	343
8789	4241	191
8791	3681	248
8791	3681	296
8793	1757	402
8797	2720	365
8798	7713	352
8801	2122	270
8801	2122	305
8803	3235	395
8804	2917	473
8806	2694	222
8807	2220	271
8818	2578	336
8819	2488	313
8821	2864	185
8823	5635	503
8823	5635	487
8825	4191	258
8826	1654	299
8827	2273	514
8828	5424	473
8830	2110	362
8831	2712	185
8837	2802	530
8843	3664	523
8843	3664	238
8844	3657	475
8847	2856	185
8849	3031	315
8850	1567	185
8851	6286	438
8864	3026	283
8870	7796	490
8870	7796	409
8870	7796	268
8874	2506	253
8874	2506	159
8874	2506	140
8875	3145	535
8876	5331	507
8876	5331	379
8877	1347	185
8879	3004	479
8880	2847	289
8880	2847	264
8883	2748	469
8897	2425	494
8899	2998	303
8899	2998	310
8903	1732	429
8910	5037	537
8912	2588	303
8915	2749	547
8916	2662	278
8918	3109	497
8920	3300	416
8923	3296	232
8925	2842	348
8927	4657	491
8927	4657	176
8929	2688	513
8930	2550	441
8931	4703	305
8932	2678	283
8939	3088	512
8940	2491	298
8944	6094	483
8944	6094	451
8945	2350	260
8947	4154	373
8950	3954	261
8955	3822	313
8955	3822	387
8960	4617	496
8960	4617	496
8963	3100	239
8966	2628	431
8967	3854	351
8968	4209	415
8976	4913	453
8979	5114	478
8979	5114	522
8980	4737	661
8985	1152	185
8986	2036	185
8988	4984	559
8992	2243	255
8992	2243	269
8993	4513	644
8994	4573	200
8996	2672	224
8996	2672	238
8997	3920	461
8998	3313	503
9004	4704	391
9005	3079	404
9006	2591	311
9010	2758	181
9010	2758	225
9013	2525	568
9015	2668	347
9017	4944	298
9017	4944	479
9018	2910	554
9020	4336	490
9021	2905	221
9022	1708	185
9023	2165	347
9025	3790	709
9034	3067	297
9040	5121	375
9040	5121	509
9041	2707	395
9042	4932	291
9042	4932	212
9045	3639	458
9046	5726	586
9050	2961	381
9051	3217	474
9056	7797	493
9056	7797	441
9057	4106	413
9058	2524	383
9059	2383	543
9060	2072	545
9073	4029	542
9073	4029	498
9078	3716	322
9081	2016	309
9082	4486	227
9082	4486	326
9083	2558	310
9090	3693	637
9091	2321	276
9092	3198	526
9094	3911	298
9094	3911	257
9096	4268	378
9100	4539	390
9103	4834	274
9106	1455	250
9109	1551	185
9110	3306	489
9112	3655	462
9116	4135	455
9120	3158	313
9125	1880	266
9128	2113	215
9129	4478	437
9139	4629	295
9139	4629	532
9141	1884	309
9142	4056	535
9143	2254	334
9145	2852	314
9145	2852	296
9148	3465	249
9151	1572	264
9154	2776	410
9155	4659	402
9159	5918	307
9168	2738	516
9176	5021	549
9176	5021	421
9177	2840	304
9184	3826	510
9189	3002	358
9189	3002	305
9191	3962	511
9194	4153	437
9198	7697	140
9199	3636	330
9199	3636	177
9202	4254	432
9202	4254	571
9203	3876	540
9206	3293	292
9206	3293	232
9208	2633	554
9210	6430	364
9214	3671	249
9216	4558	515
9219	4320	338
9219	4320	486
9222	2951	290
9229	4224	348
9232	2312	433
9234	3236	666
9238	4635	428
9240	4168	439
9241	3546	307
9242	1172	253
9243	3745	623
9255	5560	311
9255	5560	241
9255	5560	138
9255	5560	267
9256	2469	337
9259	3046	279
9260	2910	286
9266	4698	447
9274	2959	381
9275	4084	216
9275	4084	147
9275	4084	522
9278	4182	515
9282	2974	319
9284	4407	453
9284	4407	411
9286	5299	480
9287	3796	322
9287	3796	280
9288	6419	469
9290	7286	739
9290	7286	716
9296	5856	429
9297	5092	433
9297	5092	292
9298	3181	523
9299	2354	233
9305	2940	227
9309	3845	382
9312	2457	320
9316	2796	552
9317	3203	429
9320	2994	419
9331	4898	475
9331	4898	471
9334	4145	505
9335	2425	349
9337	3433	490
9345	5097	471
9345	5097	534
9346	2663	271
9346	2663	274
9347	4907	505
9348	3219	500
9350	3006	455
9354	2546	292
9354	2546	309
9358	2024	299
9367	3952	485
9368	4568	498
9368	4568	463
9370	4404	509
9371	2756	316
9375	4123	232
9375	4123	407
9376	3453	444
9379	2360	271
9379	2360	271
9380	2335	490
9382	3689	267
9388	2440	338
9392	2777	323
9394	3126	266
9398	4037	300
9400	5059	390
9400	5059	262
9401	2668	283
9406	1972	184
9406	1972	187
9409	2432	323
9410	2494	305
9415	2922	372
9417	2630	278
9420	2659	549
9421	2909	200
9428	2099	227
9429	1972	222
9442	2934	363
9446	4514	444
9448	3802	385
9449	4697	546
9451	4700	562
9455	2600	214
9458	3116	192
9458	3116	225
9460	4631	493
9460	4631	398
9461	4544	525
9465	2751	311
9465	2751	176
9470	3759	260
9470	3759	281
9472	2018	299
9476	1843	251
9480	2939	361
9480	2939	270
9485	1522	298
9486	4979	297
9489	5008	238
9493	2481	297
9494	1470	304
9498	2519	324
9500	2673	297
9502	3036	368
9504	2060	307
9505	1131	185
9509	3198	731
9510	1956	248
9518	1798	185
9519	3563	249
9521	4504	433
9525	4850	704
9529	1119	185
9536	4766	558
9536	4766	717
9538	3239	679
9544	3853	350
9548	1787	356
9548	1787	381
9553	5793	489
9553	5793	434
9556	5727	215
9556	5727	347
9560	2421	480
9564	3556	487
9569	2938	343
9572	1701	451
9579	1509	290
9585	4556	225
9585	4556	309
9589	2360	547
9600	4110	467
9610	5308	447
9610	5308	509
9614	4204	450
9619	1924	546
9623	3153	317
9625	2927	273
9630	3966	201
9630	3966	243
9632	2144	317
9633	3582	362
9635	2621	313
9635	2621	334
9639	4597	423
9641	3623	309
9644	2971	185
9651	2357	295
9664	4585	525
9666	4195	525
9668	4034	308
9670	4672	350
9671	4266	294
9673	4504	466
9673	4504	523
9676	3067	325
9679	1987	284
9680	4047	554
9681	2496	211
9690	3320	271
9694	3048	341
9694	3048	311
9695	2245	303
9697	1853	527
9699	4213	439
9699	4213	520
9700	2444	507
9701	2379	341
9703	1543	230
9704	2783	345
9707	2438	286
9711	3013	224
9711	3013	335
9717	4573	541
9719	2040	325
9724	2667	299
9725	2530	459
9730	2400	215
9731	3125	238
9732	4189	545
9736	3094	298
9739	3499	485
9740	3153	527
9741	4388	517
9744	2321	524
9747	2678	185
9748	2532	555
9749	5341	500
9764	3842	491
9765	1849	185
9771	3830	750
9782	2770	330
9784	4084	310
9786	3828	518
9788	4033	471
9791	2509	274
9794	2996	259
9798	2743	525
9804	3097	258
9805	4258	186
9806	3302	796
9807	2884	259
9809	4221	534
9819	3811	515
9828	2755	361
9830	5786	513
9830	5786	330
9833	3228	540
9837	2971	466
9839	1769	505
9840	4151	379
9844	2964	450
9846	3370	549
9852	3058	555
9854	3278	579
9860	3489	468
9862	3012	446
9864	2744	316
9872	4053	549
9874	3816	266
9878	3508	530
9883	4880	200
9884	4208	430
9884	4208	335
9885	4705	269
9886	2872	541
9889	4808	545
9891	1583	325
9892	3670	653
9893	2888	330
9894	4008	352
9894	4008	437
9896	3332	418
9900	3401	475
9905	5023	452
9905	5023	456
9906	2623	496
9908	3075	274
9910	2704	519
9911	4081	185
9914	3266	346
9919	3026	279
9919	3026	414
9919	3026	173
9922	2880	563
9925	1900	242
9931	3322	593
9933	3980	459
9934	3247	266
9935	4147	511
9937	4489	421
9941	2876	471
9945	1238	294
9946	1798	285
9959	2555	416
9960	2141	306
9961	2309	321
9963	2105	482
9965	3261	503
9968	4067	482
9969	4689	435
9969	4689	419
9970	2467	223
9970	2467	311
9971	1224	200
9972	3759	424
9981	4523	500
9981	4523	281
9984	3642	573
9985	2636	531
9986	4225	489
9988	4073	671
9989	3011	537
9990	2263	376
9991	2202	382
9993	5096	200
9996	2473	227
10000	2890	529
10001	1918	263
10008	1343	367
10009	2198	315
10009	2198	235
10011	2107	225
10011	2107	321
10012	2412	323
10013	4592	389
10013	4592	444
10014	2356	506
10016	2838	272
10017	2153	319
10024	3813	481
10026	3470	496
10028	2456	449
10031	3148	540
10032	3567	464
10032	3567	489
10033	3004	277
10036	4867	291
10036	4867	413
10040	2786	268
10040	2786	215
10041	2266	600
10042	1969	313
10046	1860	209
10048	960	206
10049	3097	482
10052	2451	411
10057	2283	255
10058	2612	420
10059	2566	291
10061	5241	420
10062	1458	495
10063	4021	415
10064	3044	322
10064	3044	341
10067	2685	479
10072	2846	544
10077	2272	290
10080	1559	428
10085	903	200
10092	2870	215
10093	2349	309
10095	2177	451
10098	3868	560
10100	2382	529
10101	3796	490
10106	2990	438
10111	3026	176
10111	3026	308
10114	1525	432
10116	3133	426
10120	2385	304
10122	2479	218
10122	2479	287
10124	3483	481
10128	3578	329
10138	3027	498
10138	3027	260
10140	4602	481
10140	4602	367
10141	2477	389
10142	5820	185
10143	2401	509
10145	1003	222
10146	1251	241
10150	3310	416
10152	4329	474
10153	2792	445
10158	2727	287
10160	1369	273
10167	2593	533
10168	2588	286
10169	1622	360
10172	2788	394
10178	1558	299
10183	3848	441
10188	1915	507
10189	2674	429
10192	2521	303
10195	3231	518
10197	4273	539
10198	2545	372
10204	1879	266
10206	2475	327
10208	3363	607
10210	2822	337
10211	2885	387
10214	2469	498
10217	5122	729
10221	3028	286
10221	3028	315
10222	2961	447
10224	3642	459
10237	5098	443
10244	3330	304
10244	3330	316
10248	2341	286
10249	2242	232
10249	2242	339
10254	2586	298
10255	4194	532
10256	4917	230
10257	4630	455
10267	4433	321
10273	2958	449
10276	5006	222
10279	1801	254
10280	5657	690
10280	5657	592
10281	1313	333
10285	2725	686
10289	3823	333
10289	3823	417
10292	3094	335
10295	3041	647
10300	1920	439
10302	4928	624
10304	989	302
10307	3579	403
10308	2719	288
10309	4300	185
10310	5689	522
10311	1288	211
10312	1571	323
10313	1888	258
10317	4432	301
10318	3794	590
10319	2010	221
10320	2582	352
10322	5050	757
10323	1279	285
10332	5136	480
10334	2702	476
10341	4534	222
10341	4534	473
10342	4248	372
10346	3722	292
10351	4775	245
10353	2528	324
10363	2637	462
10364	3772	361
10367	3688	544
10380	3598	376
10381	4633	320
10381	4633	238
10384	4872	516
10384	4872	215
10390	4485	497
10390	4485	290
10392	2799	393
10394	3421	556
10396	5753	496
10405	2433	323
10407	3521	465
10409	4909	486
10410	3332	593
10417	1897	279
10421	3027	566
10423	2467	382
10438	1864	261
10443	3954	262
10449	1226	251
10450	2498	424
10453	2393	412
10459	2132	298
10459	2132	287
10464	2848	542
10472	2083	465
10474	3209	302
10474	3209	337
10480	2619	325
10482	3813	273
10483	2566	508
10485	1701	298
10489	2302	501
10492	2697	391
10493	2517	292
10493	2517	221
10495	4091	469
10496	4511	468
10503	3118	523
10505	2232	285
10505	2232	279
10506	2057	277
10515	2916	252
10516	1706	280
10520	2244	200
10522	4725	593
10522	4725	408
10525	3611	448
10528	2363	388
10532	3243	335
10534	2985	454
10535	1519	232
10537	4009	564
10542	2082	283
10545	2514	277
10547	2691	284
10547	2691	290
10549	3892	399
10550	3123	534
10551	2333	683
10559	3347	374
10561	1827	326
10571	2485	575
10572	2042	543
10573	2396	289
10575	3042	243
10576	2998	517
10579	2831	487
10582	4705	503
10582	4705	509
10583	1486	246
10586	2440	385
10588	3979	819
10590	3988	549
10596	3984	495
10596	3984	397
10598	3883	423
10598	3883	356
10601	1821	342
10602	3185	434
10607	2208	185
10609	1666	424
10610	4313	335
10613	3061	519
10622	2822	259
10623	1542	283
10624	4623	315
10627	1176	293
10628	4970	490
10628	4970	251
10638	5004	520
10638	5004	568
10643	2684	227
10645	2041	279
10648	2919	547
10656	2629	302
10657	1291	271
10658	2301	368
10658	2301	211
10663	1060	279
10665	4526	345
10665	4526	427
10670	2617	583
10672	2238	472
10673	3439	222
10673	3439	331
10675	1485	200
10679	2658	199
10679	2658	240
10681	2882	539
10687	3188	332
10691	3377	511
10692	1682	366
10694	2114	484
10697	3094	337
10702	3632	188
10702	3632	378
10708	2303	222
10708	2303	222
10709	2463	304
10710	2076	243
10717	5319	454
10717	5319	568
10721	2777	288
10723	2613	381
10723	2613	328
10726	1908	256
10726	1908	215
10730	2254	186
10730	2254	210
10732	1335	283
10734	2873	563
10735	3769	243
10735	3769	292
10736	1668	200
10736	1668	281
10740	1311	420
10741	2665	558
