0	16459	24903
2	2077	509
5	1115	211
7	1381	515
11	2119	362
12	1998	299
13	1876	359
13	1876	197
15	2223	341
16	1341	340
20	2461	478
21	2447	365
26	2220	280
26	2220	268
27	2732	318
27	2732	311
30	2683	466
31	983	200
32	1257	269
33	1629	272
36	1726	349
38	3193	267
40	1477	229
40	1477	260
41	1827	256
44	2897	446
47	1849	330
50	1497	329
52	2435	494
54	1930	423
55	2148	316
59	1828	412
63	1396	321
64	2099	361
65	1585	222
68	2323	570
75	2765	432
77	2806	489
78	1298	274
80	1950	301
81	2920	241
81	2920	432
87	2207	307
91	2122	299
91	2122	170
92	2386	353
92	2386	269
93	1945	226
95	2359	253
95	2359	244
98	2962	530
99	1717	312
103	2532	470
105	2771	314
105	2771	328
108	1644	518
109	1202	265
111	1700	321
113	2614	310
113	2614	393
123	2206	341
126	2183	452
133	2239	322
135	2212	346
136	2151	304
136	2151	297
137	1289	262
139	2363	362
142	1930	505
143	2836	350
143	2836	319
147	2660	323
150	1201	297
152	1763	185
162	2240	496
166	2428	468
171	2017	543
172	2861	458
177	1513	482
178	1973	243
182	2046	202
182	2046	298
183	2202	322
184	3171	288
184	3171	291
186	1954	222
189	1365	244
190	1567	280
192	1683	164
192	1683	332
193	2535	301
193	2535	248
194	1834	255
195	1219	284
199	1523	250
200	2494	389
201	2388	295
203	1906	279
203	1906	317
206	2246	382
212	2650	402
214	1590	418
217	2092	479
220	1236	262
223	1339	288
225	2099	264
225	2099	271
226	2394	515
228	1929	493
229	1579	351
231	2071	500
232	1364	324
239	2201	463
242	1251	252
245	3222	489
245	3222	417
246	1218	315
247	876	301
248	2694	537
250	1416	279
254	1411	185
257	1616	398
260	2208	482
262	2923	490
265	1803	555
266	2250	375
269	1593	185
270	1346	185
272	2603	547
272	2603	408
273	1686	239
275	1939	249
277	976	278
284	1073	238
286	3005	584
286	3005	241
287	981	272
288	2115	226
288	2115	277
290	2224	249
291	2157	249
291	2157	50
291	2157	293
292	1807	329
293	1293	235
294	1844	314
296	2539	322
297	1889	251
297	1889	254
300	1510	222
302	1638	245
305	2369	333
310	1720	371
312	1965	284
317	2740	185
317	2740	255
323	1029	227
325	858	200
332	1750	284
335	1975	458
340	2341	393
341	1741	312
342	2339	293
344	2021	245
344	2021	290
345	2847	226
345	2847	242
346	1858	526
348	1653	233
349	2395	562
350	2047	274
351	2555	336
352	2213	498
353	1075	221
354	1960	215
356	1299	461
358	2368	185
360	1931	330
361	1373	238
363	2595	566
366	1039	185
367	1799	467
374	2328	429
379	2896	633
380	2249	442
386	2661	365
386	2661	440
387	1086	200
390	1752	306
391	1728	406
394	1727	310
395	5412	455
395	5412	509
398	1630	314
403	4064	345
406	2703	470
410	1541	268
412	3993	559
415	2790	311
415	2790	232
418	2549	471
419	2025	462
420	1069	185
422	3332	454
426	2747	548
431	1521	326
432	2275	363
433	2923	376
434	1599	249
435	3012	326
435	3012	418
440	1791	280
445	5455	500
445	5455	347
447	1840	200
449	2979	512
452	2940	505
453	2486	167
453	2486	151
453	2486	273
455	2244	267
456	2277	507
459	3770	470
460	1527	269
462	3040	517
463	3555	503
465	2810	512
466	2006	441
469	1986	501
472	2424	582
475	2659	314
481	3583	642
482	1534	243
485	2684	536
489	2226	495
492	3806	611
495	3593	437
497	1909	441
498	1726	310
500	3719	498
503	2673	403
504	2255	467
505	2605	300
506	1719	206
507	2342	538
508	1741	321
509	4139	487
509	4139	518
510	1931	507
513	3033	532
514	2361	446
516	3414	655
517	2173	270
520	2416	396
522	5746	450
525	4261	576
530	1957	432
534	3119	385
535	4538	531
541	3874	459
541	3874	312
544	5635	541
544	5635	569
546	1617	324
548	1757	298
549	2694	258
553	1817	459
555	2118	346
556	4191	488
556	4191	354
557	2668	526
558	1726	310
559	4328	492
559	4328	539
561	2297	457
563	3439	503
563	3439	332
564	3114	497
566	4820	332
567	2566	461
569	3272	346
569	3272	112
570	3128	492
575	2790	318
582	2976	509
582	2976	263
587	2003	328
588	3442	428
590	3337	438
591	3166	267
591	3166	440
592	4671	390
593	2511	522
594	3137	517
595	2339	362
597	1999	466
598	2269	350
600	3062	639
603	2210	499
604	2672	503
607	3257	519
607	3257	219
608	3097	364
609	1179	266
612	2335	522
615	1736	287
616	3115	710
619	3252	304
619	3252	301
620	1138	292
624	1921	441
628	1486	317
630	1871	368
631	2260	320
632	1608	413
635	1601	356
639	3220	544
640	1944	449
641	4488	331
641	4488	519
642	1804	538
644	1640	261
646	3427	461
650	2936	290
650	2936	312
651	1734	332
653	2307	492
655	4284	405
656	2273	672
660	4600	563
663	2473	264
663	2473	273
664	4721	766
666	2037	320
668	2927	488
671	1971	306
671	1971	206
674	1855	312
674	1855	111
675	1583	275
677	4057	837
678	2985	596
682	3460	116
682	3460	116
683	3070	493
684	3358	285
687	2898	279
687	2898	438
689	3604	496
692	5684	843
692	5684	604
694	2494	265
702	3385	516
710	3584	462
712	1272	270
713	3193	277
713	3193	540
714	2887	521
715	1758	282
717	2123	498
718	3922	782
719	1923	570
723	3566	583
727	4151	404
729	3668	439
729	3668	513
731	3158	518
731	3158	439
733	2140	365
739	1980	298
740	3463	531
742	2855	359
742	2855	573
743	1423	408
745	2309	361
746	1015	323
749	2246	204
749	2246	139
752	2132	346
753	3010	513
758	3511	483
760	3264	185
760	3264	341
762	2403	406
764	1815	139
764	1815	278
768	3751	532
768	3751	251
769	1462	307
772	3024	313
772	3024	299
777	1584	263
778	1640	262
783	2054	277
785	3174	458
786	1818	287
787	2062	279
788	2747	554
789	1806	238
792	3082	629
793	1616	185
795	4904	538
795	4904	383
796	2550	528
798	2058	703
799	1701	200
801	1836	531
803	1496	259
807	3350	706
809	2080	436
810	4137	346
810	4137	597
811	2385	422
812	2213	277
814	2098	377
816	3252	432
816	3252	322
819	1176	244
821	4698	505
821	4698	230
822	966	211
826	1747	345
828	4192	412
828	4192	523
831	2308	390
832	3509	474
832	3509	213
836	1738	295
837	2888	185
838	2008	423
846	1652	212
849	2197	279
849	2197	293
851	5716	187
851	5716	151
851	5716	476
854	2388	546
859	1563	185
861	3873	772
862	2318	343
862	2318	276
865	4020	474
865	4020	535
867	2617	481
868	4441	601
869	2273	328
873	2013	200
875	4352	601
875	4352	294
878	2585	509
881	3291	432
881	3291	489
883	3846	546
884	3085	410
885	1722	274
889	1510	427
890	1520	260
894	2889	516
895	3795	413
901	1113	254
907	2804	568
909	1468	185
911	1407	202
912	4992	511
912	4992	487
913	2429	441
914	2146	332
916	1709	225
919	2685	316
919	2685	234
921	2359	389
924	3516	447
926	4123	292
928	1843	498
929	3597	509
931	4268	742
934	4577	538
934	4577	472
939	2861	397
941	3055	520
944	2787	537
945	2704	323
945	2704	287
950	2824	471
952	2826	579
954	1307	327
957	2868	424
960	1823	314
962	2497	547
966	3296	370
967	1701	361
968	3158	477
973	2182	502
976	2835	541
977	1977	324
978	2473	523
979	1222	300
982	4636	670
984	3523	400
988	2863	263
989	3568	712
991	5392	543
991	5392	509
993	2854	335
994	1883	322
995	2581	405
996	4112	628
997	3123	537
997	3123	219
1001	2441	422
1003	3068	602
1007	2230	330
1008	3249	471
1008	3249	379
1009	4987	329
1009	4987	534
1010	3498	277
1010	3498	321
1011	3925	536
1017	2965	501
1020	2705	211
1021	3337	320
1021	3337	178
1023	1727	238
1024	4786	762
1034	689	238
1040	2960	550
1042	1488	304
1048	1194	302
1049	4362	608
1049	4362	98
1049	4362	141
1051	4160	823
1053	4516	600
1054	2746	200
1060	2196	257
1063	2610	500
1064	2881	535
1066	1882	255
1067	5481	452
1067	5481	347
1069	2613	340
1075	1996	322
1076	2643	536
1078	1943	499
1079	2383	185
1080	4355	292
1080	4355	528
1082	2095	505
1085	4701	383
1085	4701	490
1089	2446	244
1092	4425	810
1092	4425	439
1093	3161	545
1094	1415	346
1096	5300	577
1096	5300	530
1097	2894	302
1097	2894	273
1100	1700	333
1103	5174	281
1104	3057	310
1104	3057	309
1108	2821	551
1113	2514	513
1114	2888	421
1120	2945	442
1121	3579	504
1123	2045	248
1124	1940	489
1132	2302	507
1134	4375	512
1134	4375	598
1136	1139	291
1138	3046	577
1141	2140	315
1142	3080	518
1144	5761	614
1146	1833	541
1147	2830	254
1147	2830	350
1150	4429	539
1150	4429	502
1158	2021	206
1159	2699	478
1162	2387	439
1169	4129	610
1169	4129	204
1171	2667	320
1171	2667	334
1175	3408	528
1176	2579	568
1177	5142	549
1177	5142	280
1178	5159	366
1178	5159	115
1178	5159	478
1183	4978	808
1187	2277	458
1188	3963	283
1188	3963	439
1189	5592	312
1190	4497	540
1192	3126	487
1193	1953	474
1197	1707	540
1198	4220	470
1201	4585	801
1203	2957	185
1204	3073	533
1206	2154	352
1209	5283	427
1209	5283	538
1215	4728	499
1215	4728	203
1215	4728	202
1216	4649	719
1218	4028	230
1218	4028	605
1219	3485	617
1219	3485	402
1221	3203	500
1222	1924	532
1224	1778	296
1225	2719	488
1226	3728	568
1228	2640	247
1228	2640	275
1232	3665	260
1238	3016	511
1239	4258	843
1241	2326	555
1243	2964	731
1246	2734	777
1247	3719	555
1248	2118	548
1256	3889	346
1256	3889	331
1259	3286	449
1259	3286	523
1261	2158	316
1262	2023	227
1265	2237	467
1274	3485	326
1274	3485	425
1275	1810	523
1282	3603	525
1282	3603	539
1283	1367	478
1284	3610	531
1284	3610	362
1285	2775	566
1287	2202	398
1294	4188	554
1295	1543	533
1296	2292	507
1297	4064	508
1297	4064	526
1298	4128	511
1299	2748	554
1301	1580	256
1302	3432	469
1302	3432	401
1308	4051	562
1310	3127	512
1313	3129	417
1313	3129	185
1316	2437	227
1317	2048	698
1319	2757	555
1320	4324	771
1321	2288	354
1322	3517	573
1323	1406	503
1324	1532	278
1326	3070	510
1328	3078	806
1332	2540	513
1333	1777	504
1334	3121	354
1335	3546	513
1335	3546	273
1338	3814	543
1339	1258	238
1341	2814	515
1342	1630	255
1343	2051	501
1344	2809	656
1345	2150	498
1346	2052	185
1347	3963	315
1347	3963	437
1351	1589	431
1353	2960	571
1354	2303	488
1356	2106	397
1359	1993	430
1360	2995	435
1361	1921	480
1365	5025	679
1365	5025	617
1368	5052	814
1368	5052	347
1370	2344	348
1372	3266	404
1372	3266	351
1373	2461	545
1374	2184	420
1380	4199	485
1380	4199	247
1381	3330	536
1383	1285	285
1384	2609	526
1385	2167	226
1394	2168	458
1396	2102	555
1397	1828	262
1397	1828	301
1398	1870	325
1405	2201	560
1406	3374	488
1410	2344	309
1413	814	211
1415	4540	424
1417	2172	206
1417	2172	360
1419	1604	335
1420	1590	415
1422	1337	291
1426	5450	355
1426	5450	625
1428	2581	228
1428	2581	256
1433	3651	516
1433	3651	469
1434	3193	468
1436	1950	196
1436	1950	231
1437	1877	441
1438	1401	304
1440	1802	481
1443	2983	483
1448	1808	287
1449	3344	424
1451	2361	330
1452	2606	347
1456	1219	273
1468	1020	238
1469	1850	357
1470	2545	475
1474	3749	560
1475	1928	350
1477	2509	462
1479	2673	519
1480	2258	200
1484	1211	307
1485	2689	299
1493	1215	232
1500	1759	370
1501	1380	309
1502	4052	519
1502	4052	520
1503	3086	559
1505	2696	322
1508	1604	284
1510	2231	459
1511	1941	211
1512	3207	465
1523	2539	488
1529	2020	297
1533	2772	296
1534	3610	622
1536	1965	365
1537	1749	457
1540	3584	200
1541	3242	298
1544	2683	442
1544	2683	268
1550	1955	387
1551	1010	222
1554	1678	148
1554	1678	163
1555	1468	345
1557	1700	360
1558	1525	332
1561	943	200
1562	4744	531
1563	2219	211
1565	3594	445
1565	3594	494
1566	2013	272
1568	2429	159
1568	2429	368
1570	2068	485
1571	2423	318
1575	3631	562
1577	1843	493
1579	3459	127
1579	3459	330
1581	1461	456
1586	2228	382
1590	1531	292
1594	1461	265
1599	1401	306
1600	1628	221
1603	2011	479
1605	1394	276
1608	1609	185
1612	3377	750
1614	2306	318
1615	1222	243
1617	3483	536
1617	3483	351
1619	1453	274
1622	1976	239
1622	1976	344
1623	1611	318
1624	2429	511
1626	2937	461
1627	3089	616
1629	3446	502
1630	1381	254
1631	2788	316
1631	2788	262
1632	1219	239
1633	2196	340
1636	2190	528
1637	3208	552
1638	1998	200
1640	2076	542
1645	1994	293
1645	1994	255
1647	2604	317
1650	1918	312
1652	3378	666
1656	2521	317
1657	1726	396
1658	1962	374
1661	2578	402
1662	1905	285
1662	1905	281
1663	1786	322
1665	2088	463
1666	3676	238
1668	2013	556
1669	2183	354
1670	2237	377
1672	1513	341
1675	1323	327
1680	3655	452
1680	3655	536
1682	1245	310
1684	3093	536
1685	3257	529
1694	2412	221
1694	2412	280
1695	2926	533
1705	3068	371
1706	1968	230
1709	2181	444
1713	2163	330
1714	3021	568
1726	2884	447
1736	1847	528
1738	2915	644
1739	2041	430
1741	1617	185
1742	2711	526
1745	2419	488
1746	2485	567
1749	1242	477
1750	2270	318
1750	2270	318
1751	2458	298
1751	2458	287
1752	1632	238
1755	2594	492
1757	1504	234
1762	1543	306
1768	2822	329
1768	2822	324
1769	2926	463
1769	2926	467
1770	1197	335
1771	2301	453
1777	1823	296
1778	1871	391
1780	2217	290
1784	1804	489
1786	2501	405
1787	2530	432
1791	2411	302
1791	2411	278
1794	2008	340
1797	2191	476
1801	1552	300
1802	2333	336
1802	2333	262
1803	1751	211
1804	1791	286
1806	3398	479
1806	3398	513
1808	1627	239
1809	2541	185
1815	2372	289
1815	2372	290
1818	2381	432
1819	2075	356
1821	3022	608
1823	1647	316
1826	2402	401
1829	2688	294
1830	2430	359
1830	2430	181
1833	2640	216
1833	2640	222
1837	2427	357
1839	1910	255
1840	1556	244
1843	2367	368
1845	2214	270
1845	2214	231
1847	1749	398
1849	1968	340
1850	1436	313
1851	1596	285
1854	2081	369
1856	2868	211
1856	2868	200
1860	2100	321
1861	1513	200
1863	2327	496
1865	2219	470
1866	2151	295
1867	2019	288
1872	2292	411
1874	2078	501
1876	1765	385
1877	1284	267
1878	3002	297
1878	3002	314
1880	2041	350
1882	2131	559
1883	2332	299
1885	1844	330
1889	3049	538
1890	2686	368
1894	3196	452
1901	2492	338
1901	2492	262
1904	1933	289
1904	1933	284
1905	1921	398
1907	3702	373
1907	3702	346
1913	2107	288
1917	1612	246
1920	3353	572
1921	2388	308
1921	2388	233
1923	1877	266
1926	2365	341
1929	799	250
1930	1499	376
1933	2204	404
1935	2086	302
1936	1743	284
1937	1256	292
1939	1614	245
1941	2274	376
1943	1849	368
1947	1314	216
1950	1123	301
1951	2646	436
1952	1318	206
1956	2302	265
1956	2302	277
1959	3707	506
1959	3707	226
1960	2317	472
1962	2892	275
1966	2525	169
1966	2525	356
1967	3758	578
1969	2257	484
1973	2034	412
1978	1528	311
1981	1665	232
1982	2281	503
1983	2828	570
1984	2222	397
1985	1962	318
1988	2039	185
1990	2810	185
1991	2806	481
1992	3439	407
1992	3439	434
1998	1900	363
1999	2081	228
1999	2081	260
2002	3308	604
2003	2761	284
2003	2761	331
2006	2283	380
2012	3592	518
2013	1071	206
2015	3114	601
2018	1558	185
2019	2997	476
2020	2013	320
2021	2384	355
2022	1861	513
2024	2018	421
2025	3218	555
2026	2510	487
2028	2585	538
2029	1722	300
2031	1215	305
2033	2462	525
2034	2443	497
2036	2717	326
2039	1829	211
2040	2411	517
2042	3565	473
2043	1624	255
2044	2843	298
2046	1315	238
2047	1957	439
2051	1654	452
2052	2065	206
2052	2065	276
2054	1462	258
2055	2344	335
2055	2344	224
2062	1438	329
2063	2684	392
2065	2629	491
2066	2132	222
2068	1703	541
2069	2396	383
2072	2661	545
2078	2870	548
2081	1236	215
2082	2240	341
2083	2544	377
2087	2987	534
2091	2671	333
2092	1373	215
2093	1414	234
2098	1690	359
2101	2935	441
2103	1627	380
2104	2329	216
2104	2329	297
2105	1672	439
2107	3036	385
2109	2527	329
2109	2527	314
2113	3009	375
2114	1506	273
2116	1651	274
2117	2467	574
2119	2512	185
2120	1494	399
2123	2529	517
2132	2201	464
2134	1754	430
2137	2148	337
2138	2230	291
2138	2230	319
2140	1641	252
2142	1751	263
2144	1595	185
2145	2635	534
2146	2564	530
2147	2200	343
2148	1903	239
2150	1965	346
2155	1752	350
2157	2128	449
2159	2442	335
2160	2504	463
2164	2693	434
2165	1635	304
2168	1666	243
2169	1185	313
2170	2115	303
2172	2296	517
2174	1463	305
2174	1463	239
2175	2359	350
2175	2359	185
2180	3246	449
2180	3246	393
2181	2805	505
2182	1163	304
2184	2785	426
2184	2785	370
2186	2303	470
2187	1954	226
2189	2016	382
2192	1450	268
2197	1893	336
2199	1523	421
2201	1888	545
2208	1962	508
2211	3522	485
2211	3522	519
2212	2099	524
2213	1699	254
2215	2239	559
2216	1897	545
2217	1953	442
2218	1960	481
2220	3786	494
2220	3786	472
2223	1802	418
2224	2099	306
2225	1760	576
2229	1743	467
2231	2518	498
2235	2922	476
2236	2594	282
2236	2594	287
2237	1836	222
2240	2355	533
2243	2314	336
2244	2489	347
2244	2489	184
2245	2133	314
2246	1586	242
2247	1276	450
2248	2506	491
2252	2374	334
2253	2548	279
2253	2548	322
2259	3477	484
2259	3477	368
2261	2862	343
2261	2862	211
2262	2875	540
2265	2127	339
2266	1506	331
2267	3314	436
2269	2296	377
2274	1986	303
2275	1388	185
2276	2390	510
2281	2046	290
2283	2564	290
2283	2564	231
2284	1686	397
2288	2271	508
2289	2960	538
2290	1450	266
2296	1767	517
2297	3140	481
2298	3105	350
2298	3105	541
2301	1801	338
2307	2082	332
2308	3488	375
2308	3488	414
2312	2181	218
2312	2181	277
2313	2172	528
2314	1845	377
2315	2149	314
2319	1950	466
2321	1617	288
2322	3285	440
2322	3285	448
2323	3450	544
2323	3450	486
2327	2787	199
2327	2787	370
2333	2010	400
2334	1882	328
2336	2328	431
2344	1611	213
2344	1611	211
2346	3581	517
2347	2361	575
2348	2320	361
2352	2017	344
2353	2351	291
2355	1964	233
2356	1117	287
2359	3718	566
2360	2469	414
2363	918	283
2365	1304	325
2366	2193	209
2366	2193	243
2367	2990	519
2368	2825	388
2371	2367	524
2374	2512	515
2375	1369	325
2377	2099	632
2379	3072	518
2380	2350	309
2380	2350	266
2384	1635	211
2387	2040	348
2392	1706	338
2395	2347	324
2395	2347	304
2399	2140	275
2399	2140	286
2403	1657	289
2404	2455	386
2405	2244	272
2407	1993	457
2412	2172	401
2417	3072	679
2419	2751	290
2420	1983	384
2423	1376	200
2424	922	275
2425	2048	237
2425	2048	235
2427	2028	503
2428	2215	278
2428	2215	298
2430	3433	468
2430	3433	217
2432	2078	239
2432	2078	261
2436	2537	200
2436	2537	267
2438	3729	524
2438	3729	455
2443	1890	203
2443	1890	200
2444	1490	307
2447	1599	286
2448	1907	336
2449	1704	193
2449	1704	178
2452	2223	392
2453	1309	185
2454	3610	723
2457	1840	446
2462	1993	309
2463	3549	594
2465	2304	404
2474	3323	249
2474	3323	582
2480	1859	504
2485	3715	445
2485	3715	500
2486	1768	474
2487	1124	338
2488	2217	519
2489	2278	483
2492	1024	250
2494	2518	338
2498	1663	539
2502	2212	440
2503	1544	377
2507	1687	529
2508	2555	575
2509	2823	360
2509	2823	299
2510	2005	248
2511	2146	222
2511	2146	317
2513	1693	260
2515	2514	459
2516	1825	513
2518	1968	481
2519	3082	519
2521	1993	391
2523	3237	733
2524	2868	275
2525	2538	428
2526	1413	522
2528	1762	368
2531	2269	545
2532	2285	433
2533	2690	475
2534	1111	230
2537	3750	508
2537	3750	526
2539	1604	364
2541	2971	487
2543	2317	317
2545	1890	359
2546	1960	474
2547	2084	331
2547	2084	266
2549	3643	397
2549	3643	481
2550	2806	404
2551	1846	443
2552	1481	325
2556	1616	330
2557	2428	697
2559	1877	343
2560	2952	573
2564	1326	361
2568	2592	337
2571	2302	570
2573	2167	265
2573	2167	307
2575	2369	294
2575	2369	345
2576	1737	522
2577	1796	485
2581	2464	456
2585	1465	253
2585	1465	285
2587	2614	583
2589	3290	253
2589	3290	510
2598	2495	235
2599	1823	503
2601	1572	211
2605	2254	281
2605	2254	248
2622	1959	401
2623	1795	337
2628	2273	331
2628	2273	322
2635	1404	351
2636	2092	591
2641	1978	571
2645	2019	373
2646	1728	301
2647	2039	674
2648	3400	677
2653	2649	484
2660	2092	343
2662	1999	558
2670	1638	321
2672	1553	322
2673	1022	200
2674	1990	346
2675	1350	388
2676	1665	200
2680	2405	464
2687	2141	582
2688	1316	283
2694	2470	295
2694	2470	274
2695	3523	672
2699	1356	206
2700	3130	552
2703	2126	375
2706	1892	284
2707	1367	257
2709	2562	343
2709	2562	217
2710	2744	528
2711	1544	386
2713	1746	200
2715	2268	344
2716	2318	289
2717	1431	305
2718	2548	658
2720	2497	171
2720	2497	410
2721	2230	534
2722	1724	365
2723	1654	345
2724	2549	596
2725	1545	369
2730	2188	259
2730	2188	308
2731	989	309
2733	1989	228
2733	1989	258
2735	1183	283
2736	2304	295
2736	2304	301
2737	1396	453
2746	2440	610
2747	1629	460
2748	1764	185
2753	1993	329
2754	1372	238
2755	2544	312
2755	2544	262
2756	1386	255
2758	2352	487
2761	2622	348
2761	2622	340
2768	2255	497
2769	1703	397
2774	1884	285
2776	1939	254
2776	1939	238
2778	2001	401
2779	1607	314
2780	2265	320
2780	2265	303
2783	1967	357
2784	704	308
2785	2774	334
2785	2774	291
2788	1459	332
2790	2264	497
2795	1071	232
2797	2236	436
2798	1023	281
2799	1659	303
2800	1231	185
2801	2761	518
2818	1532	336
2821	737	185
2822	2530	282
2822	2530	326
2826	2210	310
2832	1659	325
2834	1082	263
2835	2176	515
2837	1375	318
2838	1972	340
2842	2483	211
2842	2483	303
2847	2166	297
2847	2166	280
2852	2430	345
2860	1495	251
2861	2803	541
2867	2160	400
2869	2694	254
2870	1341	227
2871	1281	185
2873	2184	389
2874	2231	560
2876	1458	277
2879	1403	315
2880	1789	170
2880	1789	356
2882	1665	464
2883	1602	314
2884	1862	356
2886	1298	309
2888	1055	348
2891	2234	120
2891	2234	359
2894	1273	325
2898	1072	227
2902	1887	519
2904	1211	278
2905	2331	500
2910	1253	227
2912	2551	500
2913	2187	489
2914	1169	230
2921	1643	275
2925	1300	238
2927	1410	285
2930	708	249
2932	2745	488
2933	1621	428
2935	1363	292
2936	2013	286
2945	2035	334
2950	2045	278
2950	2045	257
2951	2161	297
2954	2025	354
2956	1051	331
2959	2114	255
2959	2114	181
2966	2048	236
2966	2048	317
2967	1898	492
2968	2010	550
2971	2659	441
2972	1502	328
2974	1851	215
2975	2480	244
2976	2422	545
2977	2584	337
2978	2003	330
2978	2003	264
2981	1994	141
2981	1994	296
2981	1994	67
2983	2508	477
2986	2298	368
2988	2638	509
2990	1272	266
2991	2143	303
2991	2143	341
2997	1193	275
3000	2607	183
3000	2607	406
3001	2044	417
3003	1516	446
3004	2137	356
3010	1363	211
3011	1902	321
3012	2277	565
3014	1456	342
3015	2419	335
3018	2364	359
3018	2364	144
3021	3010	543
3024	2289	289
3024	2289	277
3025	2320	405
3025	2320	264
3027	2418	328
3028	1852	500
3031	2918	228
3031	2918	456
3033	2431	319
3037	1761	322
3039	3206	516
3039	3206	477
3040	2334	363
3042	2978	458
3042	2978	479
3043	1627	407
3044	2351	490
3045	2430	225
3045	2430	348
3046	2364	541
3048	1968	377
3049	1460	238
3050	2731	634
3052	1578	273
3054	2772	513
3057	1868	448
3059	2072	425
3060	1886	410
3062	2781	510
3063	3106	575
3064	2555	274
3066	1874	334
3067	1249	211
3072	2198	329
3072	2198	248
3073	2413	311
3073	2413	320
3074	1238	291
3077	1864	455
3079	1501	275
3080	1697	467
3084	1188	311
3088	2977	420
3088	2977	536
3090	2917	622
3091	1441	267
3094	3180	522
3094	3180	220
3095	1137	295
3098	1782	297
3100	2552	369
3104	2653	548
3106	1464	200
3108	1502	436
3109	3329	547
3110	2137	593
3114	2120	492
3117	3213	454
3117	3213	430
3120	1903	384
3131	2193	427
3132	1778	465
3138	2119	566
3142	1657	489
3144	3051	593
3144	3051	483
3145	1305	332
3146	1015	185
3147	2992	639
3149	1344	220
3149	1344	238
3150	2127	322
3150	2127	352
3151	1971	527
3152	1166	320
3155	2043	265
3155	2043	324
3156	2195	529
3157	1273	240
3157	1273	333
3158	2174	499
3160	1215	315
3162	1360	271
3164	2161	375
3165	2366	451
3168	1508	243
3171	1270	337
3173	1564	178
3173	1564	267
3174	1630	331
3177	1308	270
3183	2716	543
3185	1225	291
3187	2185	347
3187	2185	192
3190	1831	371
3191	2315	521
3195	2167	298
3196	1857	514
3197	2410	536
3199	1488	331
3201	1834	572
3203	3308	486
3203	3308	245
3207	2761	571
3209	2954	561
3213	2055	472
3215	1998	289
3217	2649	538
3218	995	255
3220	1778	243
3220	1778	319
3222	1733	422
3226	1791	497
3228	1213	278
3229	1305	185
3230	2209	515
3236	1848	200
3242	2069	325
3246	1828	559
3248	2548	462
3249	2610	593
3250	2336	584
3253	1420	261
3254	2032	348
3254	2032	288
3256	2100	396
3257	2968	581
3258	1468	368
3260	1777	278
3264	2751	351
3264	2751	539
3269	3224	507
3271	1399	376
3272	1933	346
3273	1629	407
3277	1609	497
3278	3192	602
3279	2946	567
3280	1855	484
3281	1177	366
3289	1517	291
3291	1979	538
3293	2033	314
3293	2033	317
3296	2203	484
3304	1950	276
3304	1950	318
3306	2767	492
3309	937	227
3312	1655	524
3315	2855	410
3316	2097	213
3316	2097	322
3317	1487	254
3323	1436	320
3325	1871	365
3329	1538	343
3331	1467	275
3334	1358	367
3335	1909	412
3336	2948	514
3339	1324	288
3340	1427	185
3342	2220	330
3347	1329	308
3348	1986	327
3350	1514	286
3352	1988	435
3355	2510	168
3355	2510	159
3362	1960	525
3367	1230	263
3368	2040	218
3368	2040	299
3369	1392	363
3372	1875	464
3373	2270	487
3374	2108	309
3374	2108	334
3377	1253	315
3378	1702	420
3379	1629	281
3379	1629	299
3381	2006	363
3381	2006	310
3382	2012	257
3382	2012	310
3383	2131	207
3383	2131	265
3387	1515	412
3390	1496	339
3391	1482	286
3392	1856	366
3393	1232	215
3395	1223	239
3396	1891	521
3398	1274	419
3400	2151	296
3400	2151	286
3401	2328	558
3403	1954	363
3403	1954	287
3405	2477	235
3405	2477	338
3407	1640	233
3408	1279	254
3412	1459	424
3413	1488	452
3414	2426	298
3414	2426	256
3416	1878	263
3416	1878	305
3417	2398	509
3418	1598	260
3419	2435	292
3420	1858	242
3420	1858	239
3422	1429	499
3424	2165	326
3424	2165	315
3429	1307	322
3430	2261	288
3430	2261	348
3431	1216	285
3432	1549	530
3440	1946	286
3442	1559	346
3443	1492	206
3444	1650	426
3445	1940	344
3447	1970	326
3447	1970	297
3448	2419	357
3448	2419	275
3451	1227	250
3454	2409	317
3455	3255	299
3455	3255	147
3455	3255	278
3457	2526	288
3457	2526	300
3458	1400	347
3459	2265	335
3459	2265	268
3460	2066	571
3461	1749	340
3463	1186	309
3464	3107	531
3465	1945	315
3466	1824	185
3466	1824	238
3469	2171	312
3470	1336	296
3471	2058	349
3471	2058	230
3472	2046	291
3472	2046	225
3473	935	237
3476	1696	267
3476	1696	180
3477	2541	339
3478	2079	310
3478	2079	271
3479	2344	335
3479	2344	281
3480	1702	301
3481	2327	287
3482	1540	368
3484	2097	241
3485	2794	276
3485	2794	302
3486	1984	257
3486	1984	226
3487	1958	496
3489	1399	185
3491	1773	185
3492	2098	593
3497	2260	330
3497	2260	260
3498	2181	341
3501	1758	285
3503	1575	429
3504	2412	302
3510	1419	411
3511	2371	496
3513	1695	318
3514	2042	206
3514	2042	366
3517	1346	339
3519	1584	300
3521	1432	256
3523	2262	287
3523	2262	252
3525	1748	432
3526	1277	280
3531	2415	462
3532	2300	289
3532	2300	287
3535	1329	334
3537	2953	323
3538	2283	515
3540	2539	298
3540	2539	280
3544	2140	341
3545	1417	242
3549	1624	345
3549	1624	260
3552	1174	317
3553	2366	317
3553	2366	244
3554	1609	341
3558	2259	273
3559	2027	511
3560	1592	289
3562	3219	200
3562	3219	498
3565	1144	278
3569	2908	294
3569	2908	347
3571	2622	286
3571	2622	342
3575	612	255
3576	1910	478
3578	2177	249
3579	1927	500
3580	1216	261
3584	2058	427
3586	3093	483
3587	2220	501
3588	2328	284
3588	2328	307
3590	2412	586
3591	1712	292
3591	1712	232
3594	2754	274
3594	2754	542
3597	2198	576
3598	1791	309
3604	1489	282
3604	1489	178
3605	1598	340
3608	1977	342
3609	1355	206
3609	1355	261
3610	3225	488
3610	3225	511
3612	1254	211
3613	1547	256
3615	1964	356
3615	1964	163
3616	2295	243
3616	2295	297
3618	1273	215
3623	2142	337
3625	1199	301
3626	1829	515
3627	1546	301
3628	855	200
3629	2350	307
3629	2350	303
3634	1181	256
3636	2178	334
3638	1858	352
3640	1448	323
3645	2595	608
3646	2015	551
3650	2564	345
3650	2564	318
3652	2161	537
3655	2336	303
3655	2336	318
3656	3032	275
3656	3032	328
3665	2450	302
3665	2450	334
3669	2087	328
3669	2087	169
3670	2514	328
3670	2514	232
3672	2270	519
3675	3117	455
3675	3117	315
3679	2852	575
3682	2187	371
3683	2373	505
3686	1482	232
3687	1307	297
3689	2588	579
3690	2015	321
3690	2015	238
3692	2731	549
3694	2099	479
3697	1979	376
3698	1868	324
3699	2058	325
3699	2058	221
3701	1818	299
3702	1691	437
3703	1952	199
3703	1952	304
3705	2883	497
3708	2258	330
3711	2181	365
3712	2157	393
3715	1217	200
3717	1284	337
3719	1091	222
3720	2048	293
3721	2919	479
3725	2105	303
3727	1248	314
3728	1644	316
3732	2061	363
3733	1872	350
3734	1193	350
3739	905	311
3740	1732	320
3740	1732	181
3742	2803	456
3742	2803	356
3743	1565	371
3748	3119	506
3749	2623	200
3751	972	352
3756	1247	261
3760	1496	271
3761	1576	356
3765	1301	216
3766	1742	238
3769	2743	554
3771	2821	319
3771	2821	448
3772	1542	304
3774	3057	295
3775	2049	185
3780	1963	316
3785	1012	310
3786	1045	255
3787	1795	457
3788	1015	307
3789	2013	250
3789	2013	326
3791	2601	328
3791	2601	315
3794	2637	572
3795	1509	304
3796	1334	508
3797	2819	510
3800	856	264
3801	2015	310
3801	2015	278
3803	817	238
3804	2498	311
3804	2498	203
3805	1860	282
3805	1860	256
3807	1128	221
3808	1715	320
3812	2570	301
3813	2003	381
3814	1403	385
3818	3221	560
3819	2223	322
3819	2223	335
3823	2216	188
3823	2216	312
3826	2191	277
3826	2191	339
3834	2088	270
3834	2088	320
3836	1878	321
3839	2129	355
3840	1379	261
3842	2131	428
3844	1216	353
3845	2075	547
3848	2088	314
3850	1827	496
3851	2049	298
3852	2606	280
3852	2606	331
3855	1840	316
3856	2434	291
3858	1586	311
3859	1647	312
3860	1678	638
3861	2495	527
3865	2329	282
3865	2329	258
3868	1908	302
3871	2520	565
3873	2701	355
3874	2391	306
3875	1080	349
3879	1486	306
3880	1454	311
3882	2600	454
3884	1930	336
3885	1233	302
3888	1848	310
3890	1228	298
3891	1761	342
3896	2293	509
3897	3113	518
3898	1854	314
3903	1541	255
3904	1684	317
3907	2215	109
3907	2215	172
3907	2215	317
3909	2335	250
3909	2335	278
3910	1565	325
3915	2101	385
3917	2302	367
3918	2502	361
3918	2502	333
3920	2030	500
3924	2323	306
3924	2323	311
3924	2323	35
3931	2990	312
3932	2216	343
3934	2375	311
3934	2375	309
3935	3014	565
3936	2342	398
3940	2329	488
3941	1336	437
3944	1402	127
3944	1402	149
3946	2674	346
3946	2674	258
3947	2578	407
3948	1413	302
3950	2492	309
3950	2492	311
3951	1683	314
3954	2247	320
3954	2247	246
3960	3230	497
3962	3196	600
3966	2916	516
3970	2345	514
3976	2843	528
3977	1453	327
3979	2163	326
3980	2577	283
3980	2577	384
3985	1396	280
3986	2289	327
3986	2289	316
3987	2522	489
3987	2522	185
3988	1678	353
3988	1678	211
3989	1537	222
3990	2497	619
3991	1819	534
3992	1171	336
3994	1667	185
4004	1757	362
4006	1653	470
4007	1944	455
4008	2078	316
4008	2078	214
4010	1796	279
4011	2330	279
4011	2330	321
4012	2963	447
4012	2963	490
4013	2086	373
4014	2266	345
4015	2933	566
4017	1351	245
4021	1731	328
4021	1731	171
4022	2389	520
4023	2155	517
4024	1945	281
4024	1945	189
4027	2597	351
4029	1717	355
4030	1522	453
4031	1922	406
4036	3076	275
4038	2811	385
4040	2267	243
4041	3302	520
4041	3302	463
4043	1673	322
4044	1903	407
4045	2501	453
4046	3015	490
4047	1534	341
4051	1479	319
4052	905	215
4053	1381	371
4061	1301	245
4064	1437	281
4066	2198	316
4066	2198	309
4069	1415	429
4072	2321	232
4077	1988	525
4079	2136	432
4080	1753	298
4081	2634	272
4081	2634	316
4082	1298	250
4085	1578	243
4086	1461	280
4089	2129	236
4091	2586	454
4096	1102	200
4097	1934	500
4099	1606	200
4103	2111	399
4106	1241	349
4109	1796	473
4110	1816	326
4112	881	248
4113	1873	513
4114	2822	451
4119	2285	513
4120	1346	170
4120	1346	245
4122	1583	328
4123	1765	245
4126	1395	260
4130	2250	400
4131	1188	471
4135	1669	317
4136	1998	458
4137	2410	491
4138	2338	324
4141	1715	264
4142	1868	254
4143	1581	227
4146	2049	284
4147	1648	330
4148	1592	362
4149	1725	370
4157	599	236
4165	1728	288
4165	1728	182
4166	1991	351
4166	1991	410
4167	2393	285
4172	2002	255
4173	2197	355
4174	1781	413
4178	2561	265
4178	2561	227
4179	1545	482
4180	1812	325
4187	2345	446
4189	2290	431
4189	2290	314
4191	1218	340
4195	2109	482
4199	2185	444
4200	1988	241
4200	1988	239
4204	1273	376
4208	2141	342
4209	1608	185
4210	2032	346
4211	1399	242
4215	2233	259
4215	2233	224
4218	2902	430
4218	2902	395
4223	1934	317
4224	2464	435
4226	2112	273
4226	2112	292
4227	1826	206
4231	1435	299
4232	2145	238
4232	2145	303
4234	1643	424
4235	1631	259
4237	1529	215
4242	1820	292
4243	2455	493
4245	1991	456
4246	1846	185
4247	2031	310
4252	1778	375
4255	1892	281
4256	1926	291
4260	1582	304
4262	1141	291
4266	2091	201
4266	2091	176
4269	1735	224
4272	2074	298
4273	1902	395
4276	1091	268
4277	1971	273
4277	1971	284
4278	1970	268
4278	1970	222
4279	1178	200
4281	1541	221
4282	2205	227
4286	1791	529
4290	1136	232
4292	2159	216
4292	2159	221
4295	2189	360
4297	2233	422
4298	1254	377
4299	1330	375
4302	1471	269
4303	3230	200
4303	3230	434
4305	1373	211
4306	1175	273
4309	1527	273
4310	1902	283
4310	1902	261
4312	1293	391
4315	3800	464
4315	3800	464
4317	1489	280
4318	1566	443
4321	1751	261
4322	1686	500
4325	1771	453
4327	2633	438
4330	1342	226
4331	2115	497
4332	1729	323
4334	1375	408
4335	1660	231
4335	1660	174
4336	1666	273
4337	1119	243
4339	2258	593
4342	1576	227
4342	1576	259
4345	2044	496
4347	1594	472
4351	1962	245
4351	1962	264
4352	3103	311
4353	1557	267
4354	1723	237
4355	3486	450
4355	3486	332
4356	1810	408
4357	2686	581
4358	3322	551
4364	1417	437
4365	1586	260
4367	1259	274
4368	1406	429
4372	2026	417
4379	1270	248
4380	1839	469
4383	1524	284
4383	1524	227
4384	733	226
4385	3412	337
4386	2431	510
4387	1563	315
4390	2368	363
4397	962	229
4398	2461	500
4399	2641	495
4400	2563	380
4401	1813	291
4404	1405	347
4405	2517	352
4405	2517	447
4407	1857	428
4411	2009	490
4413	2232	433
4414	2775	200
4414	2775	449
4418	3061	664
4420	2017	232
4422	2529	566
4423	3233	488
4424	3865	452
4430	1607	320
4431	1700	290
4433	1985	441
4435	1998	431
4438	1355	440
4441	1257	278
4443	1788	349
4445	1298	185
4447	1826	415
4452	1397	344
4456	1658	309
4456	1658	221
4457	3494	436
4457	3494	452
4458	2788	487
4462	3093	457
4462	3093	437
4464	1263	451
4465	2684	596
4466	1726	239
4466	1726	226
4467	3452	456
4469	1988	465
4470	1367	313
4471	1789	299
4472	2842	556
4473	3158	532
4474	2479	244
4474	2479	330
4478	1748	474
4479	1817	359
4480	3238	704
4483	1480	280
4484	1333	407
4485	3529	534
4487	1332	293
4488	1699	261
4490	1352	431
4492	859	222
4498	1850	471
4502	1823	409
4505	2611	486
4507	1744	426
4508	1830	302
4509	2625	517
4509	2625	280
4510	3135	258
4510	3135	532
4511	2689	503
4512	1014	185
4513	2000	333
4513	2000	141
4514	2627	546
4519	2594	442
4519	2594	315
4521	2258	408
4523	2342	595
4525	1366	246
4526	1546	365
4528	2775	275
4528	2775	473
4530	4473	596
4530	4473	486
4532	2113	392
4534	3212	404
4534	3212	481
4535	4811	589
4535	4811	613
4536	2003	354
4537	3599	515
4537	3599	298
4538	2543	474
4539	2939	479
4540	2465	518
4541	2840	505
4541	2840	245
4543	2566	485
4544	1171	292
4545	4109	185
4546	2509	406
4547	779	200
4548	1526	463
4553	1754	441
4555	1675	483
4558	2163	499
4559	1273	326
4560	3067	485
4560	3067	253
4563	2501	248
4563	2501	193
4564	2245	450
4565	1209	185
4567	1903	435
4569	1952	297
4574	2860	258
4574	2860	147
4574	2860	239
4576	2198	293
4577	2008	469
4580	1815	522
4584	1542	211
4585	3871	472
4585	3871	341
4587	2209	206
4589	2492	378
4590	3550	339
4590	3550	237
4591	2675	437
4592	1762	512
4594	2218	211
4595	1337	471
4601	1653	185
4602	3713	523
4602	3713	480
4605	3165	434
4608	2866	480
4609	2888	467
4611	2358	332
4615	3537	592
4619	1659	451
4620	2690	533
4621	2760	223
4621	2760	280
4624	1939	446
4625	3238	384
4625	3238	420
4634	2534	559
4635	2394	175
4635	2394	461
4636	2707	481
4639	3152	295
4642	2293	526
4645	2245	497
4646	1040	255
4647	1179	410
4649	1498	405
4651	1458	268
4653	2392	429
4654	2207	566
4655	1254	466
4656	1723	291
4656	1723	350
4668	1854	418
4669	1609	271
4672	1844	459
4674	2897	438
4676	1805	267
4678	2567	448
4678	2567	412
4679	3981	301
4681	1856	206
4682	4384	564
4682	4384	519
4686	2814	286
4688	1747	409
4691	2304	508
4692	2065	305
4693	2808	697
4694	1139	230
4695	1900	440
4698	2223	470
4700	1528	297
4701	1829	484
4705	1258	295
4707	3059	558
4708	1999	249
4709	3660	514
4709	3660	304
4710	3812	469
4710	3812	368
4713	1624	457
4715	3966	185
4715	3966	424
4718	3588	316
4718	3588	200
4721	3957	343
4721	3957	421
4727	1699	272
4728	3141	377
4730	2141	458
4731	2424	479
4733	1468	327
4734	6107	370
4734	6107	468
4736	2098	191
4747	3023	376
4748	1778	443
4753	2598	409
4755	3126	355
4755	3126	298
4757	2324	373
4758	3136	338
4758	3136	376
4763	2936	470
4764	2680	492
4765	1450	430
4768	1828	250
4769	1499	236
4769	1499	298
4770	3591	481
4771	2462	488
4773	2182	534
4777	3233	468
4777	3233	488
4778	2845	472
4778	2845	234
4783	3984	484
4783	3984	503
4786	1765	318
4791	2058	515
4794	3565	664
4796	1858	368
4797	1297	260
4798	1715	560
4800	2909	531
4802	2683	242
4805	2111	402
4809	2855	390
4810	3461	505
4812	2504	488
4813	1766	444
4815	1833	531
4819	1712	523
4821	2012	309
4822	2189	487
4823	2365	547
4827	3933	517
4828	2598	455
4829	2896	533
4829	2896	145
4831	2598	269
4831	2598	284
4832	2145	423
4833	2700	449
4836	2331	520
4837	1528	344
4839	3293	499
4839	3293	502
4841	3555	227
4841	3555	413
4844	1833	395
4848	2187	324
4850	2236	515
4853	2037	460
4854	1000	344
4855	2285	372
4856	1934	291
4857	3774	386
4859	2355	450
4861	3275	392
4861	3275	525
4867	1142	318
4868	1942	440
4869	1450	354
4870	3375	478
4870	3375	446
4871	3431	151
4871	3431	181
4871	3431	260
4872	1139	206
4873	1923	567
4875	1592	318
4879	2151	248
4883	3617	431
4886	1676	419
4887	1799	439
4888	1179	300
4892	834	221
4893	2465	274
4896	5162	522
4896	5162	479
4898	2674	362
4898	2674	324
4903	1811	473
4904	2943	474
4906	1858	340
4911	2009	363
4913	2144	311
4913	2144	245
4919	2791	692
4920	1654	323
4922	2184	528
4924	1019	215
4925	1455	259
4926	1744	400
4928	960	255
4929	2436	577
4930	1197	418
4936	1277	238
4937	1100	306
4939	909	258
4943	1300	305
4944	1127	200
4945	1322	269
4946	3621	310
4946	3621	222
4947	4152	260
4947	4152	416
4947	4152	227
4948	1321	251
4955	1937	161
4955	1937	304
4956	2884	261
4959	1481	264
4960	1755	268
4963	1341	258
4965	1663	337
4966	2304	368
4974	983	227
4977	1465	291
4978	1454	291
4979	2253	520
4981	1440	232
4982	1805	207
4982	1805	268
4984	2249	291
4984	2249	284
4989	771	227
4993	2169	276
4996	1895	429
4997	2929	307
4999	1728	186
4999	1728	183
5000	1833	372
5003	1651	272
5004	3011	589
5004	3011	182
5007	1246	200
5011	1642	350
5013	1222	206
5020	1071	288
5021	1751	366
5025	2289	308
5029	1970	325
5030	1733	342
5036	1313	285
5038	3579	352
5039	1732	262
5048	3820	452
5048	3820	435
5050	1348	268
5051	1834	341
5054	1333	288
5058	3099	200
5059	2625	430
5069	2530	238
5069	2530	200
5071	2269	243
5077	1515	233
5077	1515	206
5078	1874	394
5079	3450	537
5080	2331	333
5084	1711	211
5085	1168	265
5086	2077	290
5089	1999	333
5091	2022	323
5093	2371	301
5095	1954	489
5097	592	185
5099	2470	472
5101	1879	510
5102	2558	449
5104	2246	346
5106	1740	279
5108	2515	495
5109	1736	330
5112	1231	321
5114	2267	287
5114	2267	256
5118	2738	499
5119	1081	322
5120	5099	480
5120	5099	180
5120	5099	401
5122	1327	256
5124	2084	234
5126	1858	193
5126	1858	254
5128	2035	308
5128	2035	245
5129	1361	341
5130	2912	329
5130	2912	324
5131	1897	305
5134	865	185
5136	2032	306
5138	2494	278
5138	2494	266
5139	1497	310
5141	3364	514
5142	2302	287
5142	2302	233
5143	3511	320
5143	3511	362
5144	3605	493
5150	1293	416
5158	1219	309
5159	2973	655
5162	3690	471
5162	3690	227
5164	2166	362
5164	2166	142
5165	2032	293
5166	1601	372
5172	2340	261
5172	2340	271
5174	1721	267
5175	1857	178
5175	1857	296
5176	2150	275
5177	1708	281
5182	2927	491
5187	1997	209
5187	1997	280
5190	1304	514
5194	2619	211
5195	2544	359
5197	1941	309
5198	2068	397
5201	1763	324
5203	2579	288
5204	2299	543
5205	1846	420
5206	2172	373
5207	1990	500
5212	1903	495
5215	2324	593
5216	1409	191
5216	1409	162
5220	3396	412
5221	995	273
5223	1196	238
5226	3037	534
5229	1836	448
5230	1746	396
5231	1666	270
5235	1826	372
5238	1424	357
5239	1497	323
5240	1607	276
5241	2117	509
5242	1422	345
5243	2323	387
5246	1609	173
5246	1609	278
5247	1549	449
5249	1367	301
5250	2163	437
5251	1934	467
5253	1355	375
5254	1780	389
5256	2720	416
5258	3328	351
5258	3328	468
5259	2233	286
5260	826	292
5263	1818	190
5263	1818	217
5267	1746	453
5268	1865	355
5272	2110	472
5273	2261	272
5274	1527	311
5277	2769	332
5277	2769	359
5278	1402	345
5280	2207	323
5287	2240	505
5290	2299	437
5292	2230	251
5292	2230	193
5294	3360	512
5298	1413	295
5299	1934	509
5300	3115	363
5300	3115	435
5303	1568	303
5306	1938	310
5306	1938	222
5308	2160	286
5310	2756	530
5312	1002	322
5316	2470	516
5319	1632	292
5330	1843	180
5330	1843	309
5334	1813	346
5338	1341	185
5350	2372	380
5350	2372	303
5352	1631	404
5353	1466	317
5357	1104	275
5360	2624	364
5364	1959	241
5364	1959	264
5367	1698	264
5367	1698	198
5370	1476	254
5372	1339	291
5373	2052	550
5374	2575	238
5377	1682	462
5378	2051	496
5380	1603	411
5381	1473	270
5383	1988	243
5383	1988	237
5384	1195	286
5386	3120	525
5390	1547	174
5392	2203	215
5395	1528	264
5396	2150	254
5397	2359	437
5399	1641	366
5400	3680	249
5400	3680	272
5400	3680	282
5401	3985	393
5401	3985	403
5403	1415	294
5406	2520	245
5406	2520	266
5408	1273	319
5410	1140	296
5411	1174	254
5415	2828	377
5419	2416	426
5420	1579	340
5421	2473	335
5426	2016	185
5427	2109	477
5428	2579	273
5428	2579	263
5432	1652	288
5437	1919	318
5438	2093	379
5440	2119	215
5443	1094	297
5444	3662	389
5444	3662	474
5448	2488	206
5450	1355	200
5453	1325	305
5455	1610	412
5456	1951	277
5456	1951	220
5457	2807	225
5457	2807	486
5459	1964	499
5461	2031	185
5462	3005	455
5462	3005	456
5467	1347	263
5468	1129	270
5469	1584	315
5470	2696	348
5473	2182	504
5478	2838	483
5478	2838	460
5479	1267	232
5481	1564	316
5482	1563	328
5483	1376	365
5484	2051	309
5486	1848	291
5487	1735	331
5490	2532	425
5493	2518	420
5494	3044	404
5494	3044	457
5496	2196	279
5497	2082	216
5501	3360	408
5502	1108	279
5503	1827	445
5506	715	226
5507	867	250
5508	3282	443
5509	2444	386
5510	1480	286
5511	2613	587
5512	918	185
5522	3088	437
5522	3088	480
5523	2086	532
5529	1087	267
5531	2808	493
5532	2328	249
5532	2328	383
5536	1328	255
5537	2209	256
5537	2209	282
5540	3439	370
5540	3439	355
5541	3316	455
5542	1414	200
5543	955	256
5545	1047	185
5546	3093	405
5546	3093	523
5547	1751	259
5547	1751	256
5548	1687	232
5548	1687	253
5551	1551	214
5551	1551	281
5552	1060	277
5553	1761	521
5554	1804	293
5556	1751	287
5558	2060	302
5560	2979	195
5560	2979	236
5566	883	261
5567	1753	610
5578	2217	346
5581	1352	275
5585	2353	609
5588	2342	319
5588	2342	274
5589	2837	542
5590	3851	515
5590	3851	493
5591	3707	449
5591	3707	544
5594	2152	366
5597	3500	532
5597	3500	494
5598	1566	292
5600	3549	450
5600	3549	528
5601	922	322
5606	2215	527
5610	1855	276
5610	1855	234
5611	2588	305
5613	1298	273
5619	3519	432
5619	3519	479
5620	2348	404
5621	3183	509
5621	3183	436
5623	1744	496
5624	1667	314
5625	4751	488
5625	4751	604
5627	1589	227
5628	792	268
5629	2429	441
5631	1366	328
5633	2398	337
5633	2398	275
5637	3406	507
5642	3353	513
5643	3014	515
5644	1754	185
5645	2403	395
5645	2403	223
5647	2023	347
5651	3943	563
5654	3035	338
5654	3035	218
5655	3139	338
5656	3024	521
5659	1788	414
5660	2778	490
5667	2367	554
5668	2652	312
5668	2652	312
5669	2734	214
5669	2734	213
5672	4400	503
5672	4400	534
5673	3301	185
5673	3301	259
5675	2195	529
5677	1485	327
5680	2254	336
5682	1727	513
5683	2130	243
5684	2042	378
5689	1664	266
5690	2097	363
5691	1433	222
5692	3285	504
5692	3285	170
5694	1478	185
5697	2789	512
5701	2568	359
5701	2568	332
5703	1798	185
5706	2181	235
5706	2181	108
5706	2181	301
5707	3042	525
5708	2213	547
5709	5055	456
5711	1724	211
5712	2742	575
5715	2390	345
5717	2755	542
5718	4005	566
5718	4005	207
5722	4049	509
5722	4049	536
5723	5030	467
5723	5030	576
5724	3494	397
5724	3494	460
5725	2339	325
5726	1917	400
5729	2564	396
5733	1681	298
5734	5063	562
5739	3228	614
5747	4203	571
5749	1653	320
5750	2222	346
5752	3093	594
5753	3834	530
5755	3015	522
5759	2180	331
5763	1922	305
5764	3621	483
5764	3621	425
5765	3384	541
5767	2082	238
5769	2353	488
5771	2234	547
5775	1428	245
5776	2058	327
5778	4542	507
5778	4542	477
5783	3556	593
5788	2420	366
5793	3086	366
5793	3086	313
5794	2107	497
5796	3777	523
5796	3777	463
5798	2363	548
5802	2892	566
5807	3744	426
5807	3744	400
5811	1730	546
5812	2642	351
5813	1542	326
5818	2469	304
5819	3835	544
5824	2471	527
5827	1931	512
5828	3009	302
5828	3009	285
5832	3336	206
5832	3336	508
5834	1707	346
5835	4606	326
5836	2432	270
5836	2432	388
5838	3080	294
5838	3080	332
5839	2415	542
5840	3191	465
5840	3191	511
5843	1740	505
5845	2955	505
5845	2955	456
5847	1476	303
5848	2024	481
5850	2378	284
5850	2378	290
5857	1457	313
5858	2180	234
5860	3455	256
5860	3455	465
5861	2007	534
5863	1730	325
5864	2039	228
5864	2039	300
5871	1330	264
5874	1909	483
5877	2210	446
5883	3909	557
5884	2406	438
5886	3794	541
5886	3794	519
5887	2940	508
5889	3391	274
5889	3391	575
5901	3388	611
5906	1885	371
5910	2859	450
5911	2584	561
5912	3699	365
5912	3699	505
5915	1504	304
5917	1476	416
5921	1513	261
5922	1675	365
5924	2613	331
5924	2613	238
5925	3564	463
5925	3564	417
5926	2292	578
5927	2208	478
5929	2664	211
5934	2515	316
5934	2515	393
5940	1951	370
5941	1948	349
5942	3299	251
5943	2102	334
5944	1732	326
5948	2677	243
5948	2677	150
5948	2677	434
5949	3938	597
5952	2074	332
5953	3436	540
5954	1955	501
5955	1949	469
5958	1342	346
5960	3399	574
5963	2582	560
5965	1316	238
5967	2620	290
5973	2534	428
5974	2884	573
5979	2537	499
5981	2558	597
5982	1699	362
5982	1699	167
5988	4725	277
5988	4725	257
5988	4725	297
5989	884	206
5990	2107	514
5992	2104	541
5993	3639	462
5993	3639	435
5995	2741	337
5997	3282	373
6001	1465	335
6003	3123	507
6004	1871	509
6005	2928	337
6007	1554	510
6009	2890	498
6010	2396	559
6011	3041	281
6011	3041	450
6019	3092	494
6022	2945	441
6022	2945	513
6023	3342	550
6024	1668	181
6026	2588	442
6031	2499	505
6031	2499	385
6032	2219	320
6033	2011	517
6042	3145	156
6042	3145	156
6042	3145	496
6047	2213	483
6048	1813	339
6049	2408	544
6052	2927	551
6056	2473	525
6059	1922	494
6060	2555	661
6061	1886	246
6065	2933	485
6069	3876	726
6070	2172	507
6071	1932	315
6074	1950	453
6081	2251	482
6082	1730	494
6088	1733	306
6091	4408	278
6091	4408	482
6098	2315	466
6099	2864	414
6100	3213	444
6100	3213	365
6105	2817	344
6107	1948	336
6108	1741	426
6109	4473	382
6109	4473	485
6110	2203	318
6111	2366	277
6111	2366	196
6115	1334	277
6116	2150	507
6116	2150	168
6121	1772	319
6123	3042	450
6123	3042	442
6124	1982	449
6128	1875	323
6129	1445	310
6130	1744	323
6131	1205	280
6134	1812	352
6139	2219	448
6141	1757	222
6142	2383	369
6144	1814	181
6144	1814	345
6145	1708	258
6150	3644	338
6150	3644	243
6152	2148	435
6154	2111	337
6155	2103	436
6158	2013	300
6158	2013	282
6160	936	284
6161	2684	345
6161	2684	355
6162	2721	304
6162	2721	307
6163	2793	233
6163	2793	333
6164	1429	389
6164	1429	164
6170	2827	257
6170	2827	284
6175	1924	222
6175	1924	145
6177	2511	477
6178	924	200
6179	2213	261
6179	2213	238
6181	2853	521
6182	3098	690
6184	3195	324
6189	2028	491
6197	835	274
6199	3195	514
6201	2879	420
6203	2175	481
6209	3435	438
6210	2025	227
6213	3689	735
6215	1566	289
6219	1153	288
6221	2710	293
6221	2710	298
6223	4102	441
6223	4102	430
6225	2081	461
6230	2365	489
6231	1623	174
6231	1623	120
6235	2183	536
6243	3096	284
6243	3096	277
6245	2633	291
6245	2633	314
6249	2553	429
6252	1043	305
6255	1764	470
6258	1834	323
6259	1977	330
6259	1977	244
6260	3860	238
6264	2191	478
6266	2970	249
6266	2970	491
6268	2507	264
6268	2507	305
6273	1674	481
6274	2370	321
6275	1959	316
6277	1376	261
6281	2575	181
6281	2575	329
6283	1449	382
6284	2730	238
6284	2730	249
6286	1508	211
6290	2780	507
6293	2581	131
6293	2581	336
6294	1681	185
6297	2301	371
6298	2567	328
6298	2567	298
6300	1192	221
6302	2871	316
6302	2871	276
6305	1425	431
6307	1223	266
6308	1943	344
6309	1447	243
6315	2628	311
6315	2628	266
6318	2608	576
6324	2312	492
6328	2385	452
6329	2597	525
6331	1573	291
6332	2061	272
6335	1467	313
6337	2093	507
6339	1820	440
6341	2081	409
6342	2508	401
6346	2460	245
6346	2460	230
6347	3077	442
6349	3041	288
6349	3041	328
6352	2849	314
6352	2849	260
6355	2053	400
6356	2180	280
6356	2180	308
6360	2601	552
6362	2031	120
6362	2031	202
6368	2012	361
6371	1036	211
6372	1846	476
6374	1832	353
6379	2051	273
6379	2051	269
6384	1652	469
6386	3231	358
6386	3231	327
6391	1934	320
6392	2059	535
6393	1968	502
6397	1978	304
6398	2767	485
6399	2030	315
6400	2622	364
6403	1430	425
6405	1201	266
6409	1836	525
6413	1838	532
6418	2425	485
6419	1320	337
6420	2430	397
6420	2430	179
6422	1714	464
6425	2419	256
6425	2419	301
6427	2496	288
6428	4329	477
6428	4329	559
6431	1263	273
6432	1767	504
6433	1165	200
6435	1466	232
6442	2344	232
6442	2344	285
6445	2158	305
6447	2247	424
6448	2064	375
6450	2276	406
6451	1443	237
6452	2808	730
6457	2346	382
6457	2346	294
6458	1772	311
6462	1554	353
6463	2145	185
6465	2346	304
6467	2468	489
6468	2435	485
6469	3025	503
6472	2190	507
6473	1487	238
6476	2967	486
6479	1922	693
6480	1373	278
6482	2655	620
6485	1823	200
6485	1823	324
6486	3033	281
6486	3033	493
6487	1073	304
6488	1555	327
6490	1711	200
6491	1569	431
6494	1942	566
6496	992	242
6497	3701	460
6497	3701	379
6498	3660	598
6502	1530	333
6505	2771	402
6507	1839	319
6509	1674	310
6517	2292	301
6520	2297	508
6520	2297	173
6521	1960	434
6522	1454	330
6524	3914	433
6524	3914	488
6526	2493	393
6528	2016	311
6529	2646	128
6529	2646	330
6530	1356	316
6532	664	282
6533	2314	504
6534	2728	572
6535	1483	400
6537	2363	338
6537	2363	250
6538	1635	238
6539	2198	257
6539	2198	299
6540	4514	336
6540	4514	476
6542	1545	372
6546	2172	328
6547	2285	405
6549	1938	196
6549	1938	282
6550	2115	433
6555	1308	295
6562	2997	240
6562	2997	91
6562	2997	368
6564	1264	389
6566	1910	303
6567	1888	238
6568	1538	310
6574	2414	268
6574	2414	249
6580	2783	486
6582	2949	497
6582	2949	176
6583	4195	739
6584	2004	279
6590	1070	255
6591	4586	527
6591	4586	533
6595	2492	328
6597	2060	166
6597	2060	283
6599	2283	280
6601	1942	215
6603	1535	316
6604	1751	504
6614	2986	310
6614	2986	534
6615	2591	309
6615	2591	196
6619	2154	393
6620	2053	489
6623	3851	545
6625	2810	287
6625	2810	328
6627	1026	266
6628	1577	233
6631	1959	334
6633	1074	269
6634	2537	331
6634	2537	321
6636	1927	312
6637	2033	393
6639	1903	302
6641	1312	295
6646	1344	297
6653	1121	292
6655	1303	259
6656	1026	281
6658	1390	322
6663	1990	259
6666	1922	390
6666	1922	154
6670	3593	444
6670	3593	418
6672	1435	305
6673	1245	272
6674	1571	261
6676	1912	328
6682	1747	211
6686	1593	291
6688	2190	366
6689	1641	381
6690	1456	251
6694	1399	317
6695	2221	502
6700	1687	361
6702	929	211
6706	2555	446
6706	2555	368
6709	3107	472
6711	1584	294
6712	990	275
6717	2176	516
6718	938	233
6723	1334	267
6724	1988	222
6724	1988	200
6725	1597	291
6726	1755	412
6730	1864	319
6734	3812	412
6734	3812	507
6737	1082	255
6739	1799	528
6742	2489	304
6745	2265	390
6746	1244	237
6751	822	292
6753	3441	421
6754	2288	480
6755	1459	357
6757	1072	259
6758	1886	299
6758	1886	131
6761	1471	298
6767	1841	185
6770	1941	429
6771	1019	388
6775	2847	474
6780	1332	262
6782	1476	284
6784	1478	304
6786	2473	338
6786	2473	407
6788	1584	215
6792	1862	272
6793	2136	320
6795	2024	478
6798	2011	185
6798	2011	249
6799	890	317
6800	1214	453
6808	2797	337
6808	2797	497
6812	2279	422
6815	2021	354
6820	1292	281
6824	1982	514
6827	2728	552
6829	1124	248
6834	1587	292
6837	1374	267
6843	1937	285
6846	3360	445
6846	3360	163
6850	1799	200
6850	1799	338
6852	1672	433
6853	1574	349
6855	1849	297
6856	2409	447
6857	1824	456
6858	1685	540
6860	1325	206
6864	1677	460
6868	1972	432
6869	1267	317
6871	2382	469
6874	1949	325
6877	3616	495
6878	1210	200
6879	1620	239
6879	1620	269
6880	2751	432
6882	1447	259
6887	2337	515
6888	1910	513
6889	1728	339
6890	2850	408
6890	2850	176
6890	2850	204
6894	1335	258
6895	1889	433
6896	1009	300
6897	1641	487
6900	1584	295
6901	1805	480
6904	2175	468
6906	1784	466
6908	1440	327
6909	2583	478
6910	2028	420
6916	2026	179
6916	2026	295
6919	1759	254
6927	1357	222
6928	1915	289
6929	1143	318
6930	1931	426
6932	3372	470
6932	3372	159
6938	2824	386
6940	1535	451
6943	1511	211
6945	1682	318
6946	1302	185
6948	2782	400
6953	2015	426
6955	3551	564
6955	3551	224
6956	1224	185
6959	1954	524
6960	2427	528
6961	2660	373
6967	1853	185
6970	2329	545
6973	2187	270
6973	2187	218
6974	2222	362
6976	2060	477
6979	2131	313
6979	2131	330
6982	2468	490
6991	2383	455
6993	2864	537
6993	2864	460
6995	2168	453
6996	3055	636
6997	3167	678
7000	1387	200
7002	2072	277
7004	2563	503
7005	3579	324
7006	2412	461
7006	2412	438
7011	3697	560
7014	1663	347
7015	1461	461
7016	4184	652
7017	2189	496
7019	1641	281
7021	1806	485
7022	2616	482
7026	2985	440
7028	1796	344
7032	1978	521
7036	1165	312
7037	2068	390
7038	1314	410
7040	2829	499
7040	2829	492
7042	3070	751
7044	1477	366
7047	3076	273
7047	3076	513
7049	1545	272
7052	2170	534
7053	2420	448
7054	3802	523
7054	3802	455
7055	1997	362
7057	1770	185
7058	2538	471
7059	3534	408
7059	3534	487
7060	1921	506
7061	2534	507
7063	2460	388
7065	2841	574
7067	2499	353
7068	2779	492
7070	670	202
7071	1458	308
7072	1811	442
7073	3370	222
7074	2218	359
7075	2315	305
7076	2378	310
7078	1602	278
7080	3967	490
7080	3967	539
7085	3198	138
7085	3198	138
7086	1774	301
7087	1585	260
7092	3483	448
7092	3483	398
7094	3101	229
7094	3101	442
7096	1907	319
7098	854	324
7099	2995	394
7099	2995	491
7106	2660	520
7108	3499	185
7109	3308	324
7114	1765	244
7116	1660	319
7120	1432	424
7121	2529	473
7126	3198	293
7126	3198	547
7127	2806	355
7127	2806	217
7130	1855	352
7131	1519	393
7132	3131	302
7137	2285	211
7139	1699	302
7140	2054	327
7145	2660	323
7145	2660	282
7147	1353	329
7148	2027	321
7152	2369	675
7153	2061	321
7154	2212	302
7155	1096	249
7156	2655	580
7157	2411	418
7160	1573	321
7164	2381	248
7170	1366	284
7171	2174	447
7173	1583	200
7175	3320	243
7177	1677	319
7180	1996	479
7183	3996	464
7185	1591	243
7185	1591	235
7188	1977	261
7190	1845	490
7192	3421	227
7193	2663	466
7195	2163	505
7200	4174	479
7200	4174	542
7201	2199	430
7205	2463	304
7210	2204	319
7212	1766	214
7212	1766	159
7216	2552	383
7218	3104	481
7220	2270	441
7220	2270	157
7223	2971	368
7223	2971	204
7224	2776	487
7228	2728	454
7228	2728	336
7229	2264	535
7233	1696	267
7236	3095	356
7236	3095	368
7237	2553	442
7239	1882	300
7243	2899	498
7247	2510	270
7247	2510	344
7248	1676	309
7249	3651	229
7249	3651	461
7250	2968	452
7253	1883	326
7257	1865	442
7260	3765	515
7260	3765	524
7263	1566	257
7264	2686	176
7264	2686	155
7268	2307	255
7270	2740	412
7271	4176	206
7271	4176	277
7271	4176	363
7274	1640	321
7276	3857	510
7276	3857	535
7280	1879	227
7282	3761	309
7283	1648	365
7284	3766	475
7284	3766	507
7285	2263	526
7291	1641	262
7299	2795	562
7302	2543	236
7305	3874	431
7305	3874	264
7306	2462	292
7308	3622	712
7309	2081	435
7313	1738	530
7315	2853	406
7315	2853	542
7320	1923	327
7322	1452	328
7325	1525	283
7330	2373	227
7332	2387	319
7339	2141	481
7341	2249	282
7344	2435	551
7345	2791	510
7346	3097	637
7347	2114	296
7348	2034	371
7349	1774	496
7350	2658	561
7352	2113	316
7353	3734	502
7353	3734	422
7354	2435	471
7355	2837	416
7355	2837	382
7358	2311	269
7360	1468	200
7361	3564	582
7362	2220	512
7365	2592	273
7366	1709	323
7366	1709	230
7369	3643	286
7369	3643	498
7372	3162	426
7372	3162	317
7374	2888	420
7384	1947	334
7387	1310	390
7390	3843	745
7392	2548	328
7392	2548	312
7396	2763	309
7403	3266	483
7404	2174	523
7405	3045	442
7410	1729	260
7413	2154	285
7413	2154	369
7418	1578	315
7420	2161	331
7424	1448	299
7425	2377	606
7435	2145	393
7436	2387	408
7443	2345	264
7443	2345	383
7444	2533	448
7446	1594	211
7447	2413	503
7454	2266	185
7458	4151	457
7458	4151	469
7459	2878	529
7460	2649	502
7461	3512	664
7463	2337	462
7467	3931	336
7474	1423	271
7476	2724	437
7477	3586	453
7477	3586	477
7480	2236	707
7485	2852	446
7487	1549	251
7499	2476	351
7500	2447	492
7501	811	266
7503	1543	200
7504	1959	525
7506	1547	327
7511	2247	304
7511	2247	325
7512	2745	272
7514	2170	438
7515	1664	185
7518	1685	399
7519	2210	277
7520	2417	354
7520	2417	279
7525	2451	404
7528	2292	257
7531	1484	288
7536	2912	506
7544	2602	510
7547	1337	293
7555	2645	526
7557	2947	516
7560	802	344
7561	3854	459
7562	2156	318
7563	1731	500
7565	2042	342
7566	2017	266
7580	2253	372
7581	3144	584
7582	2258	500
7591	2104	342
7591	2104	302
7592	1179	260
7593	2673	478
7595	3640	446
7596	2262	216
7596	2262	135
7596	2262	286
7604	1339	317
7614	2786	297
7620	1586	323
7621	3448	508
7624	3116	571
7624	3116	279
7625	3123	339
7626	1811	396
7630	2493	181
7630	2493	194
7631	3016	508
7632	2475	492
7635	2040	294
7635	2040	260
7637	2817	419
7638	1438	284
7639	3716	324
7639	3716	553
7642	2600	531
7645	1820	277
7647	1599	249
7649	3466	350
7652	2175	474
7656	2464	324
7656	2464	307
7658	834	293
7660	1493	401
7662	1992	369
7663	1641	291
7665	1924	358
7666	3656	466
7667	2121	441
7669	2774	456
7676	1957	371
7676	1957	249
7678	3025	303
7680	1580	277
7682	3311	604
7684	1731	454
7685	2635	185
7686	1122	296
7687	2981	644
7689	1476	310
7691	2201	331
7693	2163	291
7697	2175	476
7698	1722	429
7700	2536	508
7702	1220	501
7703	1374	320
7707	2503	277
7707	2503	240
7710	1742	340
7711	1656	298
7714	917	259
7722	934	251
7727	4001	418
7727	4001	460
7731	3120	615
7733	2198	310
7733	2198	262
7735	2430	523
7743	2381	571
7747	2195	255
7747	2195	380
7754	2177	394
7755	2019	476
7758	3710	524
7758	3710	438
7761	1591	388
7764	1751	227
7765	2194	392
7766	1748	346
7768	1842	265
7769	2260	252
7770	2266	433
7771	2433	277
7771	2433	306
7772	2051	309
7774	3234	513
7775	2749	226
7777	2415	329
7777	2415	173
7778	1992	349
7779	1927	428
7781	2976	512
7782	2506	543
7783	1513	453
7785	2167	187
7791	1878	316
7795	2349	548
7796	3748	572
7798	2424	483
7799	2127	509
7808	1173	335
7812	2052	564
7813	3732	363
7815	2658	476
7817	3057	582
7819	1014	206
7820	2148	322
7830	2996	489
7830	2996	394
7832	2028	538
7838	1927	415
7839	1865	243
7846	1810	451
7851	3102	561
7854	3452	638
7855	2447	484
7856	1471	250
7857	2040	332
7860	2386	323
7861	1931	354
7864	2310	357
7864	2310	255
7865	3635	529
7865	3635	352
7866	1764	242
7866	1764	243
7872	1561	328
7873	2360	499
7874	3649	637
7876	1875	350
7877	1721	357
7878	1479	389
7880	2451	482
7883	1806	232
7883	1806	377
7885	1642	276
7887	1549	310
7890	3860	462
7890	3860	477
7892	2130	236
7892	2130	273
7893	2266	469
7894	3021	325
7894	3021	547
7895	2787	234
7898	1280	250
7901	2415	369
7903	2813	333
7903	2813	335
7904	2777	567
7905	1769	355
7907	1943	200
7909	2715	229
7910	3736	534
7911	2595	462
7912	2084	524
7913	1332	261
7916	2603	507
7919	2032	332
7920	4067	411
7924	1683	548
7925	1442	354
7927	1670	255
7928	1753	518
7929	4155	355
7929	4155	574
7931	2737	169
7934	4190	606
7935	2638	545
7936	2337	293
7936	2337	281
7938	2304	357
7939	3475	545
7941	2369	378
7942	1510	226
7943	3744	287
7943	3744	429
7945	3067	456
7948	1707	374
7951	1907	228
7951	1907	349
7953	2903	505
7958	2835	550
7960	1670	513
7961	1891	326
7968	1897	361
7969	2038	417
7970	1869	325
7973	2099	429
7976	1798	406
7978	1223	232
7988	1545	300
7994	2351	427
7996	1437	314
7997	1714	449
8000	2544	415
8006	1620	310
8007	1901	380
8008	2744	185
8013	3208	565
8014	1695	404
8025	1333	379
8028	1527	444
8029	1894	410
8032	1883	499
8034	1186	239
8037	3254	408
8037	3254	424
8043	1930	331
8045	1623	276
8048	1958	469
8049	1531	349
8050	2106	266
8051	1685	456
8052	1541	263
8054	2148	240
8054	2148	239
8057	1921	322
8058	2398	600
8059	1548	292
8061	1490	185
8064	2149	499
8066	2002	480
8067	3174	417
8067	3174	461
8068	2094	353
8069	2078	245
8069	2078	216
8071	2207	398
8072	2453	750
8073	1644	326
8073	1644	208
8075	3218	507
8075	3218	493
8083	1257	260
8084	2074	430
8085	821	285
8088	2485	635
8089	2115	468
8094	1739	277
8095	1908	289
8095	1908	275
8096	1753	292
8097	1514	286
8100	2257	259
8101	1685	250
8102	2241	439
8103	1681	275
8103	1681	214
8104	1783	236
8104	1783	281
8105	1055	235
8107	1599	296
8108	2010	117
8108	2010	27
8108	2010	201
8110	2616	233
8110	2616	311
8111	1226	288
8112	1973	375
8113	1307	329
8114	1791	358
8120	1513	338
8121	1928	321
8124	1128	238
8125	2233	340
8127	2151	225
8127	2151	289
8128	1942	526
8136	1442	405
8143	1418	215
8148	1052	304
8151	1274	337
8154	648	185
8157	1848	331
8158	1289	265
8162	1698	234
8168	1333	314
8171	2240	420
8174	1568	349
8180	903	237
8184	798	326
8185	3036	490
8185	3036	409
8187	1157	227
8191	857	254
8195	1001	279
8199	1888	327
8203	1902	589
8205	1556	232
8205	1556	241
8206	2349	384
8207	1673	520
8208	2081	239
8209	2394	244
8209	2394	49
8209	2394	262
8210	2648	343
8221	928	255
8222	1319	274
8229	786	200
8232	1372	280
8234	1874	296
8236	1384	185
8238	1958	488
8241	1803	310
8243	790	222
8244	1092	289
8245	2585	295
8245	2585	190
8250	1763	338
8251	1905	262
8251	1905	239
8252	2126	173
8252	2126	130
8252	2126	193
8254	1120	244
8256	3453	542
8259	2245	211
8259	2245	47
8259	2245	278
8260	1607	284
8261	1449	325
8264	1004	263
8266	2054	316
8267	2057	273
8268	1345	243
8273	1380	184
8273	1380	229
8274	3703	200
8274	3703	283
8278	2411	565
8279	2935	492
8281	1726	261
8281	1726	120
8284	3808	200
8289	2671	261
8289	2671	278
8289	2671	24
8297	1278	185
8299	2421	387
8300	2372	363
8302	1252	211
8305	3036	495
8307	522	185
8309	2241	291
8309	2241	260
8312	2031	328
8313	1062	227
8314	1404	361
8317	1196	237
8319	1906	234
8319	1906	251
8323	2549	501
8327	1554	236
8327	1554	169
8329	2565	488
8331	1995	198
8331	1995	225
8335	2236	272
8335	2236	260
8336	1362	332
8338	2605	418
8338	2605	484
8339	935	185
8342	2174	276
8346	1304	215
8347	2164	306
8348	1090	200
8349	1574	323
8351	1358	423
8356	3160	391
8356	3160	472
8358	1375	280
8359	1585	303
8361	3453	468
8361	3453	414
8363	1860	241
8363	1860	189
8364	1578	272
8364	1578	235
8366	1762	487
8368	2406	332
8369	2169	314
8369	2169	279
8372	1622	543
8374	2536	377
8378	1545	395
8384	2093	519
8385	1698	618
8387	1114	200
8391	3490	607
8395	1610	478
8397	3583	484
8397	3583	456
8398	2319	251
8398	2319	491
8399	1497	222
8401	3356	393
8401	3356	455
8403	2941	502
8404	1870	451
8405	2689	288
8405	2689	322
8415	1016	185
8416	1543	471
8417	2151	617
8421	2200	412
8422	2471	413
8424	2161	483
8426	1467	211
8427	3757	531
8427	3757	175
8427	3757	192
8431	1866	460
8433	1978	497
8438	599	185
8440	1377	464
8441	2315	459
8442	1745	385
8446	2106	391
8448	1231	419
8450	2413	362
8452	2132	442
8455	2454	357
8457	1459	364
8460	1646	451
8461	1603	396
8462	2599	517
8462	2599	202
8463	2379	200
8465	1347	476
8467	1728	297
8468	2813	523
8470	2667	295
8471	1591	430
8472	1948	206
8474	1435	407
8475	1429	404
8476	3414	583
8477	2139	518
8480	1729	410
8482	3497	485
8484	2856	342
8484	2856	384
8486	2568	716
8489	1852	505
8490	907	200
8491	3215	715
8494	1977	387
8497	2183	273
8498	2516	756
8501	1976	453
8504	3081	545
8505	2597	479
8508	2379	222
8509	3083	255
8509	3083	506
8510	2704	366
8510	2704	418
8513	1873	382
8514	2239	476
8515	3492	442
8515	3492	384
8518	1405	372
8519	1886	479
8520	1376	353
8522	1707	273
8527	2752	548
8530	2544	456
8535	1904	422
8536	1161	250
8537	1680	439
8538	3440	518
8541	2866	507
8542	1624	397
8546	1876	200
8548	1755	425
8549	1788	492
8550	1900	529
8552	3650	672
8555	3709	782
8556	2978	497
8557	1439	464
8558	1625	185
8560	2411	423
8563	1729	332
8565	3645	560
8567	2897	810
8571	1394	227
8574	1010	185
8575	1819	242
8576	1849	313
8578	1097	357
8588	2055	262
8590	2922	330
8590	2922	300
8593	2364	468
8597	2344	484
8601	2519	319
8602	1610	238
8604	1905	508
8607	2618	316
8607	2618	305
8609	2004	298
8610	1866	290
8615	1915	203
8615	1915	441
8616	2575	400
8616	2575	425
8617	3948	411
8617	3948	515
8618	2744	370
8619	2124	511
8620	2199	349
8624	1454	432
8625	2042	358
8629	2020	488
8630	2511	493
8632	1357	436
8634	2070	308
8635	2333	350
8636	3768	572
8636	3768	268
8638	1524	325
8639	2350	380
8640	1579	324
8641	1797	488
8644	1605	447
8645	1920	259
8645	1920	301
8649	3084	200
8650	2501	278
8651	2607	483
8653	1580	222
8662	1343	267
8665	1023	359
8666	3087	185
8669	1485	408
8670	3156	517
8676	2276	237
8676	2276	284
8679	2692	316
8680	1469	319
8681	1842	309
8683	2267	254
8684	2180	333
8687	2630	340
8687	2630	299
8688	3192	559
8694	2732	317
8694	2732	398
8695	3045	508
8695	3045	489
8700	1389	336
8701	1735	278
8702	2093	504
8705	2642	230
8706	2493	451
8706	2493	250
8708	4039	543
8708	4039	449
8710	2091	486
8711	2724	489
8712	1753	284
8715	2078	293
8720	2044	349
8720	2044	283
8722	2298	300
8727	3650	535
8730	2363	532
8731	2494	185
8731	2494	354
8732	2463	256
8734	3849	178
8734	3849	402
8735	4088	299
8735	4088	260
8737	2222	490
8741	2225	259
8741	2225	311
8742	1471	250
8743	1937	194
8743	1937	341
8744	759	265
8746	2173	538
8748	2326	244
8754	1715	499
8756	3530	311
8756	3530	379
8757	3343	482
8757	3343	380
8760	1985	369
8761	1515	277
8763	2109	256
8763	2109	284
8766	2462	412
8768	1525	323
8769	2668	364
8769	2668	327
8770	2415	317
8770	2415	312
8774	3830	475
8774	3830	377
8775	2998	296
8776	2483	308
8776	2483	224
8778	1924	412
8780	1964	286
8781	1553	307
8782	2287	292
8782	2287	261
8787	1977	490
8788	2574	346
8788	2574	253
8789	2072	238
8791	2755	364
8791	2755	313
8792	2637	333
8793	1760	211
8797	1891	310
8800	2276	314
8800	2276	329
8801	3053	523
8802	1793	489
8803	2274	407
8804	2296	371
8805	1685	357
8806	3269	348
8808	1198	184
8809	2633	546
8812	1451	259
8813	2179	290
8813	2179	283
8814	1570	363
8817	2653	506
8818	2001	268
8818	2001	240
8824	1463	285
8828	3745	274
8829	2223	492
8831	2982	132
8831	2982	288
8833	1872	173
8833	1872	119
8834	1009	261
8839	2188	389
8840	2278	600
8841	2691	388
8845	2780	497
8848	3897	516
8849	2344	255
8852	2374	469
8853	1964	238
8856	2060	427
8857	1275	290
8858	1876	315
8861	1791	321
8865	2256	258
8865	2256	299
8869	2890	518
8872	3042	452
8873	1849	180
8873	1849	246
8874	1371	349
8875	1509	342
8876	4193	418
8876	4193	535
8878	3126	596
8880	1939	483
8881	2147	259
8881	2147	281
8882	3206	291
8882	3206	341
8884	3192	165
8884	3192	505
8885	1763	211
8886	3775	497
8886	3775	444
8890	2522	311
8894	2316	348
8897	2290	348
8898	2677	542
8899	1030	200
8900	1978	290
8901	2574	318
8902	1598	323
8905	3146	536
8907	3841	250
8907	3841	418
8908	3895	444
8910	2446	309
8910	2446	324
8911	2419	298
8915	3913	499
8917	1832	250
8919	3177	222
8919	3177	334
8921	2308	500
8924	2083	337
8925	2826	336
8925	2826	200
8929	3934	538
8932	2658	261
8933	1064	274
8934	1808	462
8935	2806	270
8953	2003	457
8954	884	185
8955	3353	535
8955	3353	399
8956	3580	509
8956	3580	431
8958	2170	354
8964	2520	273
8964	2520	302
8965	1831	378
8968	2710	462
8969	2826	609
8970	3509	472
8970	3509	501
8973	1629	200
8975	2938	519
8975	2938	241
8977	1627	175
8977	1627	158
8978	2237	542
8984	2549	283
8984	2549	266
8985	2497	277
8985	2497	202
8986	2694	535
8987	967	227
8988	2085	174
8988	2085	323
8992	1538	290
8993	2977	342
8993	2977	346
8994	3307	530
8995	1473	325
8997	2490	511
9000	2543	517
9005	2233	495
9007	1958	465
9008	3074	440
9009	2206	543
9010	1704	254
9011	3508	487
9011	3508	507
9012	2311	266
9012	2311	301
9016	3628	442
9016	3628	415
9018	4233	479
9018	4233	473
9021	2956	116
9021	2956	540
9021	2956	168
9022	1311	293
9024	2590	511
9026	3211	493
9028	1346	481
9030	2690	464
9031	4532	467
9031	4532	518
9032	3459	209
9032	3459	534
9034	1668	350
9037	2814	260
9037	2814	276
9038	2684	495
9039	1452	244
9040	2300	342
9041	3623	487
9041	3623	325
9044	2471	238
9046	1783	207
9046	1783	216
9048	2617	516
9049	2523	464
9051	3262	483
9054	2040	291
9056	1628	454
9059	2429	504
9060	3458	475
9063	3303	554
9064	3824	488
9064	3824	486
9065	2862	492
9069	2061	166
9069	2061	255
9071	4375	400
9071	4375	537
9072	3477	538
9075	1743	246
9075	1743	260
9077	4259	535
9081	2974	388
9081	2974	255
9084	1535	315
9085	1704	272
9086	2285	528
9089	2388	449
9093	2415	333
9100	2700	294
9100	2700	195
9103	1636	291
9107	2608	465
9109	1496	280
9115	2176	493
9117	2223	281
9117	2223	238
9118	1445	234
9119	1973	215
9121	2880	515
9123	1667	320
9123	1667	188
9124	2511	464
9125	4077	592
9126	3147	443
9126	3147	513
9127	2821	281
9127	2821	256
9129	4075	484
9129	4075	477
9130	1343	359
9131	1133	211
9132	2083	335
9132	2083	290
9133	3320	299
9134	2004	185
9137	1529	266
9139	4475	583
9145	1605	430
9146	2091	490
9147	1339	302
9148	1027	493
9150	2831	263
9151	3803	268
9151	3803	548
9152	2070	302
9153	2281	393
9154	2099	300
9156	1925	207
9156	1925	191
9157	1375	222
9163	3343	485
9169	2526	287
9175	1286	341
9176	2516	373
9180	2922	466
9180	2922	334
9189	3562	264
9189	3562	490
9191	2785	503
9193	2544	336
9194	2576	485
9195	2806	199
9195	2806	290
9196	3431	427
9199	2639	238
9200	2000	293
9201	1786	311
9201	1786	295
9207	1301	244
9209	1794	351
9211	2218	182
9212	3890	492
9212	3890	426
9218	1894	392
9221	2628	613
9222	2971	537
9224	2033	443
9228	1873	278
9229	1683	360
9231	3567	303
9233	2164	391
9234	2432	492
9235	2239	367
9238	1968	486
9243	3128	215
9243	3128	465
9244	2546	464
9246	991	227
9250	1870	462
9251	3080	369
9257	4307	488
9260	2054	335
9262	1350	261
9263	2152	470
9267	1198	319
9269	1731	329
9270	1950	341
9272	1777	297
9274	1411	244
9275	2851	432
9278	2449	546
9280	1931	355
9282	2289	540
9286	1784	146
9286	1784	219
9291	1757	266
9292	1577	200
9294	1877	491
9296	1794	313
9298	2877	375
9299	2182	384
9301	3889	179
9301	3889	333
9303	2540	313
9306	1500	312
9307	4021	375
9308	3492	211
9310	3295	271
9317	3522	398
9321	1946	248
9321	1946	206
9323	1173	268
9325	1939	369
9333	962	261
9334	3225	551
9335	1254	310
9336	4357	594
9336	4357	385
9339	1215	222
9340	1143	185
9341	2045	532
9345	1337	171
9347	2445	266
9347	2445	274
9350	981	227
9356	2136	445
9362	2547	565
9363	3682	480
9363	3682	391
9364	1690	450
9366	1418	286
9367	1413	311
9369	3335	283
9372	2686	185
9373	2631	346
9378	2278	200
9378	2278	185
9381	1514	334
9386	1993	281
9389	1311	282
9392	2385	251
9397	1518	355
9405	4376	428
9405	4376	434
9406	1945	473
9409	2863	514
9409	2863	185
9411	3933	513
9411	3933	362
9416	1059	227
9417	1549	462
9419	2049	395
9420	1891	298
9423	2244	201
9423	2244	260
9424	2199	513
9426	3204	546
9428	2864	340
9430	3463	516
9432	1269	185
9433	1956	243
9434	1819	479
9435	1497	270
9439	2154	244
9441	1893	292
9442	1688	267
9447	2334	275
9447	2334	288
9449	1869	302
9452	2488	262
9452	2488	313
9453	1992	395
9457	2125	271
9458	3506	533
9458	3506	339
9459	1742	240
9460	1893	263
9463	3950	316
9463	3950	311
9474	1795	370
9475	3958	238
9478	2714	389
9478	2714	168
9481	1580	227
9482	1058	262
9485	2033	485
9490	2765	475
9491	2725	587
9492	1187	244
9493	1462	334
9495	1277	279
9500	1779	260
9502	2988	335
9502	2988	532
9508	3414	564
9508	3414	360
9509	2299	455
9511	2906	429
9512	2261	387
9517	2249	354
9525	1147	272
9538	1986	159
9538	1986	200
9539	1371	278
9540	2260	312
9540	2260	308
9542	2439	552
9544	1639	378
9548	2577	510
9549	2532	302
9550	1390	303
9558	1040	277
9560	2567	443
9561	3948	336
9562	1172	287
9564	846	232
9565	2079	266
9565	2079	305
9566	1516	215
9567	2894	462
9568	1212	272
9571	1574	268
9571	1574	272
9578	3314	200
9578	3314	185
9578	3314	211
9579	3209	486
9580	1856	358
9581	2503	497
9585	2373	275
9586	2273	378
9598	1992	570
9599	2516	502
9604	3709	537
9609	2841	287
9610	3030	477
9610	3030	512
9611	1878	469
9613	1461	261
9614	1650	237
9616	2028	298
9616	2028	241
9617	2111	385
9618	2408	454
9619	3046	465
9620	2885	262
9625	4054	323
9625	4054	490
9630	1880	466
9631	3373	400
9635	1811	488
9636	1788	486
9638	2049	508
9641	1492	244
9644	1668	430
9645	2176	260
9646	2169	539
9647	1842	242
9648	1545	520
9650	2062	344
9653	4153	523
9654	2088	295
9655	1954	323
9657	2925	133
9657	2925	547
9658	3615	447
9658	3615	460
9659	2333	318
9659	2333	299
9660	2924	222
9663	1232	341
9664	1920	391
9665	3641	372
9667	2101	319
9670	2724	497
9677	2455	483
9683	2063	418
9684	2492	405
9685	1354	384
9686	2561	357
9686	2561	337
9688	2790	378
9691	2194	501
9696	1105	211
9697	1702	280
9700	1453	424
9707	1978	178
9707	1978	314
9710	2413	330
9710	2413	265
9713	2447	359
9714	1127	279
9715	1288	287
9716	4020	263
9717	1899	311
9720	2472	380
9722	2216	301
9723	1673	337
9724	2059	333
9726	2271	251
9726	2271	331
9730	2040	521
9739	1985	456
9740	1757	216
9740	1757	244
9744	1603	247
9744	1603	331
9745	2128	233
9745	2128	342
9747	1795	287
9748	1405	283
9750	2062	443
9751	1817	331
9753	2070	200
9759	1996	324
9766	1221	304
9772	2156	381
9773	2077	291
9773	2077	126
9777	1733	282
9779	4275	505
9785	1906	263
9785	1906	116
9786	3151	280
9786	3151	303
9789	1344	251
9792	1516	266
9793	1738	281
9793	1738	258
9796	1076	250
9799	1923	251
9804	1024	394
9805	2627	335
9805	2627	334
9806	1904	421
9813	2540	304
9816	2155	313
9819	2328	283
9820	1840	317
9826	1684	279
9829	1432	465
9830	1892	396
9835	1882	200
9837	2228	188
9837	2228	168
9838	1738	281
9843	1277	185
9844	1567	266
9847	1375	215
9854	2087	324
9856	1502	299
9859	4446	267
9859	4446	300
9863	978	266
9875	1813	358
9876	1121	292
9877	2197	318
9878	1911	250
9882	1090	268
9890	2895	296
9890	2895	238
9893	6041	573
9893	6041	578
9894	3786	572
9895	2478	518
9896	2774	523
9897	5633	451
9897	5633	313
9899	3664	503
9899	3664	461
9901	2095	460
9902	4940	316
9902	4940	729
9905	6900	865
9906	2818	657
9907	2918	551
9908	4179	398
9908	4179	334
9911	3293	349
9911	3293	380
9913	1692	333
9925	2132	440
9926	2153	350
9936	2896	464
9938	2328	238
9939	2845	533
9941	2264	435
9945	6215	713
9946	2129	506
9948	4723	892
9949	3791	424
9952	3483	459
9961	3365	405
9964	3544	574
9966	1526	468
9967	5405	662
9969	2910	728
9970	5010	492
9970	5010	254
9970	5010	290
9971	4507	804
9972	3381	497
9973	989	248
9974	3972	257
9974	3972	673
9977	2481	609
9978	3861	464
9978	3861	491
9981	3572	533
9981	3572	429
9983	6054	361
9985	2047	357
9985	2047	247
9988	3414	512
9989	2678	277
9991	2680	355
9991	2680	268
9993	3746	610
9996	3945	536
9996	3945	373
9998	4121	558
9998	4121	529
9999	3466	604
10001	4772	807
10003	3474	525
10003	3474	504
10004	2132	528
10005	2708	146
10005	2708	140
10005	2708	271
10007	2078	552
10008	1787	360
10011	4675	561
10011	4675	260
10013	3264	368
10015	1701	422
10017	2012	485
10019	3554	565
10020	2956	499
10023	2887	563
10024	3415	540
10034	2235	581
10036	2976	522
10037	3216	390
10037	3216	364
10046	1835	286
10047	3841	354
10050	4195	505
10056	6324	587
10056	6324	595
10059	3014	525
10060	1656	316
10061	2935	495
10062	2086	361
10066	8389	200
10066	8389	331
10066	8389	542
10066	8389	332
10069	2360	551
10080	2392	301
10080	2392	405
10083	2380	520
10084	3685	408
10086	2008	389
10088	2274	290
10088	2274	248
10092	2599	570
10096	2078	521
10097	2014	333
10105	3623	337
10105	3623	221
10110	2741	606
10115	1933	236
10115	1933	109
10118	2571	523
10122	2201	274
10122	2201	329
10125	3634	446
10125	3634	539
10128	4183	211
10129	3078	711
10130	2863	269
10132	5250	409
10132	5250	520
10134	1488	312
10135	2359	280
10135	2359	370
10136	2139	289
10138	4490	584
10138	4490	259
10139	4372	524
10139	4372	567
10140	3020	582
10144	3198	564
10145	4513	820
10146	2535	563
10153	4096	582
10158	3926	402
10158	3926	275
10158	3926	273
10159	3343	340
10159	3343	284
10164	2518	566
10167	2673	405
10168	1621	250
10168	1621	193
10171	5652	590
10173	3965	297
10174	4965	518
10174	4965	146
10176	4570	519
10176	4570	415
10177	3274	607
10178	2160	335
10178	2160	320
10182	3901	407
10185	4306	569
10186	1908	304
10187	3092	524
10190	1859	152
10190	1859	199
10191	1455	242
10198	1951	304
10200	3125	249
10200	3125	231
10205	1781	326
10206	1895	527
10208	3231	493
10209	3502	623
10211	2590	591
10214	1762	454
10216	2064	358
10217	1227	227
10221	3440	520
10221	3440	159
10225	1706	251
10226	2548	374
10230	1771	339
10234	2993	591
10246	4053	269
10246	4053	270
10246	4053	275
10249	1774	362
10251	4065	554
10252	1673	452
10253	1276	504
10254	3762	635
10258	3465	587
10260	3896	452
10263	3390	476
10264	1463	139
10265	2475	335
10267	2317	611
10269	3069	478
10272	3280	465
10277	1453	314
10279	2296	459
10280	2776	521
10283	4109	502
10283	4109	497
10285	3792	488
10287	1295	261
10289	4419	853
10290	4691	251
10292	3023	287
10292	3023	329
10293	1481	211
10294	2472	568
10295	2272	552
10296	2084	356
10297	1868	502
10302	2183	565
10304	2008	499
10311	1527	314
10314	2627	298
10316	1617	222
10317	2209	349
10318	4884	701
10320	1775	453
10323	2193	227
10324	2120	586
10326	905	272
10334	1877	342
10339	2350	550
10340	2147	276
10341	2638	516
10342	4280	902
10345	4264	557
10348	3530	347
10351	2309	356
10352	2255	445
10353	4072	253
10359	7088	466
10359	7088	368
10366	3449	598
10370	3923	610
10371	3246	557
10376	2008	329
10377	2810	306
10378	2639	560
10379	2719	521
10381	1338	255
10386	2015	342
10389	2716	368
10390	1970	518
10392	2271	361
10394	1984	283
10394	1984	183
10398	2373	185
10400	3179	584
10402	1581	323
10405	1367	398
10411	1888	355
10413	2638	535
10417	4166	609
10418	4329	600
10420	4564	501
10421	1105	323
10423	3643	586
10425	2412	381
10427	2924	585
10430	1932	364
10432	3034	311
10434	2116	508
10436	2561	333
10437	3764	582
10442	2490	313
10444	2599	463
10445	1154	371
10449	2372	570
10451	1938	259
10453	2160	316
10454	3084	333
10458	2412	636
10459	2698	507
10461	3720	553
10462	4301	615
10465	5561	901
10468	1871	345
10469	3646	600
10470	3545	486
10471	2804	518
10473	1366	343
10474	3658	559
10475	2452	603
10478	1105	200
10483	4788	481
10485	2312	527
10487	1105	377
10491	2572	310
10493	3127	648
10494	2908	673
10497	4916	605
10497	4916	432
10504	1388	289
10504	1388	333
10505	2273	352
10506	2483	253
10506	2483	316
10507	3151	523
10508	2015	310
10512	2626	563
10514	1746	331
10517	4622	505
10519	5407	419
10519	5407	614
10520	7227	635
10525	4598	867
10534	1680	353
10540	10016	602
10540	10016	647
10540	10016	387
10541	3336	427
10543	1864	299
10543	1864	256
10544	1582	295
10545	2832	449
10546	4294	634
10547	1432	326
10549	3562	832
10555	2747	291
10555	2747	226
10557	3451	565
10560	3018	431
10562	4815	525
10562	4815	551
10564	1633	292
10564	1633	197
10565	3515	643
10568	2045	267
10575	2959	394
10580	2045	345
10582	2541	482
10590	3323	533
10595	2998	244
10595	2998	181
10597	1781	238
10598	1516	299
10608	1991	254
10613	2478	585
10615	2979	560
10617	3103	405
10622	3951	690
10629	4117	537
10630	1527	311
10631	1680	494
10637	3076	623
10640	2100	606
10641	2862	940
10643	4695	558
10643	4695	581
10644	3619	542
10647	2589	526
10648	1101	237
10649	2760	566
10650	1056	238
10651	2562	483
10652	2020	350
10652	2020	250
10656	4673	195
10656	4673	248
10658	1789	433
10659	2349	589
10666	4236	590
10666	4236	446
10668	2736	206
10669	3788	511
10672	3468	365
10672	3468	168
10673	4935	551
10674	1960	403
10679	4265	572
10680	3676	230
10680	3676	545
10681	2480	332
10681	2480	337
10685	3612	588
10690	2802	550
10691	2569	448
10693	3892	526
10696	1442	258
10703	2067	567
10704	2682	376
10705	1976	274
10705	1976	241
10712	3167	534
10713	2710	339
10713	2710	269
10715	1934	249
10716	3469	546
10718	3361	557
10718	3361	199
10718	3361	165
10723	1756	499
10724	3000	471
10726	1427	238
10728	4097	549
10729	3480	818
10733	2695	438
10734	2201	585
10736	2167	598
10737	2278	507
10740	2561	501
10743	3056	520
10744	1790	333
10746	986	155
10747	3386	467
10748	2223	319
10749	3725	535
10751	2281	401
10752	3257	405
10752	3257	526
10757	2201	338
10760	1506	286
10761	5290	731
10765	2068	472
10766	3344	532
10767	2880	520
10772	1987	235
10774	2364	237
10776	2887	588
10777	1316	372
10779	2423	310
10780	5104	904
10783	2195	524
10784	1961	511
10785	1589	255
10791	3046	244
10793	1385	299
10796	1967	195
10796	1967	353
10797	1361	303
10801	2191	554
10802	2803	520
10805	2102	227
10805	2102	255
10808	3184	503
10809	1678	487
10814	3269	551
10817	2248	262
10818	2482	537
10819	2385	444
10821	1772	427
10827	2037	259
10828	3955	480
10828	3955	508
10839	1471	200
10840	2200	293
10840	2200	301
10843	2068	296
10846	4054	890
10847	3656	185
10857	1590	337
10860	1676	204
10860	1676	248
10862	5716	290
10866	3119	527
10874	1955	255
10875	1331	273
10876	3415	419
10876	3415	382
10880	2040	192
10880	2040	323
10885	2922	264
10885	2922	533
10890	3696	755
10891	1639	243
10892	2840	429
10897	1428	465
10898	1863	355
10903	1560	145
10903	1560	177
10908	1593	383
10909	1369	213
10909	1369	257
10911	3482	200
10912	3320	704
10918	2913	284
10919	1251	296
10926	1519	148
10926	1519	163
10928	2081	341
10929	2464	476
10933	756	185
10934	994	255
