0	14913	31368
4	5330	752
12	1403	238
17	1847	536
18	1926	342
23	2357	190
24	2552	607
27	5664	906
27	5664	834
31	1640	266
33	824	317
40	1647	509
45	2318	501
49	3126	571
49	3126	482
50	1413	315
51	1595	484
55	1994	640
56	1699	479
59	1457	532
60	957	368
62	1477	403
63	1836	566
65	2567	401
65	2567	499
74	896	455
75	1627	373
76	2280	465
76	2280	426
77	1151	265
79	2207	570
82	2931	747
82	2931	368
83	1320	442
85	2630	603
87	886	311
88	1840	322
89	2169	589
90	2991	569
90	2991	611
97	1358	352
108	1316	321
109	1103	329
111	999	185
114	1317	399
114	1317	305
115	887	187
115	887	310
117	1687	227
121	688	331
122	2737	572
126	2725	525
126	2725	400
138	2015	606
139	2884	401
139	2884	579
142	1054	338
144	725	207
146	1444	552
150	549	238
154	1278	392
156	1815	379
160	1423	196
160	1423	230
166	1399	289
171	1870	552
172	786	283
181	853	261
186	1357	335
187	1459	200
187	1459	261
189	1195	303
193	895	295
197	868	274
198	1638	185
201	2272	532
202	953	285
205	2388	701
209	1190	330
214	1487	281
215	1771	314
215	1771	328
217	1390	227
219	1430	244
219	1430	352
222	1043	270
227	1756	381
228	1498	281
229	909	336
232	1377	273
233	1110	185
235	1158	279
236	1787	211
239	18237	315
239	18237	373
243	1080	248
245	1254	349
246	1889	327
246	1889	170
246	1889	162
248	1861	599
249	2002	440
254	2992	642
254	2992	601
259	931	267
264	1479	424
267	1442	327
269	1109	357
274	3862	800
274	3862	633
279	2338	817
281	1404	303
284	1795	429
286	2610	639
291	2252	211
292	1358	439
293	1317	510
299	1217	226
301	1211	473
303	1122	293
309	1012	283
313	3740	266
313	3740	673
314	1942	686
315	3727	444
315	3727	629
323	738	211
325	6869	422
325	6869	197
325	6869	182
326	1416	238
328	2047	586
331	1901	526
342	1920	448
343	1772	312
345	2290	822
348	2035	326
348	2035	278
353	1528	466
358	1687	384
361	6224	306
363	643	245
365	1245	432
374	1496	278
377	2455	607
379	1665	737
382	1132	302
388	3497	502
388	3497	472
398	1248	295
402	1572	220
405	1516	185
416	3375	613
417	2085	285
417	2085	370
418	793	296
420	2632	447
422	2474	603
425	2803	411
425	2803	508
426	1501	209
426	1501	293
427	1444	359
427	1444	145
432	1430	331
433	838	294
434	1514	538
437	1522	243
438	1836	294
439	1647	238
443	1464	337
444	1580	270
445	1452	200
447	1351	534
448	1152	354
449	1530	289
450	5499	884
450	5499	611
456	1445	520
457	1887	366
457	1887	302
459	1548	471
460	1778	325
460	1778	255
463	2402	496
463	2402	240
464	1799	506
467	1275	358
469	2990	305
469	2990	528
475	1750	391
476	1893	255
476	1893	380
478	3859	566
478	3859	531
479	2349	484
482	1297	383
485	3032	645
489	3265	572
489	3265	465
490	1948	349
494	2872	748
496	511	200
505	1318	466
507	1830	215
508	1117	294
509	5738	735
512	1554	515
516	1112	329
517	1763	155
517	1763	330
518	1137	221
522	2274	636
525	3125	573
530	1370	496
531	2673	424
537	1582	200
541	3179	227
547	1441	278
548	1724	306
549	1898	619
551	1701	251
551	1701	235
552	875	117
556	3770	617
556	3770	317
557	1478	329
557	1478	265
560	2317	211
561	2549	411
563	5418	610
564	2722	517
565	1345	321
567	2262	556
567	2262	394
570	2854	401
573	1528	361
575	1626	309
577	1285	449
578	1558	315
579	2630	515
579	2630	538
581	1443	373
590	3687	628
590	3687	602
592	2395	292
592	2395	687
593	1787	251
596	2260	530
598	1760	378
598	1760	292
599	4154	275
599	4154	253
599	4154	546
600	1447	166
600	1447	255
604	2185	464
608	1522	520
609	1486	368
610	2548	317
610	2548	470
612	705	185
616	2769	588
620	5599	631
620	5599	627
621	3009	572
623	2805	478
623	2805	570
624	2526	584
625	3388	456
625	3388	544
626	1420	522
630	1487	564
631	3461	951
633	2393	424
633	2393	380
635	1489	250
636	3088	255
636	3088	454
637	1281	238
642	1297	322
643	1875	457
646	747	346
649	1482	270
651	877	290
654	1889	618
657	3730	527
663	1605	324
664	1697	374
666	2191	520
667	2109	398
669	3727	642
671	2284	554
674	1614	230
676	2325	575
683	1894	482
694	4578	430
694	4578	487
695	3159	497
696	2363	310
697	1428	161
702	2273	260
702	2273	198
704	3051	767
705	2857	450
709	1755	170
709	1755	267
718	3402	414
718	3402	408
719	1973	363
720	2001	588
721	1881	365
722	1971	238
722	1971	305
723	4344	530
723	4344	434
726	4688	511
726	4688	280
726	4688	292
727	3619	396
728	1958	568
732	3489	569
732	3489	582
733	2174	261
734	3311	622
735	3372	475
737	1673	609
739	2022	599
744	2708	526
748	2113	261
750	3112	408
750	3112	266
751	2607	569
754	1944	558
756	2555	310
757	3235	623
758	1998	544
760	2166	573
761	2725	204
761	2725	603
762	2070	430
764	2276	518
767	1830	541
773	2570	364
777	1681	319
779	2132	417
781	2166	599
785	3376	185
787	1541	206
788	1704	535
789	2225	385
790	2323	251
790	2323	326
792	2393	509
794	3260	547
799	2896	581
799	2896	265
815	2737	569
824	1050	398
829	1641	333
830	1830	472
832	1480	564
835	4376	607
836	1855	588
837	2081	200
837	2081	320
847	1433	556
848	3085	601
850	4105	647
850	4105	229
851	4040	565
851	4040	526
854	2455	814
856	2731	571
859	3248	502
861	2525	553
863	1763	538
867	2721	213
867	2721	438
870	2069	441
876	2642	233
878	1186	233
883	1951	521
884	2737	299
888	1788	185
889	1619	504
891	2520	249
892	2104	427
894	2838	586
898	1701	414
899	3571	377
899	3571	614
904	2284	638
909	1697	132
909	1697	111
914	1877	612
918	6467	661
918	6467	511
921	2199	376
925	3196	850
927	1383	441
930	3926	452
930	3926	577
931	2758	572
931	2758	511
932	3152	734
933	1295	126
933	1295	242
936	1321	476
938	1775	586
940	3667	381
945	1669	372
948	3444	294
950	2083	557
954	4017	331
954	4017	572
956	4564	399
958	2516	556
961	1954	620
964	3202	268
965	1758	287
966	1840	507
967	2127	567
968	2932	399
974	2785	205
974	2785	455
974	2785	186
975	2135	433
982	2337	250
982	2337	451
984	3594	467
987	1829	620
989	3050	398
990	2029	284
993	1310	232
1000	4460	671
1000	4460	254
1002	2394	619
1003	2250	536
1004	2786	501
1007	2042	303
1007	2042	194
1007	2042	207
1008	4279	615
1008	4279	307
1012	2008	535
1014	2904	589
1018	3500	524
1019	4073	161
1019	4073	543
1021	2366	376
1022	1821	348
1025	2565	536
1029	1612	546
1031	3832	945
1033	1487	327
1034	10024	515
1034	10024	574
1038	3474	762
1040	2243	787
1041	2542	214
1041	2542	217
1044	2237	521
1046	3002	619
1048	1132	211
1049	4275	583
1050	3095	706
1051	3885	586
1053	2054	547
1056	1981	594
1057	1760	504
1058	3198	777
1062	2738	571
1064	1495	504
1066	2012	510
1067	1972	360
1071	2227	284
1074	4527	611
1074	4527	195
1078	1495	520
1081	2697	596
1082	3358	522
1087	3271	579
1087	3271	566
1091	1935	492
1094	2566	474
1099	3991	611
1099	3991	357
1100	1622	316
1104	3019	581
1104	3019	358
1110	2305	556
1113	1911	469
1114	2385	581
1116	2784	639
1120	4519	631
1120	4519	639
1123	6401	453
1126	1165	311
1128	1767	392
1143	2493	262
1146	2120	416
1146	2120	323
1150	1677	369
1150	1677	140
1151	2597	628
1154	1300	353
1161	1349	302
1162	1202	344
1168	1681	274
1168	1681	318
1171	1612	310
1174	1544	309
1182	1919	391
1183	1398	306
1185	2897	565
1187	1701	206
1188	786	299
1192	2036	358
1194	1062	272
1195	657	226
1202	3320	842
1203	2036	348
1203	2036	305
1204	1782	478
1208	1677	291
1211	1104	321
1214	1987	342
1215	1870	252
1216	1120	313
1217	3289	585
1217	3289	254
1219	2273	518
1221	1334	268
1223	1147	294
1224	2162	548
1228	2376	368
1230	1706	265
1232	3411	548
1232	3411	538
1234	2084	311
1237	2894	379
1237	2894	443
1239	1525	431
1240	3633	486
1240	3633	328
1243	2032	287
1246	4825	273
1246	4825	599
1247	1668	311
1248	1558	220
1248	1558	268
1249	1089	211
1251	816	200
1254	2032	391
1258	1292	185
1259	2240	478
1265	3530	537
1269	1981	561
1277	1303	261
1278	926	232
1283	1821	262
1291	2245	536
1292	1777	359
1294	2486	325
1295	1947	565
1296	1414	273
1303	2670	479
1305	2018	239
1307	2516	500
1311	3138	489
1313	1830	206
1314	1501	286
1316	2469	594
1317	1582	238
1318	1724	314
1320	1915	368
1321	2136	327
1325	2091	236
1329	1999	333
1332	2572	301
1332	2572	286
1341	1621	233
1342	1206	206
1343	2129	561
1346	1636	260
1347	3030	511
1349	1563	139
1349	1563	182
1351	3662	505
1351	3662	779
1352	2319	357
1353	1245	298
1355	1213	289
1359	1538	215
1360	2693	566
1361	1762	233
1362	2070	560
1363	1364	323
1364	1712	496
1367	1453	279
1368	1799	407
1375	2235	342
1376	2262	478
1379	3293	714
1381	2487	455
1382	1989	327
1383	2135	308
1384	2691	572
1385	1220	308
1390	1818	366
1390	1818	172
1392	872	185
1393	2419	525
1394	1090	301
1397	2239	518
1398	3594	613
1399	2340	487
1400	4341	589
1400	4341	465
1401	2013	291
1401	2013	302
1402	2797	309
1406	3711	583
1408	2141	170
1408	2141	330
1409	1473	294
1412	2565	530
1414	1352	319
1421	4163	599
1421	4163	143
1426	3334	358
1431	2093	542
1432	1582	311
1433	1560	321
1434	1965	795
1435	2113	465
1437	2576	611
1438	2023	185
1439	3550	420
1439	3550	542
1440	2078	286
1441	2186	567
1443	3283	576
1446	4156	620
1446	4156	489
1449	1943	467
1451	3481	172
1451	3481	289
1456	2029	355
1457	4315	317
1457	4315	673
1461	4051	376
1461	4051	634
1463	830	304
1464	1941	282
1466	2546	599
1468	4242	832
1472	2176	401
1473	2008	340
1475	2559	559
1481	1781	750
1485	3606	740
1486	1791	560
1487	1334	238
1490	2959	404
1491	923	185
1501	2987	372
1503	1060	352
1504	1541	506
1505	1714	331
1507	3930	218
1507	3930	250
1509	3900	565
1513	3216	573
1513	3216	381
1514	3586	643
1515	2339	289
1516	3788	495
1517	1674	384
1518	1745	287
1519	3321	601
1523	1965	283
1523	1965	314
1524	1234	325
1526	1620	372
1527	2234	464
1528	1722	367
1530	1212	279
1531	4157	616
1533	2525	398
1534	1196	126
1534	1196	137
1537	2816	616
1540	1751	185
1542	3534	444
1548	2496	340
1548	2496	509
1550	3252	394
1551	1535	359
1552	3828	324
1552	3828	440
1556	2211	363
1556	2211	212
1557	2637	513
1563	1752	326
1569	2781	321
1573	1724	504
1574	3913	677
1575	2154	388
1576	2181	341
1577	4275	633
1577	4275	619
1579	3390	167
1579	3390	151
1579	3390	269
1579	3390	194
1583	2195	480
1584	1514	304
1585	1097	227
1589	1749	382
1590	3919	834
1593	3534	427
1593	3534	244
1593	3534	271
1594	1968	533
1602	4645	685
1602	4645	471
1605	2082	316
1606	4727	237
1607	1791	568
1610	2982	439
1611	2172	243
1617	2621	581
1619	1981	308
1621	3211	537
1621	3211	541
1624	2714	200
1630	2690	272
1630	2690	426
1631	2026	526
1633	3899	483
1633	3899	280
1634	2677	607
1636	1530	250
1638	2133	554
1639	2593	629
1640	1091	267
1641	1247	227
1642	2146	522
1644	1988	246
1645	1892	339
1647	2742	460
1652	1122	275
1655	1563	185
1656	3090	606
1660	4867	541
1660	4867	605
1665	1485	291
1670	4045	575
1671	2642	578
1673	2534	535
1676	1645	335
1677	4636	585
1679	1344	296
1686	3799	533
1688	2238	350
1689	3204	664
1693	1668	300
1693	1668	327
1694	1252	243
1695	1415	185
1696	3306	355
1696	3306	356
1697	3035	304
1707	2584	677
1711	4129	502
1711	4129	595
1712	1671	222
1717	1301	270
1720	1727	254
1721	1983	215
1723	1950	299
1723	1950	179
1727	1809	318
1727	1809	206
1729	1585	261
1734	3520	532
1738	1901	438
1739	2571	229
1739	2571	230
1740	3161	545
1745	3708	503
1746	2587	370
1750	2825	481
1751	1116	355
1761	3295	521
1761	3295	558
1762	2770	557
1763	1380	431
1764	823	297
1765	1286	316
1767	2607	326
1767	2607	330
1768	2595	270
1773	3211	430
1775	2549	388
1776	2044	500
1782	3267	305
1788	1916	360
1790	2386	344
1800	2210	553
1801	1684	324
1801	1684	348
1802	1362	316
1804	4133	283
1804	4133	327
1806	1501	323
1808	2426	398
1808	2426	278
1810	2547	206
1811	4435	532
1811	4435	465
1818	3347	828
1819	2680	319
1820	3646	505
1822	1333	312
1823	664	367
1829	1705	279
1829	1705	224
1831	1917	334
1832	1717	321
1835	3643	508
1835	3643	507
1836	1940	462
1843	1932	267
1844	1854	213
1844	1854	180
1847	1894	317
1850	2156	362
1855	2492	325
1855	2492	378
1858	3740	574
1858	3740	351
1860	3768	589
1861	4239	448
1861	4239	426
1863	2612	311
1863	2612	401
1865	2849	547
1866	1539	513
1868	1840	253
1872	1956	211
1872	1956	365
1873	2579	398
1876	1846	255
1878	1646	177
1878	1646	124
1883	3842	524
1883	3842	146
1883	3842	205
1885	2358	280
1885	2358	285
1886	2621	442
1887	2966	568
1890	1904	306
1892	2993	603
1893	2723	510
1895	2920	516
1895	2920	492
1897	1124	200
1899	2236	381
1902	2323	331
1902	2323	332
1903	2240	214
1903	2240	375
1906	1941	352
1910	1931	474
1911	3429	497
1917	3353	378
1917	3353	551
1920	2129	489
1921	3641	497
1921	3641	501
1922	1900	591
1925	1997	268
1925	1997	214
1926	1416	337
1926	1416	230
1930	2054	686
1931	3386	764
1933	3095	604
1936	1243	185
1938	2289	418
1938	2289	370
1948	2838	544
1948	2838	284
1950	1424	385
1953	3315	534
1953	3315	504
1954	2351	388
1955	2141	394
1960	1993	469
1961	1883	345
1963	2178	330
1964	4458	571
1964	4458	551
1967	2528	573
1969	4000	534
1969	4000	556
1970	3475	521
1970	3475	585
1971	3672	599
1971	3672	261
1974	1681	368
1975	2212	535
1978	3552	545
1979	2381	195
1979	2381	300
1980	4120	602
1980	4120	332
1983	2023	337
1985	2082	322
1986	2643	157
1986	2643	226
1988	1314	216
1989	2615	493
1991	2431	222
1994	2299	318
1994	2299	345
1997	2687	629
1999	1790	471
2000	3818	597
2002	2020	425
2003	3063	286
2003	3063	273
2006	1675	206
2007	1676	528
2009	1952	200
2010	2464	545
2011	2983	227
2012	1431	424
2013	3297	630
2014	2587	406
2014	2587	293
2017	1342	328
2023	1571	227
2024	2246	499
2027	3556	184
2027	3556	643
2030	1306	206
2032	1339	278
2033	1098	250
2037	2343	533
2042	2519	572
2044	3484	443
2046	1872	279
2046	1872	218
2048	2777	575
2049	2295	245
2050	3823	564
2050	3823	519
2052	1779	243
2053	2314	548
2054	1602	327
2057	1407	499
2061	2865	460
2068	3127	131
2068	3127	652
2070	2929	424
2071	2915	171
2071	2915	236
2074	3182	629
2075	2190	188
2075	2190	375
2078	2739	369
2078	2739	504
2079	1515	238
2080	3365	559
2082	2397	400
2082	2397	295
2084	3502	345
2085	1916	504
2091	3301	164
2091	3301	147
2091	3301	298
2098	1985	354
2098	1985	278
2099	2972	578
2106	2180	211
2107	2383	533
2110	2757	403
2111	4595	672
2112	3633	129
2112	3633	521
2114	3177	491
2114	3177	499
2120	1618	294
2121	1861	273
2124	1611	570
2126	2385	451
2130	1970	185
2131	1434	273
2132	1913	333
2133	3841	596
2139	1738	370
2146	2918	529
2149	1889	335
2149	1889	355
2150	1606	307
2155	2045	605
2156	2677	305
2158	974	256
2159	2166	285
2161	2274	361
2162	3591	606
2172	1290	334
2173	2005	289
2175	1641	206
2176	1896	275
2176	1896	387
2178	1653	478
2180	3076	595
2183	2362	544
2184	2006	277
2185	2544	518
2186	2632	617
2187	1806	350
2187	1806	280
2189	2042	386
2191	2063	315
2191	2063	167
2192	1508	363
2194	2109	391
2195	1870	284
2196	2951	561
2197	1587	338
2199	2642	522
2200	3467	314
2202	3049	563
2202	3049	551
2203	3945	283
2204	1875	303
2205	1624	302
2207	1666	384
2209	2747	406
2210	2843	428
2210	2843	502
2211	1139	185
2213	1089	286
2214	1718	355
2215	1219	285
2228	1876	238
2230	3090	294
2232	1730	217
2232	1730	274
2233	1439	353
2234	1586	284
2236	3000	550
2244	2960	469
2245	1146	185
2246	1767	556
2247	1203	305
2248	3437	584
2249	1639	238
2252	1655	310
2254	2191	381
2254	2191	249
2258	1841	149
2258	1841	240
2259	1304	365
2261	1859	463
2262	1641	211
2263	1432	334
2268	2245	265
2276	2456	391
2277	1847	344
2279	2022	443
2282	2278	193
2282	2278	516
2284	2061	285
2284	2061	400
2290	1037	243
2299	3304	544
2299	3304	515
2300	2994	428
2302	2925	589
2305	1874	356
2311	2843	378
2313	1429	550
2315	1502	298
2316	1808	520
2317	2902	558
2324	4447	559
2333	1968	314
2334	2344	206
2339	2200	365
2342	2607	544
2344	2870	521
2347	2429	354
2348	1924	284
2352	3069	638
2357	3353	581
2360	1885	490
2366	2719	290
2367	1592	185
2368	2347	273
2370	2089	327
2377	4022	258
2377	4022	337
2378	1848	292
2378	1848	266
2381	3599	597
2385	1758	206
2389	2449	336
2393	1001	221
2395	1497	185
2399	3164	671
2400	1633	263
2400	1633	328
2401	1701	259
2412	1643	367
2415	2943	334
2416	2869	368
2417	2139	398
2418	4512	600
2418	4512	547
2419	2025	243
2421	1292	330
2426	2771	518
2426	2771	402
2430	2493	594
2441	3243	526
2441	3243	301
2445	1413	232
2446	2651	582
2447	2673	522
2447	2673	468
2448	1847	371
2449	1728	222
2451	4802	513
2451	4802	547
2454	1983	293
2454	1983	250
2455	2261	576
2456	3095	338
2457	2583	480
2459	2548	368
2460	3243	199
2460	3243	532
2460	3243	128
2467	1978	499
2468	1251	300
2469	1187	206
2470	3113	334
2471	2178	547
2472	1964	222
2476	1178	263
2477	1350	345
2478	2028	296
2480	1922	316
2480	1922	242
2486	2311	352
2488	1815	584
2489	1267	279
2494	2042	389
2496	2292	453
2497	1831	232
2498	1646	253
2498	1646	288
2499	4739	614
2499	4739	770
2505	2399	211
2506	2181	227
2507	2399	502
2507	2399	389
2509	4388	226
2509	4388	168
2509	4388	461
2510	1749	477
2512	1612	324
2516	2069	533
2517	2265	396
2521	1745	185
2523	1330	512
2524	1565	232
2524	1565	295
2528	2864	293
2528	2864	211
2530	3313	480
2530	3313	314
2532	3319	414
2535	1748	378
2537	3581	672
2537	3581	407
2539	1742	315
2540	2008	296
2547	2241	593
2548	3508	551
2548	3508	502
2552	3418	823
2553	4397	453
2555	2200	232
2555	2200	142
2556	1338	273
2558	1594	259
2564	3630	836
2565	2418	527
2568	2574	585
2569	3199	812
2570	2251	431
2571	2818	511
2579	1972	501
2581	3173	566
2581	3173	145
2582	1181	504
2584	4185	375
2584	4185	556
2587	3793	357
2596	1384	449
2598	1446	509
2599	3007	200
2600	3100	539
2600	3100	185
2602	1482	185
2603	1372	346
2606	2441	200
2606	2441	272
2607	1716	294
2607	1716	185
2608	1959	449
2610	3003	616
2612	2090	200
2614	2556	705
2616	3357	616
2616	3357	281
2619	1668	322
2622	1392	328
2624	2436	541
2624	2436	274
2628	2362	538
2632	1767	284
2634	2455	490
2638	2434	366
2640	2056	288
2643	1347	227
2646	1935	549
2648	3349	498
2648	3349	345
2649	2022	300
2650	1433	354
2656	1950	527
2660	1845	504
2662	2643	343
2662	2643	358
2663	1109	253
2664	1808	499
2666	1412	445
2667	1537	200
2676	1897	417
2677	1433	520
2680	1406	401
2682	1504	357
2684	2303	185
2685	4203	534
2688	2967	560
2691	3206	735
2692	1385	297
2693	2014	156
2693	2014	252
2697	1471	367
2700	1964	374
2706	1476	350
2711	3642	541
2711	3642	556
2716	3919	596
2716	3919	255
2719	3534	654
2720	1810	341
2721	1996	295
2722	2196	378
2723	1706	329
2727	2844	586
2730	1316	227
2733	3916	383
2733	3916	553
2736	3004	595
2738	2374	228
2738	2374	262
2739	2356	326
2745	1859	215
2746	1886	359
2752	1907	306
2753	3876	568
2754	1508	243
2756	1402	299
2757	1344	237
2758	766	273
2761	1143	255
2763	3003	395
2763	3003	381
2765	2022	323
2766	3234	576
2770	2761	402
2773	2549	462
2774	2527	388
2782	1222	185
2786	3353	597
2799	5158	431
2799	5158	619
2801	2231	325
2802	3334	363
2805	2543	600
2806	1460	319
2811	1816	377
2813	4681	537
2814	1616	325
2815	1205	310
2816	1594	576
2819	1208	429
2820	4015	611
2820	4015	594
2823	1180	185
2825	1403	215
2826	1860	540
2827	2038	483
2828	1363	185
2831	1360	299
2833	4468	609
2835	3647	421
2836	1972	396
2840	2013	374
2840	2013	314
2844	1077	216
2854	4178	594
2854	4178	516
2855	2401	314
2855	2401	300
2856	2248	309
2856	2248	185
2863	1119	361
2863	1119	145
2864	1932	541
2865	1946	446
2866	2940	594
2868	1436	494
2870	3749	571
2874	3040	588
2876	2306	416
2878	3854	496
2878	3854	489
2879	1963	340
2881	2167	344
2884	1785	186
2884	1785	136
2888	1920	280
2890	5026	348
2895	2008	200
2901	2273	538
2903	1912	246
2903	1912	327
2905	1629	586
2907	3963	551
2907	3963	569
2909	3833	587
2910	2340	407
2911	1117	343
2914	2793	429
2914	2793	119
2915	2349	280
2915	2349	170
2920	2631	464
2924	3301	573
2927	2872	360
2927	2872	478
2931	2613	741
2932	1237	244
2934	3051	494
2934	3051	600
2940	1383	365
2941	1753	146
2941	1753	276
2942	1569	467
2943	1540	364
2944	2685	350
2946	3155	618
2950	3944	276
2950	3944	271
2951	1785	645
2952	2552	529
2953	1911	334
2955	3253	404
2957	1779	341
2959	1840	548
2960	3273	304
2960	3273	463
2961	3340	330
2963	2676	480
2963	2676	437
2968	1332	185
2973	3683	548
2976	2278	538
2978	2463	488
2980	2240	363
2983	3085	745
2986	1454	312
2988	1946	352
2988	1946	163
2991	4432	549
2991	4432	507
2992	4676	629
2992	4676	523
2995	3200	549
2996	3221	563
3001	2582	798
3003	1986	581
3004	4148	694
3005	2669	345
3006	1655	238
3007	3160	368
3009	3537	426
3010	1750	301
3011	2014	410
3014	3809	567
3018	3203	277
3018	3203	480
3019	2748	564
3022	2505	305
3022	2505	387
3023	1679	379
3026	3611	603
3026	3611	316
3028	1909	594
3032	1901	485
3033	3185	496
3033	3185	501
3035	2579	497
3037	1794	503
3040	1693	402
3050	2169	232
3050	2169	284
3051	4621	193
3051	4621	164
3051	4621	577
3055	1904	215
3055	1904	233
3056	4994	404
3056	4994	583
3063	1980	236
3063	1980	385
3066	4493	701
3067	1666	334
3069	1947	494
3071	1388	287
3072	1778	211
3073	4277	642
3074	3446	342
3074	3446	390
3077	1646	248
3082	2000	448
3084	1620	369
3087	2868	615
3087	2868	245
3088	1700	589
3090	2090	221
3091	2668	594
3093	2662	410
3093	2662	359
3094	1921	353
3095	5576	571
3095	5576	556
3095	5576	492
3099	1737	267
3101	3253	451
3102	3098	343
3102	3098	329
3103	2141	495
3105	1764	332
3106	2844	558
3107	1721	273
3111	3458	860
3112	1236	206
3113	2750	570
3116	1338	156
3120	2737	516
3120	2737	300
3125	2853	419
3128	1720	338
3130	3388	593
3135	1964	364
3135	1964	273
3136	1463	352
3138	617	241
3139	3881	398
3141	2304	623
3145	2964	573
3148	1230	350
3149	1348	332
3151	1908	284
3153	2091	389
3154	3674	527
3156	2498	505
3158	1361	344
3163	5660	502
3163	5660	384
3163	5660	570
3163	5660	597
3164	4893	586
3164	4893	581
3167	2693	594
3168	2549	573
3173	1726	187
3175	3234	457
3175	3234	284
3181	2490	503
3181	2490	350
3184	1475	475
3186	834	211
3189	2273	515
3192	3855	539
3193	2865	586
3195	1484	185
3199	2775	593
3206	1342	277
3211	4057	537
3211	4057	555
3213	2082	382
3214	2188	548
3218	2186	345
3220	2217	495
3221	3962	516
3223	2086	264
3224	2203	245
3227	3141	472
3228	2978	558
3228	2978	566
3232	3581	320
3234	4218	595
3236	1730	603
3237	2015	561
3239	1828	542
3240	2031	185
3244	3998	480
3244	3998	522
3249	1854	356
3251	2337	527
3253	4629	250
3253	4629	470
3255	1133	297
3257	1324	303
3258	2287	529
3259	2217	255
3265	2940	614
3269	2240	592
3270	3080	769
3271	1300	357
3278	2164	393
3279	2202	185
3284	4815	858
3286	2228	530
3288	3717	815
3289	1571	418
3290	1848	249
3295	4057	190
3297	1669	368
3297	1669	188
3299	2004	502
3303	1916	381
3304	2950	537
3305	1841	335
3307	5013	585
3309	2161	363
3311	3995	254
3314	3702	573
3315	4826	480
3315	4826	309
3317	2023	547
3320	3327	594
3321	4191	489
3321	4191	562
3323	2123	534
3326	1188	311
3327	4225	709
3327	4225	222
3329	2952	590
3333	1687	326
3334	1667	309
3338	2155	265
3338	2155	212
3339	2480	297
3340	3937	580
3340	3937	587
3342	3612	439
3343	4196	561
3343	4196	446
3344	1226	434
3347	1224	402
3351	2045	327
3353	2209	658
3354	1121	350
3355	1566	339
3359	2746	274
3362	2267	215
3364	1587	342
3374	3162	618
3375	3816	583
3377	4190	301
3377	4190	506
3380	4687	648
3380	4687	208
3382	1739	292
3382	1739	175
3383	3559	272
3385	2521	578
3388	1573	462
3389	2698	461
3391	1834	452
3392	1576	222
3393	2015	498
3394	2212	616
3395	2251	341
3406	2566	831
3407	2129	185
3411	1736	308
3412	4228	566
3412	4228	398
3413	2250	565
3416	2300	476
3418	4283	373
3418	4283	443
3420	3978	485
3422	2686	467
3422	2686	491
3423	4379	324
3423	4379	528
3424	2257	616
3427	2992	335
3428	3913	697
3430	1294	232
3434	2028	389
3435	1485	337
3439	4079	304
3439	4079	576
3441	3065	237
3441	3065	159
3442	1941	185
3447	5384	592
3448	4160	575
3448	4160	218
3448	4160	283
3449	3366	544
3450	2111	359
3451	2971	650
3453	1811	184
3453	1811	376
3454	1830	548
3455	2077	451
3456	2614	838
3459	2271	483
3461	3176	252
3462	1673	279
3463	4330	511
3463	4330	525
3470	4063	614
3471	2692	401
3473	2974	270
3478	4295	572
3479	2914	511
3482	4192	409
3485	3851	821
3487	1083	344
3488	3999	494
3489	2893	710
3490	3404	425
3491	3787	575
3491	3787	342
3492	4030	598
3492	4030	545
3498	1530	340
3499	1971	563
3502	2246	420
3503	2342	552
3508	3559	589
3512	2493	542
3516	3940	572
3518	3982	420
3518	3982	586
3520	3671	672
3523	1978	517
3527	3940	404
3527	3940	512
3530	2063	493
3531	4278	459
3532	2420	372
3536	1980	408
3538	3211	161
3538	3211	565
3539	3429	380
3541	4208	524
3542	1232	222
3543	3345	721
3549	3305	357
3551	3261	454
3552	1818	211
3557	1326	226
3564	4288	293
3564	4288	623
3565	2535	396
3566	2486	567
3567	1901	463
3568	2732	540
3571	3348	543
3572	5091	354
3573	1717	255
3577	697	185
3578	2741	547
3579	1233	291
3586	2955	611
3589	3671	432
3589	3671	211
3590	1577	253
3593	1787	238
3596	2468	117
3596	2468	117
3599	1809	545
3600	2039	348
3601	3150	561
3604	1941	396
3606	4084	715
3610	3610	509
3611	3464	485
3611	3464	572
3613	2648	614
3615	2208	515
3620	4649	571
3620	4649	541
3621	1583	199
3621	1583	365
3622	2211	420
3623	1718	253
3624	2575	530
3629	2006	405
3630	2230	476
3631	4133	734
3632	3299	563
3634	3482	551
3637	2141	559
3638	1983	330
3638	1983	334
3639	1415	309
3643	1725	227
3646	3797	498
3650	2923	570
3651	1629	557
3654	2587	289
3655	1682	342
3655	1682	327
3656	2166	381
3656	2166	282
3658	1559	498
3662	2259	614
3663	3439	599
3665	1905	563
3666	3871	424
3666	3871	429
3669	1866	475
3670	1144	392
3672	1785	238
3674	3016	374
3675	1793	253
3678	3428	617
3678	3428	310
3682	1723	417
3683	4579	616
3683	4579	249
3684	2455	407
3687	2652	431
3696	2399	295
3697	3707	527
3699	2869	364
3700	2104	489
3701	1236	303
3702	3231	366
3705	2883	408
3710	2111	500
3711	2142	350
3714	1103	257
3718	3144	434
3719	2623	589
3720	2074	354
3721	3103	373
3723	1624	460
3726	3768	609
3728	2350	268
3729	1269	265
3732	2224	344
3733	1806	308
3734	1975	343
3735	2826	435
3739	2316	523
3741	4573	368
3741	4573	578
3742	4459	612
3742	4459	327
3743	1480	537
3744	2501	353
3746	1567	512
3748	1989	572
3749	1407	314
3752	2475	516
3757	5446	631
3757	5446	322
3759	1621	569
3760	4342	185
3762	1731	211
3767	2445	589
3768	4372	292
3769	1828	507
3775	2187	422
3778	2704	358
3782	2433	302
3784	2651	602
3788	2065	209
3788	2065	314
3790	2455	575
3791	1323	142
3791	1323	126
3799	2855	816
3804	1887	211
3807	2120	227
3810	3645	472
3811	2380	591
3813	4926	530
3814	2610	571
3822	3135	556
3824	2286	538
3825	2255	495
3828	2400	318
3830	2266	298
3834	3205	528
3834	3205	506
3835	1686	530
3838	1746	278
3839	2395	543
3845	2696	270
3846	2398	251
3846	2398	183
3846	2398	398
3847	2752	352
3852	3858	419
3852	3858	301
3857	4215	682
3859	3437	438
3862	2002	317
3862	2002	389
3867	1813	543
3868	2954	391
3870	996	226
3871	2946	361
3874	1214	317
3875	3394	624
3881	4251	540
3881	4251	243
3883	4283	491
3883	4283	447
3887	1937	318
3890	4983	533
3893	2036	448
3900	3051	332
3900	3051	586
3901	3233	349
3901	3233	619
3903	1463	470
3907	1716	349
3910	1496	293
3911	3042	402
3912	1900	357
3913	2292	331
3914	2439	325
3922	2461	219
3922	2461	379
3926	3720	211
3926	3720	367
3927	1797	545
3929	2160	277
3931	2713	491
3932	1568	238
3934	4246	524
3935	1975	556
3937	3515	576
3940	1410	308
3942	1666	452
3945	2990	524
3945	2990	450
3947	1159	249
3951	2599	376
3952	1725	386
3953	2864	380
3959	1371	200
3961	1517	331
3965	3547	443
3967	3264	567
3968	3094	419
3970	1449	253
3971	2263	594
3973	3476	512
3973	3476	585
3975	1519	304
3976	1784	234
3977	1595	215
3978	1338	327
3981	2264	595
3982	2549	259
3987	1338	351
3988	2514	274
3989	2529	516
3990	3720	572
3994	3244	575
4004	4507	545
4004	4507	424
4005	1599	248
4006	2607	389
4007	1289	264
4008	1127	304
4010	1873	407
4011	2959	255
4011	2959	516
4014	1407	273
4019	3220	802
4020	2346	587
4028	3254	353
4030	2596	444
4031	2759	333
4031	2759	581
4041	1656	322
4042	1732	224
4042	1732	348
4043	2607	530
4043	2607	536
4044	4385	555
4044	4385	630
4046	2277	633
4051	2944	507
4054	1789	532
4055	1727	313
4055	1727	263
4057	2551	666
4060	1129	185
4061	1332	322
4062	3766	426
4062	3766	608
4065	1460	318
4066	1575	185
4067	3345	577
4069	1990	333
4070	3651	660
4072	2378	382
4072	2378	224
4078	2008	343
4078	2008	366
4081	1421	413
4082	1564	339
4083	1115	206
4086	1416	522
4088	1402	399
4092	3801	421
4092	3801	594
4093	2571	523
4094	2098	356
4094	2098	294
4095	2860	532
4095	2860	665
4096	1925	304
4098	1081	339
4099	1368	262
4101	1633	329
4103	3211	262
4104	1748	563
4106	3261	531
4106	3261	519
4107	2787	116
4107	2787	146
4107	2787	552
4110	3620	505
4110	3620	558
4113	2951	482
4116	2725	516
4116	2725	500
4117	1516	589
4120	3642	365
4120	3642	554
4126	1478	255
4127	2480	539
4127	2480	520
4129	1050	278
4133	1016	471
4134	1843	335
4135	3759	512
4135	3759	607
4141	3316	479
4141	3316	525
4145	1102	296
4146	3088	440
4146	3088	555
4147	1317	405
4150	1256	483
4151	2017	553
4152	1574	444
4154	1302	491
4158	1803	403
4159	1136	308
4169	1594	328
4171	1598	552
4177	2669	376
4177	2669	258
4180	1147	417
4181	1438	298
4186	1682	450
4187	1843	380
4189	2129	374
4191	1094	206
4195	2286	555
4198	1626	315
4200	2597	603
4201	1479	200
4203	1762	491
4205	2664	575
4206	2522	383
4206	2522	441
4207	972	349
4208	1999	483
4209	2233	286
4210	2951	624
4210	2951	257
4211	1616	215
4216	2101	334
4217	1306	541
4219	2395	554
4221	1462	606
4223	3628	558
4223	3628	605
4225	1723	170
4225	1723	200
4226	2331	243
4228	1286	399
4229	1286	161
4230	1793	548
4231	3105	428
4231	3105	392
4232	2357	309
4234	1084	341
4236	3066	271
4238	1477	587
4239	1281	333
4240	849	280
4241	1359	259
4244	772	399
4248	256	185
4251	3101	328
4252	1308	393
4253	2675	512
4253	2675	335
4254	1769	538
4257	2677	521
4257	2677	416
4259	3343	513
4259	3343	435
4260	1594	557
4265	1347	362
4269	3830	818
4270	3579	498
4270	3579	611
4272	3279	572
4273	1732	524
4277	1384	279
4281	3384	405
4281	3384	373
4283	2418	624
4287	808	200
4288	2905	341
4294	2082	644
4295	948	265
4298	3241	621
4299	2043	317
4302	2419	331
4302	2419	274
4303	2014	594
4308	1014	474
4312	3225	273
4313	995	273
4315	1845	425
4316	1840	292
4316	1840	323
4317	1215	337
4321	1361	365
4326	2461	406
4327	1153	359
4336	1172	449
4337	2488	467
4337	2488	427
4338	1130	450
4341	1538	550
4343	825	379
4345	1154	363
4346	2805	593
4346	2805	224
4347	2124	417
4349	1800	624
4356	1785	357
4357	1122	287
4358	2225	468
4358	2225	339
4360	3382	499
4364	1681	490
4366	2701	202
4366	2701	285
4368	1688	425
4369	2139	556
4377	3020	412
4380	3917	457
4382	2367	447
4385	2639	545
4389	1250	353
4392	2344	341
4392	2344	423
4395	1144	354
4397	2663	486
4404	2178	370
4404	2178	351
4407	2418	426
4407	2418	500
4408	3179	319
4409	3427	541
4409	3427	552
4411	2333	453
4413	1493	372
4415	3526	540
4415	3526	358
4416	1433	364
4417	1619	470
4421	1140	255
4422	1294	418
4423	1924	200
4424	1364	222
4425	1113	339
4427	1652	522
4431	1369	408
4435	1538	465
4436	1940	569
4440	2167	286
4447	2904	586
4447	2904	290
4448	1982	378
4450	1394	185
4451	2315	516
4452	3083	562
4452	3083	513
4453	2066	579
4454	2269	550
4455	2493	579
4457	1420	254
4457	1420	323
4460	1486	306
4461	1566	185
4463	2411	205
4463	2411	191
4464	2957	517
4464	2957	561
4467	3655	620
4471	1842	432
4472	1663	433
4473	2167	579
4476	1698	221
4476	1698	258
4477	1869	337
4479	1339	464
4480	1295	387
4482	3116	601
4483	1938	589
4485	3023	560
4487	2111	603
4487	2111	240
4488	1380	226
4489	2515	563
4489	2515	289
4491	2503	746
4492	1601	529
4494	2954	500
4496	2339	559
4498	3559	609
4499	2054	459
4502	1572	343
4503	2193	364
4504	3211	432
4504	3211	619
4506	2427	739
4510	1116	294
4511	2104	524
4513	3622	625
4513	3622	613
4515	1131	388
4519	1496	302
4519	1496	224
4521	3172	788
4522	3126	541
4522	3126	486
4524	2716	651
4525	1932	591
4526	1008	285
4527	1882	227
4528	1530	270
4528	1530	222
4529	2202	336
4533	2312	362
4533	2312	255
4535	1252	185
4536	1530	269
4536	1530	181
4538	2959	615
4538	2959	489
4539	2948	718
4545	2066	274
4545	2066	330
4550	2981	603
4552	3880	650
4555	2133	436
4558	1676	522
4560	2011	562
4562	1836	527
4565	947	303
4567	3766	571
4570	1704	210
4570	1704	339
4574	1771	284
4574	1771	267
4575	1193	538
4576	3212	558
4576	3212	363
4582	2894	523
4582	2894	501
4583	2119	334
4584	1105	227
4586	2315	577
4587	3021	523
4588	1795	455
4591	2500	646
4592	3625	544
4592	3625	543
4594	2257	454
4595	3327	526
4595	3327	422
4597	2111	540
4598	1177	437
4599	1464	356
4602	2412	301
4606	1873	303
4608	1339	279
4613	1459	542
4614	3612	350
4617	2480	311
4618	1940	299
4618	1940	333
4620	2608	427
4620	2608	316
4625	2174	413
4626	3252	625
4628	1581	585
4632	2930	596
4634	2521	551
4636	1481	361
4638	1235	362
4640	2864	536
4640	2864	588
4641	1580	422
4648	2481	435
4650	2061	533
4652	2263	494
4655	1173	348
4656	2040	273
4657	3054	493
4662	1777	228
4662	1777	362
4663	3040	389
4664	1198	404
4668	2416	496
4668	2416	454
4671	1561	268
4672	1161	271
4676	1185	345
4679	2881	498
4679	2881	525
4680	1339	235
4681	1142	185
4682	1378	273
4683	1109	382
4690	1446	266
4690	1446	195
4691	1972	407
4692	2782	509
4692	2782	521
4693	1618	321
4693	1618	310
4694	3526	576
4694	3526	578
4698	1688	544
4699	1864	323
4702	1682	297
4704	3201	507
4708	1624	291
4712	1916	487
4713	1734	516
4714	3090	600
4714	3090	216
4715	3704	366
4715	3704	528
4717	3107	362
4717	3107	542
4720	2838	578
4722	1468	244
4724	2483	564
4725	1768	310
4730	1725	368
4733	896	255
4738	1817	421
4739	2600	520
4739	2600	295
4743	1796	309
4745	2601	249
4746	2148	351
4746	2148	300
4753	1741	341
4753	1741	278
4758	2528	314
4761	1526	233
4761	1526	368
4762	1399	222
4770	1412	280
4771	3541	404
4771	3541	619
4773	2855	553
4773	2855	505
4774	1440	269
4778	807	216
4782	1487	418
4786	2522	495
4795	924	267
4796	1608	269
4796	1608	157
4802	1470	367
4803	1966	458
4805	2468	399
4805	2468	476
4806	1710	340
4807	1808	503
4810	1677	308
4813	1295	331
4814	1601	411
4815	1836	227
4816	3053	576
4817	1577	282
4817	1577	256
4818	1755	355
4819	1784	470
4823	1971	567
4829	1334	434
4833	2099	162
4833	2099	143
4833	2099	280
4837	1450	494
4838	1246	258
4848	1774	327
4848	1774	209
4849	3905	635
4849	3905	534
4850	1223	262
4852	1775	335
4853	1397	227
4854	1987	273
4857	1753	302
4857	1753	305
4859	2414	298
4859	2414	219
4862	886	313
4864	1594	490
4868	2170	549
4872	727	220
4874	2488	607
4876	3277	659
4877	3621	347
4877	3621	575
4880	1561	502
4881	1438	305
4884	1420	362
4889	1554	176
4889	1554	274
4899	2520	748
4901	1680	259
4902	999	200
4904	1244	355
4906	912	389
4908	2181	515
4909	1644	322
4909	1644	279
4910	2169	415
4915	765	268
4919	2099	185
4920	1880	325
4921	1412	227
4921	1412	261
4922	1854	338
4927	1370	234
4927	1370	310
4929	1506	254
4933	1222	200
4934	1442	271
4936	2189	450
4937	1137	310
4938	2147	361
4939	1270	230
4942	1518	441
4943	2406	311
4943	2406	347
4947	2351	204
4947	2351	162
4950	2501	286
4953	1702	211
4960	1325	528
4963	1861	493
4966	2151	444
4967	1548	367
4968	2239	634
4971	1895	363
4973	1531	382
4975	1225	354
4983	1481	274
4983	1481	344
4984	710	292
4986	1342	279
4988	2280	234
4988	2280	215
4990	1235	343
4991	539	242
4994	2590	385
4996	1463	185
4998	1856	168
4998	1856	336
5002	1880	363
5003	3871	878
5007	970	238
5008	3444	577
5008	3444	392
5009	2046	570
5015	2822	550
5015	2822	417
5022	1755	311
5024	2339	520
5025	3388	557
5029	2291	586
5030	1004	215
5032	762	227
5036	1615	346
5039	1853	409
5047	1295	179
5047	1295	161
5051	1415	278
5052	1809	244
5059	1263	222
5064	2571	567
5064	2571	484
5066	1606	377
5071	876	317
5078	2031	453
5083	3613	568
5083	3613	420
5086	1711	494
5088	2879	379
5088	2879	319
5096	1778	162
5096	1778	166
5099	1922	335
5100	1337	200
5105	1471	200
5107	1556	319
5108	1045	261
5109	1107	370
5110	2535	353
5110	2535	309
5115	1066	345
5119	1795	305
5120	1860	382
5126	1622	506
5128	1346	185
5129	1743	632
5130	1534	509
5131	2695	445
5131	2695	504
5131	2695	142
5132	1284	281
5135	1285	261
5136	1712	619
5137	1054	420
5139	2256	539
5140	2686	586
5142	1936	898
5149	1457	292
5155	1672	422
5156	2198	322
5156	2198	161
5157	1105	222
5159	3153	396
5159	3153	372
5161	1217	211
5162	1257	292
5164	1117	484
5166	2014	507
5166	2014	196
5171	2873	520
5171	2873	281
5174	3564	546
5174	3564	462
5175	2837	861
5177	1642	524
5178	1470	385
5180	1445	332
5183	1303	633
5185	1451	344
5186	1832	525
5187	3094	507
5187	3094	583
5188	1930	510
5191	3400	539
5191	3400	522
5193	1483	373
5197	1242	321
5198	2348	559
5200	2935	785
5205	2472	473
5207	2993	561
5207	2993	438
5210	1904	287
5210	1904	293
5211	2313	365
5213	982	297
5216	2483	262
5217	1778	232
5219	2974	486
5221	1762	598
5222	2751	743
5226	1366	234
5228	2924	557
5235	3087	901
5236	3528	904
5237	1030	185
5238	1979	459
5244	3346	591
5244	3346	395
5255	2310	425
5258	2599	241
5259	2002	605
5260	1763	385
5261	3525	430
5264	1612	425
5265	3563	523
5265	3563	405
5269	1153	353
5271	1306	287
5272	3178	591
5274	1048	323
5282	1409	280
5282	1409	226
5285	1882	318
5285	1882	290
5286	2871	527
5288	2436	487
5293	903	323
5296	1625	296
5301	2082	530
5304	3266	519
5304	3266	460
5307	2760	584
5308	2011	378
5310	2793	550
5310	2793	352
5313	3200	568
5315	2597	533
5316	2514	604
5323	1743	283
5327	1587	362
5327	1587	230
5328	2854	470
5329	2997	675
5333	2632	325
5334	1888	503
5336	1849	329
5344	1613	391
5345	2130	349
5350	2175	584
5353	1529	333
5358	1851	353
5363	3257	562
5363	3257	579
5363	3257	117
5364	1689	216
5366	2385	469
5367	3306	827
5368	1322	448
5370	1245	291
5370	1245	194
5373	3554	324
5373	3554	496
5375	598	263
5378	2202	541
5379	2865	226
5379	2865	663
5380	1908	345
5380	1908	333
5382	2080	253
5386	1763	548
5387	3330	301
5387	3330	454
5391	3052	423
5391	3052	547
5394	1728	565
5397	1899	439
5399	1762	561
5409	2152	535
5410	2048	494
5420	3031	165
5420	3031	538
5421	2440	448
5423	2176	391
5425	3210	472
5426	3960	579
5428	2747	553
5433	2034	334
5440	1100	360
5442	3453	557
5442	3453	514
5445	2558	278
5449	1983	185
5454	2672	407
5455	1968	540
5456	2187	304
5457	2337	511
5462	1476	260
5466	1888	530
5469	3858	590
5471	3760	479
5471	3760	463
5472	1192	400
5474	2044	576
5478	2045	465
5483	2413	375
5487	2076	400
5495	2574	431
5496	3556	385
5496	3556	529
5499	2458	594
5506	2939	408
5508	2156	517
5516	1230	256
5521	2567	324
5521	2567	444
5523	3363	359
5526	2820	645
5527	2518	872
5528	1177	314
5529	1613	333
5531	1602	527
5533	2709	901
5538	1054	459
5539	2918	290
5540	1697	390
5541	1301	275
5545	1893	565
5546	1386	199
5546	1386	345
5550	644	185
5552	786	284
5558	2125	242
5559	1767	244
5560	1149	200
5561	1329	420
5566	1700	545
5568	3841	606
5570	1100	233
5572	3208	837
5575	3913	116
5575	3913	534
5575	3913	176
5580	3417	504
5580	3417	510
5586	1454	185
5587	2285	436
5588	1763	297
5589	1898	351
5592	2123	320
5592	2123	273
5595	1416	267
5596	2908	562
5597	2275	556
5600	1375	271
5610	2209	354
5612	1465	382
5616	1967	288
5616	1967	332
5619	832	253
5620	3461	562
5625	2551	221
5629	3053	589
5629	3053	419
5631	2302	275
5631	2302	303
5632	1913	262
5635	2231	342
5639	2252	521
5641	2885	491
5643	1547	269
5654	1928	216
5656	1636	200
5656	1636	304
5657	3592	502
5657	3592	539
5659	3778	582
5659	3778	334
5663	1976	185
5671	1966	523
5673	800	322
5676	1324	222
5679	1696	285
5680	1752	543
5681	1571	433
5682	1669	352
5686	1893	549
5688	3797	236
5688	3797	311
5689	3545	109
5694	1746	302
5698	1396	227
5700	1917	592
5710	2818	301
5714	1757	169
5714	1757	195
5717	803	211
5723	2453	564
5724	2086	550
5727	2981	207
5727	2981	593
5729	2092	346
5732	1602	233
5733	1559	215
5743	1844	477
5746	1857	196
5746	1857	195
5747	3644	569
5747	3644	161
5748	1741	342
5749	1695	525
5751	2377	492
5753	3034	339
5753	3034	185
5755	3810	297
5755	3810	125
5756	1113	185
5757	1933	447
5759	2786	517
5761	1660	363
5770	3595	506
5776	2286	376
5777	4030	563
5778	2433	360
5780	1897	250
5784	2217	508
5788	2765	556
5788	2765	198
5792	1376	282
5795	3128	330
5795	3128	355
5803	2724	326
5804	3086	250
5808	1326	200
5811	3570	333
5813	3672	567
5813	3672	533
5821	3133	226
5824	2340	437
5826	2696	281
5828	3739	608
5829	2172	592
5831	2263	303
5831	2263	230
5832	2481	296
5834	2307	202
5834	2307	576
5844	3755	338
5844	3755	602
5851	1606	479
5853	1716	367
5855	3189	464
5855	3189	518
5857	1772	185
5858	3163	511
5858	3163	570
5859	3744	514
5861	1828	324
5862	1928	567
5864	3154	584
5864	3154	654
5867	778	185
5872	1948	324
5875	2386	580
5877	1282	354
5879	1429	307
5881	2854	592
5882	1741	229
5882	1741	271
5883	1987	394
5889	3026	493
5889	3026	541
5890	1694	594
5892	1039	233
5893	1524	491
5895	2960	259
5895	2960	561
5896	2229	541
5897	1679	451
5898	1868	598
5899	3456	471
5901	1634	267
5901	1634	249
5902	2205	287
5905	1010	321
5907	1371	185
5909	1582	215
5909	1582	307
5911	1390	377
5915	1810	332
5917	1591	313
5918	1975	206
5918	1975	114
5920	3502	766
5921	3248	574
5923	2875	583
5924	3092	623
5925	3138	417
5925	3138	449
5926	2063	185
5932	1518	514
5933	1513	541
5934	1337	286
5936	2795	313
5936	2795	301
5937	1617	335
5938	1626	592
5946	3252	272
5946	3252	579
5950	1529	428
5955	1421	334
5957	1457	318
5961	1390	338
5963	2488	230
5963	2488	333
5964	3000	544
5966	1961	402
5967	2812	158
5967	2812	240
5967	2812	594
5970	1488	278
5970	1488	227
5972	2106	480
5973	1688	528
5980	2567	302
5985	2811	532
5986	1744	361
5995	1638	329
5998	1857	281
5999	1917	503
6005	2124	227
6006	1767	554
6007	1598	295
6011	2375	567
6014	2960	458
6017	1542	407
6022	2015	486
6024	1232	304
6025	972	226
6026	1913	294
6029	1116	308
6030	1420	324
6032	2598	399
6034	1566	400
6037	3204	347
6037	3204	295
6038	2962	283
6040	885	211
6043	1774	331
6043	1774	234
6044	1690	450
6047	2173	318
6052	1738	275
6052	1738	238
6054	2533	573
6055	1629	269
6055	1629	289
6056	1634	335
6057	1436	285
6060	3484	540
6060	3484	454
6067	1703	287
6067	1703	285
6070	1541	417
6071	1572	413
6078	2233	187
6078	2233	208
6079	3074	593
6081	2115	222
6083	2093	322
6084	2355	373
6088	1111	319
6090	1402	304
6092	1555	286
6095	3322	321
6095	3322	225
6096	2215	185
6098	2479	731
6099	3705	353
6107	1391	261
6116	1234	302
6117	2624	291
6117	2624	297
6120	2099	576
6121	746	280
6130	1597	303
6132	2170	360
6133	2712	231
6133	2712	332
6134	3042	608
6138	1667	127
6138	1667	301
6142	2625	761
6143	2629	320
6144	2975	491
6146	2572	320
6147	3563	520
6152	3493	237
6153	1533	397
6155	3188	549
6156	1552	466
6157	1723	214
6157	1723	180
6159	2190	292
6161	972	215
6162	3424	398
6162	3424	423
6164	2388	411
6164	2388	192
6167	2580	248
6168	2861	506
6170	1173	411
6172	2248	272
6172	2248	310
6180	1961	549
6184	2358	567
6189	1859	506
6190	1306	340
6191	3408	446
6191	3408	339
6199	1589	294
6200	1928	206
6206	2327	430
6207	3046	379
6208	1734	250
6208	1734	200
6209	1956	423
6214	1692	200
6215	2022	369
6224	1179	185
6229	3291	581
6230	1364	319
6231	2059	259
6232	1859	518
6233	1906	335
6233	1906	193
6236	3075	207
6236	3075	547
6238	2675	278
6244	1424	185
6245	2046	474
6246	1940	565
6248	3699	429
6248	3699	359
6250	1861	226
6251	1686	540
6254	2949	587
6255	1656	532
6259	1537	580
6261	2393	383
6262	1617	303
6263	1931	404
6277	2431	626
6279	1278	428
6281	1990	487
6283	2238	455
6287	2977	330
6287	2977	528
6288	1857	227
6289	2428	639
6293	1776	511
6295	2126	490
6296	2551	692
6297	1852	559
6299	2784	568
6302	1623	376
6303	1448	242
6306	1827	233
6306	1827	344
6310	2226	601
6311	1721	254
6317	1924	526
6318	1346	222
6324	1786	572
6326	3064	478
6326	3064	518
6328	1763	319
6334	3310	415
6336	2154	592
6337	2327	441
6338	1885	368
6339	2452	428
6347	1522	465
6348	2209	565
6349	2381	539
6354	2005	514
6360	1477	196
6360	1477	230
6364	2357	450
6364	2357	457
6366	1275	507
6367	2164	471
6373	2055	339
6374	1593	206
6376	3284	365
6376	3284	442
6377	3199	386
6381	2065	272
6382	1511	439
6388	1626	174
6388	1626	330
6390	2372	435
6394	1777	428
6396	2357	501
6397	1781	515
6398	1615	333
6402	1626	431
6407	1987	565
6413	1962	300
6415	2795	593
6416	1530	643
6423	1327	375
6424	2592	522
6429	2593	428
6429	2593	421
6432	2666	394
6433	2622	547
6435	2032	227
6440	2454	430
6449	2172	239
6449	2172	314
6452	2046	276
6452	2046	160
6454	2701	548
6454	2701	193
6472	2674	513
6483	2318	638
6491	2561	801
6494	1780	296
6498	715	200
6501	1979	232
6502	1740	450
6503	2171	177
6503	2171	246
6504	2099	752
6509	2482	348
6509	2482	340
6511	1725	431
6511	1725	342
6512	864	243
6513	1713	361
6516	2010	503
6519	2086	368
6519	2086	303
6522	1995	244
6522	1995	397
6525	2112	464
6528	3267	584
6532	1200	220
6534	817	322
6535	2941	351
6535	2941	529
6537	2183	549
6538	6396	459
6539	2497	578
6539	2497	151
6542	2232	271
6544	1460	466
6548	2648	270
6548	2648	356
6552	1900	227
6555	2241	394
6556	817	281
6557	3857	282
6558	1039	334
6561	1272	551
6563	1495	525
6567	703	206
6576	3421	708
6577	1516	215
6580	1781	484
6582	726	200
6585	1816	339
6588	1841	364
6590	2736	627
6593	2028	376
6597	2127	491
6601	1421	285
6602	2675	829
6608	3020	646
6609	2782	642
6611	1720	295
6611	1720	215
6613	2767	676
6617	2200	271
6619	2572	365
6619	2572	273
6622	2309	397
6627	3504	323
6627	3504	432
6631	1328	273
6633	4833	578
6633	4833	436
6635	2129	481
6640	3214	453
6640	3214	468
6641	1630	382
6644	1106	387
6645	1561	467
6649	2233	345
6650	6154	639
6652	1902	258
6652	1902	136
6652	1902	190
6653	1507	537
6655	3085	200
6657	2315	389
6658	2159	295
6659	5729	471
6659	5729	660
6662	1982	526
6663	2891	176
6663	2891	529
6666	1468	262
6670	2316	305
6670	2316	266
6672	4285	286
6672	4285	553
6672	4285	158
6675	3596	528
6675	3596	517
6677	1540	227
6678	1850	440
6682	1477	324
6683	2991	454
6685	1666	551
6700	2020	457
6706	1119	295
6711	3650	602
6714	2935	391
6718	1559	315
6719	2000	309
6720	1899	249
6721	2385	589
6723	1373	185
6725	3308	799
6730	2326	503
6732	5457	508
6732	5457	504
6736	3730	446
6736	3730	441
6737	2437	271
6741	1948	381
6743	2366	410
6744	3155	592
6744	3155	496
6748	2453	594
6752	1762	364
6756	2558	488
6757	2801	527
6758	2709	429
6761	4929	388
6761	4929	630
6765	2413	356
6766	3876	400
6766	3876	609
6770	2529	232
6771	3262	185
6771	3262	149
6772	2718	518
6772	2718	403
6773	1378	453
6774	4519	535
6774	4519	522
6778	5398	308
6780	2842	321
6786	3719	479
6786	3719	384
6792	2652	233
6797	1893	452
6798	2036	484
6803	2181	499
6810	2435	481
6823	2659	540
6824	2158	543
6826	2266	295
6829	4108	237
6829	4108	361
6830	2655	211
6832	3469	277
6832	3469	442
6844	1627	281
6845	6189	561
6847	2938	617
6851	2299	508
6855	2670	515
6856	1725	489
6858	1837	382
6862	3213	314
6862	3213	610
6870	2523	501
6881	2700	354
6884	1700	185
6887	1750	439
6889	3425	450
6890	3481	408
6890	3481	483
6894	2644	186
6894	2644	230
6896	1481	282
6899	2832	200
6899	2832	159
6904	2444	754
6906	2425	460
6909	1862	245
6910	2351	309
6911	3168	239
6917	2267	511
6919	5024	513
6919	5024	393
6920	3363	345
6925	3255	715
6929	5701	459
6930	3196	635
6930	3196	551
6931	1659	287
6932	1795	360
6933	2284	389
6935	1743	481
6936	1520	443
6946	3052	698
6948	2018	333
6949	3123	525
6950	3411	724
6958	2796	525
6959	2330	473
6968	1336	384
6969	2498	327
6970	3243	454
6970	3243	482
6975	5224	873
6980	2644	346
6981	2864	657
6988	3041	594
6991	793	233
6992	1286	200
6997	1628	520
6998	1637	241
6998	1637	266
7004	2602	435
7005	4146	396
7008	3008	462
7009	1553	314
7014	1688	490
7015	2701	509
7023	2746	719
7033	1253	381
7034	2418	526
7038	3575	253
7038	3575	580
7040	2583	829
7044	2890	429
7044	2890	134
7044	2890	277
7049	2910	331
7049	2910	543
7050	3345	275
7054	3131	383
7055	2829	324
7056	2008	273
7060	2000	159
7060	2000	280
7061	1075	346
7071	1773	327
7078	1473	256
7079	2155	486
7080	2339	414
7082	2117	138
7082	2117	138
7089	1884	200
7090	2439	488
7094	2343	743
7097	2168	177
7102	2454	385
7103	1577	236
7104	1908	281
7105	1519	259
7106	3210	542
7109	1595	266
7110	1964	127
7110	1964	202
7115	2012	465
7125	4129	573
7130	4388	449
7130	4388	510
7134	5250	377
7138	1758	405
7144	1617	272
7150	1848	211
7155	1962	354
7164	2600	273
7170	1477	200
7172	4551	211
7172	4551	563
7174	1382	268
7176	2017	403
7178	3465	329
7178	3465	259
7185	1485	244
7186	1858	594
7190	1949	301
7191	1635	200
7198	3889	779
7201	1511	382
7206	1741	471
7219	1925	402
7229	1825	375
7234	1447	443
7236	4124	597
7236	4124	595
7237	4009	636
7237	4009	656
7240	4693	211
7247	4525	495
7251	834	211
7260	1785	369
7266	3322	416
7266	3322	349
7266	3322	262
7267	4420	567
7271	1446	383
7280	4689	345
7285	3820	362
7285	3820	249
7288	4045	382
7288	4045	662
7290	1262	256
7291	1325	215
7295	856	221
7296	2500	540
7303	3966	527
7304	2674	611
7310	1534	185
7315	1512	454
7341	2934	605
7351	3988	552
7351	3988	579
7352	2076	696
7357	3699	562
7357	3699	577
7359	2754	431
7378	3962	365
7378	3962	603
7382	3821	838
7384	4244	553
7384	4244	586
7389	2027	500
7394	2502	528
7411	2062	185
7418	902	249
7423	2099	592
7428	1632	295
7430	1138	200
7431	2932	660
7434	3531	429
7434	3531	291
7436	3566	591
7436	3566	603
7437	1608	402
7439	1463	337
7439	1463	260
7442	1561	396
7446	2100	466
7453	3234	377
7463	3716	573
7463	3716	546
7465	1831	377
7465	1831	298
7467	664	185
7478	3568	578
7482	3743	293
7482	3743	380
7485	1634	238
7488	3355	439
7492	4466	506
7497	1918	442
7505	2777	572
7508	5087	238
7510	1404	200
7511	2913	253
7513	1136	563
7514	2456	548
7518	3362	320
7523	2332	317
7525	4390	782
7526	4028	592
7526	4028	418
7535	1261	359
7539	2479	253
7543	1136	271
7546	3635	403
7547	2129	614
7549	2703	530
7554	3401	642
7554	3401	318
7558	1788	306
7558	1788	393
7567	2130	675
7568	2698	320
7569	2288	576
7572	1897	440
7573	2888	332
7578	4858	609
7578	4858	686
7580	3925	673
7581	2492	253
7583	1447	653
7586	2443	222
7591	1216	315
7606	1145	369
7610	2308	565
7614	1026	327
7616	2250	525
7618	2558	522
7621	1494	338
7622	1375	402
7636	1953	406
7642	2308	386
7642	2308	482
7643	2596	554
7648	1751	415
7651	3065	238
7656	1706	326
7659	2863	562
7661	2357	328
7661	2357	529
7662	5183	475
7666	1956	537
7668	1466	363
7671	2927	558
7676	677	127
7677	1770	547
7678	1396	440
7681	1906	373
7683	1501	314
7685	785	222
7687	1772	369
7692	4522	189
7692	4522	634
7697	2251	462
7698	1706	439
7703	1257	204
7703	1257	147
7705	5216	568
7706	5270	659
7711	1625	454
7712	2366	595
7713	1594	324
7714	1023	329
7716	1398	407
7719	1166	295
7720	1381	200
7723	1597	320
7723	1597	266
7724	2725	261
7726	3067	584
7729	1882	371
7740	972	185
7745	1782	301
7745	1782	144
7749	3137	241
7749	3137	539
7753	3495	549
7755	1777	361
7757	1175	226
7758	2403	345
7758	2403	356
7769	1942	508
7771	1288	564
7773	2834	573
7774	1727	439
7781	1417	470
7785	1405	359
7789	2356	381
7796	2052	222
7796	2052	250
7809	1534	444
7810	2782	917
7811	2278	591
7813	1203	382
7816	2232	538
7820	1967	420
7820	1967	466
7822	2082	611
7823	2635	365
7823	2635	523
7824	1499	436
7828	1323	185
7829	3465	188
7829	3465	276
7829	3465	225
7832	887	273
7834	1586	185
7834	1586	492
7836	2584	281
7836	2584	556
7837	1566	613
7842	2147	875
7843	1505	413
7844	1382	515
7847	1712	532
7848	1279	333
7849	2428	462
7849	2428	139
7849	2428	481
7851	2342	630
7851	2342	396
7857	1152	374
7858	875	185
7860	1272	185
7863	2590	519
7863	2590	554
7865	1234	347
7866	1488	481
7869	690	238
7872	1530	275
7872	1530	236
7876	1386	295
7876	1386	322
7878	1715	520
7881	1593	568
7883	1989	246
7883	1989	219
7884	2365	460
7884	2365	512
7889	1227	355
7889	1227	160
7890	2009	440
7895	1946	499
7895	1946	47
7895	1946	352
7896	2386	908
7897	2361	438
7898	2205	419
7900	2214	555
7901	1423	261
7902	1349	357
7905	2197	630
7907	2917	581
7907	2917	379
7908	3374	323
7908	3374	585
7909	2774	567
7909	2774	413
7910	1457	539
7911	1950	576
7912	1160	273
7913	1095	370
7915	976	359
7916	1864	540
7918	1750	365
7919	1417	405
7920	1260	502
7922	1454	226
7922	1454	200
7923	2661	757
7926	908	215
7930	2729	859
7931	2845	215
7936	2216	246
7936	2216	511
7937	1078	216
7938	2564	414
7938	2564	492
7942	2167	451
7945	2441	535
7950	1482	220
7950	1482	342
7954	2806	613
7954	2806	309
7955	3345	892
7958	3795	579
7958	3795	562
7960	2266	793
7962	2423	261
7966	1065	242
7971	2200	333
7971	2200	272
7974	1945	181
7974	1945	538
7977	3746	392
7977	3746	535
7979	3127	714
7980	3801	497
7980	3801	576
7984	3689	563
7984	3689	549
7990	2970	623
7994	1784	306
7998	2858	603
8001	3280	493
8002	1933	460
8006	1470	419
8011	2424	434
8011	2424	180
8012	1631	479
8016	1242	328
8018	2171	476
8020	3146	624
8022	1750	445
8023	3787	308
8023	3787	592
8025	1134	230
8027	2351	597
8029	2492	607
8030	3376	567
8030	3376	627
8031	2738	534
8034	1680	698
8035	3453	514
8035	3453	625
8039	3683	576
8040	2051	536
8044	1295	200
8045	2389	284
8045	2389	162
8047	3525	399
8047	3525	565
8048	918	200
8049	2974	593
8051	2240	564
8055	1009	475
8056	2173	189
8056	2173	493
8057	2905	209
8057	2905	138
8057	2905	199
8058	3079	639
8060	3113	916
8061	2348	609
8063	1878	464
8064	2010	381
8065	2675	865
8066	2981	439
8066	2981	525
8067	2386	350
8068	2201	580
8070	2191	608
8072	2702	631
8075	1573	299
8075	1573	142
8075	1573	130
8075	1573	25
8081	1952	564
8083	2152	255
8084	2096	485
8085	2413	305
8085	2413	341
8086	2830	333
8090	2362	301
8090	2362	266
8091	2219	660
8092	2937	383
8092	2937	369
8092	2937	22
8098	2197	312
8098	2197	190
8102	2346	529
8103	2806	375
8106	3214	241
8106	3214	42
8106	3214	383
8107	1959	480
8113	2249	365
8115	2710	314
8115	2710	297
8116	3247	568
8119	3537	651
8119	3537	302
8119	3537	39
8121	2813	416
8123	2373	498
8124	3153	843
8124	3153	405
8131	2589	238
8134	2773	624
8138	1561	357
8141	2703	255
8142	1428	361
8143	1949	291
8144	3365	419
8145	2262	697
8146	2267	420
8147	1655	299
8148	2284	275
8148	2284	355
8150	3135	525
8152	1101	290
8153	3356	908
8154	1768	338
8157	2248	422
8159	3237	418
8159	3237	615
8161	1743	265
8161	1743	250
8165	1130	291
8169	2120	571
8170	3189	464
8171	2377	339
8171	2377	365
8177	2776	631
8179	3842	511
8182	3554	416
8182	3554	159
8182	3554	19
8182	3554	486
8184	2916	346
8184	2916	354
8185	3098	314
8191	1260	290
8194	1449	238
8196	1671	322
8199	3952	218
8199	3952	39
8199	3952	607
8200	2412	556
8201	2963	497
8202	1557	587
8206	2248	1020
8210	1792	353
8211	2646	583
8213	2740	591
8214	2988	610
8216	1762	399
8224	2481	510
8225	876	292
8226	2184	594
8233	1487	275
8234	1573	356
8235	1878	464
8236	2578	657
8238	2901	552
8238	2901	211
8241	1867	254
8243	3338	818
8245	1881	449
8248	2854	446
8248	2854	620
8249	1606	413
8249	1606	323
8251	3206	389
8253	1795	249
8254	3254	559
8257	3094	534
8258	1939	550
8259	1473	318
8262	2490	321
8262	2490	408
8264	3185	905
8265	3300	583
8265	3300	641
8268	2128	315
8269	1014	292
8269	1014	211
8270	2526	349
8270	2526	308
8271	2807	408
8272	3499	602
8277	2531	292
8277	2531	355
8280	2537	368
8283	2454	361
8283	2454	246
8284	1258	368
8287	1617	237
8295	1831	578
8300	3141	565
8300	3141	82
8300	3141	164
8303	1392	286
8311	1560	431
8314	2339	459
8315	3429	569
8315	3429	282
8315	3429	38
8316	1330	606
8317	874	279
8318	2157	603
8322	1309	425
8323	1459	388
8327	2729	329
8330	2534	826
8331	2174	534
8333	2888	280
8334	1512	410
8337	3092	410
8337	3092	420
8340	2356	633
8342	3053	494
8342	3053	426
8344	2414	533
8344	2414	448
8348	2489	499
8348	2489	476
8349	2753	272
8350	2780	867
8352	2485	609
8357	3128	680
8358	1946	211
8359	3283	891
8362	2456	273
8362	2456	311
8369	1062	338
8370	3117	698
8370	3117	320
8371	2795	584
8372	1280	471
8373	2646	579
8375	3276	443
8375	3276	350
8377	2443	547
8378	2572	549
8383	3770	977
8384	2736	500
8384	2736	263
8391	1575	607
8395	3908	606
8401	1399	538
8402	1839	280
8403	3011	587
8403	3011	513
8404	3075	228
8404	3075	411
8405	3632	710
8406	646	285
8407	2550	625
8411	3063	304
8418	3410	559
8418	3410	516
8419	3869	564
8419	3869	618
8420	1562	361
8424	2570	681
8425	2409	505
8425	2409	319
8428	3493	537
8428	3493	559
8430	1687	369
8431	2833	228
8431	2833	241
8432	1105	266
8434	3452	515
8434	3452	544
8438	3192	250
8439	3898	732
8440	2555	609
8441	3042	589
8444	1916	197
8444	1916	225
8447	1863	238
8450	2100	615
8451	1481	381
8452	2710	556
8463	1113	284
8464	3747	137
8464	3747	222
8464	3747	111
8467	2664	206
8470	2891	791
8475	2807	554
8475	2807	283
8476	1082	379
8479	1858	201
8479	1858	526
8481	3430	594
8485	3012	796
8489	3820	612
8490	3603	586
8490	3603	437
8494	1310	605
8497	1542	514
8498	2289	424
8498	2289	501
8502	3361	910
8504	1637	519
8505	2368	330
8505	2368	400
8506	2951	597
8508	1387	485
8510	2331	262
8511	2858	451
8511	2858	373
8520	3066	496
8520	3066	523
8522	1140	371
8524	1774	453
8525	3680	372
8528	2075	511
8530	1385	525
8537	3607	227
8542	1068	341
8544	2256	607
8546	1409	281
8547	2436	735
8551	2467	216
8551	2467	214
8551	2467	357
8553	2604	509
8553	2604	501
8554	1613	312
8554	1613	331
8555	1475	568
8556	2299	491
8557	2318	285
8560	2402	613
8562	1930	710
8564	1234	269
8565	1626	448
8567	1753	548
8572	2038	532
8573	1165	486
8574	3446	503
8574	3446	498
8575	3804	258
8575	3804	459
8580	1603	428
8583	1803	607
8584	2822	566
8585	3067	428
8585	3067	484
8586	3017	548
8588	1432	204
8588	1432	305
8592	1375	338
8595	1962	474
8596	2553	581
8597	3638	478
8597	3638	633
8598	1833	428
8600	1480	490
8601	1225	185
8603	1500	334
8604	1322	238
8608	1402	292
8608	1402	239
8610	1755	658
8611	1328	378
8613	2416	548
8614	1290	226
8614	1290	311
8619	1808	485
8621	1348	385
8625	2670	947
8641	1874	544
8645	1764	200
8646	2116	553
8650	1535	285
8653	1505	378
8655	1794	479
8660	2229	520
8665	2249	388
8668	2723	571
8669	3103	520
8669	3103	160
8669	3103	264
8671	1129	181
8671	1129	341
8673	869	185
8674	718	221
8675	2555	553
8677	2697	422
8677	2697	345
8678	2734	334
8678	2734	443
8683	910	293
8684	1791	536
8685	1284	351
8686	1253	285
8687	2175	664
8687	2175	333
8688	1372	297
8688	1372	193
8689	1276	604
8693	2577	188
8693	2577	514
8694	3009	552
8698	681	227
8700	1750	305
8700	1750	319
8702	969	267
8704	1847	227
8705	1179	326
8706	1519	260
8706	1519	257
8707	1489	374
8716	1577	206
8717	2976	573
8717	2976	160
8719	1942	553
8723	1380	322
8724	1545	185
8728	1355	469
8730	1226	111
8730	1226	111
8735	1034	271
8741	1195	289
8742	2189	679
8743	2128	481
8747	1580	478
8748	2310	334
8749	1845	486
8750	1903	260
8751	2369	185
8751	2369	401
8752	1285	408
8754	2763	261
8756	2500	594
8758	1908	550
8759	1277	312
8762	3246	521
8762	3246	472
8767	1557	336
8767	1557	211
8769	2792	409
8769	2792	307
8770	1528	484
8773	1644	481
8774	2724	497
8775	993	388
8776	2189	534
8781	1283	295
8782	1547	331
8785	1512	501
8787	2286	912
8791	1345	333
8792	2383	295
8798	3296	559
8799	1973	483
8800	1633	269
8801	1242	474
8802	1733	520
8803	2108	563
8804	2130	533
8805	1263	333
8809	1452	470
8810	1663	269
8811	808	200
8813	1763	523
8814	1783	541
8815	1777	234
8816	2014	519
8822	2436	400
8822	2436	366
8824	1264	215
8834	1783	272
8835	3784	357
8835	3784	534
8837	1658	534
8838	1386	333
8841	2098	330
8843	1603	462
8844	1470	286
8845	1862	502
8847	1669	550
8849	981	261
8850	1593	420
8851	2316	691
8853	1403	373
8855	968	305
8858	2048	392
8862	898	185
8868	1889	566
8869	2828	503
8869	2828	344
8870	1904	558
8875	2167	488
8877	1999	551
8878	1864	527
8879	1943	544
8881	1616	335
8881	1616	272
8883	1989	554
8884	1724	506
8885	2351	536
8886	3279	630
8886	3279	458
8887	1519	336
8888	1905	313
8888	1905	288
8889	1998	409
8894	1742	238
8894	1742	147
8896	1457	422
8897	3018	187
8897	3018	348
8898	1820	260
8899	2391	511
8900	1108	211
8903	1393	341
8907	634	243
8909	867	200
8910	1361	330
8914	1358	346
8917	2687	600
8917	2687	200
8917	2687	335
8918	1700	425
8919	2996	908
8920	986	342
8921	2580	543
8922	1756	334
8925	2950	230
8926	2605	533
8928	2482	560
8930	2443	504
8937	3854	553
8938	1512	380
8940	2041	417
8941	1474	566
8942	1506	499
8946	1224	324
8947	3089	608
8951	1335	405
8955	3466	165
8955	3466	735
8957	2724	591
8958	2615	502
8958	2615	520
8964	3082	440
8964	3082	503
8972	1641	482
8976	1789	332
8976	1789	361
8978	1701	283
8979	1748	356
8979	1748	186
8981	2074	731
8982	2773	529
8982	2773	588
8984	1518	618
8990	3671	533
8990	3671	551
8998	2330	390
9001	2923	491
9002	1195	359
9004	2673	595
9004	2673	197
9006	1760	537
9007	1710	523
9010	2911	458
9010	2911	479
9014	2128	350
9016	2550	890
9017	1207	300
9021	1076	259
9022	1859	406
9023	3496	480
9023	3496	314
9024	2252	185
9026	1966	304
9028	2947	457
9028	2947	520
9029	1263	161
9029	1263	139
9032	2322	276
9033	1323	343
9034	2138	306
9043	3466	534
9043	3466	516
9059	1205	524
9060	2786	461
9065	1147	292
9066	3300	433
9067	2607	350
9068	1292	206
9070	2274	345
9070	2274	502
9071	2027	532
9072	2157	592
9076	3052	563
9088	1686	259
9089	2260	573
9090	2022	522
9091	1696	320
9092	1617	533
9093	3316	526
9093	3316	577
9097	2375	612
9098	3387	573
9099	2258	187
9099	2258	147
9100	2205	185
9100	2205	153
9102	3144	535
9106	2829	469
9106	2829	54
9108	1518	299
9110	1384	292
9115	2382	619
9116	2876	547
9117	1799	528
9119	3146	311
9119	3146	288
9121	2829	578
9121	2829	336
9122	1319	206
9126	2649	275
9126	2649	453
9127	1674	354
9140	2522	507
9142	1765	297
9146	2189	369
9146	2189	312
9152	1259	228
9152	1259	169
9153	1958	635
9156	1886	310
9157	3048	581
9158	2550	544
9162	1435	449
9163	1845	161
9163	1845	212
9164	1578	332
9164	1578	263
9169	2359	622
9173	1189	253
9174	2184	317
9176	1898	172
9176	1898	167
9178	2230	443
9179	2082	317
9181	1736	285
9181	1736	264
9183	1036	211
9184	1979	313
9185	2629	595
9188	1114	497
9189	1582	548
9190	1590	361
9195	1923	318
9197	3044	552
9198	2783	762
9200	3593	600
9200	3593	239
9202	1889	480
9204	921	347
9211	912	272
9213	1270	426
9214	2030	551
9215	1451	514
9216	3973	573
9216	3973	471
9217	1341	289
9218	2137	601
9220	1220	345
9221	3310	550
9221	3310	544
9224	2062	320
9224	2062	343
9231	1455	244
9235	3529	537
9235	3529	185
9237	1670	325
9239	2228	331
9240	1457	305
9245	1942	478
9246	2151	383
9247	2480	582
9249	3039	438
9253	2008	299
9255	2559	293
9256	3194	670
9260	1100	255
9264	1908	437
9265	3284	580
9269	1130	310
9270	2092	610
9272	3635	543
9272	3635	350
9273	2300	545
9276	2064	345
9279	1929	356
9280	3044	449
9280	3044	550
9282	1191	382
9283	1929	250
9283	1929	337
9284	1604	185
9285	2260	555
9286	2393	521
9287	2642	589
9292	1428	289
9300	3781	655
9300	3781	383
9302	1296	324
9303	1019	275
9304	2017	582
9311	5436	604
9311	5436	744
9313	1867	373
9314	1500	250
9317	1377	438
9318	2721	508
9320	1994	185
9321	3309	153
9321	3309	502
9323	1941	194
9323	1941	304
9325	1705	466
9331	1527	368
9332	1283	326
9337	2401	645
9339	4255	570
9339	4255	509
9340	1436	190
9340	1436	173
9341	1716	441
9346	1796	509
9347	1483	249
9348	3663	791
9352	1381	320
9353	2199	376
9353	2199	275
9355	2239	414
9355	2239	242
9356	2577	611
9361	3094	725
9370	2259	596
9373	3181	200
9376	1085	232
9380	968	348
9382	2338	485
9388	2128	665
9389	1633	509
9393	2290	272
9393	2290	205
9395	5027	555
9395	5027	407
9397	1556	340
9398	2372	291
9399	2875	634
9402	1859	464
9404	4788	620
9404	4788	562
9405	1403	279
9408	1877	355
9409	3730	610
9410	1371	185
9410	1371	279
9414	1405	412
9418	2677	464
9419	2406	570
9421	1511	200
9432	1387	282
9434	2059	357
9435	1830	453
9438	813	237
9439	1654	222
9442	2221	541
9442	2221	324
9443	1001	357
9444	2328	159
9444	2328	545
9445	4740	836
9445	4740	545
9445	4740	248
9446	1979	441
9448	2295	639
9449	2448	671
9452	1937	512
9453	2102	712
9454	960	185
9455	4157	591
9455	4157	605
9456	3807	287
9456	3807	612
9457	2875	607
9458	2887	430
9458	2887	400
9460	2384	496
9463	1529	510
9464	3308	589
9465	2306	391
9466	1691	326
9468	1805	289
9485	1488	353
9495	1595	305
9497	2608	637
9499	2529	651
9504	2881	470
9506	1434	500
9508	1523	186
9508	1523	157
9509	1685	336
9510	1256	239
9511	3790	900
9513	3682	439
9514	2318	404
9518	1309	279
9522	2764	674
9525	2956	548
9525	2956	529
9527	1964	241
9529	1921	171
9529	1921	152
9530	3015	488
9532	2191	308
9532	2191	384
9535	4211	627
9535	4211	409
9537	2189	692
9539	1229	370
9540	2339	560
9541	1156	238
9545	3130	200
9548	1965	552
9552	2869	254
9554	2939	524
9556	1099	302
9558	1769	221
9558	1769	249
9559	2340	833
9560	3625	441
9563	3657	605
9563	3657	350
9564	2385	552
9565	2411	400
9565	2411	542
9566	2025	504
9568	3326	661
9568	3326	548
9569	2633	584
9570	2216	677
9574	4995	637
9574	4995	425
9580	4823	640
9592	1614	324
9595	3800	554
9598	2420	448
9599	2156	389
9604	1993	407
9606	2896	548
9608	1584	206
9610	2563	581
9610	2563	246
9611	2566	612
9612	2927	629
9613	2974	255
9617	2234	507
9618	4675	521
9621	2285	440
9621	2285	513
9631	3293	595
9631	3293	209
9631	3293	236
9633	6921	240
9633	6921	417
9639	2047	403
9640	2930	200
9642	1622	466
9649	3642	283
9653	2159	185
9656	1504	516
9661	2424	562
9663	5161	649
9663	5161	623
9666	2180	509
9666	2180	183
9667	2953	381
9667	2953	463
9668	5589	635
9668	5589	648
9670	2326	394
9670	2326	166
9676	3402	415
9678	1970	552
9683	1396	392
9685	1606	352
9686	2123	266
9687	4354	375
9687	4354	552
9699	1182	442
9701	2243	520
9703	2126	585
9704	2796	686
9705	2531	473
9710	3238	244
9714	1954	336
9715	2383	300
9717	2323	613
9718	3697	661
9726	2030	315
9733	6699	227
9733	6699	143
9733	6699	562
9735	2267	357
9736	2413	609
9743	2941	640
9743	2941	509
9745	5313	401
9745	5313	386
9745	5313	368
9745	5313	272
9748	2819	473
9752	1914	526
9754	2994	536
9754	2994	352
9755	2004	326
9755	2004	216
9756	1233	362
9757	2641	534
9757	2641	323
9758	1214	272
9760	3261	605
9764	2478	585
9765	2415	635
9767	1660	438
9769	3086	569
9769	3086	348
9771	2801	586
9775	1773	527
9778	1007	331
9780	1830	458
9781	4981	291
9781	4981	365
9783	1100	318
9785	1606	545
9789	2257	463
9789	2257	464
9790	2109	598
9792	2604	510
9792	2604	462
9795	1620	222
9797	1180	369
9798	1655	498
9799	2383	679
9800	2371	509
9805	4130	298
9806	1373	185
9809	1225	315
9813	1576	290
9815	1326	388
9816	1230	514
9819	2698	574
9819	2698	494
9820	2130	856
9821	3374	617
9821	3374	553
9822	1476	490
9823	1505	420
9824	2556	586
9825	3915	275
9825	3915	282
9828	2038	372
9828	2038	456
9832	2161	473
9836	860	253
9839	1408	291
9840	1613	495
9841	1648	355
9842	1716	373
9843	1946	507
9844	1787	473
9847	2948	512
9848	2143	500
9849	9596	490
9849	9596	479
9849	9596	524
9849	9596	535
9855	2252	206
9857	1237	589
9861	1168	296
9862	1593	582
9865	1655	495
9870	2014	590
9871	1477	413
9875	9282	266
9875	9282	316
9875	9282	340
9876	5535	254
9876	5535	160
9876	5535	330
9878	3726	399
9878	3726	459
9879	2243	482
9879	2243	435
9880	2694	952
9888	1883	354
9888	1883	328
9889	852	271
9890	5395	240
9890	5395	612
9892	642	227
9894	1004	551
9898	1900	378
9900	3083	559
9900	3083	567
9901	2105	579
9903	3122	503
9903	3122	551
9904	606	185
9909	2356	410
9911	2856	561
9911	2856	185
9915	2956	222
9915	2956	226
9923	3389	208
9923	3389	193
9923	3389	365
9924	4608	226
9926	3476	614
9927	3112	472
9937	1985	549
9938	1556	312
9939	1581	361
9940	1383	350
9949	1205	250
9951	1578	359
9953	1720	577
9954	1711	232
9955	1139	280
9959	1309	339
9960	2300	238
9962	2561	222
9970	10412	248
9975	3652	413
9990	1834	282
9997	2847	299
9998	6059	553
10003	2419	396
10017	1063	249
10019	2527	327
10019	2527	200
10024	1353	227
10030	2684	312
10030	2684	343
10031	1624	233
10038	1802	306
10040	2478	359
10043	3008	597
10051	1633	339
10056	1829	304
10065	3712	543
10065	3712	572
10069	4301	456
10069	4301	612
10070	2771	587
10071	2107	316
10072	2805	547
10073	951	390
10075	2754	543
10075	2754	408
10077	1325	267
10079	1156	215
10080	2330	296
10081	809	243
10083	1282	251
10087	2250	613
10090	1247	424
10093	3876	559
10093	3876	532
10099	2107	487
10100	2126	552
10104	3248	636
10108	1842	444
10109	1305	185
10109	1305	302
10111	3074	311
10111	3074	544
10113	2533	595
10115	1718	523
10118	1489	337
10121	1857	568
10122	2069	354
10126	1445	344
10127	1739	481
10132	1348	531
10134	4052	638
10138	1530	486
10139	3890	567
10139	3890	580
10142	3044	470
10142	3044	536
10143	2267	449
10143	2267	570
10146	1821	573
10148	1898	589
10150	2114	460
10157	3581	519
10157	3581	581
10163	1809	244
10168	803	356
10170	3364	750
10174	2069	592
10176	3141	615
10176	3141	667
10178	2692	503
10180	2346	498
10186	1166	452
10188	795	185
10189	2191	563
10190	1584	494
10194	2528	559
10197	2097	575
10198	1711	543
10200	1635	623
10201	1612	366
10207	2673	664
10208	4558	529
10208	4558	550
10211	1693	244
10212	1075	232
10216	4145	288
10216	4145	204
10216	4145	657
10217	1206	285
10218	1929	412
10220	850	325
10222	2350	236
10222	2350	530
10228	2312	610
10229	1224	424
10235	1850	386
10238	3120	485
10238	3120	388
10240	2976	592
10240	2976	539
10246	1302	368
10248	884	334
10250	1914	567
10261	2268	293
10261	2268	316
10266	2974	451
10269	630	222
10270	1409	230
10271	1254	464
10278	2052	313
10278	2052	283
10282	757	310
10283	1216	262
10284	1050	211
10288	1318	537
