0	14802	28550
5	2429	257
6	1628	259
8	4461	462
11	3827	468
12	2592	275
19	3775	360
19	3775	409
20	2315	371
24	2590	429
32	3767	308
32	3767	262
38	3252	331
38	3252	319
40	3821	426
47	3225	335
48	4480	486
51	3110	461
52	4841	412
52	4841	471
54	2445	292
56	2768	446
62	2903	465
65	2327	322
67	1797	299
69	2744	520
71	2680	446
72	953	229
78	4720	206
80	1897	267
81	2538	505
85	3907	517
87	2194	436
89	2102	322
98	5224	329
98	5224	473
102	3874	438
106	3066	484
110	4063	342
113	1905	270
114	2711	316
115	2687	303
118	3471	358
121	2671	266
122	1694	297
124	2238	261
126	3209	316
128	4555	366
128	4555	300
129	2117	492
130	3048	431
133	2645	322
135	4511	322
142	4134	477
143	4120	301
152	3120	309
152	3120	256
155	2383	268
158	2783	351
158	2783	324
159	2117	331
166	4610	465
168	2173	241
170	4740	490
171	2971	185
171	2971	239
173	3765	185
176	2252	374
177	2545	304
187	3658	560
193	2662	268
194	3603	200
195	3853	355
197	2916	335
202	3560	439
204	3066	498
205	2164	313
206	4909	473
206	4909	492
213	3617	453
214	2769	329
215	3139	459
216	3879	398
221	2956	506
223	2707	456
227	2515	357
228	4599	509
228	4599	362
233	3966	544
237	1654	479
238	3172	185
246	4624	373
246	4624	282
252	3140	200
255	4234	364
255	4234	432
262	2880	211
264	3951	458
267	4904	304
269	2897	340
273	2200	273
276	3050	454
278	4793	419
282	2808	316
284	2631	226
286	4053	571
287	2516	510
289	3699	525
294	3440	233
302	3364	336
305	2429	543
306	3389	289
307	3189	215
312	2640	261
315	3280	451
318	2881	352
323	4890	481
328	3273	453
332	2558	514
333	1721	519
342	3377	180
342	3377	256
344	2089	283
345	2555	322
347	3321	420
349	2861	311
350	4534	531
354	2630	238
355	2725	571
358	3271	447
361	2841	325
363	5531	627
367	3607	321
370	3192	576
371	4183	444
371	4183	517
372	3312	390
375	1542	329
376	4622	638
377	2015	259
395	3558	215
401	2884	320
402	4340	215
402	4340	348
409	2110	519
410	2937	326
427	3617	631
431	2425	260
440	3416	265
447	4570	261
447	4570	250
454	3671	211
456	3857	527
457	3860	555
460	2741	541
464	4218	474
464	4218	452
466	1988	303
471	5466	672
475	2425	551
484	3848	409
486	2821	490
488	2610	273
491	2943	480
494	2280	414
497	2495	424
499	4149	394
501	4631	200
502	4475	419
502	4475	497
512	3882	311
519	2361	295
521	2973	235
522	4255	401
524	1994	227
535	4609	660
538	2182	330
541	3476	365
544	3537	428
553	3878	318
553	3878	246
558	3252	489
561	2665	332
564	3521	173
567	4377	767
571	3060	550
573	3586	547
576	2895	565
577	3788	542
583	4681	486
587	3513	531
593	2057	238
595	4244	478
597	1794	242
598	3431	426
599	4104	227
600	3849	635
601	2640	309
602	2821	332
604	1471	299
609	3747	331
619	5058	200
628	2184	334
630	3778	545
636	5124	343
637	2784	267
638	3947	482
639	3792	375
639	3792	340
642	3405	461
652	1334	324
656	2628	238
659	3104	301
663	2950	376
664	2688	345
670	5298	498
672	3016	285
673	3097	519
684	2514	285
685	2535	415
692	3775	456
694	4667	530
695	4147	375
702	4689	327
702	4689	318
705	3949	505
707	2298	216
708	2275	305
709	3986	317
711	4418	379
719	3007	238
725	2863	288
725	2863	303
726	1752	253
727	2432	314
727	2432	305
728	2802	471
731	2183	200
740	4200	472
742	3351	456
746	2210	298
751	2724	537
752	1706	276
757	2510	309
764	3058	317
766	2553	529
767	4469	533
768	2376	408
771	4729	326
771	4729	200
774	1628	363
775	1546	232
776	1599	227
782	1661	302
784	3686	266
785	3364	152
785	3364	168
788	3679	505
798	2688	243
807	5143	489
809	3016	290
809	3016	222
820	2302	328
822	3886	392
828	4990	703
828	4990	621
830	2666	331
831	2523	652
833	2839	514
834	2219	299
836	3008	430
842	1896	452
857	2474	200
860	1783	200
865	5339	336
868	3414	290
869	2787	650
870	4399	461
878	4463	338
881	2488	482
885	4072	328
890	3015	327
895	3314	337
895	3314	310
903	3842	282
905	3051	452
907	1526	275
909	3471	581
913	2337	551
914	2466	293
917	2671	185
922	3134	358
926	1732	242
931	5562	298
939	2174	459
942	4713	381
942	4713	283
943	1757	249
946	4701	524
950	2628	512
951	4256	479
951	4256	255
954	3504	165
954	3504	181
955	3104	327
956	2565	309
957	2399	479
958	2190	312
959	1834	439
963	2528	185
965	2344	415
966	3836	369
967	2968	302
970	2447	360
974	3181	206
979	2341	302
983	1391	227
984	1496	327
986	2787	595
993	2237	597
998	2294	465
1000	4276	571
1003	1498	485
1005	2957	277
1007	3160	244
1010	3942	422
1010	3942	225
1018	2092	445
1020	4740	466
1021	3244	384
1022	2974	510
1024	3110	445
1027	2206	290
1030	2411	474
1035	3360	544
1037	4404	738
1039	2080	296
1040	3744	413
1041	4557	447
1041	4557	254
1045	4244	491
1046	2720	448
1049	2322	291
1050	4261	581
1051	2586	370
1056	4533	456
1056	4533	427
1065	3335	327
1071	3569	394
1072	3376	482
1073	2313	480
1074	2590	351
1076	2798	322
1078	2742	422
1083	3508	470
1088	2543	328
1091	1955	357
1092	2438	370
1094	3121	215
1095	2136	331
1097	2817	222
1101	2575	442
1102	4698	268
1103	3391	362
1106	3557	484
1114	4206	513
1115	1840	185
1120	2562	504
1125	2808	239
1130	3747	521
1155	3061	499
1160	1705	243
1164	2824	310
1168	5369	440
1168	5369	455
1170	3014	281
1170	3014	324
1174	1503	215
1175	4071	185
1176	2155	215
1181	2168	305
1181	2168	250
1182	2900	348
1184	4669	563
1184	4669	478
1192	2344	469
1194	5048	457
1197	3608	358
1226	2687	338
1243	2398	238
1250	3761	324
1255	2536	185
1260	2189	272
1264	3086	434
1268	2919	355
1277	2663	238
1279	3473	385
1288	2261	185
1292	1714	238
1299	2791	260
1307	3761	344
1312	2853	290
1320	2431	303
1321	2673	565
1322	4913	300
1327	4257	364
1332	4087	388
1338	1658	382
1341	3768	347
1344	3908	511
1346	2737	291
1353	2765	274
1360	4272	683
1362	2506	349
1363	3694	244
1364	3358	427
1365	2080	227
1371	4470	335
1384	3464	281
1388	3738	514
1390	3097	334
1395	4249	387
1402	12537	365
1402	12537	315
1414	8177	285
1420	1167	222
1421	3705	408
1442	4708	185
1443	3056	314
1445	3066	242
1450	2285	312
1463	1897	200
1486	2219	200
1505	3024	290
1510	4524	445
1519	1962	293
1522	2876	425
1528	2596	443
1534	3638	267
1536	7464	222
1540	2190	284
1543	2476	238
1543	2476	205
1556	4072	493
1557	3152	424
1563	2574	367
1568	3136	315
1572	1667	200
1590	5251	227
1590	5251	227
1616	3355	434
1620	3311	442
1622	1957	329
1624	4249	297
1626	2836	419
1647	3496	771
1652	1972	336
1668	1507	286
1677	2780	322
1686	1896	306
1695	2266	239
1696	1490	185
1708	3189	408
1709	1891	211
1710	2453	291
1716	2731	267
1735	2898	332
1739	2550	211
1744	2037	379
1748	2527	396
1754	2097	313
1778	3875	186
1778	3875	305
1778	3875	211
1796	3997	502
1801	2673	376
1809	2014	222
1816	4455	534
1822	5259	321
1822	5259	176
1826	1977	388
1831	4328	395
1831	4328	522
1836	2133	222
1841	3478	510
1842	4140	268
1850	4340	248
1861	2236	510
1870	5024	242
1886	5133	662
1893	4206	429
1894	2977	530
1898	2869	290
1907	3726	185
1909	1946	512
1916	1677	330
1919	2778	485
1924	2795	479
1926	1559	299
1934	4122	259
1937	4062	365
1940	2233	272
1944	2749	335
1947	4458	467
1952	1990	498
1958	2647	490
1963	5010	334
1963	5010	437
1966	2552	510
1968	3655	321
1969	4841	539
1978	3749	437
1982	3256	494
1983	2949	447
1990	3078	347
1992	4119	512
1993	3272	388
2002	3914	726
2011	4499	480
2012	2514	364
2020	3732	413
2022	3381	473
2024	2542	462
2025	2167	506
2027	3622	539
2033	4226	440
2035	2316	497
2036	3332	498
2039	2231	359
2044	2795	467
2046	2870	518
2047	2237	284
2049	2942	239
2050	3062	318
2051	3482	516
2056	2813	553
2057	2392	185
2061	2684	504
2067	2144	185
2069	3511	387
2073	2254	467
2076	1855	475
2079	3773	508
2087	1869	266
2096	2183	512
2098	4790	553
2100	4412	518
2104	4292	473
2107	5066	500
2113	2412	336
2114	2480	229
2119	2129	334
2127	2041	260
2131	2230	312
2134	4244	237
2137	4882	743
2139	2084	232
2141	2102	348
2142	1749	292
2144	2085	326
2145	2549	352
2145	2549	325
2147	2466	248
2149	4558	308
2149	4558	144
2151	2763	450
2154	3464	343
2155	2387	157
2155	2387	151
2158	4378	472
2159	2160	270
2160	2192	345
2161	2367	474
2163	3498	542
2169	2278	282
2173	2856	351
2173	2856	312
2178	3641	268
2178	3641	319
2179	2413	408
2180	1971	499
2181	1915	283
2184	2241	367
2187	3338	281
2188	2864	436
2190	2014	324
2193	2341	333
2195	3426	245
2198	2323	266
2214	3594	652
2215	2257	515
2217	2065	504
2218	5190	357
2226	3153	490
2228	2700	327
2228	2700	265
2236	3767	407
2241	1738	211
2242	1818	200
2243	1463	200
2246	1372	295
2250	2681	427
2255	2045	276
2256	3558	470
2259	2592	185
2261	2117	346
2262	3757	341
2263	3382	314
2264	4559	375
2266	4465	416
2269	2883	459
2272	3014	253
2278	2058	200
2279	2506	511
2282	4215	243
2284	2910	245
2285	2093	345
2297	2611	488
2301	5192	486
2302	2596	417
2303	3513	440
2306	2177	200
2316	1895	521
2317	3267	508
2318	2858	263
2323	3961	482
2325	4418	454
2325	4418	288
2326	3641	473
2333	2575	397
2342	3254	300
2342	3254	392
2345	1473	287
2351	3679	482
2352	2212	389
2356	2393	255
2358	2879	253
2358	2879	324
2359	3774	230
2359	3774	345
2362	2416	243
2365	3759	427
2367	2542	419
2370	3109	200
2380	3382	460
2381	4267	411
2381	4267	255
2383	2429	345
2384	2326	250
2388	2047	474
2391	3741	518
2401	2535	185
2402	4085	364
2406	2150	565
2411	3694	439
2415	1406	289
2419	2103	262
2423	2366	314
2433	2955	512
2434	3609	415
2441	3227	506
2445	3490	529
2450	2256	290
2453	2279	232
2456	3046	254
2458	2622	492
2459	3796	547
2462	2394	548
2465	2250	374
2467	2266	393
2468	2548	185
2469	2845	320
2471	1645	234
2479	2400	422
2481	2946	503
2481	2946	432
2482	2121	417
2483	2927	497
2485	2381	304
2489	1510	351
2493	2264	510
2495	3079	306
2495	3079	185
2496	4083	392
2496	4083	131
2497	4954	357
2497	4954	451
2499	3213	476
2506	2785	480
2509	2025	215
2511	3125	185
2518	3647	407
2519	3080	335
2519	3080	341
2521	2900	409
2523	1482	185
2524	3380	386
2527	1611	238
2530	2330	422
2531	2606	504
2534	3822	265
2535	5219	471
2547	3276	247
2547	3276	333
2552	2316	249
2562	2735	475
2565	2637	267
2566	2096	493
2569	3331	345
2570	3567	462
2574	2925	283
2574	2925	185
2577	4976	227
2582	2580	419
2588	3066	185
2596	3515	439
2597	3735	465
2602	1804	435
2603	4857	506
2606	3224	446
2609	4170	396
2610	2997	430
2611	2838	233
2612	3971	307
2616	2347	211
2620	2567	413
2622	4448	436
2623	4058	379
2623	4058	463
2625	3292	498
2628	2829	250
2630	3479	407
2639	3112	298
2640	2371	336
2642	3899	455
2647	4194	222
2647	4194	171
2647	4194	106
2648	4654	387
2648	4654	348
2651	4682	459
2653	2221	319
2654	3407	316
2657	2989	481
2658	5209	291
2672	3442	416
2685	2094	211
2686	4289	238
2698	2347	347
2706	3302	267
2707	2810	465
2709	4116	365
2716	1949	459
2717	4034	523
2720	3205	316
2724	2469	289
2729	1802	227
2730	2227	269
2746	3195	200
2746	3195	291
2748	2519	329
2752	2247	355
2753	2900	436
2754	3139	301
2760	2254	185
2770	4354	499
2771	2697	185
2778	2871	457
2780	2705	273
2783	2512	462
2788	2260	412
2792	2912	355
2795	2403	266
2796	3902	485
2802	3161	334
2810	2540	457
2813	3651	425
2817	2809	402
2818	2674	381
2822	3790	433
2834	3335	275
2835	4382	181
2835	4382	238
2839	3961	502
2841	2429	185
2857	4747	547
2858	2364	185
2859	1766	234
2860	5130	200
2870	2411	343
2873	3600	562
2875	3406	269
2882	2112	460
2883	2764	588
2884	3578	259
2888	2474	501
2892	2829	261
2894	4929	385
2898	2373	303
2905	2750	335
2921	3443	396
2923	4420	519
2924	2589	526
2928	2582	185
2932	3713	352
2943	2745	548
2944	3288	456
2950	2918	478
2951	2235	566
2952	2290	227
2954	2936	324
2955	3225	296
2958	2575	493
2961	2123	358
2964	2317	239
2973	2577	485
2976	1454	302
2979	3558	499
2980	2904	185
2980	2904	185
2981	1751	221
2983	2447	289
2987	2652	200
2991	3516	206
2991	3516	185
2996	2140	249
2998	3443	534
3000	2771	291
3003	2587	350
3005	4138	329
3009	3105	289
3011	2871	227
3021	3570	340
3022	3042	372
3023	1828	314
3042	2029	366
3044	2243	480
3045	2699	340
3050	2282	215
3051	1874	221
3054	4296	429
3054	4296	316
3068	3363	525
3071	2407	352
3074	1773	291
3080	3624	518
3084	3747	428
3086	2853	421
3089	3011	436
3093	2589	557
3104	3246	465
3110	4267	185
3117	4032	317
3118	1895	230
3119	4090	274
3119	4090	321
3120	2566	299
3121	2596	222
3124	4508	477
3132	4977	439
3134	2833	250
3138	3749	496
3146	3431	349
3148	4686	299
3148	4686	290
3154	2287	507
3158	2467	340
3162	4008	433
3162	4008	476
3164	3531	456
3167	812	408
3169	2415	455
3172	1529	283
3174	2522	467
3175	5274	185
3186	3308	509
3189	3528	378
3191	2852	322
3194	2376	481
3195	3233	421
3201	3292	331
3204	1779	502
3209	4285	491
3214	2655	300
3214	2655	211
3223	1842	233
3224	3842	323
3230	4628	450
3230	4628	322
3231	2648	500
3232	4925	470
3237	4508	424
3238	2777	267
3245	2171	411
3247	3825	473
3248	2213	211
3248	2213	299
3254	1499	305
3255	2345	350
3256	3088	153
3259	2337	508
3261	3977	405
3261	3977	480
3271	2310	404
3272	2841	352
3274	3794	553
3276	3211	333
3278	2984	528
3279	3806	423
3279	3806	474
3284	1341	299
3292	3905	527
3294	5196	436
3294	5196	239
3295	2698	274
3297	2751	477
3301	2162	324
3308	3715	408
3311	3179	492
3318	4177	474
3319	2390	476
3323	4031	423
3324	2374	276
3326	3317	430
3335	4245	377
3340	2639	371
3342	4379	478
3343	2854	461
3346	2782	481
3347	4053	438
3347	4053	425
3348	1606	234
3353	3745	505
3354	3733	421
3355	3615	475
3362	3288	227
3364	4504	492
3367	4529	512
3374	2365	227
3375	2413	433
3379	2607	289
3384	4059	538
3386	4419	292
3389	4159	459
3391	3337	449
3393	2460	227
3394	4507	491
3395	2104	460
3397	1886	256
3399	1275	297
3402	1503	211
3403	3103	585
3404	2323	336
3405	3156	521
3406	3531	310
3413	1992	322
3414	4172	581
3419	3742	472
3425	2809	515
3426	3522	510
3429	3580	329
3430	2747	345
3433	2724	245
3435	4937	501
3435	4937	497
3442	3365	227
3445	3298	376
3451	1703	278
3460	2897	526
3463	1440	185
3465	3883	446
3465	3883	383
3469	2454	327
3473	5536	277
3477	2129	420
3478	3612	549
3479	2285	254
3481	2569	503
3485	3182	506
3486	3454	453
3487	2540	350
3489	1894	434
3490	4921	483
3494	4422	490
3494	4422	468
3495	2750	332
3497	5330	271
3498	2143	425
3499	4091	411
3499	4091	215
3504	4053	382
3504	4053	375
3505	2341	383
3507	2752	296
3508	4653	195
3508	4653	474
3511	2384	429
3512	3551	385
3514	4563	517
3515	1653	287
3518	1740	290
3520	1418	306
3525	2451	222
3531	1341	303
3532	2964	238
3532	2964	350
3534	3299	211
3536	2783	549
3537	2906	483
3541	999	227
3555	2623	281
3561	2598	482
3568	2742	521
3576	2475	397
3587	2740	322
3588	2291	284
3589	4226	313
3589	4226	446
3592	2137	185
3594	4360	522
3603	2144	312
3609	1777	215
3611	3278	508
3613	1544	490
3619	2493	272
3620	2894	392
3621	4534	511
3630	3385	468
3633	2042	356
3640	1478	411
3645	2453	299
3648	1709	351
3649	2212	278
3651	3792	341
3653	4096	455
3653	4096	464
3663	2207	292
3664	2618	309
3665	2967	294
3668	2262	305
3673	3931	514
3676	1201	243
3678	2443	357
3685	2853	249
3687	3293	309
3687	3293	359
3692	3131	324
3692	3131	287
3694	1261	285
3698	3162	339
3700	2192	416
3713	4713	467
3723	2277	313
3731	3976	392
3737	2457	467
3738	2925	460
3751	3288	299
3755	3915	457
3756	2362	501
3757	2442	530
3758	2559	325
3761	3801	484
3763	3168	595
3765	2166	267
3766	2495	466
3769	3428	211
3773	1953	371
3778	2852	321
3781	2960	321
3783	1323	284
3784	2112	352
3790	2317	280
3791	2455	330
3792	3573	509
3797	2468	300
3801	3959	249
3803	3913	522
3804	2642	324
3807	2685	368
3809	1394	307
3812	3914	374
3813	1078	331
3817	3202	549
3819	1292	297
3821	1726	447
3824	1261	334
3827	3198	345
3828	1741	478
3829	1590	284
3834	4630	504
3836	4126	368
3840	2468	435
3842	1791	318
3848	1944	511
3851	1945	211
3853	2446	245
3855	1602	297
3860	2880	295
3861	3656	222
3862	3797	357
3868	3244	446
3871	3382	299
3872	1802	427
3874	1402	206
3875	4790	311
3875	4790	273
3877	1701	302
3880	3363	273
3881	1792	302
3883	3532	371
3888	3146	498
3890	2074	454
3893	2818	329
3896	1439	311
3902	1961	269
3908	2573	489
3909	4783	486
3910	3107	420
3914	2471	364
3915	4812	523
3921	3825	414
3924	3937	260
3939	2724	476
3945	2225	267
3947	3954	215
3955	2936	498
3962	2236	309
3962	2236	220
3965	1334	469
3966	2775	285
3977	2273	497
3980	2130	361
3985	2376	172
3988	2507	306
3990	4260	185
3991	2257	310
3993	2845	438
3995	1963	272
3996	2760	309
4000	2347	285
4002	3170	309
4003	2286	375
4007	3145	389
4009	2382	493
4014	2380	525
4017	3601	399
4018	4099	428
4027	2816	466
4028	3725	314
4029	3094	322
4030	2342	322
4035	1394	275
4041	2426	577
4043	3370	427
4044	3492	493
4045	2908	312
4046	1979	460
4047	2766	458
4048	3630	517
4051	3890	449
4057	2758	336
4059	2261	364
4066	3763	451
4070	4010	507
4072	2831	456
4074	3106	291
4078	3312	471
4079	5679	517
4085	3538	380
4098	3729	466
4098	3729	410
4105	2708	251
4107	3720	455
4115	2589	543
4116	4727	404
4117	2257	315
4119	2576	301
4120	2162	486
4122	4600	454
4123	4708	476
4125	2229	321
4126	2306	367
4129	2924	465
4130	3696	415
4131	1809	399
4132	1811	221
4133	4152	474
4134	3866	445
4140	3041	515
4144	2360	307
4146	2097	227
4149	2113	238
4158	2342	298
4159	2960	484
4160	2309	292
4163	4307	535
4169	3213	429
4173	1342	227
4175	2140	297
4176	4794	512
4197	1952	215
4203	2025	185
4204	2410	388
4207	2887	244
4208	3627	358
4211	4924	450
4211	4924	464
4213	2590	387
4216	4032	244
4216	4032	484
4217	3748	478
4222	4378	344
4223	3843	266
4224	2565	322
4225	2305	285
4229	2427	233
4230	3362	255
4231	3597	324
4231	3597	200
4236	3323	485
4237	2895	437
4248	2031	230
4252	2777	323
4261	1887	370
4269	2275	261
4276	2150	304
4282	2697	443
4283	2648	417
4284	3530	268
4288	2535	250
4292	3043	257
4294	1613	281
4296	2489	524
4298	2393	185
4302	4365	511
4303	1678	291
4317	4181	514
4324	2467	458
4331	2267	294
4337	5047	583
4339	2648	510
4342	4626	417
4342	4626	447
4347	2643	554
4350	4789	502
4355	2022	272
4357	3258	510
4363	3488	457
4365	3310	494
4369	4562	443
4370	2741	306
4378	2727	266
4380	3746	407
4387	2626	408
4388	4298	511
4391	2067	393
4398	4136	222
4398	4136	206
4409	2419	455
4411	4445	314
4413	4244	526
4418	5095	516
4421	3514	206
4423	4412	323
4423	4412	280
4431	2185	459
4433	3720	530
4435	4983	461
4436	3886	326
4444	5216	273
4446	4789	475
4446	4789	425
4448	3053	366
4455	3005	314
4456	4032	477
4462	2947	351
4468	2679	304
4474	2712	547
4476	5047	463
4479	3673	330
4485	3663	446
4485	3663	200
4488	2514	303
4490	4042	430
4502	3088	543
4525	3084	399
4526	2813	487
4529	1803	486
4533	4708	521
4533	4708	526
4535	4541	456
4537	4051	340
4538	1941	206
4539	2550	300
4541	2784	531
4544	2329	319
4550	2769	474
4552	4509	412
4558	4110	438
4559	1558	230
4562	2801	298
4569	5233	744
4570	2223	346
4573	2792	338
4578	2430	289
4579	2055	227
4584	2773	492
4588	4938	377
4590	2067	458
4594	2385	200
4602	2336	353
4608	2405	354
4610	2594	216
4614	2540	494
4615	2948	207
4615	2948	236
4616	3113	533
4617	3491	252
4618	2629	460
4620	3296	447
4621	2663	319
4625	4585	413
4626	3556	340
4627	2604	351
4636	2693	422
4644	3191	332
4645	3012	305
4647	1786	293
4652	3413	455
4653	3171	478
4655	3168	341
4662	3777	491
4671	3385	293
4672	3726	756
4673	4520	518
4674	2855	582
4676	2799	643
4677	3166	305
4678	4661	401
4686	2232	308
4687	3689	483
4688	5108	442
4692	2892	493
4693	2758	322
4700	4673	435
4700	4673	194
4701	3120	390
4711	1991	328
4713	3966	457
4716	1827	249
4719	4121	588
4720	3385	318
4721	1659	383
4727	3631	528
4736	4777	439
4738	4309	498
4743	2790	259
4744	3869	285
4753	3346	453
4756	2065	272
4758	5242	283
4767	3773	468
4772	2745	256
4772	2745	265
4774	3083	543
4778	4187	469
4781	3370	351
4783	3977	432
4786	5097	508
4787	2445	293
4794	3541	542
4798	2482	524
4805	2766	531
4811	2378	259
4812	3240	409
4816	3522	428
4825	5288	454
4831	3989	200
4834	1891	297
4845	3140	303
4848	4881	335
4849	4185	495
4851	2924	455
4856	3255	457
4861	2782	259
4863	2950	338
4864	2155	288
4877	3090	319
4879	2694	200
4881	4659	384
4891	3798	612
4895	5167	680
4900	3019	261
4903	2376	472
4917	4249	747
4927	4202	460
4927	4202	315
4947	2184	335
5003	7211	318
5004	1425	280
5006	1793	332
5012	2560	268
5012	2560	262
5017	3826	250
5018	4653	475
5023	2315	300
5025	4543	381
5030	1472	296
5036	2731	216
5043	1966	292
5049	2077	260
5050	2567	380
5056	7173	440
5056	7173	283
5060	2841	313
5061	3049	232
5072	3115	479
5074	2364	200
5079	5119	404
5079	5119	233
5092	2967	211
5094	2652	494
5098	3626	270
5099	5438	185
5101	5261	271
5108	2828	300
5114	2448	300
5115	6076	438
5125	5860	468
5127	4348	503
5142	1708	200
5150	2512	500
5152	1969	274
5160	2811	402
5162	5242	443
5164	2318	185
5168	2779	227
5172	2731	185
5172	2731	312
5173	3972	320
5179	5739	387
5182	1182	222
5184	3599	385
5188	1986	259
5190	1896	227
5192	1808	233
5193	2156	251
5196	2960	266
5196	2960	280
5203	2404	274
5211	3192	232
5213	2621	200
5217	2535	281
5218	2738	414
5219	2132	391
5231	1887	227
5236	4910	226
5237	4024	309
5246	2457	359
5247	1238	200
5264	2165	238
5270	3461	248
5273	2487	381
5274	4291	211
5278	1497	185
5281	2940	338
5282	2193	259
5284	2889	200
5289	2229	185
5292	2563	450
5293	2671	327
5295	3035	230
5296	2080	386
5298	1758	180
5298	1758	238
5309	2517	344
5315	2835	407
5318	4832	491
5320	4801	394
5321	3317	230
5322	2493	278
5324	1883	200
5325	1093	285
5326	2596	232
5333	2491	338
5336	4557	349
5337	5179	321
5339	2175	257
5340	1215	315
5345	2038	280
5348	9800	340
5348	9800	299
5348	9800	261
5354	9438	222
5354	9438	257
5354	9438	355
5354	9438	331
5355	1627	275
5361	2223	253
5364	2158	222
5366	1662	200
5373	1620	267
5374	4942	279
5376	1822	238
5377	2203	243
5378	1952	215
5386	2342	238
5396	2668	211
5398	1427	251
5400	2427	473
5404	3139	433
5405	3892	395
5406	3042	229
5406	3042	255
5407	7694	222
5409	2436	318
5410	4600	222
5412	1893	427
5415	5240	452
5418	1396	393
5421	2662	265
5423	6239	317
5423	6239	233
5425	2375	436
5438	4706	262
5440	2757	184
5440	2757	157
5441	2738	416
5441	2738	376
5443	1352	266
5445	3198	273
5458	7246	280
5458	7246	185
5459	1733	389
5470	11088	185
5476	4739	298
5484	1414	185
5487	1905	221
5490	7490	185
5490	7490	249
5490	7490	254
5491	2351	185
5493	1369	238
5505	6710	273
5507	8373	299
5507	8373	250
5508	3181	533
5509	2368	277
5515	2766	308
5520	2522	491
5521	1802	185
5522	2208	483
5523	1917	329
5524	2059	358
5530	1420	425
5531	3572	421
5533	1189	200
5534	1703	249
5535	2228	300
5539	3363	519
5540	2682	321
5544	5281	312
5544	5281	255
5549	2699	463
5554	1729	200
5558	2882	450
5568	2303	443
5571	2772	351
5572	3930	215
5572	3930	368
5576	3454	267
5582	2852	459
5583	3056	228
5586	2713	206
5589	8167	389
5589	8167	536
5591	3403	535
5594	1818	329
5601	3288	413
5615	2449	243
5624	12944	206
5624	12944	200
5624	12944	370
5634	2179	580
5643	4011	166
5644	6120	285
5649	3234	311
5649	3234	297
5653	3133	564
5657	2971	360
5659	5749	493
5670	4435	407
5670	4435	423
5677	5715	394
5678	2168	384
5680	5256	518
5682	5698	576
5683	5270	507
5684	1877	374
5688	1531	214
5695	1591	242
5697	4028	185
5698	2755	525
5699	5356	431
5699	5356	382
5700	3004	285
5704	2048	249
5705	4252	289
5706	2538	313
5713	1969	470
5716	1103	279
5718	4197	533
5721	2680	363
5724	985	243
5727	1244	206
5731	2625	511
5736	1512	227
5738	3284	550
5740	2440	275
5741	3021	359
5742	3177	535
5742	3177	222
5748	1764	237
5752	4896	425
5755	3994	487
5757	4643	448
5762	2304	533
5763	2235	317
5764	3024	522
5769	2484	309
5771	3045	445
5774	2280	200
5776	2834	522
5778	2825	185
5786	2316	505
5788	3228	322
5790	2006	314
5794	4979	482
5796	2927	525
5797	1991	309
5807	2986	446
5809	2473	512
5812	2776	396
5815	4362	390
5822	2945	308
5825	4424	426
5826	2674	326
5826	2674	254
5832	2638	381
5833	2381	283
5834	2528	307
5838	4353	397
5841	3401	511
5843	2518	476
5848	3688	318
5849	3128	353
5850	4704	438
5854	2507	322
5854	2507	332
5855	3357	420
5860	3425	484
5861	4835	485
5864	3508	494
5867	3803	483
5869	2344	295
5870	4503	582
5872	4744	499
5872	4744	520
5874	3236	481
5875	4038	518
5882	4156	425
5885	4673	531
5890	3182	340
5892	2513	473
5898	4637	485
5901	3074	321
5903	2398	200
5911	1225	245
5912	2493	254
5913	3668	412
5917	4374	460
5922	4055	211
5923	4212	417
5926	4130	492
5929	3012	551
5932	2243	244
5938	3117	333
5942	3828	298
5942	3828	298
5945	4234	385
5947	4798	314
5949	3227	525
5958	3172	464
5960	2149	414
5972	2191	298
5976	3304	388
5977	3391	430
5980	1792	278
5987	1533	339
5990	3793	294
5991	4311	480
5993	2138	256
5997	1937	461
5999	2536	315
6004	1907	303
6005	2104	299
6008	3627	317
6017	2812	318
6019	3671	452
6019	3671	228
6020	2107	399
6022	2005	363
6025	2165	382
6027	2268	331
6027	2268	263
6029	3726	427
6031	2914	297
6032	3216	307
6035	2360	273
6036	1494	299
6039	2957	556
6046	1948	175
6048	4924	461
6049	3868	478
6050	1873	276
6052	2456	293
6053	1997	333
6062	1949	512
6064	2054	369
6074	4952	313
6076	3546	383
6078	2390	339
6079	2159	274
6083	1909	416
6089	2599	368
6090	2119	322
6091	2549	374
6092	5551	453
6093	3318	394
6095	2673	227
6099	2189	292
6100	4561	326
6100	4561	426
6102	3313	433
6103	2508	222
6105	3569	464
6106	1176	257
6110	1830	248
6112	1575	365
6113	3591	505
6115	4750	596
6120	3050	391
6121	4385	352
6121	4385	460
6123	2412	248
6124	2095	253
6125	4164	459
6129	3975	351
6136	3262	414
6138	3816	474
6139	4823	421
6139	4823	490
6140	2643	318
6140	2643	312
6142	5110	535
6145	3739	286
6151	1810	494
6158	2766	491
6159	2344	318
6174	3675	280
6175	4513	353
6175	4513	446
6176	4829	506
6183	3601	528
6187	1489	273
6190	2224	476
6191	3370	236
6193	2863	456
6197	5118	392
6197	5118	528
6200	2576	463
6203	3112	245
6208	3448	470
6211	1612	318
6212	3295	534
6214	2430	389
6216	4251	283
6216	4251	325
6220	2648	423
6222	2885	464
6223	3285	309
6224	4499	405
6224	4499	185
6225	2174	291
6226	5320	450
6228	3048	295
6229	2809	185
6229	2809	341
6231	4101	437
6234	2712	237
6237	3990	466
6249	4770	421
6250	1650	302
6254	2423	564
6257	4834	488
6258	2175	244
6263	2041	301
6264	3771	285
6266	3528	473
6268	3269	506
6272	2460	422
6282	2019	266
6283	1535	555
6289	2265	206
6292	1960	311
6300	4989	433
6300	4989	440
6303	2862	479
6316	5152	307
6316	5152	176
6321	3427	508
6321	3427	475
6322	4620	482
6326	2167	378
6330	4049	467
6336	3717	557
6338	2496	379
6344	2083	281
6349	3506	551
6355	1885	206
6357	3677	404
6358	2602	452
6363	3648	346
6367	4624	470
6368	4733	463
6374	3058	462
6375	2999	267
6378	2229	393
6382	2562	215
6383	1851	292
6384	3574	425
6387	3291	185
6387	3291	478
6395	1663	248
6396	2034	464
6399	2977	348
6400	3213	560
6401	2944	284
6402	2410	185
6404	4461	509
6406	1772	200
6410	5076	613
6412	2360	341
6417	5193	336
6417	5193	372
6421	2976	238
6421	2976	213
6424	2600	312
6425	4393	283
6429	5123	421
6438	2514	488
6446	2698	325
6452	2670	273
6463	2767	299
6467	1659	310
6468	2896	310
6472	2479	237
6473	2564	308
6478	2599	442
6479	4999	267
6480	2150	542
6483	4235	492
6486	2332	308
6488	2018	279
6490	2110	238
6494	2272	299
6496	3185	474
6498	1315	250
6500	3555	592
6501	2232	323
6508	2506	238
6513	3871	333
6513	3871	500
6517	2830	275
6521	2320	226
6524	2613	525
6527	2799	417
6530	4379	345
6533	2648	431
6536	3102	364
6537	2199	351
6538	1962	539
6539	3218	381
6540	3386	490
6547	3899	448
6548	2114	285
6550	4099	334
6556	2276	302
6558	1521	227
6560	5299	525
6563	2763	360
6565	2685	349
6567	2985	523
6569	2250	330
6572	4363	324
6573	4142	519
6575	3599	227
6576	2982	234
6577	3336	394
6580	2398	308
6581	2685	327
6582	5210	398
6582	5210	241
6586	2224	254
6590	2911	331
6593	3050	490
6594	2086	274
6599	4296	311
6602	2545	316
6603	2981	304
6604	1824	211
6605	3823	456
6607	2088	215
6610	3509	675
6611	2354	426
6613	3963	459
6615	3197	245
6616	3392	315
6617	5433	271
6624	1942	377
6627	2897	457
6628	4296	387
6630	1865	211
6637	5395	373
6641	2600	482
6642	3129	504
6652	3835	257
6652	3835	198
6653	2118	200
6659	2272	336
6669	4519	426
6673	1852	227
6678	2872	274
6680	2662	569
6681	3438	185
6685	5452	472
6686	3345	479
6691	4326	529
6696	1571	443
6698	2973	294
6698	2973	330
6704	3126	211
6705	1546	481
6709	4844	450
6711	2221	394
6713	2699	385
6715	4865	420
6716	2623	336
6717	4120	281
6718	4046	452
6723	3708	472
6724	3586	490
6725	2932	461
6731	5369	296
6732	3094	330
6733	3705	335
6734	2519	274
6736	2526	411
6739	1856	357
6741	3691	540
6749	3378	501
6750	2171	185
6751	4727	473
6754	2352	456
6758	4378	518
6759	2674	271
6760	2083	273
6762	2555	256
6776	2420	295
6776	2420	227
6778	2544	489
6779	2783	227
6780	3146	350
6782	4291	473
6785	2941	443
6788	1807	333
6792	5463	507
6792	5463	468
6795	2878	347
6796	2697	332
6797	2481	274
6798	3169	185
6800	2729	532
6805	3711	403
6808	3015	489
6813	2958	292
6816	2136	442
6821	3510	329
6822	2845	461
6824	4718	428
6830	3433	363
6834	2246	185
6841	2387	526
6850	2278	456
6851	4557	367
6851	4557	478
6855	1994	243
6870	2961	525
6872	2213	269
6875	1470	279
6876	2035	482
6878	2975	320
6879	1574	433
6880	4343	319
6881	2163	286
6882	1830	233
6885	4004	316
6885	4004	380
6887	2119	416
6888	2252	243
6890	2176	344
6893	3773	253
6895	1471	497
6899	3813	409
6912	2563	278
6917	2151	341
6921	2446	200
6925	5483	477
6930	2219	292
6932	2920	537
6933	3529	484
6938	2396	482
6943	1514	393
6947	2857	276
6953	2706	351
6957	3370	631
6960	1200	286
6971	4621	514
6972	1902	303
6974	2968	389
6979	1729	312
6986	3633	415
6987	3356	485
6988	3224	501
6992	2756	488
6996	3552	389
7000	1498	416
7008	2064	312
7012	2411	447
7013	3206	348
7014	2976	222
7015	4737	233
7016	2598	494
7019	2654	183
7019	2654	259
7023	2628	337
7024	5259	317
7024	5259	268
7027	1502	403
7036	2234	238
7038	3317	470
7045	1826	278
7049	4331	365
7049	4331	515
7055	2263	420
7059	1981	200
7060	1416	254
7061	2655	538
7062	3190	366
7063	1646	292
7064	1992	309
7065	2260	180
7065	2260	259
7068	4552	330
7072	2654	308
7078	3086	325
7082	3774	236
7082	3774	358
7096	2897	292
7103	3123	461
7104	3222	465
7106	3752	421
7107	3249	486
7111	2584	408
7121	2050	262
7122	3778	275
7124	2330	322
7128	1370	297
7131	3623	466
7132	2956	185
7132	2956	308
7133	2091	222
7134	2093	302
7137	2420	583
7147	2980	489
7148	2690	453
7151	2662	316
7152	2692	500
7154	2046	348
7157	2346	304
7160	2733	524
7161	2554	309
7164	4688	483
7164	4688	238
7167	2162	272
7181	3777	435
7186	1993	371
7187	1675	211
7188	3094	533
7190	2510	468
7191	4952	384
7192	2497	272
7192	2497	246
7200	1252	237
7205	2683	352
7210	4497	498
7217	1730	394
7221	1803	263
7232	2184	273
7235	1955	269
7239	2914	233
7240	2301	276
7245	2183	329
7247	1832	474
7248	3014	547
7251	2914	227
7252	2799	311
7257	3773	279
7257	3773	157
7262	3776	415
7264	1979	329
7272	2460	357
7277	2431	239
7281	2144	292
7285	1849	356
7288	2190	272
7290	4147	261
7293	2386	318
7294	3087	320
7297	1669	325
7298	2366	383
7300	1801	299
7302	2627	363
7303	2854	222
7311	1397	397
7312	4479	480
7313	4313	312
7316	5622	436
7316	5622	467
7322	3025	506
7324	2081	387
7325	3021	461
7326	2038	301
7328	2202	502
7330	3806	185
7332	2719	343
7336	2007	292
7338	2206	295
7339	4486	216
7342	1785	251
7349	2158	498
7355	1897	524
7357	2597	367
7359	3277	439
7362	2572	488
7363	2427	166
7363	2427	145
7364	3698	417
7369	2349	261
7370	1680	254
7373	2223	476
7374	1716	440
7376	1952	547
7381	2102	359
7386	3008	373
7388	1976	271
7390	2234	291
7395	4541	346
7395	4541	276
7398	2024	423
7399	5196	648
7400	2891	503
7403	3716	279
7411	5432	429
7412	4052	525
7413	2281	237
7414	2774	310
7419	3077	481
7423	1537	315
7428	2622	318
7429	3787	507
7447	1081	211
7451	1829	289
7452	2450	490
7453	2868	248
7458	2206	200
7463	3314	752
7469	2266	323
7472	2623	505
7473	3309	526
7477	1810	284
7480	2160	468
7481	3007	512
7484	1860	261
7485	4189	519
7487	1738	253
7490	3954	501
7490	3954	321
7493	3250	327
7495	3014	348
7496	1747	323
7498	1836	312
7499	2327	476
7503	3188	346
7503	3188	273
7506	3883	384
7507	1535	244
7509	2630	330
7511	3372	529
7512	1521	463
7518	2430	490
7525	4994	455
7526	2416	185
7530	4136	301
7530	4136	460
7531	3095	284
7533	2961	430
7534	4288	492
7535	2311	505
7540	2960	485
7546	2931	268
7555	3779	535
7555	3779	327
7557	4208	435
7558	4294	386
7561	3269	528
7562	2460	185
7569	2511	429
7570	3051	384
7575	2730	342
7576	1549	264
7589	2261	266
7591	2589	415
7592	3783	615
7594	1858	344
7595	2378	509
7598	2356	375
7600	3711	460
7603	2231	260
7610	3450	317
7611	2206	563
7615	3321	501
7616	3683	445
7617	2557	424
7618	3029	419
7620	1668	185
7621	4977	439
7626	3011	286
7627	1890	185
7632	2214	291
7640	2751	256
7641	1650	273
7642	4026	334
7646	2840	491
7652	2152	238
7661	3960	494
7663	4350	439
7666	3787	480
7666	3787	460
7669	2772	537
7671	2331	390
7673	3262	332
7676	2770	416
7679	2675	299
7684	2926	595
7686	2764	315
7690	4559	555
7693	4517	293
7693	4517	171
7698	1792	476
7699	5009	484
7701	2077	357
7706	3842	483
7706	3842	365
7707	3301	470
7708	2296	296
7711	3067	609
7723	2129	279
7727	3898	442
7730	2485	273
7732	2995	548
7736	4492	273
7739	3573	304
7740	4088	594
7743	2300	238
7750	4932	313
7754	3253	397
7761	2037	307
7763	5593	316
7766	4153	451
7766	4153	309
7769	5066	439
7770	2353	230
7772	4003	639
7773	2224	381
7774	3176	490
7779	1929	211
7780	3085	335
7782	2913	385
7789	3008	526
7791	4137	445
7795	2927	286
7802	4051	468
7805	2376	513
7812	1680	522
7813	2820	290
7814	2446	382
7819	2497	500
7820	1882	233
7831	3369	385
7834	3057	354
7835	2412	260
7839	4709	378
7845	2565	222
7846	3877	485
7861	4948	236
7862	2976	487
7864	2003	507
7866	2801	371
7871	3994	391
7887	5092	426
7891	2860	313
7900	3538	362
7900	3538	382
7903	4021	417
7906	3048	456
7909	3641	422
7915	5605	249
7916	4058	329
7933	4142	374
7935	2570	494
7936	3485	312
7960	2628	270
7963	3278	284
7964	3253	411
7965	4530	230
7969	4440	483
7973	4964	330
7973	4964	310
7974	3483	430
7978	5277	261
7980	3404	211
7982	5136	414
7983	4088	453
7985	3022	261
7999	2394	541
8000	2674	440
8009	1995	302
8017	4690	303
8019	3144	450
8023	5258	442
8024	3238	464
8025	4676	504
8027	3210	340
8031	2745	362
8036	2716	535
8037	3285	572
8042	5002	552
8044	2994	337
8046	3975	320
8055	4533	350
8055	4533	286
8059	5429	400
8059	5429	461
8069	4404	518
8077	3115	443
8078	3044	397
8081	2637	355
8086	2505	514
8087	3531	272
8098	2456	338
8112	2662	441
8117	3375	202
8117	3375	235
8125	2359	279
8145	2385	451
8149	4244	719
8152	2876	281
8160	3909	474
8167	3144	529
8174	3724	504
8177	3819	401
8183	3569	452
8185	3907	369
8186	2937	457
8191	2109	215
8193	2152	454
8199	2062	336
8201	2424	291
8211	3388	468
8212	1973	335
8214	4098	433
8214	4098	418
8220	2342	200
8221	1826	251
8228	2729	293
8229	2510	256
8234	1898	443
8268	3784	354
8280	2918	324
8289	2720	445
8290	5159	423
8290	5159	351
8314	1849	418
8322	1770	366
8322	1770	173
8324	2440	238
8326	2118	215
8327	3031	425
8329	3572	513
8335	2752	488
8337	3030	297
8348	1600	281
8351	2593	305
8352	3584	311
8353	2873	185
8356	2063	263
8357	2165	211
8359	2353	283
8360	2640	471
8363	3949	346
8364	2363	211
8366	5439	509
8366	5439	189
8372	1788	292
8374	3101	519
8377	3036	200
8382	2583	230
8390	2477	260
8395	3205	327
8396	3012	254
8396	3012	499
8404	2959	355
8408	1889	200
8410	6269	313
8417	2695	216
8417	2695	275
8425	6732	399
8436	3793	519
8436	3793	298
8443	4426	341
8453	2684	291
8456	2754	432
8458	3274	200
8462	2384	238
8465	1954	227
8499	2516	279
8505	2529	436
8507	6727	358
8507	6727	427
8516	2779	495
8520	3522	452
8532	2484	185
8540	5264	238
8540	5264	200
8543	2517	487
8548	2320	200
8550	3017	227
8552	3467	185
8553	4319	441
8554	2113	200
8556	4614	233
8558	2279	245
8575	2254	402
8579	1719	257
8580	3294	411
8588	1715	239
8592	2352	189
8592	2352	183
8593	1979	451
8598	2068	244
8598	2068	228
8617	1396	206
8623	3117	266
8623	3117	235
8626	3097	333
8635	2883	290
8639	2669	531
8640	2843	281
8646	2314	261
8647	3158	466
8649	2372	369
8662	1698	284
8665	4837	454
8665	4837	459
8669	1858	278
8670	2552	245
8679	2277	250
8689	2086	185
8696	2281	278
8697	3665	254
8699	1240	363
8700	4156	488
8700	4156	211
8706	2050	373
8718	1454	462
8719	2371	312
8720	5844	456
8723	4135	485
8730	1816	255
8731	2251	346
8734	1806	264
8735	2227	200
8739	1662	345
8744	2412	266
8749	2017	381
8750	1632	211
8753	2003	302
8758	2547	200
8758	2547	261
8760	1401	200
8770	2683	239
8772	2341	455
8777	3474	437
8778	2898	313
8789	3346	264
8791	3365	452
8798	2658	337
8799	2455	388
8804	2212	317
8806	2349	519
8807	2971	407
8809	2173	290
8810	3101	278
8810	3101	235
8815	3430	291
8817	3298	259
8819	2349	242
8821	2657	185
8824	2337	200
8829	2201	281
8833	1831	245
8846	2672	261
8849	1929	222
8850	1618	293
8851	3403	238
8852	2189	518
8853	2916	301
8854	1184	306
8857	2164	401
8858	1668	227
8861	3687	299
8870	2115	266
8872	1819	185
8874	2460	274
8882	2670	272
8885	4499	491
8885	4499	487
8888	3733	347
8888	3733	266
8893	1923	249
8896	3109	347
8899	2085	415
8908	2840	356
8910	5226	381
8917	1996	200
8918	1944	185
8921	1795	238
8922	2232	275
8934	3310	522
8935	2159	432
8942	1943	243
8943	3050	357
8946	2190	254
8948	3109	336
8950	2547	460
8952	3282	511
8957	5567	475
8958	2259	508
8965	2386	284
8966	2482	354
8969	1780	216
8972	2041	230
8973	2792	414
8974	2782	532
8978	2504	271
8981	1258	448
8982	1946	416
8984	2034	407
8987	2439	227
8988	3126	458
8989	2266	334
8991	3185	402
8992	2132	200
8994	2737	185
8995	4870	233
8995	4870	273
8999	3363	296
9002	2380	185
9005	2426	297
9006	2744	271
9010	3981	487
9012	4906	282
9014	2040	227
9016	3406	323
9022	2868	461
9030	4942	391
9030	4942	411
9033	2369	292
9040	1786	298
9044	1883	248
9047	2485	265
9047	2485	294
9048	6783	420
9060	1354	272
9061	1903	200
9062	2246	459
9063	3891	469
9066	1778	185
9075	2686	229
9075	2686	301
9077	2070	291
9079	1487	267
9085	2671	341
9086	2774	324
9088	6569	643
9092	4801	455
9093	2977	248
9096	2370	388
9104	2723	200
9109	2742	507
9117	4870	434
9119	2268	330
9121	2595	419
9124	1325	265
9128	4004	486
9131	3037	471
9137	3072	332
9138	2538	470
9139	2688	340
9143	5343	483
9147	2040	434
9151	4669	438
9155	2207	445
9161	1570	295
9164	2403	293
9171	2210	327
9174	6355	333
9174	6355	383
9177	2251	478
9182	3252	244
9186	1479	339
9191	2483	308
9192	1912	273
9195	1834	244
9198	4533	200
9198	4533	450
9199	1569	255
9205	4278	491
9208	2664	185
9212	2493	280
9216	1803	254
9224	5805	216
9224	5805	324
9225	5154	287
9225	5154	347
9226	2380	304
9234	2865	472
9236	3825	288
9241	2357	262
9246	2791	311
9246	2791	225
9249	1511	417
9250	2852	412
9257	2611	211
9257	2611	325
9259	2538	243
9260	4530	544
9262	1818	268
9263	3918	447
9263	3918	423
9264	2153	285
9267	4098	488
9269	2580	267
9271	3882	385
9271	3882	500
9272	3201	238
9273	3026	481
9279	2573	285
9283	2928	460
9284	3451	361
9285	2662	420
9289	3398	298
9291	4175	268
9293	3250	319
9299	4044	290
9299	4044	394
9303	3132	464
9311	4015	427
9314	1040	258
9316	2630	271
9319	3665	511
9324	3791	244
9324	3791	216
9325	4685	526
9325	4685	282
9328	1791	271
9333	2379	321
9335	1951	493
9338	2499	287
9341	3273	206
9343	4731	510
9348	1750	264
9348	1750	165
9352	1796	549
9358	3590	248
9362	2275	227
9363	5010	511
9364	1555	288
9374	2286	433
9376	3207	261
9381	3582	299
9382	1902	373
9383	2588	428
9384	4317	506
9387	3434	516
9388	1525	402
9390	4873	382
9396	4373	483
9396	4373	352
9400	2321	456
9401	2167	294
9402	3918	469
9407	2357	438
9411	3464	349
9412	2284	283
9414	3941	510
9419	2739	305
9420	2549	253
9421	2503	372
9424	2467	319
9426	2854	238
9432	5403	508
9436	2592	323
9437	3708	460
9440	2761	280
9440	2761	215
9442	3799	469
9445	4422	411
9445	4422	338
9446	3060	350
9450	2557	302
9453	2140	293
9454	3191	296
9455	4310	544
9458	2431	245
9458	2431	182
9460	2738	323
9462	4384	355
9462	4384	324
9467	3365	290
9470	3759	400
9473	2038	346
9477	4614	364
9477	4614	540
9479	2229	325
9480	3649	362
9482	3886	275
9484	3287	507
9486	2481	227
9495	2457	530
9498	4195	556
9505	4650	558
9508	4285	448
9508	4285	280
9509	2209	185
9516	2441	405
9518	5249	618
9521	4457	343
9524	2754	436
9531	4681	425
9531	4681	408
9534	2470	473
9541	3089	389
9548	2492	560
9551	2371	368
9557	2336	270
9560	3735	430
9560	3735	270
9561	3389	486
9564	2579	268
9565	3161	501
9577	3144	333
9579	2517	298
9582	2598	532
9596	2381	614
9619	2289	318
9620	3131	398
9622	2451	335
9623	3570	222
9626	1963	185
9628	2003	381
9638	2003	185
9639	2435	290
9640	1510	243
9655	2335	268
9665	1492	252
9671	2921	185
9689	2741	243
9689	2741	185
9692	1442	313
9694	3905	516
9702	3111	253
9705	3348	368
9706	3575	351
9712	3468	285
9716	2515	354
9723	1312	211
9726	2355	338
9735	3926	185
9736	2178	259
9741	1621	477
9758	1689	277
9766	2449	260
9766	2449	318
9768	2445	327
9769	1584	306
9775	2436	320
9775	2436	252
9780	2734	230
9782	2891	303
9782	2891	283
9787	2519	472
9799	2218	206
9805	1469	287
9809	2372	348
9810	2119	215
9818	2129	282
9821	3498	310
9823	2859	269
9829	1988	288
9841	3206	331
9842	2109	307
9846	3680	402
9849	2702	452
9858	1211	253
9859	4460	309
9868	1680	495
9872	2287	221
9881	2386	535
9882	3032	310
9884	3604	527
9894	3246	411
9897	1610	286
9899	2671	445
9905	1572	238
9914	2609	439
9919	2814	382
9923	4463	428
9925	2930	514
9930	2231	233
9933	2348	586
9938	2317	454
9939	1829	243
9940	2464	255
9943	2987	542
9948	2608	371
9951	2046	457
9954	3506	351
9956	5124	226
9956	5124	451
9960	1342	222
9964	2314	250
9967	1988	266
9967	1988	200
9973	2720	425
9974	2381	538
9975	2589	242
9976	1991	185
9983	2180	492
9984	4435	248
9993	2761	200
9994	2538	497
9999	2949	541
10000	3045	238
10003	2216	462
10008	4485	227
10017	2837	531
10020	3798	559
10021	2249	262
10023	2359	185
10025	2091	307
10027	2105	384
10029	5359	173
10029	5359	545
10034	1350	253
10040	3069	449
10050	3323	341
10050	3323	179
10055	3015	529
10056	3130	299
10057	1787	299
10064	2927	564
10067	4014	473
10069	2836	273
10070	2514	537
10073	4117	414
10073	4117	466
10075	2536	287
10076	2723	376
10091	2389	355
10094	2512	461
10101	4090	423
10112	2976	199
10117	2651	403
10119	2852	504
10123	2911	529
10125	2098	439
10132	2294	526
10134	1658	306
10135	1640	290
10138	2623	399
10140	1861	239
10141	2020	514
10143	3888	475
10148	2149	341
10150	2116	549
10152	2558	468
10153	1794	273
10155	4451	339
10156	3264	486
10157	3453	501
10161	3458	514
10162	1935	291
10166	1739	476
10173	3941	502
10173	3941	359
10178	2148	206
10179	3339	343
10179	3339	207
10181	2654	268
10181	2654	347
10182	2598	267
10185	1986	249
10189	2077	509
10193	2614	512
10198	1904	380
10206	1950	350
10208	2092	402
10209	1589	292
10214	4228	589
10219	2214	430
10222	2126	269
10226	1481	295
10227	2505	532
10229	3551	490
10231	1615	409
10234	2627	499
10236	1884	294
10237	2006	200
10243	2150	255
10247	2170	211
10248	2940	295
10256	3200	409
10258	2246	396
10264	2225	501
10266	1498	304
10270	1190	267
10276	2207	287
10278	2141	513
10279	3240	543
10280	2397	211
10286	3090	521
10289	3665	525
10290	2214	390
10295	2136	206
10300	2407	272
10301	2475	318
10302	3771	356
10302	3771	305
10304	1451	324
10310	1750	466
10317	1881	330
10322	3862	500
10323	3666	539
10325	2360	451
10326	2086	445
10328	3060	302
10330	1908	308
10330	1908	170
10332	1812	353
10333	2908	486
10334	1998	323
10337	2869	309
10340	2326	494
10354	2387	294
10356	2416	335
10358	2024	349
10361	3668	492
10364	3425	437
10365	2636	538
10366	4498	626
10366	4498	200
10367	2864	226
10369	2391	419
10373	4334	371
10377	3037	245
10380	1647	295
10381	2388	418
10385	2728	347
10386	2353	321
10389	2730	287
10390	4648	446
10390	4648	422
10405	2063	441
10407	2531	297
10411	2563	541
10417	3209	401
10418	1832	237
10426	2457	542
10434	1608	200
10435	2365	290
10438	1197	270
10448	1711	435
10466	4104	611
10485	4406	243
10485	4406	531
10489	5663	386
10512	2828	536
10515	1734	467
10518	4941	562
10518	4941	310
10535	4964	606
10546	2377	259
10569	2641	322
10579	1231	229
10583	3592	261
10597	4276	354
10605	3413	200
10606	2958	479
10607	4772	590
10619	3201	581
10626	2396	250
10628	4516	587
10628	4516	523
10638	4926	335
10640	2231	514
10642	1976	266
10644	3249	573
10646	4098	617
10647	2708	324
10647	2708	382
10648	3075	287
10649	2873	493
10652	4598	575
10654	2378	542
10657	2230	324
10659	3153	457
10661	3590	567
10663	4001	420
10665	3019	445
10668	2404	600
10671	2083	183
10671	2083	214
10678	2473	346
10682	3212	619
10691	2391	453
10692	2055	383
10695	4573	565
10699	2228	343
10706	1474	255
10708	2413	327
10712	3253	353
10712	3253	432
10717	3072	256
10718	1749	200
10730	2005	295
10732	2951	593
10733	2085	283
10733	2085	237
10734	1892	344
10737	2354	266
10738	1985	323
10740	2545	504
10741	2276	327
10743	1420	285
