0	10993	21569
5	2830	539
17	1502	200
30	1971	403
35	2408	557
36	2395	557
38	2504	345
38	2504	257
40	2184	266
42	2691	431
44	4047	752
52	2894	356
52	2894	305
53	2988	572
54	4461	507
56	3494	486
58	1541	282
61	3069	480
75	2254	325
76	1624	403
78	2576	490
86	2506	200
95	3887	375
102	2848	344
118	2338	346
119	4081	797
120	2509	414
132	3299	389
133	2659	601
135	2377	461
136	3231	461
138	3471	510
139	2350	464
140	2646	221
141	4135	450
141	4135	499
144	2946	263
145	4031	332
145	4031	404
147	2193	511
158	2530	317
159	2109	429
177	1647	200
182	2611	200
185	3677	548
187	4170	536
191	2801	478
195	2570	501
196	1775	273
198	3281	301
200	3602	597
201	2820	437
210	3873	564
216	2634	353
217	3579	347
218	1836	497
224	3923	484
227	4260	571
231	3458	517
232	2073	379
236	1871	373
244	2853	302
251	3519	491
252	2699	505
253	2148	374
254	4346	378
255	1405	340
259	4220	479
266	3463	429
268	1620	249
273	1902	266
274	2054	345
279	2507	698
283	3519	317
295	2181	582
300	2644	210
300	2644	162
301	3109	347
307	2773	311
308	2862	609
315	2334	408
320	1848	292
322	2430	323
322	2430	164
324	4317	551
335	3977	725
335	3977	248
347	3322	497
357	2031	330
360	3368	458
363	2277	278
371	2475	215
377	2228	221
383	4099	402
385	2131	281
397	2773	575
405	2603	531
409	1658	281
411	2557	492
413	3650	558
413	3650	557
420	2258	293
422	3439	489
422	3439	501
425	3477	488
426	2869	285
427	2835	340
432	1909	512
435	4030	624
436	2393	532
439	3577	206
444	4198	388
451	3857	470
456	2575	341
462	2478	563
474	2480	590
475	4170	347
475	4170	378
478	3211	368
479	4203	534
480	3173	532
484	3066	388
490	3803	416
491	2433	382
496	2864	393
496	2864	389
506	2924	489
507	3044	501
509	3850	455
509	3850	512
516	3197	730
520	2921	337
534	3050	301
541	981	283
545	1778	339
547	3692	558
548	2673	540
549	3337	342
550	4174	346
551	4109	524
552	3305	614
563	2478	414
565	1927	567
566	3679	302
568	3810	315
569	1533	306
576	3279	557
578	2498	469
580	2602	348
581	1462	369
583	2720	510
586	4318	491
587	2493	376
589	2155	361
591	3118	559
594	3619	522
596	3807	222
598	1707	416
600	2585	474
605	4064	538
607	3357	514
608	3650	409
608	3650	361
609	3294	528
626	3174	576
634	2914	358
635	3845	319
650	4028	361
658	2920	529
661	2989	354
664	3090	378
666	2552	288
669	2119	555
674	2381	417
675	2893	624
676	2135	283
679	2134	397
683	1953	431
687	3824	375
688	2457	320
690	2099	312
691	2616	443
693	2881	211
706	2343	453
713	2421	527
714	3186	248
721	3022	555
725	2693	559
731	3692	547
734	1645	596
736	1534	477
741	2149	185
745	2924	392
753	2314	518
754	1964	489
759	2178	456
767	2061	512
768	2730	545
769	4878	345
769	4878	249
774	2628	307
776	2432	479
778	3288	519
781	1550	517
783	1875	337
786	2688	347
789	1974	352
790	1938	329
794	1976	556
796	4093	494
799	2376	215
802	3737	511
802	3737	465
803	2743	278
804	2832	433
806	2290	311
807	1557	260
808	2453	579
809	5123	279
810	1681	273
814	4761	375
815	1867	290
817	3503	457
817	3503	447
819	1539	465
822	1600	311
823	4258	317
825	2968	462
827	2670	393
828	3093	415
830	1830	413
833	2225	278
836	3766	530
840	2511	541
848	3842	327
851	2693	343
851	2693	269
853	1612	248
860	2638	510
862	1896	522
863	2654	511
864	3050	541
871	2313	372
872	2375	464
873	5441	255
880	2795	506
881	4172	249
881	4172	525
882	2518	422
884	3995	457
890	3624	540
890	3624	255
891	5296	660
895	2443	344
897	2148	254
898	4833	274
898	4833	493
901	1310	254
903	3666	334
904	1902	459
913	1632	311
916	3902	518
921	3068	474
923	2268	545
928	3003	459
935	3761	336
936	4431	380
938	1854	332
940	3556	272
940	3556	253
941	3222	563
943	2567	516
944	4145	535
944	4145	200
945	1876	345
949	3047	555
951	2675	541
955	1761	334
958	3178	291
959	1632	304
961	3111	373
962	6085	372
966	2488	697
967	1833	311
968	1745	200
973	2964	340
974	1646	211
975	2236	446
979	2758	499
983	1914	432
992	1589	290
994	2490	307
998	1707	290
999	4328	254
1002	1804	206
1003	2062	232
1006	1804	461
1007	2113	333
1007	2113	262
1008	2838	508
1017	2903	485
1027	1866	341
1030	4795	648
1031	1277	299
1032	1606	535
1033	2889	525
1037	5339	441
1044	1383	525
1046	2837	404
1047	2470	379
1050	3221	308
1053	2078	366
1056	3590	417
1060	4533	535
1063	1995	315
1065	2427	255
1066	2087	245
1067	2974	492
1067	2974	357
1069	2305	392
1070	1805	329
1073	1400	279
1074	1907	322
1074	1907	286
1078	2231	211
1085	2593	562
1092	2876	619
1095	1643	315
1099	1884	259
1105	2478	288
1106	1745	363
1108	2303	355
1114	1987	398
1122	5633	292
1122	5633	285
1127	2496	238
1127	2496	443
1132	1487	238
1138	2121	493
1145	1973	622
1146	2638	314
1147	2848	501
1150	1862	481
1152	1613	318
1155	2568	562
1157	3001	319
1167	3934	407
1170	1915	456
1179	1193	200
1182	3060	448
1183	2375	335
1184	2110	488
1185	3842	446
1189	2199	335
1192	2121	512
1197	1328	494
1202	1706	411
1209	3721	525
1217	1892	216
1218	2362	259
1224	2326	351
1227	2156	256
1231	3021	545
1232	2243	368
1240	1930	243
1243	2682	286
1246	2840	328
1246	2840	288
1247	3217	575
1254	5836	518
1254	5836	277
1255	3419	542
1257	4113	318
1257	4113	336
1258	2047	338
1265	2852	473
1270	1923	318
1282	2073	317
1285	1670	320
1291	3747	227
1303	2004	317
1305	2235	347
1306	1973	299
1307	3271	527
1311	2028	314
1315	1532	376
1325	2979	511
1328	1912	333
1336	3078	334
1336	3078	495
1337	3039	492
1337	3039	523
1342	1466	377
1348	1923	362
1349	1528	234
1358	3904	423
1360	2320	200
1362	2529	468
1364	1787	500
1366	1605	324
1367	2603	274
1371	4855	193
1371	4855	546
1373	2977	234
1374	1702	272
1374	1702	211
1384	2717	508
1388	1549	211
1390	2259	535
1392	1396	227
1399	2065	419
1400	2310	343
1407	4732	556
1409	1640	280
1414	1787	211
1415	1681	307
1419	4194	534
1421	4156	489
1422	2223	449
1424	1799	316
1426	3335	376
1427	2366	392
1434	4536	329
1438	2796	516
1443	5557	292
1446	1687	505
1447	1600	502
1452	3191	222
1452	3191	358
1453	3153	443
1455	2032	405
1459	3196	539
1460	3191	531
1468	4818	349
1470	3837	567
1474	3136	269
1481	2007	270
1482	3179	504
1494	1602	243
1496	2878	237
1496	2878	303
1498	2219	293
1499	1409	422
1500	2234	541
1502	4236	519
1505	4545	522
1506	3950	316
1508	2392	506
1510	2956	504
1512	1765	286
1519	1879	319
1523	1345	268
1534	2318	297
1536	3662	483
1537	1404	156
1541	3467	281
1542	1088	185
1545	1847	299
1550	1841	292
1551	1504	326
1554	1484	353
1558	1064	254
1562	2588	518
1564	1528	337
1568	1682	316
1574	1619	158
1574	1619	221
1575	1932	326
1579	1357	200
1580	1641	442
1581	2512	297
1581	2512	312
1583	2463	279
1584	1672	221
1591	1980	228
1591	1980	136
1592	1867	185
1593	1603	340
1600	1154	215
1601	3379	215
1601	3379	185
1602	1811	396
1603	2786	342
1608	1616	351
1612	1698	255
1618	1897	230
1619	988	211
1620	2489	359
1624	1616	284
1625	1863	271
1629	1543	256
1630	965	277
1633	1408	516
1637	1772	227
1638	2055	452
1639	1494	293
1640	2179	628
1642	1781	248
1644	1595	408
1647	1681	345
1651	3072	411
1655	2215	367
1656	1440	284
1657	1648	222
1666	1885	288
1671	2005	195
1671	2005	316
1675	1411	239
1676	1873	539
1678	4447	313
1679	1479	317
1680	3058	514
1682	1810	458
1683	2184	316
1683	2184	361
1685	2634	185
1689	1633	284
1690	1689	352
1692	2469	323
1692	2469	266
1700	2406	506
1706	3408	206
1708	2167	336
1709	1830	200
1712	1823	588
1713	3036	443
1714	1585	294
1716	2250	332
1720	2506	430
1721	3157	493
1725	1899	319
1726	3959	496
1729	2410	349
1730	2120	310
1731	1685	537
1732	1915	341
1733	1492	290
1734	1855	331
1740	1772	401
1742	3447	464
1744	3327	543
1748	3925	350
1748	3925	215
1752	3371	391
1755	2465	361
1761	2911	507
1763	2439	508
1765	2300	512
1770	1353	332
1771	1149	185
1773	2230	500
1773	2230	394
1777	1658	325
1781	1738	322
1782	4467	482
1783	2882	385
1783	2882	229
1784	2653	492
1793	2449	482
1795	1767	295
1797	2287	517
1803	1554	278
1805	1655	465
1807	2941	508
1808	2761	325
1808	2761	398
1812	2194	429
1817	2410	504
1818	4349	454
1822	1619	179
1822	1619	302
1824	2386	441
1831	3074	383
1836	2243	508
1840	2254	315
1843	1888	506
1846	1602	383
1848	1772	374
1857	2067	447
1858	1162	221
1872	2500	269
1873	2247	453
1874	4080	268
1875	2003	323
1877	4862	593
1881	2226	296
1886	3909	353
1894	1724	308
1895	2856	357
1904	1937	216
1905	1951	346
1907	5206	546
1908	2247	417
1912	2942	574
1916	3335	405
1919	2533	222
1920	2810	622
1921	1983	293
1924	6718	350
1924	6718	286
1933	3114	718
1938	2662	304
1947	4602	502
1954	2358	371
1955	2656	402
1961	2766	559
1976	4308	334
1980	3001	418
1981	3874	500
1983	3962	330
1986	2006	391
1987	5340	766
1998	3766	325
2002	1910	200
2006	1905	221
2016	1923	261
2020	4163	493
2024	6350	478
2030	4317	421
2030	4317	249
2031	3577	648
2039	5273	355
2039	5273	312
2041	3271	298
2046	2831	416
2050	3230	301
2054	3325	290
2056	3656	299
2061	4116	530
2061	4116	327
2063	2699	238
2066	3288	200
2076	2776	545
2077	2707	458
2078	2247	369
2087	2554	469
2088	2543	371
2092	3663	485
2092	3663	391
2102	1591	249
2104	1310	338
2105	2191	434
2106	2207	196
2115	2812	547
2116	1598	373
2117	1925	330
2118	2563	346
2124	2875	447
2125	1477	289
2127	1777	255
2133	3391	483
2140	2759	341
2141	1564	250
2142	1575	364
2143	2346	211
2145	3254	483
2146	3342	487
2150	2612	397
2151	4274	509
2151	4274	185
2153	2232	295
2154	1880	227
2159	1448	311
2162	2345	267
2165	1872	207
2165	1872	306
2169	4028	241
2170	1817	266
2174	882	232
2175	5216	316
2177	1641	288
2181	3072	355
2186	1655	336
2188	1252	273
2190	1664	272
2193	1566	452
2196	3566	226
2199	1096	185
2200	1807	415
2206	2995	540
2208	1921	452
2209	1492	430
2210	1250	277
2217	3512	436
2222	1266	258
2232	3463	246
2232	3463	191
2233	1493	284
2235	1840	439
2243	2570	278
2243	2570	245
2244	4527	487
2250	2800	386
2263	1670	232
2268	1645	267
2272	3440	368
2277	2373	489
2280	2894	490
2282	1981	284
2287	4461	328
2287	4461	467
2291	2870	424
2305	2796	459
2306	3633	412
2306	3633	211
2308	1754	211
2322	1300	464
2323	4998	433
2336	1912	325
2337	2192	308
2338	3188	261
2344	1645	268
2345	2035	505
2347	1106	296
2352	984	377
2354	1503	293
2361	1622	262
2366	1551	285
2369	3063	483
2373	2304	356
2374	1125	248
2375	4191	230
2375	4191	458
2376	3213	234
2377	2679	287
2380	1425	270
2387	1060	263
2388	4904	306
2388	4904	233
2392	2542	337
2393	2101	479
2395	3412	328
2396	1947	238
2406	1843	472
2412	1912	339
2418	2310	319
2419	2230	216
2419	2230	222
2421	1787	261
2422	2085	310
2423	1783	533
2427	4353	298
2427	4353	304
2428	1676	339
2429	959	211
2431	4201	509
2434	1707	261
2435	2159	400
2438	3565	241
2438	3565	199
2440	1542	293
2442	1291	299
2446	2451	295
2456	2193	295
2459	2844	435
2464	2211	432
2466	2778	385
2468	1866	259
2471	1618	421
2474	1503	278
2475	1811	328
2479	3525	477
2480	4073	535
2485	1665	264
2487	1260	200
2488	1689	433
2491	2404	185
2491	2404	201
2495	2177	231
2495	2177	268
2496	2391	418
2499	2178	308
2500	2726	448
2503	3853	450
2504	1652	243
2509	2280	238
2513	1228	239
2519	1752	396
2521	1433	221
2538	3694	432
2542	2465	442
2544	2413	488
2546	2596	250
2548	2428	446
2550	2061	477
2551	1769	343
2552	2655	222
2552	2655	142
2556	1743	474
2558	1211	309
2559	1969	434
2563	3980	238
2567	1608	200
2570	1640	392
2574	2632	458
2582	2384	324
2583	3478	382
2585	5028	468
2586	1577	261
2587	2560	465
2590	3192	492
2591	2123	330
2592	5485	185
2597	1814	408
2598	2477	297
2602	4193	254
2603	1111	352
2610	2990	486
2613	1912	415
2616	1811	311
2618	2288	487
2621	873	226
2623	3281	344
2629	4089	321
2629	4089	185
2633	2274	352
2639	1509	322
2644	1310	480
2647	2275	371
2651	1970	503
2652	2860	637
2657	3901	462
2660	1564	266
2670	4155	486
2670	4155	479
2673	3403	483
2675	1291	267
2681	1702	468
2698	2292	272
2712	1480	314
2719	1568	216
2720	2097	425
2722	2274	382
2723	1703	443
2724	1192	295
2727	2926	399
2727	2926	350
2728	1027	286
2732	2742	185
2735	1439	211
2737	4829	185
2737	4829	377
2738	2532	315
2739	2567	222
2740	2773	451
2742	2102	449
2746	2931	302
2747	1395	407
2751	2776	550
2752	1786	222
2754	1318	215
2756	1326	236
2759	3560	236
2767	2001	277
2776	2157	471
2779	2064	316
2784	2405	512
2786	3925	540
2786	3925	472
2790	2185	313
2791	1673	320
2796	2983	576
2799	5478	641
2800	2239	328
2800	2239	274
2802	3681	623
2810	2753	415
2816	2977	569
2818	3386	558
2820	2004	331
2826	5996	278
2827	2352	444
2828	1803	298
2831	1986	334
2832	2906	342
2833	2289	491
2838	2075	215
2839	3461	330
2840	3266	279
2843	2722	280
2848	2461	327
2849	2612	357
2849	2612	345
2851	2299	516
2860	2644	505
2862	3189	507
2865	2161	333
2870	3550	552
2874	1835	492
2875	3105	266
2877	2676	448
2887	2221	560
2890	2834	404
2895	3039	594
2897	2129	297
2900	6875	340
2900	6875	681
2900	6875	509
2901	2845	261
2909	2400	325
2916	2157	238
2917	5811	304
2918	3023	342
2921	2170	365
2924	3177	547
2929	4471	809
2932	3190	352
2933	2388	272
2935	2602	238
2936	2172	341
2940	2050	332
2943	2907	354
2949	2951	521
2951	2112	291
2957	7121	513
2959	3922	817
2960	2198	333
2963	2326	538
2969	2008	195
2969	2008	177
2970	2677	419
2973	2117	385
2986	5147	388
2987	2946	278
2989	5703	332
2991	3228	264
2997	3721	475
3002	2122	382
3006	1743	318
3018	5257	479
3021	2232	229
3021	2232	189
3026	2575	234
3030	2407	341
3031	3254	559
3039	3017	548
3049	4453	570
3051	3130	715
3055	6218	557
3055	6218	548
3056	2046	395
3057	2111	413
3060	3420	502
3072	2510	507
3077	1811	278
3086	1929	534
3087	2208	640
3091	3058	248
3096	3337	555
3096	3337	234
3105	1586	527
3107	3310	466
3107	3310	249
3109	2791	769
3111	1543	185
3114	1653	421
3115	2638	557
3121	2377	502
3122	2497	226
3125	2395	312
3130	1754	215
3132	1088	381
3135	2725	260
3135	2725	373
3137	2007	474
3138	2190	330
3140	2156	185
3141	3031	272
3141	3031	191
3147	1604	513
3148	2535	388
3154	1451	450
3157	2157	523
3159	2953	309
3160	2289	555
3167	1344	314
3168	2046	604
3170	2071	424
3172	4574	364
3174	3062	263
3175	2642	395
3178	2076	278
3181	2372	381
3185	3781	185
3189	1603	317
3190	2367	290
3191	2121	216
3195	1371	326
3199	2541	248
3205	1537	255
3211	1281	185
3217	2153	363
3218	2092	535
3219	1464	268
3220	2947	382
3223	1744	404
3228	2048	292
3231	2639	261
3231	2639	405
3235	2463	640
3237	2065	334
3238	1979	233
3240	1680	334
3243	2739	337
3245	1789	485
3253	2184	359
3255	4451	291
3265	3475	529
3269	3568	572
3271	3503	350
3273	1768	447
3274	2797	458
3277	2272	379
3280	4201	566
3283	4777	340
3283	4777	495
3288	2182	319
3291	5213	492
3299	2251	320
3304	4121	429
3305	3500	529
3305	3500	426
3311	1315	275
3315	1700	435
3317	1598	312
3320	7676	196
3320	7676	521
3321	4186	378
3322	1439	244
3324	1945	452
3325	3114	185
3329	1520	238
3331	2250	478
3337	3207	596
3339	2861	313
3343	2582	185
3345	2453	515
3346	1320	256
3347	1975	425
3351	1872	529
3355	4942	502
3358	2539	508
3364	3169	385
3364	3169	532
3365	3348	763
3368	1964	307
3369	3301	540
3382	2434	260
3384	5352	480
3391	2687	374
3393	3457	560
3394	3611	414
3394	3611	388
3396	2751	300
3396	2751	284
3398	2045	530
3399	1385	298
3411	2678	379
3420	1801	185
3423	2090	526
3424	1926	285
3428	2858	509
3434	1719	314
3436	3768	491
3448	2170	521
3450	1673	238
3451	3376	782
3453	2736	502
3453	2736	304
3460	2483	330
3462	715	185
3465	2171	211
3468	6891	462
3475	1184	281
3481	3106	477
3486	1855	423
3491	2515	303
3493	2836	394
3496	2048	455
3503	3138	470
3504	2943	362
3517	2721	532
3519	8414	393
3520	4004	397
3522	4288	455
3526	1548	350
3528	2607	332
3530	1925	441
3531	2022	608
3535	8069	547
3536	1638	258
3537	6831	222
3538	2675	616
3542	5244	332
3544	3639	268
3549	1856	275
3553	3525	480
3557	4343	488
3558	2439	562
3559	2225	355
3561	4525	488
3565	4142	590
3566	4027	589
3569	4573	359
3574	2805	571
3578	2370	403
3584	2634	543
3590	3000	384
3591	4158	542
3593	2155	546
3596	2126	562
3597	3711	589
3597	3711	550
3599	1992	335
3604	7452	438
3604	7452	533
3609	2494	255
3612	2118	544
3617	1192	233
3620	3028	585
3626	6020	400
3635	3379	322
3636	1499	365
3638	1677	531
3648	1987	507
3649	3002	466
3651	5496	505
3652	2967	342
3652	2967	322
3653	3267	285
3653	3267	584
3656	2915	538
3657	1959	379
3658	6423	336
3660	3877	554
3662	2051	249
3663	3138	195
3663	3138	159
3666	3282	368
3667	6127	500
3667	6127	545
3667	6127	436
3670	7938	593
3671	5471	553
3671	5471	533
3672	2513	388
3673	2823	204
3673	2823	362
3674	5433	596
3674	5433	216
3678	2683	373
3679	1234	418
3687	2606	462
3688	1632	403
3692	2535	477
3695	2439	357
3697	3464	325
3698	2704	506
3699	3179	331
3699	3179	373
3701	4013	547
3703	1913	256
3704	1677	364
3708	5613	415
3710	3831	501
3712	2934	343
3714	5859	367
3715	4410	238
3725	1086	261
3726	1714	314
3729	2471	368
3734	6338	388
3735	1305	222
3737	2884	371
3739	4216	534
3740	1929	336
3741	3592	361
3748	1920	355
3749	2719	481
3757	5721	535
3757	5721	520
3763	3262	220
3764	4812	227
3766	1574	408
3772	7587	333
3773	7314	477
3774	3055	381
3778	2824	514
3785	2843	399
3789	3083	347
3790	2585	333
3795	3194	310
3796	2888	275
3802	2360	628
3803	2608	277
3803	2608	207
3806	3311	380
3807	2547	518
3809	4382	457
3811	5144	375
3811	5144	587
3824	1247	343
3828	2685	579
3829	2081	408
3833	1678	356
3835	3006	206
3837	2731	255
3837	2731	350
3838	2201	370
3839	2310	382
3842	3380	530
3844	6471	345
3844	6471	285
3844	6471	323
3847	5845	559
3848	7338	316
3848	7338	545
3849	7296	558
3849	7296	554
3850	4715	403
3852	2141	222
3853	1467	222
3854	2839	185
3860	2812	359
3861	4026	234
3861	4026	305
3863	7732	289
3863	7732	240
3863	7732	269
3865	2325	502
3868	2744	583
3873	5298	383
3873	5298	352
3878	3099	339
3884	3454	572
3887	4505	540
3888	1978	335
3896	1848	274
3897	2962	263
3900	2451	345
3900	2451	248
3901	1971	431
3908	6175	320
3908	6175	771
3910	8070	361
3911	2539	381
3917	4117	360
3920	2814	446
3934	2032	565
3937	1863	332
3939	4959	579
3943	2666	548
3944	3109	304
3946	4337	550
3948	4645	382
3951	2446	499
3955	4175	259
3956	6018	282
3957	3757	501
3959	3539	370
3959	3539	308
3960	2070	238
3965	5609	536
3969	2051	394
3970	3723	475
3972	2468	334
3972	2468	267
3974	1469	238
3978	3384	554
3979	3617	580
3982	3052	362
3982	3052	200
3983	2929	315
3984	2095	502
3985	5226	495
3993	1750	534
3998	2042	227
4001	2861	313
4003	4102	735
4003	4102	180
4011	1916	290
4013	6727	372
4018	3529	185
4026	2578	304
4028	2353	259
4028	2353	325
4030	4042	358
4034	6584	429
4034	6584	535
4035	4880	270
4037	7671	552
4037	7671	537
4045	4775	536
4045	4775	412
4050	2374	382
4051	2152	411
4054	2271	365
4056	6357	653
4063	1888	337
4065	2379	316
4075	2051	581
4078	1780	352
4079	1726	202
4080	2533	480
4083	1392	429
4085	2646	533
4091	3394	351
4096	2225	341
4100	2980	345
4101	4512	365
4102	2782	321
4115	2238	374
4117	2063	266
4118	2581	216
4125	1894	185
4125	1894	343
4126	2390	304
4126	2390	340
4128	3550	293
4131	2531	336
4132	1387	262
4136	2181	511
4137	3762	343
4139	2547	343
4140	2589	389
4141	3435	472
4141	3435	274
4146	2514	238
4147	1919	313
4149	4233	510
4154	2411	300
4154	2411	318
4155	2058	369
4156	2245	403
4157	1425	346
4160	1981	373
4162	1606	360
4163	2111	266
4166	2951	304
4168	3176	233
4170	1653	290
4173	1855	183
4173	1855	337
4174	1143	215
4177	1441	470
4178	1101	287
4179	1882	336
4181	3369	399
4181	3369	339
4183	1768	302
4185	2380	301
4185	2380	154
4187	1978	508
4189	1742	222
4190	1859	262
4190	1859	336
4192	2130	289
4197	2013	367
4199	1805	462
4201	1512	363
4205	4720	309
4205	4720	359
4207	2444	188
4210	1309	324
4211	1322	304
4213	1682	351
4218	1966	281
4223	1038	261
4226	1906	313
4228	1189	361
4231	5657	339
4231	5657	312
4231	5657	309
4232	1924	211
4237	2153	537
4239	1890	307
4240	1829	352
4243	2414	200
4245	2893	550
4247	4926	315
4247	4926	528
4250	1945	328
4251	2282	486
4256	2858	312
4258	2013	310
4260	2766	358
4268	1843	430
4269	2607	504
4271	3754	549
4275	2252	525
4276	3046	541
4278	1535	327
4283	2659	178
4283	2659	333
4287	5026	416
4289	2457	489
4290	1372	200
4291	1956	185
4293	4027	499
4295	1648	488
4299	4654	589
4300	3362	276
4301	5201	429
4301	5201	509
4310	2340	501
4313	1781	258
4313	1781	255
4315	1516	443
4316	2868	516
4319	4310	326
4319	4310	318
4322	969	185
4326	2849	584
4328	1587	255
4330	2729	336
4331	1459	306
4336	4853	221
4337	1809	297
4342	1659	227
4345	1326	223
4347	4419	560
4349	2052	341
4351	3257	544
4353	1624	286
4354	2169	452
4358	3443	589
4359	2189	518
4367	1710	277
4368	2227	323
4370	1840	487
4371	2147	420
4377	1188	200
4378	3713	500
4378	3713	479
4379	3523	327
4379	3523	456
4385	2404	406
4387	1518	305
4388	1404	200
4389	2236	272
4393	1918	325
4394	2746	244
4401	2043	335
4405	2176	256
4406	1045	185
4409	1794	339
4410	1964	429
4412	1819	251
4414	5577	235
4415	2049	272
4417	1494	332
4422	1355	215
4423	1885	282
4425	3488	540
4425	3488	470
4426	2197	206
4427	2093	393
4428	2055	321
4430	2083	406
4435	1821	453
4439	1241	392
4440	2060	298
4442	1453	412
4443	1856	397
4444	2394	460
4445	1301	329
4449	1990	244
4454	2594	300
4458	1870	200
4461	3268	435
4462	1299	277
4463	1718	293
4464	2015	313
4466	1574	484
4471	1302	279
4473	5130	211
4473	5130	508
4477	3584	443
4479	2307	227
4481	2795	394
4482	4880	277
4482	4880	178
4484	2297	287
4485	1554	236
4488	2689	304
4493	1695	405
4494	1324	330
4495	1439	324
4499	1612	185
4500	1456	437
4503	2276	329
4504	2055	312
4505	2316	307
4505	2316	261
4506	1943	320
4513	2329	268
4519	4148	528
4519	4148	555
4530	1018	259
4532	1503	549
4533	1396	529
4537	1900	439
4538	1464	292
4544	3656	248
4546	4167	244
4548	2225	181
4548	2225	170
4551	2683	392
4553	1971	396
4554	2001	278
4556	1596	200
4562	2574	424
4562	2574	476
4570	2206	278
4571	3202	421
4574	1432	264
4576	3050	448
4577	3841	487
4577	3841	462
4578	2452	238
4580	5645	320
4580	5645	353
4583	1728	341
4585	2069	434
4586	1418	328
4600	2166	289
4604	1771	185
4605	3397	475
4606	5805	317
4606	5805	397
4607	2408	254
4609	2159	588
4610	2752	515
4611	2616	323
4611	2616	337
4614	3198	492
4614	3198	184
4620	1524	304
4621	1754	339
4622	1537	378
4627	1331	200
4631	2767	362
4631	2767	323
4634	2195	309
4637	1877	222
4638	1471	304
4640	1971	349
4653	3685	480
4655	1105	324
4656	1727	333
4658	2501	305
4660	2571	556
4665	1114	297
4666	2369	297
4669	1195	279
4672	2122	481
4675	2133	491
4689	3294	490
4691	1166	304
4693	3120	350
4697	3625	345
4699	2080	364
4700	2852	321
4700	2852	345
4701	2295	457
4704	1644	321
4706	1282	211
4708	5880	706
4710	1546	249
4715	4690	398
4723	2213	294
4725	2514	294
4727	3148	408
4728	3053	333
4728	3053	203
4729	1954	200
4731	3893	277
4732	1825	472
4733	805	291
4736	1636	185
4737	1814	270
4742	2409	474
4743	4594	272
4743	4594	276
4744	2096	324
4747	2034	363
4748	2826	484
4754	1730	426
4756	5672	472
4756	5672	305
4762	1158	312
4769	2611	479
4771	1346	294
4772	2093	453
4773	1565	455
4777	2736	656
4778	1701	329
4779	1282	319
4780	2121	297
4782	1759	230
4783	4058	211
4786	1452	297
4788	5454	728
4791	1069	238
4792	3151	375
4794	2408	313
4794	2408	288
4795	2207	355
4805	2002	496
4808	2453	281
4810	1546	394
4812	2285	462
4813	1386	267
4815	2044	237
4817	1241	408
4818	2567	324
4819	2868	383
4822	1983	413
4824	1678	357
4828	2588	344
4829	1933	432
4831	1813	264
4832	1781	276
4835	4009	404
4836	1597	311
4837	2900	455
4841	3986	185
4842	2104	317
4842	2104	185
4846	2429	490
4847	2728	243
4848	2180	324
4856	1741	281
4858	2008	232
4871	5463	552
4875	1825	222
4876	3959	233
4876	3959	549
4880	6333	332
4880	6333	282
4880	6333	346
4880	6333	238
4884	8711	337
4884	8711	531
4887	9632	185
4889	14298	516
4890	9142	324
4890	9142	314
4895	5338	427
4896	2739	327
4896	2739	367
4898	1787	324
4899	6934	306
4905	2571	248
4905	2571	146
4905	2571	178
4907	6564	264
4909	1392	267
4913	4587	351
4914	3840	567
4914	3840	251
4915	1956	185
4924	2398	548
4925	2427	459
4929	1605	260
4930	4381	289
4930	4381	303
4933	1111	249
4940	5679	539
4941	1814	282
4941	1814	259
4950	1671	412
4952	2672	290
4955	2116	552
4958	2503	325
4962	2025	345
4963	3272	349
4963	3272	328
4970	8209	358
4974	3307	316
4977	5948	351
4979	2048	319
4984	1595	185
4989	2708	226
4990	4706	356
4992	4504	556
4996	1491	329
4999	2668	281
5008	2883	221
5008	2883	338
5010	2520	344
5014	2446	322
5014	2446	261
5024	2291	292
5026	1844	319
5029	1818	227
5031	3411	333
5033	1788	200
5038	2163	350
5039	8779	244
5042	1937	185
5048	4096	517
5048	4096	315
5052	4267	312
5057	1238	363
5058	3067	251
5068	3499	395
5070	2555	395
5079	4652	339
5079	4652	362
5081	2087	297
5081	2087	301
5082	2696	466
5082	2696	471
5092	13217	507
5092	13217	428
5092	13217	362
5098	1945	319
5100	2320	266
5101	3210	389
5102	6017	211
5103	1390	251
5107	1488	222
5109	1669	286
5111	4049	273
5112	5078	718
5112	5078	748
5117	5579	279
5118	5551	347
5118	5551	261
5122	1663	257
5124	3120	527
5125	2402	338
5128	3318	524
5133	2360	300
5141	2000	477
5145	2261	312
5145	2261	340
5146	1852	185
5147	2633	274
5148	5008	580
5150	2480	487
5153	2224	550
5161	5694	527
5166	3099	565
5169	2041	367
5173	1963	295
5182	2570	551
5183	3197	273
5187	2023	206
5193	2851	230
5193	2851	185
5194	4491	504
5195	2121	291
5196	2841	301
5196	2841	287
5199	4133	378
5204	1855	244
5208	10120	222
5208	10120	200
5217	3275	552
5218	1812	275
5219	2896	221
5219	2896	271
5222	2535	546
5223	1606	411
5224	893	185
5235	1946	286
5238	2159	308
5240	4148	529
5241	4846	247
5245	2219	283
5247	1455	185
5248	3426	319
5248	3426	215
5252	2501	185
5252	2501	295
5263	3217	390
5270	2022	344
5272	3766	266
5272	3766	397
5273	952	238
5275	3670	238
5282	2087	313
5283	2348	258
5287	2705	561
5289	2571	350
5292	2596	416
5293	1329	349
5296	1523	301
5300	1751	167
5300	1751	238
5303	2651	319
5306	4170	523
5307	8303	594
5307	8303	345
5308	1578	300
5309	1528	299
5317	4918	510
5318	1981	327
5320	2470	206
5322	2300	334
5325	6677	334
5328	3029	469
5333	4817	343
5333	4817	343
5336	10846	497
5336	10846	564
5336	10846	291
5336	10846	432
5340	1554	266
5341	2871	266
5347	3285	603
5350	3623	354
5350	3623	341
5358	2320	399
5359	2839	272
5362	2619	250
5368	2237	185
5373	3012	498
5375	2187	499
5376	2752	517
5377	2517	244
5378	2949	243
5382	3294	585
5392	2560	352
5395	4769	493
5396	1616	340
5398	1936	227
5400	2461	227
5401	2152	267
5405	9258	187
5405	9258	192
5406	2143	351
5407	3520	441
5410	2381	276
5413	2624	255
5414	2094	262
5418	1753	281
5425	1609	281
5429	1322	292
5430	10324	232
5432	3327	513
5437	1683	262
5441	2631	435
5444	1140	411
5445	2187	341
5450	2543	627
5453	4667	234
5453	4667	151
5454	2877	321
5454	2877	294
5457	1872	222
5458	4301	533
5461	2113	519
5463	3082	396
5465	5194	431
5465	5194	382
5468	1822	238
5470	5214	381
5473	1525	311
5476	2321	287
5477	4783	350
5478	1631	200
5480	3351	368
5481	3756	251
5481	3756	420
5482	12594	512
5482	12594	206
5482	12594	567
5488	2098	373
5488	2098	264
5489	3649	322
5490	2423	319
5490	2423	166
5496	3768	518
5498	2010	372
5521	3915	687
5522	6262	557
5522	6262	846
5524	6140	319
5524	6140	322
5526	2602	329
5538	3659	211
5542	2624	424
5544	6622	608
5546	4767	469
5555	3224	458
5558	4530	559
5563	3065	344
5571	1753	389
5576	1846	333
5580	1435	443
5581	1932	508
5582	2097	238
5586	1297	347
5587	3074	595
5590	4103	371
5591	3549	583
5595	2778	326
5597	3353	782
5603	2022	227
5607	5542	456
5608	1819	241
5615	2461	530
5624	2945	579
5629	2909	571
5630	3181	440
5632	3905	840
5634	2101	378
5635	3209	569
5640	3618	598
5643	3782	397
5647	2497	254
5648	4922	587
5648	4922	233
5651	4041	272
5653	6350	384
5657	6388	485
5657	6388	332
5659	2388	363
5662	2133	469
5676	6140	227
5679	5346	830
5682	3229	326
5682	3229	313
5687	2589	331
5687	2589	369
5690	3204	499
5693	2837	595
5699	1760	242
5700	4081	762
5702	2760	371
5704	1586	390
5709	4567	576
5710	2201	292
5714	2596	267
5716	1461	354
5730	2347	382
5734	7201	308
5736	2362	302
5736	2362	254
5738	2855	498
5742	3981	572
5743	4100	392
5751	2310	331
5758	1578	394
5761	1956	345
5763	1736	439
5766	5129	562
5767	7090	582
5767	7090	211
5771	3941	1183
5777	2986	185
5784	4079	254
5786	3512	721
5787	2717	640
5808	1513	324
5811	1726	360
5815	4090	335
5816	2636	459
5820	2503	378
5821	3546	785
5828	2678	323
5828	2678	335
5833	2116	363
5836	3906	583
5836	3906	436
5842	3185	414
5843	5993	899
5845	1569	270
5846	1658	375
5852	2947	293
5855	2612	234
5855	2612	470
5857	2276	364
5857	2276	303
5863	4905	572
5863	4905	533
5864	2325	335
5866	2537	541
5873	2976	285
5874	1665	309
5876	1532	363
5877	4479	419
5878	2872	690
5883	2197	347
5885	5208	367
5886	2703	332
5886	2703	277
5894	1667	200
5895	4712	393
5895	4712	268
5904	4060	573
5907	1413	324
5912	1668	279
5918	2787	200
5919	2260	334
5922	3642	330
5922	3642	497
5924	3107	392
5924	3107	518
5925	3100	567
5928	2240	334
5930	3318	498
5947	1838	340
5952	2112	266
5960	2566	567
5963	2020	248
5969	4659	273
5969	4659	286
5970	4092	234
5970	4092	564
5973	1284	260
5976	3547	700
6009	2161	416
6011	3351	283
6016	6604	227
6016	6604	251
6016	6604	340
6020	5315	371
6023	3047	461
6029	4153	649
6035	3825	539
6036	3255	349
6040	3025	238
6044	5162	359
6045	2932	593
6046	1441	185
6048	3029	445
6050	3494	408
6054	3917	528
6061	2050	328
6065	3085	211
6068	5199	295
6071	2581	325
6087	4674	509
6092	3663	402
6094	2125	500
6098	3256	185
6098	3256	364
6100	4955	589
6100	4955	185
6110	6491	416
6115	4599	185
6121	2273	473
6123	2200	249
6129	4952	540
6131	4843	671
6145	2593	438
6146	4989	867
6150	3470	566
6153	3004	582
6159	3934	354
6159	3934	451
6160	3492	425
6166	2260	275
6184	1790	322
6186	2171	289
6189	5758	376
6191	2162	244
6191	2162	305
6199	2126	328
6200	2989	332
6200	2989	235
6201	3431	377
6201	3431	261
6205	2161	211
6209	1747	342
6211	1672	328
6217	4939	261
6217	4939	224
6218	2844	626
6219	2140	292
6219	2140	261
6222	1219	226
6225	1603	275
6229	975	312
6235	2474	315
6238	2288	215
6238	2288	200
6239	2445	455
6241	1315	200
6242	1108	351
6248	2374	282
6248	2374	253
6258	1981	220
6262	1259	324
6273	2239	344
6276	3183	281
6281	1861	226
6286	4011	462
6286	4011	367
6289	1005	162
6296	1819	317
6299	3627	334
6307	2292	322
6318	1803	304
6319	1927	305
6319	1927	304
6320	1732	200
6321	2667	256
6325	5692	510
6327	3799	293
6331	3878	453
6335	3027	359
6336	1673	327
6338	2559	211
6340	1571	237
6342	7009	486
6354	3762	263
6354	3762	172
6354	3762	397
6359	5907	249
6360	2891	375
6361	2208	277
6365	2547	511
6366	2071	438
6370	3021	255
6374	1029	226
6375	1691	222
6377	5730	412
6400	3401	286
6402	1527	266
6405	2746	338
6405	2746	346
6408	2814	517
6411	5132	306
6414	3675	470
6414	3675	428
6415	2362	355
6418	1854	306
6421	2362	385
6423	2259	453
6427	4321	518
6427	4321	508
6433	4871	200
6438	3599	478
6438	3599	294
6439	2857	436
6440	2708	266
6443	2567	370
6448	3502	206
6449	2386	340
6453	2810	476
6455	5376	630
6457	7095	366
6458	4415	444
6459	3512	259
6460	2136	185
6465	4315	515
6466	5630	228
6469	2141	486
6471	4901	418
6476	1028	278
6477	5268	669
6480	2485	443
6482	1808	490
6485	3148	558
6487	2889	274
6490	1430	389
6491	3355	281
6500	6148	644
6503	2154	251
6506	1341	492
6507	1871	417
6509	1893	256
6518	4419	500
6527	3405	423
6530	1667	200
6532	3064	245
6539	1781	410
6546	2175	439
6547	7078	529
6548	1740	185
6550	1764	445
6559	4045	550
6574	1921	292
6578	1165	322
6582	6565	368
6586	2483	200
6588	6658	400
6589	1581	242
6597	6897	448
6602	2603	329
6610	2859	395
6610	2859	502
6611	3167	439
6614	3536	330
6618	1721	322
6634	2608	216
6635	3429	439
6647	1543	255
6648	3833	358
6649	2366	316
6658	2366	478
6662	2643	215
6663	2625	454
6665	2543	295
6666	3127	503
6666	3127	268
6667	1824	310
6669	2921	227
6671	2468	561
6678	1694	440
6682	1977	448
6687	7063	425
6687	7063	197
6692	3596	476
6695	6515	311
6697	1648	412
6703	2335	271
6706	1756	381
6717	1412	291
6723	1938	281
6726	7072	482
6726	7072	493
6738	2837	255
6739	2354	528
6747	1521	185
6764	3465	287
6771	3012	450
6778	1730	356
6781	2191	315
6782	2274	531
6784	2571	400
6786	2034	155
6786	2034	171
6787	2911	285
6791	2590	336
6791	2590	243
6796	2941	340
6808	5067	587
6809	3213	459
6810	1379	261
6811	1939	337
6815	3959	468
6818	3541	364
