0	18642	15912
1	3202	360
1	3202	335
8	4869	347
8	4869	358
12	3107	392
14	3423	439
16	2747	509
22	1556	328
25	2560	220
28	2066	397
33	1710	211
36	2586	216
36	2586	300
37	2467	623
38	2860	347
42	3794	306
43	2070	389
44	4814	331
45	2358	505
50	7298	484
56	5738	404
56	5738	625
60	3959	331
63	2507	238
68	6849	333
69	7795	334
71	5052	466
74	4374	763
77	1349	369
79	2460	546
86	3479	593
88	2341	358
89	1853	388
90	6695	539
90	6695	222
91	3124	249
95	2157	251
95	2157	323
97	2152	490
99	2837	347
105	1613	342
108	4325	570
111	1745	326
114	3989	304
115	3345	510
116	4279	275
119	4504	407
119	4504	273
120	1923	242
121	2254	600
126	4441	580
126	4441	355
129	1890	310
134	2269	200
136	2890	525
136	2890	327
142	2034	446
145	6973	377
150	1488	432
153	1601	249
154	4956	215
154	4956	541
156	2549	501
158	2362	449
160	2235	465
162	2841	394
163	2104	279
164	4289	471
166	3165	420
169	2943	427
176	2177	485
177	2140	557
178	6027	263
178	6027	300
180	1073	324
181	3340	309
181	3340	269
188	2907	566
189	3685	535
196	1914	289
201	6926	335
203	5810	360
203	5810	250
203	5810	285
204	2373	445
207	5806	279
207	5806	320
209	2266	330
212	6081	333
214	3882	273
214	3882	326
215	2954	586
219	6873	339
219	6873	304
219	6873	249
219	6873	222
221	1614	308
225	3349	366
228	2103	592
230	5394	156
230	5394	151
231	1792	266
236	6553	221
236	6553	259
239	2856	555
239	2856	467
240	1727	254
243	2911	261
243	2911	332
244	2272	314
257	2714	221
260	1416	294
264	2207	273
266	1031	395
269	4856	200
276	2646	289
276	2646	331
277	3876	377
278	2383	345
278	2383	300
281	3721	363
282	1941	200
283	4868	298
286	2380	307
286	2380	260
288	3062	530
300	2479	404
312	954	227
313	1306	255
314	2159	336
315	4421	607
319	3945	550
323	2617	552
324	1971	313
326	1789	200
326	1789	259
335	2791	441
338	1663	298
341	2219	305
342	2088	495
347	2138	240
354	2295	277
362	2539	491
364	2281	371
365	2387	200
377	1536	323
378	3176	536
380	882	450
385	3067	396
386	3228	531
386	3228	495
390	2277	543
391	2778	271
392	2594	298
392	2594	300
393	2251	335
394	3462	356
400	5170	144
400	5170	220
413	2027	485
415	2911	529
420	3185	586
421	4101	456
421	4101	651
422	4420	267
423	2207	294
427	3646	552
430	2353	269
432	2016	215
435	4808	587
435	4808	463
436	5804	185
442	1620	242
450	2664	375
456	2883	541
461	1472	320
473	2692	242
476	2761	639
477	5667	416
485	2092	296
493	3513	289
495	2038	412
497	3041	357
497	3041	413
504	2879	400
511	1993	255
512	1926	324
517	5282	597
518	5212	419
518	5212	372
519	2716	493
525	3664	294
526	4927	636
526	4927	625
529	2935	185
536	2492	262
539	2043	637
543	1680	440
544	3568	491
551	2754	393
552	2570	411
553	3586	344
553	3586	451
554	3169	598
554	3169	407
555	4444	615
555	4444	327
559	5754	444
559	5754	542
563	5065	518
563	5065	504
564	2506	607
566	2343	206
567	4863	577
569	3118	315
573	2665	516
576	3171	332
578	3717	284
579	2056	503
580	1685	327
588	6262	443
589	3282	534
595	3799	326
595	3799	527
601	1666	291
614	6156	445
614	6156	447
616	2595	435
617	1464	350
624	2681	469
636	1458	200
640	2823	185
640	2823	255
641	4875	185
643	2140	378
645	3595	604
647	1512	462
652	2024	529
655	3947	630
655	3947	459
656	4721	262
658	3195	585
660	5919	458
660	5919	439
663	2817	658
666	2729	322
669	3153	185
669	3153	305
670	2567	459
673	2245	482
674	3596	499
686	1415	506
702	3211	593
703	2044	374
715	3001	523
723	4573	434
723	4573	494
728	1936	543
729	2770	593
730	2298	116
730	2298	116
753	2104	461
754	2911	530
755	2219	431
756	1726	405
758	3043	434
761	2227	279
761	2227	120
761	2227	362
762	3928	315
762	3928	534
763	1663	406
765	6884	298
769	1775	185
772	4780	515
775	1950	260
777	7179	426
777	7179	499
780	2122	508
782	1743	367
783	5883	433
783	5883	202
791	2477	515
792	2022	215
793	2221	422
813	2977	312
814	3719	383
817	1690	162
817	1690	127
819	4806	344
821	3735	254
823	3102	371
824	3448	593
826	3005	571
830	2160	407
831	3699	324
837	2421	339
839	1511	351
840	1017	312
843	7583	251
843	7583	249
843	7583	456
843	7583	360
846	4501	590
848	2264	533
852	2983	564
853	11022	253
853	11022	352
853	11022	527
853	11022	200
857	9863	474
857	9863	573
857	9863	320
857	9863	355
857	9863	532
858	5674	268
858	5674	512
859	3685	533
861	2007	584
862	3302	299
862	3302	311
870	5285	355
874	4005	358
876	2154	462
882	11902	366
882	11902	222
882	11902	258
885	5227	550
885	5227	478
887	3059	429
892	2718	251
893	1580	232
894	10164	215
894	10164	299
895	3979	518
900	6700	451
902	3616	547
903	3813	177
911	4881	455
912	3242	401
913	2345	469
915	3582	200
916	6175	382
916	6175	243
918	2236	243
920	1707	158
920	1707	147
923	2313	206
925	3277	711
928	2273	322
929	3878	392
930	10186	511
933	3129	494
937	3360	266
942	2808	546
948	1158	310
950	2183	254
950	2183	384
951	3653	571
956	3712	401
958	1587	227
960	1596	298
970	3337	524
974	5115	260
974	5115	358
976	5573	327
977	1700	185
977	1700	154
980	6862	288
980	6862	185
981	2814	516
981	2814	550
984	4105	321
984	4105	361
986	9870	322
989	11938	344
989	11938	506
989	11938	405
990	2856	346
995	6031	284
995	6031	353
997	2615	409
997	2615	169
998	1645	309
1002	2131	652
1003	3876	185
1005	2563	349
1006	1548	244
1007	3503	545
1007	3503	562
1009	10676	491
1010	1994	221
1013	1528	431
1015	2669	614
1019	9256	575
1019	9256	232
1025	2169	465
1028	3763	249
1029	2678	211
1030	2658	550
1031	8349	354
1033	4039	496
1035	3503	370
1041	5033	238
1041	5033	398
1047	4281	317
1048	2543	500
1049	2374	345
1049	2374	361
1050	4718	541
1050	4718	211
1051	2955	304
1053	8816	605
1053	8816	573
1054	2710	337
1054	2710	345
1058	2220	281
1059	2444	356
1060	2672	227
1061	2225	449
1063	2500	404
1066	3933	302
1067	1996	206
1069	8771	745
1072	2953	390
1073	4551	255
1076	6224	506
1080	4790	294
1082	5605	496
1082	5605	506
1083	4466	404
1089	4411	324
1089	4411	216
1091	2198	350
1092	1831	236
1095	3195	523
1097	2405	256
1098	2270	378
1098	2270	174
1106	6702	440
1106	6702	297
1106	6702	282
1110	2898	354
1112	5325	330
1112	5325	583
1115	2784	245
1118	1343	296
1119	7947	357
1122	3780	563
1125	2037	341
1126	3913	370
1127	5355	244
1128	8906	343
1128	8906	211
1129	4093	544
1131	2575	440
1132	1840	309
1133	4295	506
1134	3319	502
1135	3671	671
1137	3208	558
1138	3049	379
1141	6560	349
1142	1411	345
1143	2801	443
1153	2116	407
1156	3709	373
1164	2112	200
1165	1940	611
1169	1542	462
1170	2485	301
1176	4379	431
1180	3010	489
1180	3010	266
1182	1950	192
1184	3797	434
1184	3797	422
1185	4065	317
1192	2545	261
1193	4099	354
1194	2480	238
1198	6611	252
1198	6611	563
1201	11892	506
1201	11892	391
1202	2189	529
1203	2742	514
1204	2515	281
1205	1824	360
1207	2359	513
1208	2170	277
1210	5169	452
1211	2170	561
1213	6548	502
1213	6548	555
1214	4852	383
1216	2990	581
1217	9306	326
1217	9306	185
1225	2383	376
1227	4062	380
1227	4062	291
1229	3495	365
1230	4851	185
1239	1740	220
1241	3694	319
1241	3694	267
1244	10510	578
1247	1901	437
1249	1848	386
1256	1740	247
1256	1740	304
1259	3019	556
1261	3208	429
1263	7488	493
1263	7488	206
1263	7488	496
1266	2114	392
1270	3589	465
1270	3589	538
1271	4129	585
1272	2957	647
1273	2223	216
1274	6614	570
1275	5294	396
1276	1803	332
1280	7658	266
1281	1835	227
1282	1748	369
1284	1830	511
1285	4419	400
1286	6589	464
1289	2384	332
1289	2384	181
1298	2815	351
1302	3306	226
1302	3306	372
1306	1796	372
1310	1514	394
1313	9685	243
1315	1932	254
1318	2853	492
1320	9341	557
1320	9341	458
1322	7638	488
1323	6454	526
1323	6454	252
1324	2965	653
1325	3735	211
1328	2635	366
1329	2279	396
1330	2283	468
1335	1865	592
1336	4727	590
1337	3303	365
1339	1428	560
1341	2369	277
1346	5606	444
1347	2721	538
1348	1796	185
1356	6033	530
1358	10547	606
1358	10547	385
1359	3215	409
1362	10694	400
1362	10694	347
1363	2673	200
1363	2673	336
1364	6153	535
1364	6153	434
1366	1826	547
1367	4600	377
1368	3855	342
1370	2964	559
1377	4044	556
1385	4294	227
1387	3735	290
1390	2922	447
1391	2329	460
1396	3894	314
1397	4884	581
1397	4884	615
1399	7018	357
1400	6926	519
1401	5038	458
1402	3043	462
1404	3430	279
1407	2438	406
1413	2005	481
1416	3067	490
1425	4126	566
1425	4126	285
1426	1896	215
1428	3929	286
1428	3929	582
1429	3506	257
1429	3506	470
1431	3017	358
1436	4944	469
1436	4944	551
1445	2866	360
1446	2727	243
1453	3357	327
1455	2174	430
1462	3864	403
1463	2100	373
1467	3233	467
1469	4939	516
1469	4939	393
1470	2487	427
1471	4242	293
1475	2206	437
1483	2310	230
1484	1240	323
1486	1554	402
1487	1784	431
1495	2290	489
1499	2104	327
1503	2333	239
1504	2545	276
1505	2236	312
1507	3680	270
1507	3680	538
1514	3048	331
1517	3507	327
1521	2756	482
1522	10747	655
1522	10747	515
1523	1931	389
1530	3340	472
1531	2206	268
1544	7151	353
1545	4074	266
1548	3086	419
1554	2141	493
1590	1331	263
1592	1482	185
1611	9935	336
1614	5028	301
1617	5576	185
1623	7525	265
1628	5150	384
1634	4989	499
1637	2395	385
1639	3287	410
1647	1771	284
1654	1650	284
1658	13213	384
1660	7359	238
1660	7359	373
1660	7359	610
1663	8525	244
1663	8525	223
1663	8525	472
1663	8525	316
1666	2419	359
1668	2243	451
1671	4066	389
1675	2840	335
1676	3670	559
1677	4168	497
1680	6672	319
1680	6672	232
1680	6672	580
1686	3563	268
1687	2093	185
1688	2675	552
1697	2223	332
1698	2432	551
1700	3545	320
1702	4054	421
1703	4080	530
1703	4080	395
1706	5678	436
1711	2048	227
1715	6870	286
1715	6870	233
1716	9147	131
1716	9147	569
1716	9147	256
1716	9147	338
1721	2479	419
1731	1035	325
1733	9892	593
1733	9892	338
1735	1877	329
1736	2909	215
1737	1319	185
1739	1995	551
1742	2549	285
1743	12756	469
1743	12756	403
1744	1301	238
1745	5763	345
1745	5763	412
1746	2231	491
1747	6504	549
1747	6504	178
1747	6504	392
1747	6504	368
1749	5279	256
1755	2934	527
1757	7495	485
1757	7495	514
1757	7495	260
1757	7495	350
1758	5123	306
1761	2334	368
1762	5597	280
1763	2030	311
1764	4804	477
1767	2163	295
1768	2219	371
1770	2905	518
1771	12981	353
1771	12981	138
1771	12981	127
1779	5217	237
1780	1831	273
1784	2952	290
1784	2952	301
1788	9054	257
1788	9054	266
1790	5035	308
1792	1896	252
1792	1896	227
1793	11457	638
1793	11457	611
1797	3592	525
1797	3592	526
1799	8494	325
1799	8494	372
1804	6048	384
1805	6872	218
1805	6872	382
1807	2673	595
1807	2673	178
1809	4116	717
1811	1589	357
1813	4608	211
1813	4608	285
1813	4608	367
1815	2039	185
1817	3517	484
1818	2089	547
1819	6758	432
1822	7961	185
1822	7961	569
1825	3405	433
1826	4797	495
1827	4061	448
1832	2232	344
1833	2230	507
1834	3339	362
1836	6561	448
1838	989	248
1840	4663	558
1840	4663	430
1844	1605	348
1845	10741	524
1847	1699	283
1850	4543	273
1851	1589	275
1852	9107	232
1853	5648	351
1855	12085	462
1855	12085	349
1855	12085	264
1855	12085	505
1856	2095	481
1858	5065	543
1859	1492	362
1863	9476	335
1863	9476	540
1869	3036	452
1871	2022	387
1873	8448	254
1874	5662	343
1874	5662	398
1877	10129	399
1877	10129	474
1877	10129	524
1877	10129	360
1879	7850	243
1879	7850	185
1880	6474	577
1880	6474	524
1881	2838	352
1882	6137	207
1883	1643	274
1884	1656	356
1885	4043	594
1885	4043	531
1887	4614	563
1888	1618	250
1889	2293	200
1891	3114	481
1891	3114	198
1891	3114	158
1893	2188	457
1894	3252	458
1897	2163	525
1899	2737	583
1901	1926	256
1905	3044	201
1906	4266	319
1907	6538	364
1907	6538	491
1908	10910	573
1908	10910	274
1908	10910	562
1910	5189	535
1914	4650	255
1914	4650	267
1917	5680	317
1920	9073	425
1920	9073	547
1921	11916	340
1921	11916	300
1925	8775	504
1925	8775	349
1925	8775	261
1927	5531	422
1933	7455	272
1937	2577	216
1946	12490	372
1946	12490	502
1949	4715	565
1950	4558	340
1951	11553	377
1951	11553	573
1951	11553	288
1952	5824	598
1952	5824	575
1954	5175	215
1955	4395	538
1959	6915	511
1962	4309	567
1968	6440	206
1970	11437	501
1970	11437	413
1970	11437	531
1970	11437	359
1970	11437	442
1973	1710	397
1976	3487	539
1978	3523	344
1979	2970	359
1980	14267	546
1980	14267	490
1980	14267	519
1980	14267	450
1981	3065	418
1982	2639	514
1984	3098	524
1986	6555	185
1986	6555	222
1986	6555	351
1989	2658	567
1995	2937	494
1995	2937	326
1999	4973	575
2003	3889	547
2009	13863	430
2009	13863	348
2010	4749	186
2010	4749	358
2011	1678	379
2013	4924	452
2014	2964	430
2014	2964	185
2015	2046	295
2016	1310	305
2017	2856	484
2020	2395	516
2022	2913	299
2022	2913	261
2024	1317	493
2027	883	238
2029	6345	444
2029	6345	323
2030	6486	347
2031	10717	306
2031	10717	310
2032	10248	431
2033	3396	266
2035	2284	509
2036	4233	715
2037	3801	433
2037	3801	585
2041	7827	421
2041	7827	522
2042	2934	331
2044	1659	324
2048	1603	419
2049	1116	266
2053	2464	349
2057	2143	211
2058	3151	384
2058	3151	380
2059	1734	279
2071	10416	185
2072	2387	375
2078	5082	268
2080	1477	272
2082	2854	526
2083	1401	306
2090	4403	447
2090	4403	484
2094	3845	449
2096	3981	250
2098	12775	550
2098	12775	553
2100	6628	568
2101	3544	320
2101	3544	322
2103	1921	361
2110	2390	243
2112	9016	488
2112	9016	200
2112	9016	136
2113	3138	316
2114	3295	472
2120	3527	582
2122	2697	461
2124	2168	345
2126	7560	226
2127	4289	564
2135	5817	252
2136	4150	402
2137	2495	571
2140	2982	261
2143	3427	333
2145	4553	538
2150	8993	577
2150	8993	517
2150	8993	362
2152	3609	565
2154	1606	399
2155	4386	595
2158	4785	297
2159	1614	328
2163	7911	557
2163	7911	446
2163	7911	485
2164	1415	343
2168	14656	606
2168	14656	310
2169	8472	348
2169	8472	558
2170	2322	324
2172	2222	573
2173	3202	185
2175	2821	531
2176	5876	520
2176	5876	342
2177	2712	562
2179	1251	278
2183	2179	282
2184	13342	530
2184	13342	615
2184	13342	408
2185	6494	537
2188	3856	347
2190	3323	530
2190	3323	259
2198	8216	467
2201	3153	574
2207	2969	453
2208	2703	577
2214	2057	491
2217	1547	200
2218	1967	349
2219	6544	320
2219	6544	369
2219	6544	241
2219	6544	358
2221	2159	326
2224	9007	457
2224	9007	456
2226	2895	483
2227	2402	275
2239	5175	312
2239	5175	340
2242	2980	332
2244	2822	266
2247	3706	567
2247	3706	514
2251	1294	290
2252	7695	390
2252	7695	381
2253	1905	211
2256	4914	547
2259	2010	268
2260	630	185
2264	5619	185
2264	5619	321
2265	4132	364
2265	4132	341
2266	1256	250
2269	1646	350
2276	3293	255
2277	3762	575
2279	2441	197
2279	2441	382
2280	2120	363
2282	5942	547
2282	5942	550
2283	2315	233
2283	2315	607
2284	1592	394
2293	1872	289
2294	3254	406
2296	1894	360
2298	2762	503
2300	2411	332
2302	1750	323
2303	6974	288
2307	3762	600
2309	1555	361
2310	3362	603
2311	1559	328
2311	1559	368
2313	2474	226
2315	4053	573
2315	4053	577
2318	3144	631
2321	2152	591
2324	2781	211
2327	2113	524
2328	2617	280
2330	3794	200
2332	7670	597
2332	7670	299
2338	1590	363
2339	2168	299
2339	2168	226
2345	2156	339
2346	8982	191
2346	8982	200
2348	9212	473
2351	2804	243
2352	3177	290
2354	7248	588
2354	7248	538
2358	1871	278
2360	2557	594
2362	2424	297
2366	4395	594
2367	1779	554
2368	1733	521
2369	3446	537
2371	2201	276
2373	1789	356
2374	1732	411
2375	5027	456
2376	2351	330
2378	6339	581
2378	6339	415
2379	6690	329
2385	2122	230
2387	2845	256
2388	1341	297
2389	1644	211
2391	5949	565
2392	8275	259
2392	8275	345
2392	8275	375
2397	2486	184
2397	2486	377
2400	4682	477
2400	4682	502
2402	2559	458
2404	2046	312
2406	2242	305
2406	2242	145
2406	2242	161
2411	5439	343
2412	1636	338
2413	3595	547
2414	3673	541
2416	2419	314
2416	2419	226
2417	2840	271
2419	2076	461
2422	2608	511
2424	3877	550
2428	2329	424
2438	1844	226
2439	2186	593
2441	6016	349
2442	2234	506
2444	3463	281
2445	2093	251
2446	4574	281
2447	1768	152
2447	1768	146
2451	4437	556
2454	7278	335
2454	7278	185
2460	2726	343
2463	1989	322
2464	2624	434
2470	5438	285
2471	2694	497
2473	1732	450
2474	2962	533
2474	2962	375
2477	2711	644
2479	2390	200
2481	2260	561
2482	6582	495
2482	6582	496
2483	2591	458
2484	1216	266
2485	3606	432
2491	2234	594
2493	1835	478
2497	6234	584
2498	1436	268
2502	2263	439
2507	2627	330
2507	2627	304
2508	1967	561
2510	1261	200
2515	1457	476
2522	8110	573
2522	8110	308
2522	8110	373
2523	2205	316
2527	3432	581
2527	3432	260
2528	10443	489
2528	10443	846
2530	4538	534
2532	2409	615
2542	4732	720
2544	8931	588
2544	8931	558
2546	1743	281
2553	7299	202
2553	7299	154
2553	7299	598
2553	7299	609
2562	1535	200
2564	4298	480
2565	2389	633
2567	3164	376
2567	3164	232
2569	4797	370
2569	4797	266
2572	4313	531
2574	5742	395
2577	1945	608
2580	3179	507
2580	3179	496
2581	2431	284
2582	1624	267
2584	9258	343
2584	9258	371
2587	2349	174
2587	2349	289
2588	5744	631
2594	2661	625
2597	2545	248
2599	2514	706
2600	2385	325
2605	8851	704
2608	5060	559
2608	5060	557
2609	2618	607
2610	2361	490
2614	3532	596
2617	2074	417
2618	1534	276
2621	2087	262
2624	2673	552
2625	4321	250
2626	3288	449
2631	2334	311
2633	1677	457
2634	2714	589
2637	2212	507
2639	1677	317
2640	2175	489
2643	4194	622
2644	5629	352
2645	4050	259
2647	2856	272
2649	3337	660
2651	2320	555
2660	2567	348
2661	1765	514
2662	5980	574
2662	5980	589
2668	4954	609
2670	5908	670
2670	5908	424
2676	2121	271
2677	2678	506
2680	2632	268
2681	5748	401
2681	5748	437
2681	5748	444
2682	1770	589
2683	1688	304
2684	4113	658
2684	4113	305
2691	8151	384
2692	1854	413
2694	1979	447
2697	2245	590
2700	2756	461
2702	4312	375
2714	2563	167
2719	1778	440
2720	2870	525
2721	2935	445
2724	9816	595
2727	9659	597
2727	9659	554
2728	2569	277
2729	4279	504
2729	4279	537
2731	10435	216
2731	10435	420
2733	2996	605
2735	3152	546
2736	4834	490
2736	4834	630
2738	1889	339
2741	4597	611
2741	4597	528
2747	2341	301
2747	2341	382
2752	3157	358
2760	2779	493
2762	3238	293
2763	7714	817
2767	1708	294
2768	1846	429
2770	8042	462
2770	8042	295
2772	1966	389
2773	2816	312
2778	2697	561
2781	3764	774
2782	1797	273
2783	2026	476
2784	2143	395
2786	3394	395
2788	1750	222
2790	4591	302
2792	1811	424
2796	4665	595
2796	4665	650
2797	2218	557
2797	2218	504
2800	900	221
2802	2620	389
2803	3746	502
2806	10321	391
2806	10321	325
2806	10321	328
2807	2160	401
2810	4327	629
2811	2628	215
2814	3453	580
2817	2794	607
2823	1590	379
2827	1723	263
2828	1959	353
2828	1959	176
2830	3775	287
2831	1769	353
2834	1951	549
2836	3021	302
2838	5255	356
2841	2753	557
2846	1550	244
2849	1538	398
2851	2249	266
2854	3098	335
2860	2331	227
2861	2150	339
2864	5225	293
2865	2865	185
2866	4613	256
2866	4613	599
2868	3119	549
2868	3119	513
2869	10176	316
2869	10176	222
2869	10176	290
2869	10176	361
2872	1812	332
2873	978	323
2877	2883	146
2877	2883	253
2878	10667	594
2878	10667	578
2878	10667	323
2878	10667	613
2882	4135	338
2890	7568	653
2892	2738	211
2893	2619	605
2899	6791	316
2899	6791	419
2901	3246	533
2908	1763	322
2913	1578	420
2917	8266	624
2917	8266	538
2920	1779	299
2921	2479	368
2922	2229	597
2923	2559	320
2926	1395	283
2927	2071	447
2929	8685	648
2929	8685	580
2938	1536	336
2943	2184	385
2948	2487	585
2953	2150	408
2957	2151	382
2958	3353	215
2964	8117	631
2967	4160	469
2972	2109	278
2975	2421	387
2979	8005	563
2979	8005	507
2979	8005	514
2982	4202	331
2982	4202	407
2988	8394	266
2993	4178	713
2993	4178	382
3000	2936	463
3001	4029	398
3002	3600	617
3005	2136	256
3006	1210	227
3008	3627	185
3013	1828	222
3015	3623	535
3015	3623	278
3021	2479	473
3024	2357	350
3024	2357	200
3026	1525	482
3029	1705	185
3030	2296	531
3033	17947	465
3033	17947	405
3033	17947	406
3035	3924	544
3037	3818	482
3046	2540	377
3050	1289	200
3051	2748	564
3054	2239	211
3056	5537	268
3056	5537	327
3062	6823	525
3062	6823	200
3063	2680	468
3064	2023	356
3069	2896	328
3071	8617	553
3075	4741	541
3080	2192	581
3081	3204	522
3087	3375	439
3090	1718	537
3092	2597	312
3092	2597	206
3093	2142	279
3093	2142	360
3094	2642	283
3095	2388	361
3097	2256	211
3100	1827	368
3101	3030	393
3102	3135	540
3105	1774	590
3107	8361	290
3107	8361	773
3109	3258	599
3111	1684	455
3114	10556	602
3114	10556	238
3117	1711	569
3118	3458	530
3122	2217	537
3123	3004	539
3125	3128	508
3129	2616	214
3129	2616	114
3129	2616	401
3131	1981	185
3133	2787	506
3134	6746	546
3134	6746	641
3139	3302	494
3140	2875	542
3141	3201	339
3148	2992	227
3149	2154	249
3153	5183	556
3154	2055	584
3155	2239	315
3157	2528	380
3162	1610	375
3164	2025	211
3168	3577	284
3169	2130	392
3170	3193	456
3171	2665	383
3175	11986	397
3175	11986	433
3176	2786	591
3178	2016	263
3179	2069	261
3184	3154	200
3186	4241	291
3186	4241	377
3187	3378	375
3187	3378	279
3192	2143	211
3195	5929	576
3195	5929	453
3202	4955	338
3202	4955	314
3203	1069	253
3205	3221	525
3207	9758	463
3207	9758	222
3208	4932	257
3208	4932	171
3209	3511	248
3211	2334	337
3212	2956	666
3215	1594	338
3219	2557	195
3219	2557	202
3220	3184	238
3222	2380	460
3223	4237	464
3223	4237	263
3224	1532	244
3225	8642	527
3225	8642	294
3225	8642	279
3225	8642	215
3226	1713	324
3228	1533	356
3229	3997	367
3231	1575	510
3237	2488	317
3237	2488	292
3240	2182	365
3244	2546	325
3246	7160	306
3246	7160	200
3246	7160	520
3248	3263	528
3249	1461	483
3250	2101	244
3253	4011	383
3253	4011	441
3254	3997	212
3254	3997	579
3255	1970	352
3256	1668	248
3259	2459	368
3264	5016	334
3268	5640	352
3268	5640	299
3268	5640	516
3272	1679	185
3276	5576	507
3280	12703	405
3280	12703	554
3287	1749	390
3291	5646	488
3294	2408	464
3295	8233	373
3295	8233	267
3295	8233	470
3295	8233	470
3303	6791	430
3303	6791	323
3304	3047	486
3304	3047	322
3309	6771	281
3309	6771	324
3313	3960	494
3314	6915	347
3314	6915	349
3315	5296	293
3316	3093	435
3316	3093	509
3317	4922	695
3321	3339	416
3322	5078	262
3322	5078	467
3325	5453	371
3328	3296	473
3330	3693	554
3330	3693	504
3331	5326	547
3334	1256	278
3340	3481	472
3342	4194	428
3342	4194	236
3346	2649	215
3347	3058	468
3349	6442	520
3349	6442	559
3350	3656	479
3351	4202	505
3351	4202	301
3352	4067	434
3352	4067	402
3354	9155	370
3355	9346	563
3355	9346	310
3355	9346	488
3357	3699	200
3359	10053	343
3359	10053	493
3359	10053	567
3363	16902	348
3363	16902	350
3366	4681	357
3366	4681	561
3370	7539	293
3371	11746	272
3371	11746	565
3373	5044	569
3374	1821	510
3375	5851	313
3376	3165	593
3377	2610	530
3379	4285	685
3380	11911	529
3386	1562	492
3388	5895	642
3390	3903	311
3391	2323	491
3392	18876	423
3392	18876	297
3392	18876	660
3392	18876	521
3392	18876	526
3394	17656	467
3394	17656	238
3394	17656	560
3395	4403	345
3398	7599	465
3398	7599	474
3399	9156	394
3399	9156	480
3399	9156	232
3400	2775	458
3404	1984	505
3407	3518	329
3411	6616	596
3412	3650	325
3412	3650	457
3413	3037	536
3413	3037	333
3414	5086	249
3416	2140	367
3417	2499	464
3418	4864	456
3418	4864	356
3422	5562	551
3426	2417	407
3427	3085	407
3428	1557	271
3430	5113	527
3431	1475	436
3437	3788	385
3437	3788	291
3440	1847	352
3445	5438	508
3450	2746	294
3450	2746	515
3454	2657	497
3457	2740	351
3458	5948	476
3460	7631	641
3461	4350	437
3461	4350	454
3464	7279	430
3464	7279	506
3468	2233	494
3471	13978	561
3471	13978	421
3471	13978	438
3472	2594	211
3474	9124	489
3477	8938	215
3477	8938	445
3479	8216	309
3479	8216	537
3479	8216	185
3482	3995	559
3484	9826	409
3484	9826	417
3485	2298	367
3486	4229	475
3486	4229	463
3490	2034	497
3496	1413	147
3496	1413	175
3498	2013	297
3498	2013	287
3499	5746	529
3502	3848	311
3505	5610	502
3507	3508	484
3507	3508	208
3517	8474	366
3517	8474	494
3520	2173	538
3525	5384	296
3527	2159	451
3529	5639	363
3529	5639	334
3529	5639	298
3538	2502	337
3542	4811	365
3545	2527	482
3546	4689	336
3546	4689	324
3547	2203	622
3551	3275	226
3553	8923	389
3553	8923	222
3553	8923	326
3553	8923	135
3555	9068	328
3555	9068	184
3555	9068	248
3555	9068	233
3562	3316	387
3565	1567	309
3569	4035	243
3570	5284	488
3570	5284	541
3573	6887	538
3573	6887	475
3574	2617	326
3577	3041	201
3577	3041	169
3583	3258	247
3587	2762	560
3591	2314	259
3592	4440	373
3592	4440	498
3594	2348	368
3595	2796	336
3602	2255	344
3603	3756	567
3604	3558	501
3605	7480	273
3608	1321	283
3609	8711	532
3610	8464	232
3612	3482	271
3614	7998	289
3614	7998	320
3614	7998	283
3614	7998	275
3615	1878	254
3616	2923	380
3619	2049	355
3626	1999	363
3630	1154	239
3639	2476	368
3641	1809	346
3642	2295	174
3642	2295	353
3643	4023	359
3643	4023	322
3645	2183	185
3646	5943	458
3646	5943	434
3647	2742	334
3653	3297	329
3653	3297	318
3658	2281	326
3658	2281	284
3661	3508	550
3662	2661	313
3663	2289	522
3668	6021	249
3668	6021	402
3672	2627	228
3672	2627	372
3673	3452	499
3681	2089	308
3683	7827	354
3683	7827	589
3683	7827	286
3690	2547	570
3691	2685	285
3693	7549	492
3693	7549	318
3695	3244	466
3696	5283	284
3696	5283	200
3697	1875	367
3697	1875	294
3698	8191	330
3698	8191	313
3699	4756	560
3699	4756	316
3700	4673	375
3702	2303	302
3703	3556	489
3706	4783	388
3707	4161	292
3709	1671	295
3711	2563	260
3711	2563	505
3712	4614	185
3712	4614	419
3714	1981	451
3715	1819	494
3720	6832	387
3723	3968	595
3724	5693	380
3726	3844	465
3727	4011	537
3727	4011	474
3729	1796	459
3731	4716	238
3732	3242	257
3732	3242	262
3737	6253	138
3737	6253	558
3738	2756	221
3739	6832	260
3739	6832	377
3741	2364	222
3743	3047	303
3744	6572	275
3744	6572	236
3745	3320	575
3747	4916	200
3748	7666	363
3748	7666	304
3748	7666	262
3757	8496	453
3757	8496	460
3760	2119	318
3761	3120	200
3761	3120	200
3764	2765	427
3766	4621	185
3771	3097	343
3777	3317	342
3781	3167	158
3781	3167	317
3788	4784	446
3791	6619	211
3791	6619	328
3793	2456	364
3794	3613	560
3795	5230	536
3799	1744	459
3801	2932	349
3803	3629	157
3803	3629	109
3805	2737	571
3806	8032	382
3806	8032	270
3806	8032	185
3808	5553	318
3810	1646	318
3811	7974	531
3812	3434	323
3818	2304	371
3822	2078	574
3823	1712	436
3825	2780	499
3829	4513	330
3832	8733	221
3835	6145	278
3836	2744	225
3836	2744	281
3842	3162	484
3846	1695	396
3849	2613	547
3850	3278	344
3850	3278	327
3851	2626	560
3855	1824	307
3863	2313	307
3866	2671	325
3868	2757	537
3870	4028	297
3870	4028	345
3872	1816	243
3875	3293	525
3875	3293	286
3876	5097	279
3877	2920	343
3884	1843	362
3890	7726	330
3890	7726	210
3890	7726	298
3891	3411	521
3892	1767	279
3893	1800	251
3894	1948	376
3896	2821	200
3897	2574	346
3897	2574	347
3902	5376	211
3907	2458	266
3910	2316	211
3911	2254	441
3912	4318	516
3914	2567	257
3914	2567	337
3916	3622	397
3921	3229	272
3923	2470	311
3923	2470	275
3926	1986	313
3928	3819	399
3934	2140	298
3935	2103	495
3940	1859	310
3941	2941	521
3942	1767	285
3944	2006	222
3944	2006	200
3945	2494	261
3951	2509	320
3955	2705	378
3955	2705	336
3956	4202	343
3957	4393	526
3958	3727	457
3959	1679	304
3962	1909	261
3963	2618	472
3965	2143	518
3966	1753	291
3968	5233	501
3968	5233	227
3969	1170	185
3970	2834	603
3972	2420	537
3977	3155	460
3978	6016	200
3978	6016	337
3980	3797	464
3981	1811	489
3983	4631	579
3985	7727	270
3987	2275	581
3988	5331	536
3991	2985	444
3992	2318	498
3995	1674	513
3999	2039	565
4001	2474	369
4002	3397	570
4004	8407	360
4004	8407	279
4005	3818	327
4012	2329	442
4016	4999	768
4017	2287	597
4020	6076	452
4020	6076	514
4022	1606	365
4028	7465	499
4031	3234	525
4034	2869	229
4034	2869	521
4040	1642	280
4042	2439	305
4052	3780	346
4053	3595	431
4054	2559	311
4054	2559	211
4060	7181	562
4060	7181	756
4061	7702	239
4061	7702	533
4062	7383	312
4062	7383	287
4068	2063	554
4073	3340	338
4077	3241	352
4077	3241	326
4080	8127	447
4081	3994	284
4081	3994	391
4082	1406	564
4083	2677	491
4084	8214	434
4089	2981	516
4091	1901	509
4095	2979	498
4099	2571	573
4101	2477	284
4103	3245	793
4107	1613	352
4109	1778	463
4112	4303	171
4112	4303	210
4112	4303	415
4117	1807	331
4120	2225	561
4121	2410	519
4130	3205	578
4131	1980	373
4132	2210	236
4132	2210	214
4137	4528	599
4138	3130	472
4142	2662	272
4145	3484	594
4145	3484	336
4147	2696	329
4154	1802	250
4156	4206	256
4158	5318	327
4160	2444	545
4162	6823	392
4164	2646	530
4166	1860	279
4168	2304	465
4171	2464	238
4172	1453	305
4183	2429	303
4185	2087	367
4185	2087	190
4186	2975	313
4187	1978	515
4188	3223	186
4188	3223	413
4195	2702	491
4197	2383	600
4199	2250	497
4209	2830	290
4210	2827	575
4211	5091	496
4213	5872	684
4214	2206	562
4217	3404	528
4217	3404	507
4218	3401	293
4218	3401	521
4219	18404	330
4221	2203	352
4223	4002	559
4231	9174	320
4231	9174	299
4231	9174	475
4234	3358	750
4235	2944	526
4235	2944	258
4238	1839	255
4247	2154	334
4248	4024	480
4251	5803	583
4252	7434	185
4253	6106	537
4253	6106	511
4256	3332	326
4260	2783	354
4261	18988	556
4261	18988	512
4261	18988	276
4266	18877	621
4266	18877	612
4266	18877	293
4267	2406	346
4274	2534	580
4276	2111	314
4276	2111	254
4278	1562	301
4282	7398	245
4284	4462	323
4284	4462	245
4286	5620	514
4286	5620	513
4288	3688	176
4288	3688	413
4289	3889	419
4289	3889	368
4291	1814	315
4292	3153	366
4293	3477	361
4294	6758	289
4294	6758	300
4294	6758	185
4294	6758	287
4295	13218	514
4295	13218	278
4295	13218	504
4296	8010	547
4296	8010	408
4297	1517	327
4299	3482	531
4300	17396	533
4300	17396	352
4300	17396	421
4300	17396	516
4301	955	261
4302	2744	592
4303	17239	357
4303	17239	487
4303	17239	278
4307	10344	333
4307	10344	416
4308	3635	351
4310	2810	386
4312	3099	693
4313	1782	427
4317	17623	540
4317	17623	545
4319	17403	285
4319	17403	278
4319	17403	439
4321	2585	200
4326	2882	344
4326	2882	386
4327	5910	372
4331	8435	501
4333	6628	480
4335	16804	244
4335	16804	220
4335	16804	510
4335	16804	383
4335	16804	315
4337	3977	278
4339	17070	222
4341	3874	185
4343	3820	594
4344	8221	495
4344	8221	439
4344	8221	486
4345	4849	555
4346	15017	511
4346	15017	512
4350	13106	503
4350	13106	321
4350	13106	278
4352	12669	361
4352	12669	534
4352	12669	443
4357	4435	266
4358	6128	337
4358	6128	297
4359	4832	319
4362	6163	532
4365	3657	475
4366	4188	498
4366	4188	435
4369	2994	307
4372	821	286
4373	866	259
4374	5184	396
4376	3336	269
4377	6098	340
4378	3945	752
4379	12076	332
4382	14972	311
4382	14972	366
4382	14972	264
4383	2339	285
4383	2339	245
4384	6805	502
4385	12284	308
4385	12284	482
4385	12284	412
4385	12284	275
4385	12284	411
4385	12284	429
4386	1854	331
4386	1854	184
4394	1513	289
4398	4288	198
4400	3785	572
4400	3785	527
4401	3025	198
4410	2241	309
4412	2408	522
4414	2863	574
4415	10940	222
4415	10940	275
4415	10940	477
4415	10940	552
4416	8825	305
4416	8825	332
4417	1691	338
4418	3173	467
4420	8892	495
4423	6383	372
4425	2176	288
4426	1685	386
4428	1660	201
4428	1660	170
4429	5490	521
4430	4423	349
4430	4423	476
4436	2161	373
4437	2190	137
4437	2190	350
4439	2005	312
4441	7092	328
4441	7092	539
4447	2029	331
4448	7962	567
4448	7962	518
4449	10204	242
4449	10204	474
4449	10204	353
4449	10204	304
4450	12741	515
4451	3073	559
4452	2892	409
4453	12256	338
4458	17737	607
4458	17737	602
4458	17737	510
4458	17737	306
4458	17737	448
4459	8040	359
4461	3397	280
4462	1758	457
4463	2312	539
4464	3306	211
4464	3306	326
4465	8038	340
4469	2451	346
4471	2385	550
4472	3578	311
4474	6981	268
4475	3277	450
4479	2104	337
4482	6911	259
4482	6911	275
4484	7013	351
4484	7013	251
4485	2954	291
4488	10518	170
4488	10518	546
4488	10518	283
4489	14114	388
4489	14114	372
4489	14114	202
4490	3541	493
4491	3246	419
4495	2138	290
4497	6645	542
4497	6645	590
4500	6656	333
4501	2000	340
4507	7189	526
4507	7189	513
4508	3681	554
4511	3578	401
4512	1707	529
4513	8109	588
4514	6551	392
4514	6551	277
4517	5063	180
4517	5063	333
4520	9820	361
4520	9820	199
4521	9193	126
4521	9193	308
4521	9193	282
4522	4346	448
4529	7938	275
4529	7938	420
4534	6867	536
4535	12366	248
4535	12366	221
4535	12366	224
4535	12366	309
4539	4818	332
4540	11964	296
4540	11964	185
4540	11964	304
4540	11964	270
4541	7957	378
4543	5753	245
4544	17852	263
4544	17852	353
4544	17852	358
4550	10798	319
4550	10798	178
4550	10798	407
4551	4975	312
4553	12475	239
4553	12475	362
4553	12475	275
4560	3721	256
4561	2652	422
4562	1980	216
4563	2449	354
4564	15207	328
4567	2749	529
4569	9801	533
4569	9801	420
4569	9801	433
4572	1563	371
4573	2299	385
4578	8108	310
4578	8108	363
4579	8327	185
4580	1906	508
4581	2910	316
4583	1886	567
4585	12000	393
4585	12000	347
4585	12000	363
4586	1765	341
4588	9414	283
4588	9414	287
4588	9414	322
4588	9414	298
4596	3204	591
4599	2098	443
4600	3340	570
4604	17274	331
4604	17274	359
4604	17274	349
4604	17274	204
4604	17274	435
4607	3871	438
4608	3477	274
4610	1661	290
4612	6235	359
4612	6235	324
4614	1788	501
4616	4140	420
4619	3554	298
4619	3554	251
4621	2944	413
4625	1971	277
4627	2164	525
4628	2526	338
4629	3636	410
4630	1229	312
4632	9536	444
4633	2361	350
4637	6397	395
4637	6397	250
4638	4133	457
4640	2909	542
4641	2771	390
4644	1626	305
4645	4100	485
4653	3125	438
4654	9175	565
4662	4428	200
4665	6732	215
4665	6732	373
4667	3237	465
4668	6209	356
4669	8835	296
4672	8649	260
4672	8649	568
4673	2354	138
4673	2354	208
4676	2836	537
4679	3627	578
4681	7617	607
4684	3937	512
4687	2066	587
4689	10092	390
4689	10092	536
4691	2973	321
4695	2020	254
4698	2480	412
4699	2379	399
4701	3968	410
4702	4122	526
4703	4245	211
4705	4559	539
4706	4574	535
4708	10943	496
4708	10943	368
4708	10943	353
4709	2648	200
4712	2794	518
4716	2913	265
4716	2913	352
4717	2310	337
4718	2292	332
4719	3952	567
4722	1925	484
4725	4371	553
4727	6329	400
4728	2595	411
4730	2578	336
4732	5038	504
4734	3448	358
4737	2705	355
4738	2436	248
4743	9431	581
4743	9431	594
4743	9431	279
4749	2389	266
4751	3754	599
4752	3568	286
4753	4145	605
4755	1758	536
4757	1910	299
4758	9815	341
4759	3827	316
4759	3827	353
4760	2833	575
4762	1661	349
4763	5601	330
4766	2224	596
4768	5190	500
4768	5190	575
4769	2963	561
4776	7536	379
4776	7536	190
4778	3892	245
4778	3892	162
4781	1901	377
4783	2357	329
4783	2357	237
4784	3758	356
4785	1580	185
4789	7685	268
4792	4132	304
4793	10879	256
4793	10879	322
4793	10879	409
4794	7774	440
4797	5196	206
4800	5185	270
4800	5185	380
4806	6504	250
4807	3240	619
4813	2637	636
4814	1938	333
4814	1938	185
4816	2576	360
4818	5453	561
4819	1663	302
4821	2478	412
4824	5901	321
4824	5901	224
4824	5901	388
4826	2646	441
4830	4880	185
4833	3319	250
4834	6854	272
4834	6854	389
4835	2535	331
4835	2535	212
4841	1845	326
4842	2025	441
4844	2435	338
4846	4941	349
4846	4941	318
4847	11940	399
4847	11940	360
4847	11940	334
4847	11940	283
4847	11940	269
4848	3194	303
4849	4773	226
4854	2978	515
4855	12336	601
4861	4060	370
4866	2530	605
4867	9717	362
4867	9717	227
4868	2510	517
4869	1163	200
4870	4694	346
4873	6135	505
4874	986	331
4878	3236	306
4879	5874	350
4879	5874	421
4885	1712	355
4886	11199	511
4886	11199	328
4886	11199	586
4886	11199	408
4886	11199	264
4886	11199	254
4890	4826	243
4891	8216	433
4891	8216	603
4891	8216	571
4895	9401	325
4895	9401	446
4896	4817	311
4899	2271	388
4901	7590	567
4901	7590	236
4902	3566	659
4902	3566	328
4903	1740	359
4906	6792	633
4907	2512	375
4907	2512	280
4910	1948	250
4911	1579	342
4914	1872	619
4916	1677	185
4917	1856	254
4918	1832	500
4920	2503	279
4924	7156	200
4925	2780	378
4927	2012	379
4930	3379	334
4932	1392	256
4934	2282	215
4936	2077	547
4937	4890	566
4937	4890	527
4939	1591	376
4942	3810	277
4942	3810	357
4947	3341	409
4952	3766	238
4953	5439	595
4953	5439	467
4958	7465	185
4958	7465	346
4967	2520	282
4968	8412	209
4968	8412	130
4968	8412	584
4973	6988	623
4978	4122	539
4981	1787	360
4983	6356	211
4996	7804	285
4998	2695	374
4999	12017	639
4999	12017	648
5001	2599	343
5002	5378	335
5004	3206	393
5006	4854	409
5006	4854	707
5009	1780	508
5015	11879	309
5025	3902	353
5029	7081	532
5029	7081	615
5030	1804	421
5031	3519	297
5034	2317	339
5034	2317	386
5042	4160	286
5043	1973	346
5045	7638	221
5047	2055	298
5048	4414	368
5052	4704	373
5052	4704	570
5056	8147	200
5056	8147	227
5057	3165	639
5062	2024	274
5064	2185	425
5065	1993	498
5068	4654	512
5068	4654	432
5068	4654	215
5069	3433	206
5070	3532	515
5078	1235	215
5079	2613	355
5079	2613	365
5085	5151	372
5088	2842	530
5091	2809	376
5096	5546	644
5098	1710	185
5100	6946	590
5104	2043	317
5105	1512	275
5106	4942	580
5108	2811	317
5108	2811	278
5112	4064	211
5112	4064	391
5113	3153	531
5114	4322	360
5118	3351	316
5122	8853	646
5122	8853	635
5124	6974	326
5129	3783	150
5129	3783	237
5131	2158	428
5136	5830	185
5136	5830	282
5141	1714	317
5142	1976	364
5143	4112	619
5143	4112	234
5144	5431	643
5145	6841	345
5145	6841	412
5147	1804	563
5149	2729	543
5159	1736	453
5160	3030	518
5164	1520	251
5164	1520	230
5166	6835	393
5169	10819	291
5169	10819	357
5169	10819	217
5169	10819	293
5169	10819	469
5174	1171	366
5180	3496	698
5183	2380	342
5187	2113	532
5188	4203	595
5190	1569	249
5192	1924	536
5195	4159	185
5200	2824	440
5201	1938	577
5202	11034	442
5203	1185	572
5204	1117	279
5205	3244	371
5205	3244	319
5211	4363	261
5214	3000	263
5214	3000	212
5216	5592	355
5217	3899	569
5221	6565	391
5221	6565	458
5222	1949	350
5225	1873	269
5226	9135	432
5230	2815	408
5235	4242	221
5236	2107	420
5239	1347	359
5240	3454	544
5244	6291	397
5245	2062	401
5246	4342	544
5252	6091	416
5260	2605	603
5263	2019	454
5267	2771	227
5271	2901	297
5273	14736	216
5273	14736	365
5273	14736	337
5273	14736	569
5273	14736	390
5275	1493	438
5285	2146	305
5288	9892	471
5292	1809	392
5296	2857	552
5297	10421	587
5297	10421	570
5298	3783	541
5298	3783	480
5300	5488	750
5300	5488	781
5301	2853	382
5305	2239	249
5307	1942	330
5310	1366	330
5314	1686	297
5315	3563	360
5323	2187	287
5324	3176	602
5326	8486	193
5326	8486	339
5329	2468	480
5330	8726	551
5330	8726	520
5330	8726	588
5331	7067	501
5335	1586	325
5336	5756	549
5336	5756	333
5344	3986	398
5348	13489	611
5348	13489	558
5348	13489	515
5352	5186	291
5356	1279	233
5357	8175	495
5357	8175	574
5358	1068	301
5359	7055	335
5360	6967	591
5360	6967	510
5362	10114	351
5362	10114	472
5362	10114	496
5365	2436	484
5366	1631	286
5367	4439	254
5369	11337	520
5369	11337	476
5371	8430	329
5378	1756	215
5379	1901	506
5383	3412	324
5384	2235	354
5392	6460	346
5392	6460	311
5392	6460	318
5394	4369	289
5394	4369	323
5397	3940	521
5398	6370	571
5404	4092	438
5405	9948	254
5405	9948	421
5405	9948	259
5405	9948	365
5405	9948	237
5412	6240	233
5414	5228	278
5415	2638	286
5420	3438	436
5420	3438	588
5421	4391	535
5421	4391	272
5423	8194	222
5423	8194	305
5423	8194	185
5424	2599	543
5426	2033	333
5427	5392	200
5430	3980	562
5433	3763	337
5436	5858	227
5440	1866	254
5442	2290	200
5443	1218	474
5446	3286	580
5449	8212	245
5449	8212	472
5452	2222	221
5453	2887	490
5459	2034	423
5460	5044	581
5460	5044	591
5463	3003	302
5467	2720	267
5468	1091	266
5470	1375	331
5472	6343	656
5474	2234	377
5476	1391	367
5478	7977	360
5479	2265	541
5482	1377	385
5485	9002	308
5486	1806	291
5487	7625	510
5487	7625	498
5489	3374	452
5489	3374	282
5490	5611	517
5490	5611	337
5494	3673	222
5497	11362	410
5499	2344	467
5500	4039	397
5502	10865	278
5502	10865	560
5502	10865	583
5505	2840	371
5508	12488	583
5510	2645	385
5514	3174	494
5517	2806	414
5517	2806	183
5521	8625	602
5525	6823	143
5525	6823	150
5527	13556	185
5527	13556	178
5527	13556	440
5527	13556	595
5528	1866	329
5530	2609	568
5531	2667	363
5532	4413	592
5534	5510	513
5535	3623	359
5535	3623	233
5537	2290	304
5539	9250	519
5539	9250	435
5540	3392	226
5540	3392	303
5545	12378	549
5547	8151	451
5549	2953	478
5552	4161	238
5552	4161	232
5557	16540	636
5557	16540	310
5559	2311	529
5560	7758	493
5560	7758	576
5562	3768	579
5563	5577	565
5563	5577	433
5568	8207	423
5568	8207	216
5569	4303	531
5569	4303	498
5571	2988	455
5572	3304	185
5573	7756	269
5573	7756	227
5574	6023	524
5575	3087	202
5575	3087	568
5580	4214	334
5582	3645	388
5583	5706	467
5584	8012	489
5586	9683	447
5586	9683	474
5586	9683	471
5587	4812	603
5589	4022	550
5589	4022	621
5590	1628	413
5596	2288	486
5599	6996	436
5599	6996	216
5602	8272	327
5602	8272	494
5602	8272	500
5603	3374	484
5604	2644	508
5605	2383	539
5606	3434	399
5606	3434	255
5609	1907	560
5613	3277	511
5615	1977	623
5618	2816	488
5621	8298	510
5621	8298	318
5623	1415	383
5624	6003	567
5624	6003	562
5626	15591	477
5626	15591	211
5626	15591	496
5626	15591	801
5626	15591	429
5629	1871	474
5637	3908	173
5637	3908	435
5637	3908	146
5638	3589	402
5639	1655	425
5640	2169	578
5646	2106	346
5649	6010	226
5651	5430	457
5651	5430	227
5654	2634	302
5654	2634	377
5657	1508	238
5659	2791	317
5659	2791	428
5660	5746	525
5661	4767	238
5662	6166	537
5662	6166	362
5669	3375	544
5669	3375	346
5671	1653	317
5672	7515	244
5672	7515	376
5673	3066	647
5675	2553	498
5680	2304	248
5681	1787	227
5682	9710	413
5682	9710	414
5682	9710	206
5684	1984	564
5686	3740	411
5687	1360	390
5693	16243	589
5693	16243	552
5693	16243	541
5693	16243	225
5694	14794	285
5694	14794	279
5694	14794	185
5694	14794	283
5700	1580	206
5703	1630	384
5705	2939	442
5709	2418	537
5710	4623	354
5712	1747	243
5712	1747	296
5714	5136	437
5715	6684	502
5718	2691	540
5721	1892	526
5727	6654	171
5727	6654	267
5727	6654	516
5731	2353	555
5743	1649	222
5746	7018	249
5746	7018	445
5747	11607	418
5748	2595	389
5748	2595	503
5756	10005	509
5756	10005	469
5761	1658	341
5762	2395	215
5764	1763	478
5771	3411	524
5775	3470	248
5776	1869	241
5780	2977	275
5781	1747	439
5782	4837	387
5783	1170	318
5784	2432	495
5789	2142	384
5794	1343	303
5795	1587	340
5796	4866	124
5796	4866	221
5799	3304	468
5803	1658	398
5806	3417	277
5806	3417	523
5807	5814	185
5808	1845	185
5811	2378	602
5812	2438	377
5813	1939	437
5814	2240	200
5815	2956	501
5815	2956	415
5818	1761	290
5822	2561	518
5823	2780	469
5829	2045	474
5833	2527	583
5839	9846	498
5839	9846	390
5839	9846	313
5839	9846	308
5839	9846	211
5840	2361	568
5845	2370	344
5851	3217	559
5854	1732	281
5855	3108	514
5859	1905	432
5860	1985	283
5863	1807	490
5864	1524	304
5865	4320	453
5867	3580	591
5884	3062	447
5887	2989	540
5896	2247	597
5899	2530	545
5901	2410	435
5904	2503	227
5906	3470	291
5908	2433	361
5912	7270	306
5916	2550	368
5921	4024	745
5936	2548	518
5940	2958	548
5945	2474	435
5946	1674	291
5949	2118	363
5951	1699	300
5953	1966	254
5954	8398	555
5955	2376	381
5960	6070	232
5960	6070	279
5971	2110	405
5975	2316	530
5979	2111	514
5981	1491	317
5983	2521	359
5990	4500	358
5991	5753	497
5996	4929	411
5998	3728	389
6001	2427	355
6002	1627	306
6004	1511	239
6004	1511	231
6006	3863	560
6006	3863	323
6008	6965	576
6008	6965	304
6012	3043	222
6014	1588	303
6026	3693	349
6026	3693	222
6029	3416	527
6030	7057	418
6037	1685	379
6039	3157	153
6043	3573	185
6045	3815	548
6045	3815	491
6047	2891	402
6048	3781	559
6055	7097	206
6056	4494	551
6061	6179	452
6065	2568	536
6067	2642	498
6072	5880	334
6072	5880	429
6073	4031	577
6074	8675	372
6074	8675	364
6075	6065	583
6075	6065	227
6075	6065	247
6077	3009	574
6079	3911	232
6080	3568	525
6081	7724	329
6081	7724	318
6081	7724	291
6082	3776	337
6085	2412	255
6089	2553	592
6090	1724	351
6092	2826	804
6101	1656	306
6107	5658	333
6112	2090	238
6114	2805	285
6118	2347	558
6119	2663	467
6123	2290	571
6126	1729	558
6127	2528	488
6129	7494	357
6134	4122	549
6142	2426	284
6144	6725	368
6144	6725	416
6145	5261	392
6145	5261	334
6146	7794	469
6152	10027	248
6152	10027	279
6157	7440	318
6157	7440	266
6157	7440	291
6160	2653	370
6164	1928	243
6168	7031	395
6168	7031	266
6171	2382	353
6173	2442	512
6174	2218	296
6176	10906	429
6176	10906	369
6176	10906	185
6176	10906	329
6178	2438	538
6179	3880	300
6179	3880	246
6181	5533	553
6183	3233	345
6191	2226	347
6192	10563	463
6192	10563	345
6192	10563	436
6192	10563	368
6195	2194	301
6196	6133	329
6196	6133	314
6199	1703	298
6201	8902	241
6201	8902	285
6201	8902	398
6209	3968	557
6212	3254	185
6215	2720	528
6220	3979	310
6220	3979	191
6224	4849	323
6224	4849	233
6227	5079	183
6227	5079	119
6228	2993	283
6231	9729	585
6232	3867	232
6235	1905	382
6240	2042	487
6241	5310	242
6246	2280	544
6249	5782	517
6249	5782	508
6252	1796	589
6253	8473	520
6257	2258	270
6263	4399	582
6277	8964	437
6277	8964	413
6279	1651	273
6283	6259	461
6287	7680	485
6291	3889	554
6291	3889	500
6292	5416	588
6293	4921	469
6296	1888	274
6297	2612	521
6299	5368	318
6299	5368	337
6299	5368	456
6302	9361	550
6302	9361	460
6303	2576	553
6304	2743	544
6307	1343	338
6310	1700	311
6311	3010	542
6312	2911	571
6314	3732	526
6315	8088	388
6318	2722	303
6325	5757	475
6325	5757	519
6329	2443	222
6332	5096	350
6335	8673	474
6335	8673	435
6340	5003	453
6340	5003	535
6344	5116	281
6347	2832	388
6348	2416	409
6353	2111	267
6354	1131	340
6362	7292	402
6363	10981	452
6363	10981	478
6365	2774	587
6366	5552	304
6366	5552	588
6369	4551	493
6369	4551	542
6370	4001	245
6370	4001	474
6378	3004	397
6385	3812	476
6386	4328	475
6388	3342	479
6398	6043	359
6405	1977	554
6406	7100	563
6406	7100	367
6406	7100	536
6408	5178	297
6408	5178	242
6410	2652	319
6410	2652	341
6411	1660	293
6413	10887	580
6413	10887	179
6413	10887	232
6414	2315	523
6415	2058	455
6421	4373	495
6421	4373	458
6424	1116	259
6425	6788	200
6425	6788	356
6425	6788	519
6426	2031	185
6428	1436	388
6431	2231	327
6432	5278	459
6439	4820	475
6439	4820	444
6440	3137	566
6446	3008	537
6447	2334	330
6450	2526	227
6451	3826	483
6453	2434	193
6453	2434	169
6453	2434	183
6454	7445	227
6454	7445	143
6454	7445	120
6456	3225	343
6457	2199	593
6460	3242	579
6461	2643	417
6464	2831	605
6467	2137	288
6468	2974	259
6470	2132	377
6470	2132	357
6477	3617	233
6478	2473	576
6481	2090	250
6482	1950	502
6485	2785	545
6488	1487	275
6496	3139	351
6511	5819	278
6513	1560	317
6516	915	185
6522	2986	343
6532	1997	462
6533	3743	215
6537	1442	254
6538	4406	236
6538	4406	375
6540	2875	349
6548	6314	531
6548	6314	545
6549	2528	563
6551	2509	293
6557	3686	561
6557	3686	233
6558	2125	112
6558	2125	308
6563	3100	354
6564	2663	482
6569	5757	586
6569	5757	503
6573	1267	307
6574	2996	540
6579	1671	272
6580	2522	252
6580	2522	362
6582	2388	342
6584	7672	315
6585	4775	401
6587	2861	613
6591	1950	305
6592	2855	611
6597	1971	200
6599	4616	562
6599	4616	477
6601	2194	320
6602	2755	334
6602	2755	182
6603	1954	227
6605	1681	349
6606	2086	338
6615	1535	257
6616	3480	386
6617	2183	454
6618	1443	484
6619	3460	445
6619	3460	575
6621	3097	267
6622	2312	495
6623	4031	252
6628	1926	315
6632	2993	454
6632	2993	306
6633	5708	222
6634	2933	177
6635	1479	337
6639	1831	534
6644	1141	211
6651	2222	592
6652	2277	314
6654	2184	336
6656	2628	485
6657	1978	303
6662	2462	369
6662	2462	204
6664	1589	384
6670	4384	315
6676	1208	371
6679	3859	284
6679	3859	185
6685	1422	238
6687	1497	373
6692	2097	310
6702	1170	227
6702	1170	223
6715	2796	347
6718	2894	575
6722	3447	511
6726	2150	348
6729	2982	585
6733	2987	519
6734	2154	309
6735	2525	450
6741	1284	435
6743	1985	355
6748	4518	382
6749	2509	279
6751	3355	579
6753	5384	301
6754	1661	211
6758	1899	243
6762	3521	502
6764	5233	364
6765	4266	354
6765	4266	582
6766	3853	451
6766	3853	456
6770	2654	564
6772	2207	557
6774	1973	368
6776	3017	388
6776	3017	363
6779	2105	661
6782	2794	451
6787	3359	602
6790	3162	385
6791	1795	326
6804	4105	546
6804	4105	452
6815	3501	612
6816	2119	544
6821	2517	320
6826	2608	185
6826	2608	362
6830	1656	288
6832	1781	366
6836	3042	308
6839	2457	215
6839	2457	317
6840	2254	475
6841	2047	499
6843	2631	561
6846	2139	307
6847	3253	331
6849	3501	324
6849	3501	319
6851	1240	222
6851	1240	250
6855	2636	341
6856	3625	238
6859	2245	311
6862	2355	386
6863	1364	232
6865	3367	263
6869	2444	373
6871	2005	258
6871	2005	171
6872	2633	348
6876	2704	318
6876	2704	178
6882	2572	233
6884	2581	520
6885	3092	342
6886	2627	305
6887	2387	491
6890	2130	538
6893	3139	416
6895	2407	283
6900	2247	294
6904	2616	200
6906	2323	309
6908	1951	232
6916	2634	349
6916	2634	212
6918	1414	400
6921	1118	353
6930	2596	185
6932	2307	321
6933	1315	238
6941	2331	607
6942	2338	323
6951	3395	481
6952	2728	503
6954	1645	251
6957	1819	369
6960	2686	308
6960	2686	252
6961	2355	292
6963	2555	398
6967	2130	534
6968	2498	397
6974	5714	354
6976	4666	387
6977	3504	314
6989	2382	222
6998	2285	310
6998	2285	323
6999	1474	283
7000	2205	410
7001	1828	291
7002	1667	272
7003	2518	478
7006	2149	346
7007	2329	308
7008	1434	185
7012	1791	343
7013	2158	323
7015	1210	268
7024	1729	297
7025	3805	226
7025	3805	304
7032	2352	145
7033	1704	278
7034	3686	379
7036	1427	352
7037	1903	185
7039	1614	327
7040	1712	266
7047	1878	515
7048	2002	317
7051	4733	349
7051	4733	489
7052	2588	315
7054	1959	299
7060	2727	295
7062	2957	516
7069	3451	261
7070	1673	321
7071	2847	344
7071	2847	333
7072	4555	480
7079	2467	414
7081	2905	368
7086	1694	267
7088	1456	211
7091	1631	290
7092	4239	244
7101	2404	478
7111	2347	328
7118	2974	413
7119	1475	227
7121	3760	291
7122	3027	537
7122	3027	352
7127	1923	185
7129	2914	405
7130	2035	357
7136	5597	301
7143	2260	546
7144	5018	303
7145	2554	378
7146	3480	505
7148	2407	422
7155	3115	317
7156	3455	620
7157	1902	334
7160	3067	487
7163	1572	321
7165	2560	283
7166	3192	505
7166	3192	215
7167	3225	210
7168	4065	365
7169	2856	525
7170	5356	185
7172	4275	352
7173	1400	251
7175	5587	278
7178	1892	297
7185	4377	336
7189	3062	547
7190	1497	222
7191	1534	377
7192	1908	312
7197	1795	291
7200	1608	421
7204	3855	510
7206	1994	345
7208	2495	266
7219	4013	350
7219	4013	250
7223	5893	580
7223	5893	322
7229	6052	478
7229	6052	394
7230	5876	249
7230	5876	302
7241	2440	288
7246	1950	283
7254	2775	450
7257	1133	302
7261	4956	405
7261	4956	348
7272	3430	381
7276	3076	386
7277	1590	342
7278	3442	259
7278	3442	502
7279	2665	200
7293	3664	409
7293	3664	428
7294	2857	395
7297	2410	508
7299	2777	307
7302	3004	305
7310	1491	491
7311	1818	308
7315	4710	339
7315	4710	373
7319	1430	500
7320	2414	226
7321	2178	447
7323	1563	244
7324	1759	272
7325	3756	361
7328	2249	359
7347	2777	222
7355	1959	211
7357	2186	470
7360	3558	439
7360	3558	304
7366	2487	349
7366	2487	168
7372	5156	379
7372	5156	429
7373	4036	276
7374	5360	352
7374	5360	240
7376	3921	546
7376	3921	453
7377	1788	318
7381	2935	268
7381	2935	347
7384	4473	447
7388	2566	328
7388	2566	254
7392	1189	297
7393	2154	332
7394	1917	329
7397	1921	306
7400	3901	392
7402	3907	314
7407	3868	506
7411	2292	419
7416	4787	363
7420	2668	329
7426	2042	309
7428	2394	372
7430	3886	478
7441	5622	467
7442	3348	298
7444	1981	310
7446	2480	311
7446	2480	407
7451	2038	394
7452	4332	332
7455	3029	311
7461	2669	211
7464	2850	356
7470	2097	255
7474	3446	335
7476	3149	356
7480	1567	211
7482	2464	383
7488	1986	240
7488	1986	261
7490	4715	185
7490	4715	255
7492	2554	297
7495	1806	227
7501	2445	403
7503	2286	369
7507	2204	250
7508	3959	236
7517	2078	338
7520	1372	206
7522	1637	322
7533	2117	150
7533	2117	181
7535	1479	185
7538	2757	374
7540	3326	516
7541	2191	234
7542	2303	185
7544	4002	597
7544	4002	407
7546	1943	523
7548	1494	229
7548	1494	221
7549	2367	312
7558	1816	291
7560	2192	264
7561	5391	234
7562	2152	318
7565	3424	327
7566	2344	434
7567	1407	399
7568	3740	592
7568	3740	470
7572	3061	185
7576	1750	275
7580	1759	292
7583	2251	332
7584	2951	347
7585	2372	634
7588	2059	273
7591	1783	333
7592	1782	480
7598	1919	364
7609	8123	294
7609	8123	200
7609	8123	350
7610	3050	544
7611	9969	458
7611	9969	249
7611	9969	526
7611	9969	398
7615	2585	616
7617	5578	495
7618	7856	455
7618	7856	322
7618	7856	532
7621	5804	320
7623	10765	388
7623	10765	200
7626	2450	317
7628	2433	339
7630	6407	267
7632	4650	346
7633	5565	515
7633	5565	311
7637	9883	185
7637	9883	378
7639	9069	244
7641	2726	185
7644	1885	302
7651	3182	392
7652	4550	564
7652	4550	439
7653	8500	576
7653	8500	624
7653	8500	376
7656	4130	466
7656	4130	482
7658	9364	432
7658	9364	425
7659	3428	406
7661	3541	306
7664	3331	286
7665	4669	269
7668	2076	371
7669	3756	338
7669	3756	267
7671	2220	352
7672	6023	555
7675	5276	368
7676	1929	281
7678	2205	348
7681	3832	241
7681	3832	245
7684	3691	631
7687	2456	126
7687	2456	132
7688	3844	517
7689	3908	438
7694	3429	237
7700	4105	391
7701	2189	347
7709	2996	243
7710	9135	354
7710	9135	314
7711	5745	290
7713	2876	497
7714	8618	352
7715	4303	316
7715	4303	249
7715	4303	185
7718	2082	462
7719	2123	273
7721	6546	362
7723	5403	266
7723	5403	343
7730	5207	354
7736	1682	320
7737	3307	514
7738	5000	569
7738	5000	335
7745	4017	336
7745	4017	324
7746	2565	354
7748	1968	163
7748	1968	135
7751	5840	349
7751	5840	291
7753	2916	303
7753	2916	217
7755	2919	398
7756	1662	185
7761	1737	307
7768	5570	341
7770	2461	376
7771	2211	285
7772	6085	605
7773	4086	287
7776	2076	363
7777	3417	341
7778	6089	331
7780	8088	372
7780	8088	326
7780	8088	358
7781	1675	322
7783	9143	398
7790	2285	440
7791	5748	195
7796	6163	552
7800	2943	284
7801	5534	255
7805	9279	248
7807	6265	570
7810	8467	256
7812	6491	584
7812	6491	187
7819	6024	423
7820	2690	345
7822	4320	455
7822	4320	503
7823	1818	275
7825	2328	518
7826	9659	454
7826	9659	334
7828	5715	290
7834	2325	296
7838	10117	371
7840	7984	504
7840	7984	589
7844	4092	185
7846	7027	550
7848	3510	570
7850	4736	415
7851	2737	292
7854	6464	520
7855	4730	366
7857	6382	303
7857	6382	347
7859	9470	436
7859	9470	211
7862	3090	226
7863	4247	549
7864	5614	272
7866	3478	537
7866	3478	533
7870	7837	353
7870	7837	308
7871	2342	368
7872	6611	356
7873	2868	279
7874	2909	365
7875	10533	342
7875	10533	312
7875	10533	344
7879	5832	275
7879	5832	267
7880	7668	484
7880	7668	510
7888	2713	276
7888	2713	196
7892	2617	284
7893	5699	544
7900	1993	350
7902	2320	293
7906	5993	385
7910	4633	371
7917	2593	348
7919	3087	666
7921	4239	307
7922	3444	530
7928	10383	200
7928	10383	305
7929	10383	412
7929	10383	559
7929	10383	255
7933	3598	551
7935	7277	524
7940	2096	558
7945	4508	222
7951	1471	289
7957	3862	562
7957	3862	395
7962	3727	514
7965	1873	538
7967	7792	400
7967	7792	527
7976	3258	335
7977	2339	128
7977	2339	358
7983	2096	554
7989	3182	293
7991	2520	526
7994	1794	287
7998	2991	510
8002	4416	254
8002	4416	314
8003	1890	185
8006	2105	267
8009	7512	491
8009	7512	559
8021	3146	357
8030	2707	309
8034	1831	336
8039	6500	328
8040	4052	702
8050	3380	206
8051	6683	297
8052	6718	264
8053	2107	569
8058	6917	250
8059	2413	296
8062	2558	352
8063	1646	374
8065	7050	222
8066	2798	185
8067	2547	376
8068	3742	489
8075	5801	563
8076	4967	200
8077	2633	362
8086	2707	290
8087	4295	419
8089	2775	561
8092	11051	474
8096	2524	525
8097	3386	350
8099	5329	458
8099	5329	211
8100	3236	425
8101	5390	375
8102	2332	337
8105	3323	443
8107	1114	349
8108	3093	243
8117	7806	211
8117	7806	185
8125	8320	354
8125	8320	362
8125	8320	383
8126	9034	311
8127	8181	185
8127	8181	307
8132	9175	492
8136	1872	227
8138	2983	222
8139	3475	457
8142	1890	487
8144	4011	126
8145	4318	563
8146	10291	185
8146	10291	251
8146	10291	254
8147	2219	295
8149	2598	412
8152	6515	346
8152	6515	493
8157	3604	336
8158	3589	268
8160	6789	185
8162	6122	310
8162	6122	509
8166	2841	342
8166	2841	288
8167	5033	200
8174	6334	505
8178	6348	350
8178	6348	454
8184	2998	185
8185	2416	226
8198	3417	434
8199	1898	613
