0	15782	23297
1	5221	840
2	5550	518
3	2071	227
7	5354	909
9	3972	504
12	3894	562
14	4378	838
17	4354	348
19	2211	626
20	4755	414
21	5080	768
26	3693	609
26	3693	597
28	2338	337
28	2338	332
32	3631	433
35	3494	507
36	3828	449
36	3828	444
38	4101	828
39	4710	527
40	2806	532
41	3504	563
50	3147	473
58	2260	284
68	3862	484
68	3862	526
70	4864	227
73	3002	825
76	3501	662
78	4459	167
78	4459	649
83	2384	460
88	2416	290
90	3285	505
93	2089	333
102	3012	364
110	3071	330
113	5530	691
114	2180	401
115	2868	511
116	2278	338
119	1775	340
121	2359	471
122	3491	542
124	3004	373
128	2556	480
129	2581	366
131	2067	558
132	3211	475
133	2206	468
150	3028	253
150	3028	351
153	3312	254
153	3312	292
156	4345	375
157	4552	802
163	2872	366
164	2670	543
166	2948	382
170	2792	399
172	2078	326
181	4120	630
184	3297	173
184	3297	186
186	3019	424
186	3019	303
187	2881	529
188	3537	203
188	3537	488
189	3073	641
190	2057	519
193	2006	586
194	3890	598
202	3970	526
204	2044	335
205	2842	169
205	2842	346
206	3517	413
211	2836	571
214	1173	365
217	2273	334
221	2702	377
223	1595	333
224	2104	539
225	3665	508
234	2931	367
242	4205	552
248	1522	477
249	2092	295
255	3485	386
261	2151	330
264	3207	291
264	3207	259
269	2319	474
270	4007	674
271	1706	185
272	3493	686
278	3986	955
279	2295	663
280	2623	200
281	5261	529
281	5261	550
282	3352	221
295	4222	433
295	4222	525
298	2826	473
300	1905	341
303	2917	380
304	4395	524
304	4395	414
306	2726	278
307	2467	595
312	3481	200
322	4201	569
324	2760	319
329	5051	835
332	3273	211
332	3273	315
334	4492	958
343	2259	516
344	2943	519
346	2966	533
352	2709	539
358	2691	576
361	2414	587
364	5623	893
365	2484	352
366	3459	448
369	3465	222
374	3026	879
375	3146	382
379	3557	902
381	3960	452
382	4789	645
382	4789	496
385	3602	447
385	3602	495
386	3815	521
396	3363	491
397	5022	280
397	5022	620
400	2790	227
401	4727	484
401	4727	515
405	2797	599
411	3024	233
415	3341	406
415	3341	426
419	4852	259
420	5669	667
426	3409	552
430	3199	547
432	1161	285
434	1736	342
437	2340	328
440	3600	481
442	4115	430
449	1730	402
452	5619	424
459	2579	520
465	3105	531
466	3735	266
468	5445	350
471	4980	471
472	4260	772
476	4285	954
479	5226	616
479	5226	496
484	2280	174
489	4099	807
490	2624	561
491	2736	423
494	2492	309
503	5566	185
503	5566	589
504	3624	624
516	3474	308
517	3387	608
524	3156	376
527	3739	501
530	5625	883
531	2729	513
532	3611	555
534	3261	592
541	3413	632
542	3910	854
545	3415	520
546	3208	433
548	4259	808
556	2203	300
562	3119	366
568	4139	546
568	4139	392
569	5053	566
579	3010	406
584	5408	876
587	4647	532
593	2878	294
595	4756	983
596	5670	833
597	4137	589
601	5138	600
601	5138	485
602	3920	565
609	4227	481
609	4227	583
613	4823	317
613	4823	562
614	2075	440
615	3938	353
619	2688	532
620	3626	414
621	3203	658
628	3876	310
631	1834	341
632	3083	561
636	2952	863
637	1621	374
639	1955	514
641	2335	765
642	3499	464
643	2842	762
645	3070	537
647	2735	507
653	3496	487
656	2874	217
656	2874	254
661	5192	661
662	3180	477
663	4079	517
665	2725	524
666	4841	471
666	4841	567
668	4811	971
671	4877	461
675	1602	185
680	2385	337
684	3527	316
684	3527	518
685	4670	391
691	2407	280
692	3296	865
693	1787	243
695	3704	497
696	4523	369
696	4523	327
698	2334	575
701	4612	572
701	4612	607
705	2931	639
707	1887	420
711	1633	537
712	2149	518
714	4855	185
714	4855	290
718	4332	568
718	4332	283
720	2832	510
721	4590	518
726	4507	405
726	4507	339
731	3031	248
738	3096	602
740	2833	570
742	3691	914
744	3481	315
745	2603	449
746	2032	499
751	3305	592
752	3126	962
755	3532	195
755	3532	150
759	3441	770
760	4297	616
761	3902	528
765	3526	653
770	2696	185
772	2631	455
773	1714	262
774	1474	334
776	1638	358
778	1935	331
781	2597	488
785	3170	587
786	4010	626
787	4162	919
790	1807	417
795	3074	561
798	5220	855
803	1184	327
806	2778	266
814	2795	326
818	3068	372
824	2494	776
825	2450	238
825	2450	298
826	3806	817
831	2981	254
833	3648	642
837	5236	907
842	3566	373
842	3566	321
855	4680	573
863	2939	399
865	2756	325
867	3981	468
867	3981	565
868	2406	211
871	3610	786
875	2624	444
875	2624	205
878	1718	363
884	2401	368
886	2984	335
886	2984	308
889	3154	376
890	1500	353
892	2792	413
894	3472	510
896	2855	564
901	3160	173
902	2747	574
904	2781	493
906	2101	330
908	1977	528
909	1581	306
910	2787	238
911	4486	532
911	4486	531
917	2619	942
925	3023	346
925	3023	342
926	2600	330
927	2377	327
927	2377	355
928	4094	702
929	2583	398
935	2476	357
936	2774	361
937	1935	327
939	1962	232
942	2705	355
945	2049	499
952	2724	423
957	2925	430
958	2142	308
960	2423	273
962	1415	357
967	2472	268
970	3273	406
971	2541	370
972	3049	185
972	3049	382
974	1448	192
975	2555	455
976	5147	458
977	3127	275
979	2173	232
981	2172	319
982	4327	541
982	4327	517
988	2106	250
993	4266	337
995	3025	473
996	4158	568
996	4158	475
999	1256	460
1000	4092	386
1003	3712	426
1003	3712	529
1006	3305	358
1007	2621	509
1008	2681	356
1009	2628	522
1009	2628	296
1019	2318	616
1020	5808	754
1024	2614	570
1025	5034	556
1029	3798	562
1032	3741	828
1033	4364	562
1033	4364	555
1034	5759	429
1034	5759	353
1034	5759	358
1036	3334	576
1039	3527	794
1040	4882	380
1045	5337	619
1045	5337	464
1048	4124	276
1048	4124	296
1049	4595	562
1052	3821	521
1055	1571	292
1058	4123	469
1066	2867	474
1072	5492	444
1072	5492	597
1075	3032	185
1076	2488	584
1078	2418	511
1085	3526	540
1090	6047	573
1090	6047	366
1091	6692	561
1091	6692	521
1092	2438	541
1098	4398	553
1105	4632	497
1107	3114	361
1107	3114	333
1120	4180	468
1124	2929	551
1129	5801	560
1130	2494	463
1134	2059	360
1135	4712	472
1138	4321	222
1150	3888	416
1151	2283	324
1154	3323	301
1156	899	306
1161	3565	618
1162	4250	863
1167	3904	245
1168	2968	353
1169	2075	259
1170	4336	539
1170	4336	495
1175	2724	284
1177	3745	423
1177	3745	582
1179	6875	449
1195	4412	573
1199	5012	660
1202	3906	642
1205	3151	303
1205	3151	287
1209	4617	537
1211	3033	185
1211	3033	253
1217	4903	601
1218	3135	566
1221	3079	807
1229	5807	556
1229	5807	527
1232	4257	278
1234	2496	193
1234	2496	170
1251	3946	541
1254	2024	266
1257	4261	300
1258	6356	254
1260	5170	388
1261	1996	341
1264	3837	595
1264	3837	315
1265	7058	420
1267	2972	302
1272	5853	779
1272	5853	837
1274	3138	267
1279	3673	945
1282	2029	508
1283	4732	498
1286	1366	260
1287	3685	550
1293	2464	542
1301	4539	257
1301	4539	216
1302	1395	387
1313	1715	515
1316	5545	613
1316	5545	566
1323	4464	290
1323	4464	112
1326	2198	404
1330	1939	455
1338	2880	500
1339	2973	570
1348	2731	311
1351	1613	200
1354	1389	403
1355	4648	185
1358	1937	211
1369	1863	379
1371	2197	431
1373	2755	463
1373	2755	445
1378	6271	211
1380	2976	601
1392	3340	674
1394	7285	544
1394	7285	584
1397	6796	205
1397	6796	205
1401	1111	329
1403	1704	238
1404	1601	459
1406	2353	227
1408	2392	226
1409	1953	474
1412	5016	629
1412	5016	559
1418	1846	437
1419	5187	284
1420	3357	346
1421	5177	584
1423	3076	553
1429	3226	417
1435	3260	543
1435	3260	560
1437	1486	309
1439	2656	347
1440	3150	358
1440	3150	376
1444	2380	334
1445	5372	615
1445	5372	196
1447	3222	185
1450	4132	418
1450	4132	433
1454	2931	288
1463	5743	361
1463	5743	429
1467	5491	339
1479	4175	233
1481	4124	332
1484	2833	345
1486	2711	417
1487	3393	621
1490	2836	295
1492	7008	551
1492	7008	185
1493	2577	505
1499	4293	610
1503	1784	501
1506	4440	498
1509	4553	512
1514	3234	141
1529	2984	504
1531	2995	557
1537	3535	414
1537	3535	476
1547	2380	211
1550	2934	330
1550	2934	359
1551	3207	483
1562	2854	561
1563	1669	323
1568	3253	568
1570	2316	489
1572	3526	346
1572	3526	304
1574	2400	426
1577	5158	684
1577	5158	542
1578	2421	510
1581	1654	426
1583	2393	534
1584	3622	353
1584	3622	590
1587	2301	458
1590	3043	333
1590	3043	276
1598	2110	222
1599	3610	291
1601	2516	524
1610	3419	395
1611	1352	255
1614	3301	336
1615	3404	211
1623	3089	460
1627	2977	414
1627	2977	440
1632	2905	348
1632	2905	338
1638	2573	211
1639	3604	468
1642	3880	596
1643	3959	390
1646	2263	343
1650	2313	243
1651	3242	200
1652	4622	514
1656	2479	361
1659	2644	731
1662	1318	314
1664	2445	338
1667	2618	359
1669	2390	354
1670	3353	452
1671	4440	340
1671	4440	369
1672	5011	582
1673	2588	345
1673	2588	424
1676	3189	515
1680	1562	211
1683	3503	262
1684	1752	309
1685	2770	381
1688	2397	553
1689	2258	319
1691	2484	462
1697	3040	391
1700	3510	227
1700	3510	492
1706	3674	380
1712	3603	465
1718	3189	475
1728	1759	299
1730	4884	542
1733	2706	452
1742	3306	630
1756	4418	278
1757	2198	259
1760	1949	505
1761	2593	211
1765	2043	387
1771	4146	238
1775	2212	290
1779	2593	578
1780	3848	273
1783	2363	298
1786	2475	360
1790	1870	292
1793	3562	356
1793	3562	344
1796	5299	266
1796	5299	542
1801	2440	501
1805	2673	339
1806	3782	448
1807	2309	185
1811	3290	876
1813	2825	652
1814	1286	391
1817	3548	245
1829	3902	274
1829	3902	356
1830	4831	775
1835	5295	550
1837	3559	262
1837	3559	601
1841	3640	798
1844	2156	491
1866	4504	547
1869	2101	340
1871	1399	347
1875	3429	807
1878	3315	389
1880	2586	503
1889	2253	731
1890	1734	547
1892	2656	527
1893	2704	562
1896	2088	232
1897	3316	484
1898	2956	463
1899	2310	359
1908	2492	216
1921	1572	203
1925	3445	538
1925	3445	547
1927	4513	409
1927	4513	492
1930	4201	586
1931	1900	245
1932	2622	303
1934	2494	199
1934	2494	370
1936	1696	318
1938	3497	354
1940	2256	333
1947	2819	539
1951	4024	580
1951	4024	466
1952	2171	352
1953	2567	265
1954	3053	245
1959	2274	226
1964	3593	399
1965	2082	222
1969	2849	912
1972	2680	495
1973	1935	274
1976	2836	523
1978	2571	336
1979	2107	324
1981	2594	284
1986	3656	308
1988	2782	545
1992	2358	509
1995	1720	285
2000	2077	292
2001	3035	206
2005	3784	251
2010	4314	351
2011	2861	379
2015	3423	356
2019	2968	293
2022	3140	780
2024	2381	782
2026	2073	311
2029	2825	291
2029	2825	271
2031	2473	288
2034	2018	211
2037	2959	270
2037	2959	292
2039	2831	306
2039	2831	318
2044	2027	227
2047	4528	457
2047	4528	476
2048	3306	337
2048	3306	337
2052	3360	357
2052	3360	330
2057	3431	466
2065	3404	248
2066	1927	215
2073	2611	241
2074	3079	520
2075	1543	303
2076	2102	185
2078	2445	330
2078	2445	325
2083	2092	241
2084	2186	238
2090	1259	505
2092	2107	382
2096	2194	338
2097	2315	246
2098	2510	243
2098	2510	341
2099	2313	329
2101	1936	304
2102	1835	319
2103	1715	272
2112	2509	232
2116	1859	273
2118	2768	227
2121	2575	271
2122	1840	532
2131	3405	285
2133	2789	330
2137	2079	327
2138	1557	289
2149	3239	356
2150	4657	578
2152	4689	665
2152	4689	607
2153	3061	591
2160	4093	320
2160	4093	363
2167	2475	185
2168	3211	293
2170	2301	304
2174	3475	443
2177	3521	527
2179	2280	323
2180	2177	552
2185	4173	485
2186	2187	237
2188	2465	392
2199	2037	290
2200	3038	578
2203	1828	289
2203	1828	233
2204	1861	185
2205	3328	441
2206	1578	355
2207	2358	573
2220	2224	324
2222	2647	291
2224	2544	347
2227	2902	200
2237	2712	504
2238	4139	674
2240	1743	319
2244	2654	346
2248	3301	549
2254	1441	185
2257	1047	260
2258	2381	339
2267	2783	270
2267	2783	250
2270	2263	232
2270	2263	311
2276	2827	314
2277	2566	235
2277	2566	304
2278	3448	382
2278	3448	264
2279	2195	300
2288	3189	328
2289	4694	865
2290	1540	287
2291	2529	325
2292	2227	274
2292	2227	211
2293	2914	438
2305	2998	356
2310	2044	375
2313	2106	533
2314	1081	304
2317	2110	456
2323	3287	468
2327	2356	691
2332	4246	505
2332	4246	185
2335	2860	476
2338	3230	327
2339	3068	345
2341	2440	307
2344	2548	286
2344	2548	340
2345	2815	263
2348	4573	512
2354	4333	730
2355	1695	414
2357	1920	465
2358	3365	312
2360	1959	295
2360	1959	275
2368	1471	431
2377	2229	307
2379	2971	310
2383	2224	329
2392	2818	500
2393	3207	525
2398	2315	319
2400	3455	377
2404	3289	256
2405	3470	473
2413	1532	304
2419	2903	497
2427	3494	238
2428	2833	554
2429	4523	553
2431	2716	303
2434	1881	254
2439	3103	710
2441	4746	901
2442	1881	410
2447	3808	505
2451	2475	370
2452	1343	206
2453	1335	346
2457	1886	328
2458	2494	143
2458	2494	338
2462	3913	215
2462	3913	311
2464	2450	564
2466	2156	279
2468	1643	356
2469	2303	261
2475	1247	280
2478	2664	225
2478	2664	329
2483	2906	278
2489	2167	486
2494	2116	237
2498	1988	227
2500	2112	340
2505	2770	318
2507	2614	317
2511	3462	340
2513	2693	504
2515	4136	268
2515	4136	397
2516	2520	340
2517	2122	243
2524	2736	185
2527	2730	384
2528	1863	283
2530	2589	259
2532	4726	512
2532	4726	501
2533	3009	285
2539	2222	270
2544	1341	330
2552	1851	277
2555	3754	539
2564	2028	211
2566	1718	238
2588	2586	249
2595	2157	304
2607	2472	238
2615	3591	314
2621	2512	308
2625	1762	281
2626	1622	297
2627	2916	243
2631	2442	349
2635	2419	519
2644	3397	859
2646	2808	317
2649	3747	328
2653	2365	316
2656	3671	520
2658	877	137
2659	3311	419
2663	2206	777
2667	2893	737
2675	2943	626
2676	3669	402
2676	3669	525
2677	3151	379
2680	2850	268
2681	2514	694
2682	2223	486
2693	1821	227
2694	2611	495
2696	2610	532
2697	1722	233
2702	3270	519
2706	4691	215
2712	2500	510
2732	2016	254
2734	3542	761
2741	2249	253
2744	4036	541
2744	4036	591
2745	2117	261
2748	2492	385
2751	1657	311
2752	3156	501
2756	2283	374
2758	3327	307
2760	3529	274
2760	3529	541
2760	3529	296
2763	2966	467
2764	1601	279
2768	2260	541
2770	2466	297
2771	2541	597
2781	2897	299
2781	2897	313
2782	2213	246
2790	2067	244
2797	2089	238
2805	3734	538
2806	3423	233
2806	3423	395
2808	1680	284
2809	2002	358
2810	2256	319
2814	4390	485
2815	1548	267
2816	8302	525
2816	8302	197
2819	3248	488
2820	2445	278
2820	2445	336
2821	5204	211
2821	5204	432
2825	2326	357
2826	3459	726
2830	2857	501
2831	3729	498
2832	2485	330
2833	7382	581
2834	3392	243
2841	4465	533
2849	4215	579
2852	2695	489
2855	3978	337
2856	5234	361
2856	5234	328
2859	5997	494
2859	5997	464
2860	1710	227
2861	5476	454
2861	5476	456
2866	1574	238
2872	3669	565
2873	4139	478
2873	4139	457
2874	4804	344
2874	4804	467
2875	4167	447
2875	4167	555
2876	4457	238
2879	3350	471
2882	2415	572
2883	4655	531
2885	2682	597
2889	2503	326
2890	4172	736
2893	6587	530
2893	6587	489
2894	3130	571
2895	1989	232
2896	2014	339
2897	1377	319
2898	4267	245
2898	4267	367
2899	4918	557
2899	4918	443
2901	2057	545
2902	1677	496
2905	3324	261
2905	3324	334
2906	8569	708
2906	8569	548
2907	5022	452
2909	1984	285
2910	2477	398
2916	3014	824
2917	4452	323
2917	4452	200
2919	7799	503
2929	6683	640
2930	4451	360
2935	3757	330
2938	1701	211
2942	2921	300
2942	2921	298
2944	2811	548
2945	3869	408
2945	3869	552
2955	2184	310
2956	6322	645
2958	3030	500
2959	3448	365
2959	3448	343
2961	2158	458
2962	5143	582
2962	5143	488
2967	2065	356
2970	3579	455
2973	2331	222
2974	4037	778
2978	3490	401
2992	5116	397
2996	6596	508
3002	3941	515
3003	3489	392
3005	2719	376
3008	2740	339
3010	3639	428
3011	9335	491
3013	2593	473
3019	5444	517
3019	5444	602
3021	4440	410
3021	4440	495
3026	2194	564
3033	3066	310
3036	3957	386
3040	3404	145
3040	3404	286
3042	2104	271
3043	4068	587
3046	3371	519
3047	2467	291
3053	3683	529
3055	5077	741
3056	3096	561
3058	2423	495
3060	1750	299
3062	6791	500
3064	2508	250
3064	2508	430
3065	3025	319
3071	1977	443
3072	2008	297
3073	3051	720
3081	5505	328
3082	4280	553
3085	1728	258
3087	3273	510
3091	4938	466
3096	2702	512
3097	2809	419
3100	3650	751
3102	3077	185
3106	2295	283
3106	2295	272
3110	3066	389
3113	3082	185
3115	3811	568
3115	3811	394
3119	5387	806
3121	3039	469
3122	3244	472
3128	7029	281
3130	3056	346
3133	3139	250
3134	2536	394
3145	4577	376
3145	4577	257
3157	2435	265
3158	3116	498
3159	3696	352
3164	3423	437
3165	2920	249
3170	2759	318
3172	2639	438
3181	2034	502
3182	2180	345
3185	2812	566
3187	2167	554
3189	2483	610
3189	2483	188
3190	3389	417
3193	4521	842
3198	3636	472
3207	5294	500
3207	5294	530
3210	4755	291
3212	4923	840
3215	5567	601
3221	3557	306
3225	9911	289
3227	4029	196
3230	2495	293
3233	5190	576
3235	4185	227
3237	3214	379
3239	5836	666
3239	5836	175
3239	5836	152
3240	4104	534
3240	4104	296
3241	4058	818
3246	5078	425
3247	3372	431
3253	3743	841
3254	3651	275
3256	1908	296
3260	4638	562
3263	5252	339
3267	2071	474
3268	3831	375
3270	4484	575
3270	4484	401
3275	3434	705
3280	3374	323
3285	2817	485
3286	3341	465
3288	4466	815
3290	4151	529
3291	3093	176
3291	3093	212
3293	6109	569
3293	6109	397
3294	6306	662
3296	3675	822
3299	4074	628
3301	4945	525
3304	2777	236
3309	4643	631
3312	2170	307
3316	3169	657
3319	4505	748
3321	3188	585
3322	1524	746
3329	3007	878
3336	3351	543
3337	6436	922
3338	3391	564
3339	3180	430
3342	4117	874
3345	4963	626
3347	2480	357
3351	3494	592
3355	2153	718
3356	4770	579
3360	2426	200
3363	2666	403
3371	3432	685
3373	5586	632
3376	5147	538
3377	3774	503
3378	3506	452
3382	3690	549
3387	2432	464
3388	5314	555
3391	3747	296
3392	5760	579
3395	4410	530
3400	1195	259
3406	2995	443
3407	2761	296
3408	1576	303
3411	3800	217
3411	3800	638
3412	3652	608
3415	2919	616
3416	4906	715
3421	4576	541
3421	4576	206
3424	5008	315
3424	5008	424
3426	3473	311
3427	3039	472
3429	3056	759
3430	4258	553
3436	6093	500
3436	6093	511
3438	2467	403
3439	2684	299
3439	2684	211
3442	1586	411
3446	2979	227
3448	2555	185
3452	4339	505
3452	4339	540
3458	2503	542
3461	4413	641
3461	4413	328
3463	3304	242
3463	3304	332
3476	3376	403
3477	2852	513
3479	5752	919
3480	2814	552
3484	3231	554
3491	3050	263
3494	3026	541
3500	3020	504
3501	3302	370
3502	3187	696
3503	2743	557
3504	5030	350
3505	2662	488
3506	3369	278
3508	1516	430
3509	5075	571
3512	2521	488
3518	2274	753
3521	3955	388
3523	3376	463
3527	4756	433
3527	4756	588
3530	3673	856
3533	1149	211
3534	1980	238
3540	1669	401
3544	2400	227
3544	2400	152
3548	3279	833
3549	2574	353
3554	2828	470
3556	3852	419
3557	2695	302
3564	4572	256
3564	4572	320
3567	4918	610
3571	2957	232
3578	2744	423
3579	4678	298
3580	6124	775
3585	3297	755
3591	2932	449
3592	2106	500
3598	3210	358
3600	2984	551
3601	2684	370
3608	1754	245
3611	2442	385
3613	1897	442
3615	2553	293
3618	2129	340
3624	3484	577
3626	3334	567
3627	2157	312
3628	3319	328
3628	3319	380
3634	3325	470
3643	3763	335
3650	5469	469
3650	5469	457
3650	5469	554
3653	2154	238
3654	2807	383
3661	2526	243
3664	3307	405
3666	5606	458
3669	2960	387
3669	2960	568
3671	3349	414
3675	3434	520
3679	2091	264
3680	3985	500
3681	2235	200
3685	1943	360
3686	2280	481
3687	4234	851
3693	3015	324
3694	2361	171
3694	2361	264
3696	3233	431
3700	2963	499
3701	2162	247
3701	2162	174
3704	2410	520
3708	1491	282
3709	2637	319
3711	3362	565
3714	4369	344
3719	2577	444
3723	3852	908
3725	2041	283
3729	2209	282
3731	2021	535
3741	1677	323
3742	2761	701
3747	3539	324
3749	2085	488
3750	1726	222
3751	2078	460
3756	2372	346
3761	2733	504
3765	4835	343
3765	4835	211
3765	4835	352
3767	2505	846
3775	2776	344
3778	1390	337
3779	2331	295
3782	3095	438
3783	2651	570
3785	2724	211
3789	3763	512
3790	2291	521
3793	2787	506
3794	3771	211
3795	5079	793
3796	2370	200
3801	3703	469
3801	3703	327
3811	6211	541
3813	2883	536
3814	2180	226
3819	1755	427
3821	2058	531
3824	1893	549
3830	4382	332
3832	3311	366
3843	2029	363
3847	1932	304
3854	3662	540
3861	4150	673
3862	3473	288
3863	4141	565
3868	4351	736
3873	1438	315
3886	2142	404
3889	4022	300
3902	2806	365
3905	3600	326
3905	3600	301
3907	1556	456
3912	4447	558
3914	4610	525
3918	2807	316
3919	3819	185
3919	3819	229
3923	2419	514
3926	2077	298
3933	2016	379
3935	3636	329
3936	3362	300
3938	3745	882
3940	5367	310
3942	2701	362
3943	3684	434
3943	3684	425
3944	5140	376
3944	5140	222
3945	2649	459
3946	2659	558
3953	1996	418
3956	4243	777
3957	3887	916
3959	1632	448
3961	1706	211
3963	2184	463
3964	4187	227
3968	2768	335
3972	3868	428
3974	1586	206
3975	2004	458
3984	4245	323
3984	4245	365
3994	2891	507
3997	1740	328
3998	3659	476
3999	3829	559
4001	5064	185
4005	4493	484
4005	4493	488
4007	4369	366
4007	4369	362
4008	2398	206
4012	1714	416
4013	2492	363
4018	1450	261
4023	3246	528
4024	1689	185
4030	2737	185
4032	2492	225
4032	2492	159
4034	2176	292
4043	2623	494
4044	3283	559
4050	3919	384
4053	3514	490
4056	2091	344
4056	2091	255
4060	4503	841
4062	2418	357
4064	4460	479
4064	4460	590
4077	3576	562
4078	3313	594
4079	2417	215
4081	3976	504
4083	2453	393
4084	2362	516
4085	3753	512
4086	3147	373
4089	3702	341
4094	3757	516
4096	2717	564
4098	2615	526
4100	2779	407
4101	2323	501
4110	3310	573
4116	2534	551
4117	4138	543
4120	2420	371
4124	2171	506
4126	2222	472
4138	2000	523
4139	2873	562
4141	2177	401
4144	2977	511
4151	2513	463
4152	3569	656
4153	1855	185
4154	1284	403
4156	1988	323
4163	3536	463
4163	3536	243
4164	3144	636
4168	1765	340
4176	1672	412
4179	3066	472
4180	3131	237
4182	3935	532
4183	2089	250
4185	3835	614
4186	2438	559
4191	3455	404
4191	3455	469
4193	1863	322
4199	2850	357
4201	2536	198
4201	2536	348
4202	2012	569
4205	2678	628
4206	2878	820
4207	2108	312
4207	2108	318
4210	1511	428
4212	3697	436
4217	3055	551
4227	2078	339
4228	2193	340
4229	3818	434
4230	3396	584
4231	2235	429
4233	1983	473
4235	3599	227
4235	3599	516
4241	2119	353
4243	1857	400
4248	3007	371
4249	3004	501
4254	2009	513
4255	1919	501
4256	3464	831
4257	2889	520
4258	5894	816
4260	2999	458
4263	3075	429
4264	2627	581
4265	3261	458
4268	2287	358
4270	2092	544
4271	2286	417
4272	1660	451
4276	3259	440
4279	3685	549
4280	4159	485
4284	2503	488
4288	2351	575
4295	2226	539
4296	2823	325
4299	3579	544
4302	1974	512
4304	1331	507
4305	2707	581
4307	1761	472
4311	3051	523
4312	2920	298
4314	3092	525
4316	1983	441
4324	3936	614
4329	1942	352
4330	2331	316
4333	1963	222
4345	3316	377
4351	3905	185
4355	2693	576
4356	5655	499
4358	4839	739
4359	2551	505
4360	3301	580
4363	4077	399
4367	4400	418
4367	4400	352
4374	5547	611
4374	5547	633
4375	4365	396
4376	2112	325
4379	3438	502
4385	4811	792
4386	3789	398
4388	5199	881
4389	3220	547
4391	3266	200
4393	2702	525
4404	5064	316
4404	5064	183
4406	3189	507
4407	3799	844
4408	3147	267
4424	2489	336
4430	3711	504
4432	3964	534
4436	2536	288
4438	2679	743
4439	3266	454
4444	2803	508
4453	5322	625
4456	1221	301
4460	4099	313
4460	4099	299
4461	2677	359
4462	2507	344
4465	2994	543
4468	2225	370
4470	3420	863
4472	1797	303
4474	4280	577
4475	3784	244
4478	3297	550
4479	6282	868
4480	2709	863
4481	5542	836
4482	3218	341
4487	3472	253
4490	3212	516
4493	3153	409
4495	2278	515
4496	2114	185
4501	2472	540
4503	3441	530
4508	3646	446
4509	5499	499
4517	2401	469
4530	3892	594
4532	3485	609
4534	3654	336
4534	3654	322
4536	2860	323
4537	4484	748
4538	1589	320
4539	4520	530
4539	4520	493
4540	2720	447
4541	4002	551
4541	4002	298
4542	4071	530
4543	3525	368
4543	3525	379
4544	2601	318
4546	2940	564
4549	2501	185
4552	4912	269
4553	2096	408
4555	3441	531
4559	2462	569
4560	5409	562
4564	3755	200
4566	3826	274
4577	1243	185
4581	1322	185
4582	4446	573
4591	5260	768
4595	6222	801
4599	5408	323
4601	5770	451
4601	5770	499
4609	3542	668
4614	1819	200
4618	5277	595
4618	5277	452
4624	4067	665
4627	5669	616
4632	2181	390
4633	5746	845
4636	4880	216
4636	4880	582
4640	3974	481
4644	4461	557
4644	4461	237
4645	2240	247
4649	5061	561
4652	5036	843
4654	4115	283
4654	4115	418
4662	1671	490
4663	2781	325
4664	952	310
4665	4877	583
4677	6075	566
4682	3822	932
4687	5251	583
4687	5251	573
4693	3339	515
4694	2084	527
4697	3310	615
4699	3008	742
4702	4819	681
4703	3275	601
4706	4827	571
4706	4827	476
4710	4969	879
4711	6698	619
4712	5906	361
4712	5906	216
4713	4920	387
4714	3185	266
4714	3185	313
4716	4527	405
4717	3198	510
4720	5428	368
4720	5428	677
4730	4506	256
4731	5222	625
4735	1476	250
4740	4033	296
4740	4033	222
4742	2821	684
4744	2652	323
4746	2932	507
4750	2382	398
4751	6187	552
4752	2852	918
4754	2593	723
4755	2856	378
4757	3070	339
4757	3070	307
4764	3245	278
4771	2301	356
4779	3120	574
4783	1905	309
4785	4167	588
4794	4185	584
4794	4185	276
4797	2421	353
4800	3899	678
4803	3293	383
4805	2989	185
4808	3222	216
4808	3222	188
4819	3469	816
4823	2709	304
4831	1869	479
4835	5476	916
4836	2472	334
4837	2410	292
4843	3326	524
4846	2383	757
4853	4688	851
4855	779	250
4858	3632	405
4861	2421	501
4862	4343	566
4862	4343	339
4864	2770	576
4866	2393	851
4868	3329	497
4872	1026	264
4879	3787	454
4881	3255	547
4883	6460	801
4883	6460	694
4884	3502	431
4886	5167	601
4887	4600	718
4890	3153	256
4890	3153	265
4891	2588	295
4891	2588	334
4898	5728	785
4898	5728	276
4902	3698	802
4904	1996	506
4911	3816	524
4911	3816	422
4913	1782	297
4915	2475	322
4920	3745	310
4925	2645	337
4930	4118	479
4938	3971	499
4940	3795	283
4942	4880	599
4942	4880	472
4943	3195	410
4944	2385	579
4946	2567	320
4946	2567	294
4947	3559	521
4952	3392	341
4954	3021	329
4955	1342	243
4956	5330	616
4958	2765	256
4959	4071	356
4959	4071	244
4961	1856	460
4968	2816	627
4970	4165	448
4972	3707	245
4973	3391	510
4975	2918	187
4975	2918	351
4976	2952	569
4986	3048	876
4991	1364	278
4993	4604	199
4993	4604	145
4994	5464	549
4994	5464	500
4995	4434	492
4996	2191	494
5005	3425	357
5005	3425	314
5008	1912	375
5009	1809	455
5012	2149	743
5013	3289	390
5014	3128	695
5019	2839	527
5020	2783	327
5020	2783	266
5021	2653	524
5024	2877	267
5025	1732	321
5026	4760	326
5028	5584	283
5030	6467	311
5031	3902	667
5034	2688	252
5034	2688	189
5035	5106	308
5035	5106	343
5035	5106	330
5036	5407	516
5039	2927	479
5042	2546	307
5046	5429	566
5047	4076	550
5049	1931	272
5050	4750	501
5054	2645	380
5055	1862	262
5057	5036	795
5057	5036	720
5060	4065	780
5064	5668	506
5064	5668	473
5067	2503	312
5069	6600	868
5071	3534	324
5071	3534	309
5079	4006	290
5082	1917	426
5084	3734	283
5084	3734	472
5085	1880	449
5090	4446	322
5091	6199	313
5091	6199	879
5098	2213	329
5109	6149	626
5111	2217	620
5116	3742	466
5120	1944	319
5123	6703	386
5123	6703	271
5130	2052	511
5131	3994	480
5131	3994	490
5136	4019	347
5142	3447	454
5144	6182	441
5146	4435	842
5147	3565	469
5148	3775	251
5149	3411	831
5155	5038	827
5156	4684	550
5156	4684	378
5158	4460	395
5162	5196	572
5162	5196	600
5164	2773	227
5166	2443	299
5167	2797	308
5174	2005	533
5180	4980	442
5180	4980	513
5184	3579	379
5185	4210	814
5189	2354	479
5190	6754	960
5192	3530	571
5193	4605	350
5193	4605	249
5195	4249	452
5195	4249	444
5197	2536	237
5199	1453	261
5200	2882	335
5200	2882	221
5201	3916	331
5205	2041	461
5207	4190	486
5211	6690	357
5212	2665	532
5214	2126	221
5215	3342	843
5218	3508	448
5225	3119	461
5226	2082	200
5228	2936	440
5231	1344	293
5247	3171	698
5248	3046	463
5249	1842	496
5251	3559	846
5255	3218	724
5256	3053	463
5259	2810	559
5260	1572	237
5263	2591	516
5264	3677	506
5270	3512	421
5271	4584	399
5288	3729	506
5291	2692	609
5293	3336	502
5294	3307	348
5296	3303	570
5298	3060	214
5310	5219	859
5314	6012	299
5314	6012	275
5315	3485	493
5324	2147	449
5325	3066	216
5327	3338	556
5328	3930	358
5330	4053	762
5333	2570	523
5337	2620	784
5339	1787	335
5346	8964	774
5348	5871	656
5350	3775	480
5350	3775	573
5352	2108	289
5353	3770	540
5353	3770	448
5361	3915	599
5362	2116	297
5364	3179	558
5366	3929	653
5368	4678	327
5368	4678	468
5370	2672	279
5373	5553	521
5373	5553	287
5375	5342	571
5377	4070	678
5380	3304	559
5383	4632	506
5383	4632	374
5394	4025	465
5400	1882	185
5404	2395	468
5406	4608	398
5406	4608	375
5410	5338	291
5419	4093	185
5421	2605	596
5423	4453	608
5424	5771	531
5426	7130	287
5429	1227	185
5431	4207	476
5433	2349	272
5436	1072	185
5445	2596	367
5447	2914	619
5450	6291	631
5450	6291	508
5451	3774	185
5453	1919	571
5457	2204	417
5460	9654	887
5460	9654	302
5463	2730	404
5479	3638	238
5479	3638	445
5480	3181	514
5483	5288	758
5488	4360	625
5490	2935	449
5493	4233	523
5493	4233	658
5494	2324	185
5495	5772	607
5495	5772	365
5498	4881	612
5499	1901	467
5500	3834	777
5502	4311	607
5504	3781	635
5508	2711	792
5509	2761	519
5510	5182	445
5512	2005	446
5514	7212	584
5515	4520	709
5519	4225	238
5520	3781	541
5520	3781	505
5530	4415	795
5532	3616	491
5536	2434	505
5537	5913	529
5543	5384	903
5548	9239	782
5548	9239	720
5552	2413	739
5553	2502	584
5558	7519	577
5558	7519	609
5561	3441	634
5566	4982	606
5572	8130	803
5572	8130	657
5573	4220	480
5574	6406	802
5574	6406	730
5582	4819	695
5583	2828	318
5584	3615	297
5585	4902	475
5586	2857	547
5591	4728	876
5592	4587	270
5601	3645	185
5605	8403	532
5607	3272	417
5613	2427	513
5614	2653	583
5615	2782	547
5616	5704	390
5618	8372	432
5626	2017	511
5627	1864	277
5627	1864	193
5629	6432	526
5629	6432	487
5632	3210	821
5633	3488	542
5635	2763	341
5636	2037	564
5637	4720	373
5639	4162	474
5642	3719	308
5642	3719	535
5651	6436	523
5651	6436	505
5654	3598	545
5656	2496	260
5660	3782	283
5661	5724	496
5662	4993	342
5662	4993	722
5665	5598	837
5671	3961	255
5672	3288	521
5673	4805	222
5681	5563	420
5681	5563	460
5687	7652	816
5688	4562	543
5688	4562	200
5690	4597	409
5694	5721	357
5699	6799	288
5701	2850	408
5707	2680	337
5709	3634	483
5719	4709	583
5720	5178	503
5720	5178	478
5721	3524	795
5722	8857	206
5722	8857	543
5722	8857	446
5724	3727	548
5726	2728	413
5740	3708	499
5742	6462	491
5742	6462	446
5744	5008	523
5746	1566	216
5750	3606	290
5757	3641	473
5760	4869	537
5766	2969	434
5767	1998	270
5768	2000	267
5768	2000	230
5769	2650	344
5771	3254	486
5783	3077	528
5788	2290	287
5788	2290	183
5789	1999	384
5791	2333	227
5795	2331	278
5802	3705	756
5803	3446	201
5803	3446	327
5810	1515	222
5815	3175	689
5819	3887	709
5820	2981	343
5833	1693	405
5834	4241	435
5836	8186	513
5836	8186	476
5836	8186	269
5839	2500	327
5839	2500	333
5842	3054	544
5844	8254	474
5844	8254	311
5845	4197	524
5847	5423	459
5848	2583	435
5853	5276	486
5855	4752	372
5857	3162	230
5858	1852	336
5860	6254	492
5861	6916	211
5865	3107	530
5865	3107	261
5867	1953	292
5868	4326	589
5875	5307	816
5882	2415	700
5885	2452	589
5891	4465	387
5897	5458	512
5897	5458	501
5899	3734	423
5899	3734	444
5901	4316	795
5902	3602	467
5902	3602	509
5905	4313	914
5911	1515	300
5914	1788	436
5915	4543	566
5915	4543	398
5918	3222	626
5919	2102	492
5920	4158	435
5921	4774	867
5922	3664	761
5923	2660	304
5924	5625	820
5930	2836	342
5940	3976	729
5942	2316	365
5946	4544	511
5947	3103	286
5953	2979	576
5956	4287	551
5957	1993	540
5958	2797	695
5959	6876	371
5959	6876	427
5961	4740	343
5962	2092	306
5963	5724	686
5966	4287	418
5967	3397	540
5969	5012	935
5971	3278	504
5974	2767	466
5977	1731	343
5978	2218	519
5985	7186	489
5990	6712	463
5990	6712	497
5993	5268	627
5993	5268	200
6001	2824	503
6002	2540	244
6005	3050	319
6007	3171	348
6009	3202	185
6011	1826	481
6012	4436	780
6013	4291	584
6014	3009	391
6017	2224	583
6019	1979	301
6024	2968	333
6024	2968	244
6026	1920	438
6028	2454	497
6032	5273	512
6032	5273	379
6034	3533	664
6037	3608	532
6038	3528	801
6039	4529	804
6045	3295	463
6048	3344	547
6051	4147	401
6060	2264	507
6064	3180	538
6069	2937	537
6073	3327	750
6074	3464	631
6079	2642	443
6083	1667	357
6085	1751	398
6087	3583	259
6091	2796	492
6092	2569	588
6097	1686	279
6098	4873	472
6105	3353	284
6106	3145	341
6109	1763	332
6113	2372	561
6116	4170	397
6116	4170	275
6118	2579	377
6119	3027	577
6130	1776	320
6131	1762	425
6137	4213	304
6138	3265	529
6139	1562	462
6140	2910	535
6145	7102	640
6145	7102	859
6146	2761	512
6147	2843	548
6149	5130	483
6151	2708	440
6153	6014	338
6153	6014	454
6154	3570	526
6157	1674	342
6158	6223	547
6158	6223	708
6163	940	278
6170	2487	629
6178	4821	806
6180	3269	500
6192	2983	286
6193	3213	458
6200	2856	448
6201	4069	654
6204	3062	541
6207	3497	486
6208	1427	275
6209	2016	283
6211	2148	338
6213	2766	821
6214	3489	360
6219	3188	754
6221	2600	206
6222	2374	342
6230	2968	418
6233	2587	323
6234	3263	884
6236	4378	319
6236	4378	483
6239	2426	333
6243	2445	344
6243	2445	291
6246	7368	268
6246	7368	708
6250	2859	510
6252	2576	553
6255	4023	626
6257	1358	261
6258	3358	409
6258	3358	477
6262	2011	334
6268	6627	889
6268	6627	571
6270	2971	381
6271	1727	289
6273	2139	495
6275	4667	546
6275	4667	345
6279	1737	185
6281	1401	221
6282	4468	496
6282	4468	534
6289	2742	529
6291	3324	565
6296	3287	743
6300	6487	897
6300	6487	568
6307	2343	748
6309	4784	516
6313	3974	453
6314	2917	517
6315	2757	382
6317	2410	490
6318	5419	847
6318	5419	806
6321	1528	363
6323	2539	321
6324	6514	840
6327	2271	514
6328	3443	797
6331	2177	792
6334	5476	653
6340	2891	279
6341	4678	378
6343	4290	427
6344	2853	369
6347	3418	503
6348	2463	405
6352	5229	443
6355	2421	306
6360	3616	925
6362	3892	206
6363	5788	448
6363	5788	373
6364	4454	874
6366	2006	547
6367	2656	422
6371	5294	805
6376	1869	303
6379	3237	490
6380	6378	636
6380	6378	851
6381	4264	859
6386	5234	241
6386	5234	606
6391	2391	411
6392	1539	451
6394	1828	536
6401	2506	233
6404	4690	431
6404	4690	541
6405	6105	274
6408	1739	322
6409	5446	527
6410	5960	899
6411	3070	425
6415	2921	551
6417	3958	559
6420	5058	871
6421	2498	711
6430	5812	671
6432	4335	833
6441	5294	638
6441	5294	573
6442	2278	515
6447	3858	185
6448	2921	605
6449	5133	400
6457	3245	362
6457	3245	460
6459	2599	450
6462	2659	873
6463	3290	276
6465	5790	875
6466	4073	406
6475	8744	830
6475	8744	674
6476	5006	922
6478	2225	376
6490	8064	619
6490	8064	508
6492	5794	942
6495	4831	405
6497	4281	557
6497	4281	603
6502	5326	263
6504	4915	554
6504	4915	415
6506	2571	836
6507	2497	546
6509	2245	367
6512	3978	894
6515	2308	522
6516	2352	265
6520	1811	359
6521	2142	303
6521	2142	329
6525	2404	361
6526	2464	516
6529	5067	453
6529	5067	323
6530	2545	399
6531	4450	572
6533	3518	536
6537	2241	127
6537	2241	207
6541	2991	187
6541	2991	153
6545	2914	400
6545	2914	164
6546	4182	200
6547	2553	427
6551	4030	928
6551	4030	245
6553	5290	781
6557	3680	581
6559	2538	245
6561	5240	917
6564	2296	316
6567	3166	472
6570	2819	243
6570	2819	364
6571	2816	517
6572	3168	607
6575	2269	395
6580	2659	494
6582	1540	338
6584	2623	658
6586	2324	312
6587	4334	949
6588	5749	315
6588	5749	337
6590	3063	487
6593	1905	362
6593	1905	326
6596	4950	710
6601	2412	278
6602	2314	592
6603	6637	949
6605	2225	428
6608	3524	621
6611	4144	503
6611	4144	336
6614	2900	359
6615	2026	379
6618	2734	338
6620	2919	416
6625	3129	570
6631	3497	811
6634	2181	369
6637	2310	479
6638	4349	603
6640	3807	488
6641	2511	342
6642	3531	580
6645	2202	580
6646	4633	585
6646	4633	183
6648	2298	350
6650	2105	254
6657	3288	813
6660	2329	346
6661	2620	410
6664	4307	414
6672	2427	405
6679	2939	389
6680	2926	370
6681	6592	537
6682	3030	315
6684	3552	536
6685	3107	514
6688	2015	305
6689	6402	530
6689	6402	470
6690	2191	334
6692	1562	248
6694	4408	484
6694	4408	575
6697	3284	664
6706	2469	463
6708	3127	533
6711	2680	368
6714	3739	568
6716	4536	524
6717	3350	200
6719	2956	168
6720	2587	305
6721	2837	348
6722	2467	398
6723	2508	445
6724	2557	414
6729	3686	222
6732	3111	591
6737	3181	746
6739	3609	507
6739	3609	466
6742	5349	605
6743	3806	258
6743	3806	538
6748	3094	540
6749	3819	575
6751	2901	582
6754	2596	240
6754	2596	249
6757	4912	569
6759	4957	577
6763	1256	185
6764	5059	298
6765	4019	884
6766	3020	580
6767	2048	619
6768	4421	439
6768	4421	536
6770	5703	436
6773	3179	370
6778	4698	454
6782	2345	195
6782	2345	152
6783	3000	668
6785	2211	367
6786	2445	443
6788	8307	782
6788	8307	863
6793	931	299
6794	3923	475
6795	1524	370
6798	1997	290
6800	6518	636
6800	6518	434
6805	3285	379
6807	2376	211
6809	3776	415
6818	4827	200
6824	3566	803
6832	2118	518
6833	3619	757
6836	3971	751
6839	1915	268
6842	5074	169
6842	5074	264
6842	5074	491
6843	3383	515
6848	2859	380
6849	2599	501
6856	3533	454
6856	3533	372
6857	4274	489
6857	4274	540
6858	2748	644
6866	4483	387
6868	3854	844
6869	5764	604
6869	5764	567
6870	2033	405
6871	3565	599
6872	1606	349
6873	7206	338
6875	4750	511
6878	1837	333
6885	2726	331
6886	2337	414
6888	2880	505
6889	2131	350
6895	3136	569
6897	1849	200
6905	4038	927
6906	2860	536
6908	4177	343
6911	6423	751
6912	5319	807
6912	5319	560
6913	1525	492
6916	8100	930
6916	8100	575
6917	4990	769
6917	4990	276
6918	1468	222
6921	2294	337
6923	2595	320
6927	3293	604
6928	2719	557
6931	3044	406
6932	2726	408
6936	6141	865
6936	6141	618
6940	4435	524
6945	2063	312
6946	4710	549
6948	3933	674
6951	2674	544
6963	2843	437
6964	3661	353
6964	3661	557
6972	6043	624
6972	6043	694
6974	1781	344
6978	4102	451
6979	2884	449
6980	1652	519
6981	4871	550
6982	1097	315
6985	3615	266
6985	3615	257
6985	3615	249
6986	3478	326
6990	5896	507
6990	5896	582
6992	2733	623
6993	3665	549
6995	3284	344
7007	1775	233
7012	4759	905
7013	2350	250
7013	2350	136
7015	4269	673
7022	2645	299
7024	3276	652
7025	6416	629
7025	6416	533
7032	3332	945
7034	3619	596
7035	3098	403
7053	4747	474
7054	3968	401
7059	7016	545
7059	7016	296
7060	3925	440
7061	3213	550
7062	3644	420
7068	1948	329
7070	3044	185
7071	1034	399
7084	3799	261
7088	4677	617
7088	4677	523
7091	1195	301
7093	5172	896
7094	2793	468
7096	3735	352
7097	1889	473
7100	1654	211
7102	3528	439
7103	1360	215
7107	3771	493
7109	2566	325
7111	3151	449
7112	2050	368
7113	4090	588
7114	2377	290
7115	1430	273
7118	2132	368
7119	2432	408
7120	1984	343
7121	4275	775
7125	4838	476
7130	4214	479
7132	2246	227
7133	2044	284
7137	3003	490
7140	3259	542
7141	2342	321
7143	3862	277
7143	3862	279
7143	3862	125
7144	4037	324
7144	4037	110
7144	4037	276
7145	2937	425
7146	3847	351
7146	3847	435
7148	4009	274
7149	1897	386
7151	4663	272
7151	4663	209
7153	3431	561
7155	2918	523
7156	2160	321
7157	2755	545
7160	3727	572
7160	3727	231
7162	2944	506
7163	2401	216
7164	3755	429
7165	2029	664
7166	2995	435
7169	3300	485
7171	3991	593
7175	2696	334
7184	2143	356
7186	5327	533
7191	2293	786
7192	3932	447
7192	3932	494
7194	7308	813
7195	2500	802
7196	1785	267
7199	1269	232
7201	2329	533
7202	5269	138
7204	1699	442
7206	5649	594
7207	2818	532
7213	3259	395
7216	4134	288
7218	1908	441
7219	3628	790
7224	3712	510
7227	4002	189
7227	4002	490
7230	2679	454
7236	2808	434
7240	2244	601
7241	3167	558
7242	4118	233
7243	2878	334
7245	4918	401
7249	3357	616
7250	1951	543
7251	3822	422
7252	4696	667
7255	3924	285
7256	3316	401
7257	3257	453
7258	2471	185
7261	2710	481
7266	2854	321
7266	2854	343
7270	2298	693
7274	3488	362
7278	3537	544
7280	3366	542
7281	1774	406
7284	3167	812
7285	3401	538
7288	3318	386
7288	3318	231
7289	2704	337
7295	2925	321
7296	6729	327
7296	6729	519
7297	2620	387
7304	4466	446
7305	3855	248
7307	3126	540
7312	3407	402
7312	3407	290
7315	2934	538
7318	2881	519
7320	3601	905
7324	4385	485
7327	3330	243
7333	1711	315
7335	1123	309
7338	2988	341
7339	3984	472
7339	3984	790
7341	4742	341
7341	4742	619
7342	2582	493
7346	2495	605
7347	6156	814
7347	6156	818
7349	3491	558
7351	3470	542
7355	3464	232
7356	3043	372
7360	5512	642
7362	3818	570
7363	1409	352
7364	1374	284
7365	3920	140
7365	3920	112
7374	3478	845
7375	4134	448
7387	4149	784
7388	2208	452
7389	3031	701
7391	3947	588
7392	2564	288
7394	3318	515
7395	4692	541
7398	4644	742
7403	6407	872
7403	6407	817
7404	3589	417
7408	3682	277
7409	2884	555
7410	4109	590
7414	5943	438
7416	5509	535
7416	5509	589
7417	3571	690
7423	2306	485
7424	3211	185
7431	5961	618
7433	5091	741
7434	2292	531
7439	3530	398
7440	4057	206
7440	4057	582
7443	4476	570
7444	3672	467
7444	3672	480
7445	3797	690
7446	2146	595
7448	3672	327
7450	2784	767
7455	4126	561
7458	3173	501
7459	5385	908
7459	5385	205
7466	4190	424
7466	4190	564
7467	4376	382
7469	3487	285
7469	3487	497
7471	4228	564
7473	5766	790
7475	6471	847
7475	6471	705
7477	1287	495
7483	2637	389
7484	4473	645
7494	5613	694
7495	2861	835
7496	4881	667
7497	5340	804
7499	3097	246
7499	3097	368
7501	3185	525
7503	6370	807
7503	6370	185
7506	2186	497
7509	2284	392
7511	4219	569
7512	1792	473
7515	3604	528
7515	3604	115
7515	3604	164
7517	2713	490
7520	5032	847
7521	4706	544
7524	3577	606
7525	3137	540
7537	3233	441
7538	4711	538
7538	4711	583
7540	2337	298
7541	4073	266
7542	2202	454
7546	4924	307
7546	4924	510
7549	2813	204
7549	2813	205
7550	5872	725
7550	5872	777
7551	5627	200
7551	5627	315
7552	2681	227
7552	2681	215
7553	3379	483
7554	7148	508
7555	4195	483
7555	4195	538
7556	2080	316
7559	3267	774
7563	1294	313
7564	4476	719
7565	2886	402
7568	3293	564
7571	3287	603
7572	4555	496
7574	2056	255
7575	2501	556
7580	3618	579
7581	2989	523
7586	3883	806
7590	4243	357
7590	4243	581
7595	3304	251
7595	3304	311
7596	3341	577
7597	2415	532
7598	3525	629
7599	5523	538
7599	5523	448
7600	4605	286
7600	4605	744
7602	2480	432
7603	2445	222
7604	3916	599
7606	2264	457
7607	5296	838
7608	2307	757
7609	1872	307
7611	4861	552
7615	2561	384
7617	3756	238
7618	5558	621
7619	3831	739
7620	3662	489
7623	3216	425
7625	4003	873
7628	7278	524
7628	7278	564
7632	4374	645
7636	4643	550
7636	4643	310
7641	2174	475
7642	2978	375
7643	2691	211
7648	1879	256
7651	4355	375
7653	3376	537
7654	3488	327
7662	2866	367
7668	4330	578
7671	2594	283
7680	3951	567
7681	3997	552
7684	2055	262
7690	7317	150
7690	7317	202
7690	7317	537
7695	4964	955
7699	3754	614
7700	1928	452
7702	2787	330
7709	6120	523
7709	6120	365
7710	1556	351
7711	1555	405
7712	4526	735
7715	4955	841
7716	3076	361
7719	2955	356
7720	3595	553
7721	2871	372
7722	3626	551
7725	3509	732
7726	3796	520
7729	3276	590
7730	7046	319
7730	7046	329
7730	7046	375
7735	4821	579
7736	3125	200
7736	3125	379
7754	3342	379
7754	3342	402
7755	5649	842
7757	1810	389
7759	3310	591
7765	6268	589
7765	6268	359
7766	5277	512
7767	2910	185
7770	4733	599
7778	3750	549
7779	3299	492
7780	3829	385
7782	4465	575
7790	3212	630
7795	3421	574
7799	4346	509
7800	2571	633
7801	4800	583
7806	2349	264
7807	6006	383
7811	3210	625
7815	4025	411
7823	3885	576
7825	3344	292
7826	3678	254
7826	3678	392
7829	5042	877
7834	3330	457
7836	5350	304
7839	1282	459
7840	1979	533
7841	4761	338
7842	6278	440
7849	3657	500
7850	4282	620
7853	4383	781
7859	5124	578
7859	5124	572
7860	3776	200
7860	3776	568
7861	2340	459
7863	3797	364
7863	3797	586
7866	5880	566
7875	5405	862
7880	5559	525
7883	3687	573
7884	7237	395
7886	1432	307
7889	5423	916
7890	2875	419
7891	3808	457
7892	4256	665
7893	6681	312
7893	6681	425
7894	4398	648
7895	2656	200
7901	4900	321
7902	7051	744
7907	4887	531
7908	4347	185
7909	6219	592
7909	6219	899
7911	5285	640
7911	5285	710
7912	3443	543
7913	2448	313
7913	2448	284
7914	1866	280
7914	1866	252
7921	4996	502
7926	2674	277
7927	3492	512
7930	5815	863
7931	2581	455
7933	3359	412
7936	2270	479
7939	6072	651
7939	6072	317
7940	3621	665
7941	5536	457
7941	5536	134
7941	5536	639
7942	2198	805
7949	2408	407
7955	2975	553
7962	2698	563
7965	2745	362
7965	2745	337
7974	3121	422
7976	1920	304
7977	2611	346
7978	6696	628
7978	6696	380
7979	2380	475
7980	5121	371
7980	5121	281
7985	2112	380
7989	2612	543
7991	5151	232
7991	5151	258
7992	3587	131
7992	3587	240
7992	3587	302
7994	2146	372
7994	2146	173
7996	1873	215
7997	3494	255
7998	2544	364
8000	3991	335
8000	3991	585
8008	2715	527
8013	2306	387
8023	1703	315
8028	1717	238
8030	4386	484
8031	3189	905
8032	2044	291
8034	2473	385
8036	2896	508
8038	3195	245
8038	3195	302
8055	4319	563
8056	2378	237
8057	1744	283
8061	4340	922
8063	4216	584
8064	2469	349
8064	2469	315
8073	3005	238
8074	2384	431
8079	2773	553
8082	4459	373
8082	4459	546
8086	751	260
8088	3784	443
8089	1271	343
8091	3476	618
8093	2505	389
8094	5270	547
8099	2637	255
8100	3065	259
8102	2551	266
8110	5217	200
8111	3696	254
8120	3079	569
8121	2889	369
8124	8025	425
8135	2553	291
8135	2553	344
8136	3028	396
8141	4149	392
8141	4149	353
8142	3398	860
8144	2037	274
8144	2037	160
8149	2069	497
8152	4010	507
8152	4010	325
8155	2489	370
8157	5086	611
8160	4344	333
8160	4344	266
8162	5038	479
8162	5038	622
8165	2897	302
8165	2897	374
8168	2576	337
8172	3809	518
8175	3957	461
8178	3470	553
8179	2023	290
8185	3607	185
8188	3976	542
8197	2240	328
8200	4016	553
8203	3745	424
8211	2519	419
8212	1848	238
8213	3093	575
8218	2314	375
8219	2051	282
8221	3884	334
8222	3017	290
8223	3673	407
8231	2773	510
8232	3837	417
8234	3467	510
8235	3912	600
8237	4989	403
8239	3629	827
8240	4224	439
8240	4224	481
8242	3529	268
8242	3529	331
8243	6404	589
8246	5294	462
8246	5294	251
8247	5460	812
8248	2944	540
8251	3873	185
8253	5234	515
8262	1876	453
8266	3797	563
8268	4427	920
8270	2616	597
8275	2327	490
8279	3233	845
8283	3647	445
8283	3647	439
8284	2539	341
8284	2539	241
8285	3630	238
8288	6567	700
8290	1897	643
8296	6203	562
8297	2229	329
8299	2102	292
8303	5480	449
8304	4062	348
8305	3450	218
8305	3450	542
8310	2036	256
8314	4259	353
8316	2098	245
8316	2098	333
8317	3920	185
8318	4183	292
8318	4183	481
8330	2684	375
8332	1480	243
8336	2304	495
8337	2184	561
8338	2608	200
8340	3202	448
8341	4911	574
8341	4911	590
8342	2043	313
8343	2626	504
8344	4519	374
8344	4519	475
8347	3147	334
8348	2618	347
8348	2618	342
8349	3412	476
8349	3412	443
8350	2237	211
8351	2501	366
8353	2678	626
8358	2237	293
8360	6808	506
8361	4537	782
8363	1517	510
8364	2178	339
8364	2178	191
8366	2567	409
8373	3416	557
8376	2556	210
8376	2556	313
8382	4789	541
8388	4278	386
8390	2669	474
8393	3159	548
8397	5091	785
8399	2452	561
8400	2200	277
8401	1867	493
8403	3810	593
8405	2071	316
8406	5556	497
8412	2566	328
8414	2778	606
8416	4046	563
8418	1690	503
8419	4527	877
8422	4114	503
8423	3690	619
8424	3665	211
8428	1506	348
8429	2823	401
8432	2391	326
8433	2132	294
8434	3754	514
8443	5278	876
8444	6645	852
8444	6645	580
8450	2605	515
8452	5027	297
8453	2318	211
8458	3845	659
8462	6991	306
8464	1558	534
8467	2162	420
8472	1359	323
8473	4600	512
8473	4600	277
8478	6425	368
8478	6425	149
8478	6425	354
8479	3384	523
8482	2085	476
8484	2780	448
8485	2551	398
8486	3708	532
8496	3088	386
8497	3500	577
8498	2066	369
8500	2883	351
8508	3577	454
8509	2433	370
8511	2838	408
8512	2908	328
8512	2908	336
8513	3985	579
8516	4051	528
8519	2214	454
8521	3881	699
8524	2265	273
8525	6568	912
8530	2188	610
8531	3501	649
8538	3348	819
8539	2750	415
8540	2774	552
8544	3410	587
8547	2506	307
8548	3129	340
8549	3385	557
8560	3288	368
8561	4093	349
8563	4114	519
8569	2410	383
8573	3800	477
8576	2862	508
8578	4422	644
8587	3113	284
8589	1837	383
8590	3866	511
8591	2871	332
8599	3219	222
8599	3219	334
8603	4515	377
8603	4515	317
8604	2489	344
8605	2384	406
8607	2202	222
8608	3806	185
8612	6129	723
8616	2871	332
8617	2162	335
8617	2162	308
8619	3834	356
8619	3834	363
8621	2541	361
8622	3800	558
8625	2128	211
8631	5307	325
8633	2958	338
8645	3045	285
8646	2564	550
8647	2768	254
8648	3588	632
8651	2727	321
8659	3151	285
8659	3151	350
8670	2957	294
8671	2176	560
8679	3305	263
8684	2248	425
8688	2647	426
8693	2095	317
8696	3550	274
8696	3550	289
8704	4742	556
8705	3559	346
8707	1697	227
8711	2663	304
8711	2663	417
8713	3810	564
8713	3810	277
8718	2092	481
8719	3173	413
8720	2611	419
8722	2743	578
8724	2096	136
8724	2096	185
8727	2998	309
8732	3395	308
8732	3395	375
8733	3593	376
8735	4260	541
8738	1956	579
8740	2132	570
8742	4952	462
8742	4952	295
8744	2906	401
8745	4272	334
8746	2742	557
8748	3263	758
8749	1879	322
8752	1289	291
8754	2311	300
8760	3041	316
8766	1809	292
8767	1990	354
8768	3189	266
8769	2001	323
8772	2254	211
8774	3068	362
8779	4237	513
8779	4237	504
8780	3792	344
8780	3792	258
8786	4328	278
8786	4328	327
8788	2617	200
8794	2832	391
8795	2384	303
8800	2016	346
8800	2016	291
8803	3027	337
8805	3027	430
8806	2396	319
8806	2396	208
8807	2566	301
8810	2172	254
8812	2992	392
8813	1603	249
8816	2483	277
8821	3646	309
8821	3646	335
8824	2861	393
8832	2141	305
8835	1908	350
8843	2726	222
8844	2675	313
8845	2371	361
8849	2355	307
8852	3242	323
8854	2412	377
8855	1493	324
8856	2016	361
8857	2892	454
8861	2871	315
8863	3442	337
8864	3330	305
8879	2517	200
8880	4089	630
8881	3055	546
8881	3055	365
8883	1809	280
8885	4259	411
8896	2673	333
8903	1906	200
8904	1423	283
8905	1472	315
8911	2063	388
8912	5538	385
8916	3440	253
8916	3440	335
8921	3386	338
8924	2154	374
8925	2145	331
8926	5261	334
8928	1472	320
8931	3033	294
8934	2820	239
8938	2364	439
8939	5098	432
8939	5098	436
8940	3628	341
8940	3628	285
8941	5093	234
8944	1129	393
8945	2370	261
8946	3139	518
8947	2136	315
8948	3933	534
8950	2189	396
8951	2590	349
8952	2546	291
8955	5583	526
8955	5583	417
8958	2486	427
8966	2211	397
8967	3162	379
8967	3162	185
8981	2305	380
8981	2305	333
8985	2536	348
8988	4040	514
8988	4040	341
8991	2457	310
8992	1533	303
8993	6812	513
8993	6812	278
8999	3667	477
9003	3989	565
9003	3989	289
9007	2409	375
9008	2574	271
9009	1945	498
9016	2369	360
9017	4992	340
9019	1968	284
9020	1444	374
9022	8105	280
9022	8105	447
9022	8105	434
9023	2086	185
9026	2755	418
9027	4614	539
9029	2587	185
9033	2593	522
9034	1209	314
9035	2889	538
9037	2168	547
9039	2432	626
9047	2307	342
9055	1371	376
