0	21683	25105
11	1699	359
14	1727	386
15	3024	350
16	2315	280
16	2315	300
19	1534	392
21	1426	364
23	2511	367
24	1751	355
25	2774	182
35	2755	185
43	1985	238
45	1840	510
48	2106	289
48	2106	237
49	2223	282
49	2223	257
50	2415	483
54	1404	369
57	3234	394
65	1454	200
67	2048	304
72	1112	261
73	1676	293
74	1382	255
75	2899	448
77	1737	317
78	4236	378
78	4236	430
79	3434	490
79	3434	423
81	3083	339
82	2525	278
88	1517	200
93	4476	510
93	4476	449
97	681	185
98	1591	248
104	1620	200
107	1550	393
112	4734	387
112	4734	339
113	1651	243
114	3975	751
116	1266	185
117	1538	269
121	1495	206
127	3485	227
132	2669	385
133	2617	440
135	1919	308
136	2221	406
140	2299	531
141	1448	206
143	1295	206
148	1797	333
149	2483	267
153	1473	232
161	2633	340
165	2238	501
168	1967	281
168	1967	335
169	1721	314
174	3559	427
176	855	311
178	2166	468
182	1152	250
183	1765	333
192	1526	230
203	2085	371
208	909	211
224	2200	306
224	2200	269
235	2191	293
239	1917	278
242	1781	230
243	2828	280
256	2006	238
260	1994	390
269	1689	299
274	2496	294
274	2496	201
275	1730	484
277	2116	261
280	949	238
290	1633	448
291	1787	227
298	1915	343
300	3343	590
303	2700	450
305	3010	559
307	1387	200
310	1411	391
314	1712	294
317	2005	227
317	2005	309
318	2369	423
324	2154	304
324	2154	286
325	1791	380
327	1843	236
328	1967	360
336	2431	399
351	1882	315
352	1236	185
354	1452	277
362	2066	306
369	1874	323
378	2892	414
378	2892	304
381	1147	515
395	1486	216
396	2249	475
399	1457	296
403	854	185
410	2868	391
410	2868	204
411	3458	280
412	1524	200
414	2758	463
417	5708	668
420	1222	250
424	3396	365
424	3396	408
428	1443	411
434	1425	227
437	2562	490
439	1913	303
442	2216	603
459	2509	309
467	2176	449
472	3155	497
497	2406	521
504	1812	284
509	3420	470
512	2312	211
512	2312	255
514	2862	314
514	2862	316
520	4160	752
527	2536	421
529	2371	378
534	2140	445
544	1520	426
546	2755	302
548	3331	678
559	2569	359
563	2497	315
564	850	222
565	3166	318
565	3166	485
570	2520	445
675	1537	185
710	1555	227
726	2708	337
728	2541	289
777	3896	300
777	3896	362
804	3408	602
805	2933	311
809	1973	449
819	2190	185
823	3235	574
824	1663	251
836	4084	371
836	4084	271
852	1548	185
859	1788	244
860	4142	502
860	4142	368
877	1567	267
896	1850	536
898	1805	553
899	2079	334
900	2839	601
901	2253	387
904	2455	230
909	3507	679
917	2797	846
924	2919	394
924	2919	526
925	2345	501
926	2119	567
927	2484	600
928	2534	572
932	2626	618
934	2390	402
935	2690	534
937	3181	701
938	3602	588
939	2807	436
942	2024	494
943	2825	584
945	1773	496
946	2294	405
948	2143	443
949	1712	560
951	3802	185
954	1483	433
957	2291	380
958	2320	274
958	2320	224
959	2132	490
961	2422	447
962	5704	292
962	5704	501
965	1703	464
966	3022	604
966	3022	221
971	2372	600
973	5963	470
973	5963	560
974	3247	529
975	3064	333
978	2188	442
980	2447	410
984	2251	544
985	4679	446
985	4679	626
988	4344	497
988	4344	617
989	1123	530
991	2319	218
991	2319	563
992	1499	539
993	2067	569
995	3590	585
999	2203	533
1000	1461	211
1004	2258	602
1005	3470	519
1006	2558	343
1010	4140	647
1013	1270	454
1014	2860	657
1025	2554	589
1026	4328	578
1026	4328	435
1027	1745	621
1033	1939	303
1036	2172	531
1039	2660	505
1044	2701	566
1046	2954	581
1048	3557	579
1050	2324	334
1050	2324	294
1052	1727	211
1057	4500	480
1057	4500	546
1059	5509	683
1061	2737	443
1062	2306	394
1063	2229	399
1065	3778	687
1070	3235	536
1072	2180	476
1076	688	314
1078	1893	273
1079	2309	584
1082	3219	200
1084	2657	300
1084	2657	424
1085	4302	478
1085	4302	578
1086	2531	496
1091	2888	477
1092	2168	185
1093	1647	419
1094	1499	278
1095	1652	353
1096	4557	557
1096	4557	606
1100	1168	200
1101	3366	557
1108	1841	470
1116	2641	579
1119	2743	562
1120	3231	455
1120	3231	548
1122	2674	486
1123	3098	445
1125	1029	340
1126	1619	211
1127	2907	562
1128	2916	612
1131	1470	427
1133	1526	255
1135	1517	494
1136	1823	262
1138	3634	513
1143	1430	348
1146	1417	308
1147	3832	433
1149	787	186
1152	3124	523
1155	1767	437
1161	1124	326
1166	3084	591
1167	1694	359
1169	3476	583
1172	1894	373
1178	3420	557
1179	1938	268
1180	1690	333
1182	1421	369
1192	3121	537
1195	1170	256
1196	1670	185
1202	2643	508
1202	2643	238
1203	3532	617
1203	3532	199
1204	2077	465
1205	1826	185
1207	1889	323
1210	2337	281
1210	2337	525
1212	2158	360
1213	3002	284
1213	3002	387
1215	3686	612
1215	3686	243
1216	1276	284
1220	3242	313
1222	1522	324
1223	2667	589
1224	1461	303
1228	3191	289
1228	3191	463
1230	2337	480
1231	2382	431
1232	1005	278
1237	3011	497
1239	2456	488
1240	2352	237
1241	2350	396
1242	2164	544
1245	742	185
1247	1557	185
1248	2017	245
1251	2645	294
1254	4223	382
1254	4223	547
1255	1457	255
1258	2073	334
1265	1789	331
1267	1559	351
1268	2995	173
1268	2995	256
1270	2595	621
1275	4627	571
1275	4627	581
1277	1930	328
1278	3333	493
1280	1314	283
1283	2589	227
1285	1820	556
1286	2118	512
1287	2341	451
1292	2626	480
1295	1750	512
1299	2866	571
1300	1938	349
1302	3279	534
1303	3635	470
1304	1459	196
1305	2330	487
1310	2016	539
1311	3590	491
1311	3590	200
1312	1888	172
1312	1888	376
1313	3795	558
1314	2121	491
1315	1033	295
1317	2517	278
1321	2518	487
1322	2296	307
1324	3445	617
1325	1928	307
1326	1822	394
1328	3072	549
1330	1199	358
1331	2378	523
1332	3210	485
1334	2855	510
1337	2427	513
1340	3290	535
1341	2186	496
1344	1518	361
1348	2231	561
1350	2595	604
1353	1912	440
1356	1973	718
1357	1642	523
1362	3567	529
1363	3708	632
1364	1928	335
1366	1612	348
1369	2477	509
1370	5085	416
1370	5085	488
1371	3957	357
1374	1419	359
1375	1977	346
1375	1977	210
1379	2395	421
1380	1745	238
1381	2178	568
1384	3114	492
1389	3917	810
1391	1226	279
1392	2404	540
1394	2048	436
1395	2036	151
1395	2036	189
1397	2361	832
1398	2866	531
1400	1483	336
1401	2840	227
1402	3306	544
1405	1742	322
1405	1742	287
1408	1515	216
1410	2114	185
1414	5753	615
1415	1627	569
1416	1659	490
1418	1884	532
1420	3658	619
1432	1626	398
1433	3667	589
1435	2506	185
1437	3185	820
1438	2574	537
1439	3738	531
1439	3738	558
1446	1054	243
1448	3978	557
1450	2840	222
1451	2495	494
1453	2866	570
1456	3671	800
1463	2022	248
1464	3531	255
1474	4164	337
1476	1724	328
1479	4965	605
1482	2355	498
1484	2388	403
1488	2028	511
1491	3470	544
1493	1943	603
1494	1726	295
1494	1726	259
1498	1412	249
1508	1377	314
1509	2401	504
1510	2885	266
1511	1716	287
1519	1957	360
1520	2308	400
1522	1215	354
1524	2372	350
1525	1426	143
1525	1426	239
1530	2727	520
1530	2727	462
1533	1707	452
1534	1733	538
1535	2853	640
1542	1892	164
1542	1892	191
1543	1924	544
1547	1626	369
1549	1797	395
1554	2551	520
1555	2494	382
1558	3842	876
1563	1678	476
1564	1723	170
1564	1723	161
1573	1510	551
1575	1333	185
1579	1929	521
1580	1180	279
1582	4814	533
1582	4814	280
1583	1706	255
1584	1151	185
1589	1981	591
1592	1239	257
1593	2887	222
1598	2773	185
1601	1453	500
1602	3002	465
1605	2530	449
1610	911	244
1616	3444	375
1618	2492	413
1621	1749	233
1622	3000	573
1624	1749	359
1628	1330	200
1633	2250	439
1637	3961	410
1639	2547	266
1639	2547	348
1640	2715	539
1643	1511	303
1649	1310	232
1649	1310	278
1651	1223	185
1653	1921	185
1654	1931	498
1658	2484	349
1661	1699	178
1661	1699	425
1662	2209	238
1663	1289	305
1664	3771	334
1664	3771	351
1673	1998	582
1679	1347	293
1681	1352	360
1683	1551	510
1684	1652	519
1687	3822	732
1689	2379	570
1690	1526	472
1692	1586	294
1692	1586	266
1694	1428	545
1696	3212	596
1697	2549	280
1698	2683	350
1698	2683	545
1700	1475	241
1700	1475	164
1703	2738	609
1706	1383	481
1710	1904	452
1711	2406	460
1712	1433	182
1712	1433	131
1712	1433	141
1714	3761	670
1716	6182	399
1720	1553	444
1721	1283	252
1723	2916	445
1726	1931	259
1728	2122	510
1731	1277	481
1733	6193	433
1733	6193	194
1733	6193	137
1734	1500	298
1735	4828	377
1739	1514	449
1744	2334	349
1745	2618	378
1752	2877	532
1754	4723	640
1758	1334	426
1760	4489	611
1761	1198	225
1761	1198	219
1762	2827	448
1762	2827	245
1764	2800	215
1764	2800	141
1765	1379	499
1767	3287	490
1770	2197	211
1772	1826	262
1777	2085	283
1777	2085	332
1785	1663	238
1786	1315	200
1787	2272	446
1798	1711	492
1799	4747	535
1799	4747	537
1801	4587	551
1801	4587	530
1805	4775	795
1812	4012	617
1813	1980	238
1818	2043	550
1819	3445	697
1822	2510	347
1822	2510	383
1823	2119	723
1828	2204	457
1829	4325	537
1830	1655	256
1835	3382	799
1836	2646	580
1837	2869	569
1839	1267	338
1841	3295	569
1843	2986	557
1843	2986	477
1844	1961	513
1846	1706	451
1848	1612	325
1850	3579	498
1851	3430	659
1857	1292	369
1861	2591	200
1863	3617	549
1864	1831	266
1865	2516	524
1868	1793	437
1870	1287	471
1879	6092	861
1882	2911	520
1884	1480	215
1887	1388	389
1888	3982	484
1892	1817	341
1902	2364	284
1903	2198	552
1910	3093	371
1913	4702	435
1922	2851	592
1931	2137	337
1933	3853	512
1939	3803	393
1941	2439	552
1944	2865	411
1944	2865	463
1945	2851	530
1946	5027	800
1948	2597	497
1952	1131	185
1953	3542	633
1957	2711	561
1965	4133	555
1965	4133	526
1966	1848	428
1969	3135	259
1969	3135	464
1970	2430	417
1976	2481	403
1977	4137	527
1980	2678	294
1984	1818	272
1985	2476	439
1987	3058	635
1991	1731	477
1992	2135	566
2000	2032	539
2010	3822	383
2010	3822	500
2012	3950	457
2014	1570	333
2015	1528	243
2017	1785	498
2021	2166	481
2022	1041	271
2029	3716	566
2030	1758	283
2036	2543	537
2040	1363	336
2041	1684	230
2044	1005	185
2046	1836	185
2059	3121	580
2064	1371	275
2070	2984	562
2071	2186	279
2071	2186	308
2078	2619	533
2080	2473	543
2081	2470	245
2082	1813	547
2083	2046	566
2084	2074	227
2087	3720	599
2090	1791	468
2091	2298	185
2094	2694	352
2098	2001	255
2099	3110	638
2101	2971	565
2103	5092	570
2103	5092	595
2105	1492	374
2110	1624	200
2116	3692	508
2125	2680	524
2128	2242	528
2129	2226	537
2130	4009	503
2130	4009	514
2131	765	254
2137	4526	413
2137	4526	510
2138	2067	206
2138	2067	147
2143	2373	541
2150	2108	320
2158	2736	185
2160	3642	488
2160	3642	187
2160	3642	233
2161	3455	432
2163	938	393
2164	2042	556
2165	942	281
2166	2405	577
2168	4924	478
2168	4924	446
2169	3090	473
2172	3122	549
2173	5719	592
2173	5719	481
2177	2518	531
2178	1882	372
2179	1599	513
2181	1590	278
2182	1101	241
2184	2469	583
2185	2237	587
2189	1737	222
2193	2390	496
2194	3021	394
2196	4529	352
2196	4529	440
2198	2290	357
2205	2310	530
2208	3880	564
2214	1764	310
2223	2402	498
2232	3631	514
2232	3631	471
2234	2208	339
2240	2685	257
2249	3354	545
2249	3354	419
2251	2056	397
2256	3915	540
2256	3915	532
2259	5391	243
2265	3385	615
2266	2549	266
2267	2462	355
2268	2473	530
2272	2903	423
2274	4919	832
2274	4919	795
2279	2268	316
2280	4437	586
2280	4437	446
2282	3939	606
2282	3939	584
2286	2800	474
2289	2188	445
2290	1921	200
2294	2452	365
2299	2351	546
2302	2514	167
2302	2514	267
2306	1590	452
2308	1592	324
2313	3866	222
2314	3746	471
2314	3746	382
2316	2304	521
2318	2626	555
2321	2086	341
2321	2086	314
2322	3322	373
2322	3322	139
2324	1687	241
2326	3120	268
2327	2852	185
2327	2852	373
2329	2193	406
2330	4269	581
2331	2510	230
2332	4677	649
2333	2482	306
2333	2482	422
2336	2395	185
2338	4101	527
2342	2092	451
2345	2530	419
2346	3500	535
2352	2930	559
2353	2437	705
2354	1151	336
2360	5896	612
2360	5896	583
2363	3461	277
2363	3461	488
2364	2043	443
2367	1482	354
2369	2134	250
2372	2880	305
2372	2880	248
2373	3103	514
2374	4043	424
2375	1849	310
2376	1571	185
2381	2665	626
2382	2202	582
2387	2239	461
2389	1777	149
2389	1777	189
2390	4556	581
2391	1833	185
2393	2179	541
2394	2533	535
2396	2051	376
2396	2051	320
2399	3111	227
2400	887	309
2401	2311	477
2402	2894	378
2403	3288	574
2405	2050	507
2410	2541	356
2411	1830	299
2413	2709	542
2414	1663	275
2415	4790	655
2417	2288	567
2420	2065	248
2422	2694	237
2424	1470	255
2428	2230	548
2430	2547	520
2435	2709	454
2437	2473	347
2440	2730	499
2443	3239	586
2447	2492	185
2448	1956	537
2450	5169	505
2450	5169	211
2452	2200	340
2453	2090	200
2457	3940	519
2457	3940	436
2464	2211	513
2467	1931	200
2469	1173	303
2472	1730	474
2473	1722	210
2473	1722	162
2474	2049	476
2477	3570	338
2480	1903	286
2486	4252	371
2493	1522	185
2496	2950	470
2498	4583	426
2498	4583	487
2499	4475	398
2499	4475	468
2502	2929	331
2504	2320	378
2512	3203	354
2513	1765	357
2527	4056	531
2527	4056	510
2528	1429	289
2530	3089	847
2531	1951	565
2533	1971	487
2537	3688	627
2538	1406	351
2541	2115	370
2545	1895	573
2546	3022	409
2547	3311	497
2547	3311	318
2552	4274	656
2552	4274	659
2555	1460	303
2556	1952	302
2560	4533	569
2560	4533	455
2563	1775	289
2564	2373	581
2568	3649	554
2568	3649	588
2570	2593	509
2576	4011	501
2576	4011	541
2577	1525	350
2579	3460	504
2580	2495	562
2584	3653	646
2585	2604	338
2585	2604	389
2587	2904	653
2589	1555	313
2592	1548	300
2593	1903	252
2600	3483	305
2604	2328	533
2607	3310	608
2608	2050	464
2611	1125	298
2612	3423	655
2614	1002	341
2615	2670	467
2621	2337	224
2621	2337	286
2626	2212	374
2627	2223	372
2628	2408	621
2635	2968	595
2645	2682	308
2648	2378	527
2650	2468	130
2650	2468	192
2652	2125	547
2655	3310	703
2657	2512	660
2663	3494	529
2664	2503	505
2670	3568	522
2671	4258	514
2671	4258	566
2672	2924	206
2676	2660	298
2677	1623	422
2679	3925	751
2680	1653	354
2682	1372	185
2683	4455	521
2683	4455	384
2685	2044	473
2686	1818	498
2687	3733	602
2687	3733	524
2691	2814	349
2691	2814	234
2692	2902	398
2694	1796	210
2694	1796	115
2694	1796	184
2697	1515	285
2698	2347	631
2700	2080	222
2703	1772	631
2705	2202	533
2706	2687	560
2709	1751	272
2718	1921	362
2719	2112	479
2723	1940	381
2727	2469	314
2727	2469	462
2728	1410	369
2729	2794	522
2730	2263	528
2734	3556	828
2738	3781	609
2741	2845	574
2742	3047	558
2750	1778	399
2754	2526	358
2754	2526	246
2756	2063	431
2761	2480	479
2762	3628	826
2763	1344	263
2766	2462	581
2769	3173	224
2769	3173	799
2772	1899	185
2773	2943	354
2774	4069	666
2776	2352	255
2776	2352	349
2779	2278	435
2783	3771	211
2783	3771	662
2783	3771	243
2784	1500	334
2788	3366	644
2789	1815	241
2789	1815	351
2790	1433	222
2794	1744	305
2799	2914	555
2804	1563	367
2809	2321	416
2810	2343	349
2810	2343	399
2811	1752	338
2819	2910	463
2821	2749	557
2824	1949	338
2824	1949	212
2826	3919	614
2826	3919	345
2828	1746	448
2831	1657	256
2833	3842	238
2840	2006	341
2845	2905	574
2846	2057	573
2847	2322	336
2851	3360	324
2851	3360	545
2852	1110	185
2854	2317	328
2855	3507	780
2857	2182	310
2858	1921	367
2860	1319	157
2860	1319	146
2866	2521	386
2866	2521	254
2867	1289	305
2868	2754	327
2870	3522	544
2870	3522	530
2874	3011	608
2875	4418	365
2875	4418	360
2876	2752	439
2877	2985	504
2878	2546	525
2881	1678	530
2884	3445	652
2890	2402	379
2890	2402	265
2893	2913	488
2896	3559	620
2898	1807	309
2899	1663	348
2901	1988	463
2902	2115	354
2903	1919	303
2905	2713	303
2905	2713	313
2906	2343	446
2908	1062	285
2909	1674	535
2911	2327	324
2912	2532	387
2913	2011	505
2921	2194	511
2924	2127	227
2925	2294	430
2930	2931	564
2932	2983	663
2936	2727	571
2937	1414	239
2938	1170	200
2939	2119	313
2940	2194	403
2943	3234	566
2946	3194	462
2948	2150	294
2950	4288	548
2950	4288	504
2951	1559	215
2954	3863	617
2954	3863	301
2958	3703	503
2959	1997	451
2961	2152	361
2962	3878	254
2966	2319	579
2982	2189	430
2985	2646	355
2993	1600	547
2995	4065	495
2995	4065	584
2996	3543	541
2996	3543	535
2997	3904	493
2998	1676	161
2998	1676	109
3001	1544	365
3004	2994	508
3007	4001	550
3007	4001	221
3010	1701	206
3012	2384	520
3013	2670	759
3014	1876	284
3017	2336	364
3021	3581	586
3022	2093	319
3025	2723	434
3027	3807	573
3036	2673	238
3039	3944	343
3045	1694	573
3047	1893	325
3048	1720	328
3056	3137	268
3056	3137	597
3064	2329	294
3068	2263	434
3069	1671	438
3076	4077	372
3076	4077	609
3080	3859	499
3080	3859	468
3082	3219	474
3082	3219	456
3083	2399	469
3084	1021	200
3087	1560	290
3093	3405	593
3093	3405	493
3099	3781	575
3102	2073	401
3105	1384	285
3109	2345	540
3111	2483	679
3113	3812	567
3117	2317	412
3120	2359	344
3122	3895	412
3126	2246	602
3128	3360	440
3129	2987	568
3130	1682	283
3135	2922	479
3136	3119	626
3137	1681	450
3139	970	146
3140	2817	359
3142	2129	363
3143	2574	238
3144	2791	332
3144	2791	383
3145	1983	286
3147	1632	335
3152	2700	327
3152	2700	435
3159	2973	581
3161	2230	329
3162	1570	275
3164	2065	216
3165	4271	647
3167	3453	677
3170	2762	282
3171	2038	555
3172	1847	503
3173	2485	615
3180	3349	482
3180	3349	356
3186	2185	284
3189	3605	513
3190	2879	284
3195	2382	502
3197	2384	443
3209	1856	496
3215	2143	496
3219	2772	627
3221	2844	315
3224	2214	339
3225	4280	487
3225	4280	516
3227	2059	540
3229	2278	391
3230	3748	576
3232	1956	401
3233	1754	282
3236	4177	192
3236	4177	135
3238	3303	623
3240	2409	499
3243	3446	556
3249	1889	398
3259	2661	363
3260	3199	293
3261	2252	443
3264	2227	506
3266	3187	410
3266	3187	465
3275	3712	553
3275	3712	425
3277	1655	316
3277	1655	147
3277	1655	164
3280	4014	521
3283	1488	347
3287	3432	593
3289	2411	350
3291	2631	594
3292	2357	385
3295	2372	210
3295	2372	382
3296	3563	375
3296	3563	514
3299	2525	375
3299	2525	222
3302	1922	185
3304	2099	400
3305	1357	309
3307	3860	306
3311	4058	616
3312	3380	332
3313	1485	340
3314	2047	222
3315	2037	402
3317	1176	200
3318	1992	366
3320	2032	280
3324	3525	612
3326	3916	200
3326	3916	287
3327	2150	281
3328	3423	575
3329	2085	382
3333	2410	735
3337	3651	368
3337	3651	363
3341	1711	514
3343	1889	351
3345	2785	563
3346	3081	515
3346	3081	519
3347	3125	356
3348	2242	365
3348	2242	174
3357	1985	227
3360	1896	435
3362	2136	599
3368	2103	409
3369	4119	221
3369	4119	281
3372	3421	509
3374	3239	348
3377	2900	436
3378	2567	170
3378	2567	191
3384	3709	423
3385	2230	329
3386	2329	299
3388	2339	616
3393	2698	474
3395	1542	227
3400	2302	200
3401	1243	446
3404	1880	299
3405	1776	307
3406	1158	185
3407	1450	222
3408	2178	556
3409	1896	230
3411	1934	285
3412	1111	284
3413	2451	489
3416	2067	185
3417	2895	185
3419	1628	365
3420	2190	264
3421	2247	223
3421	2247	332
3422	1998	325
3425	1609	269
3431	2333	402
3433	1927	437
3435	2827	289
3437	2184	245
3438	1225	255
3439	2998	353
3439	2998	288
3442	1868	339
3443	1767	290
3451	1914	417
3452	3092	478
3458	2364	315
3458	2364	170
3459	2167	261
3459	2167	317
3460	1279	288
3469	2938	572
3472	1429	366
3473	2054	475
3474	1035	267
3476	1068	497
3479	1907	427
3481	1290	200
3482	1783	570
3485	1824	319
3487	1120	524
3489	3519	445
3492	2653	379
3493	2700	497
3494	2422	333
3495	1984	516
3496	2003	269
3500	2204	554
3503	4099	577
3504	1522	329
3505	1629	496
3506	1793	378
3507	2656	502
3517	2507	249
3517	2507	315
3521	2361	527
3523	3178	744
3524	3376	471
3526	2557	398
3530	1286	286
3533	1179	407
3536	1540	335
3537	1277	206
3539	1809	514
3540	1279	324
3543	1083	230
3546	1722	566
3548	1560	397
3552	1432	211
3554	3541	503
3557	1752	412
3559	2361	212
3559	2361	133
3559	2361	172
3561	3359	550
3562	1351	279
3563	2229	549
3564	1870	476
3565	3540	817
3566	2313	550
3569	3384	559
3570	1566	370
3574	2219	251
3576	2226	450
3578	3007	500
3578	3007	386
3581	1460	259
3585	1690	321
3587	2409	250
3588	3080	503
3589	1459	313
3594	1269	299
3596	1806	530
3597	2830	546
3601	1838	526
3607	2026	503
3608	1351	347
3610	2767	504
3611	2356	289
3611	2356	246
3614	2918	495
3619	3563	269
3619	3563	277
3620	3517	413
3620	3517	135
3620	3517	224
3621	1602	344
3622	1890	309
3625	3566	508
3625	3566	590
3626	3373	185
3627	2174	570
3629	2015	329
3636	2356	294
3638	1931	490
3639	2374	497
3642	1759	221
3644	1730	571
3647	1760	550
3648	2001	534
3652	1796	317
3653	2688	564
3656	2707	594
3661	3008	487
3662	3613	522
3662	3613	465
3668	1508	236
3670	3451	808
3671	2029	227
3673	2129	488
3674	2019	438
3679	1961	322
3680	2098	580
3681	1702	238
3682	2922	334
3685	1760	402
3687	2434	520
3688	3516	579
3688	3516	566
3689	1562	443
3693	3229	671
3694	1860	325
3695	1794	371
3696	3197	491
3696	3197	405
3697	2347	584
3700	2054	258
3703	2982	243
3705	1960	523
3707	2174	797
3709	2523	548
3712	4335	473
3713	2437	514
3714	1880	370
3716	2062	505
3717	1831	550
3719	2274	200
3720	3125	756
3722	1020	215
3723	1755	326
3725	2055	261
3727	1813	618
3730	2106	543
3731	1701	294
3734	4278	616
3734	4278	382
3739	1351	185
3744	1852	185
3745	1991	553
3745	1991	129
3750	2662	399
3750	2662	247
3754	3134	143
3754	3134	519
3755	4436	312
3755	4436	127
3755	4436	182
3757	3563	820
3759	2496	605
3762	2011	500
3764	2912	532
3765	2343	308
3766	2644	534
3767	2300	534
3768	1857	504
3770	2542	403
3772	1106	228
3773	2579	568
3778	2830	566
3779	1485	358
3783	2037	565
3784	1565	298
3785	1975	287
3786	2738	530
3787	1705	463
3791	3073	499
3793	2465	454
3795	2569	641
3796	3181	513
3796	3181	550
3799	2174	558
3801	3579	535
3805	1720	594
3806	2938	548
3806	2938	346
3807	2613	475
3808	3156	594
3812	1175	336
3814	3642	600
3814	3642	529
3816	924	301
3819	3418	515
3821	1875	587
3822	2830	591
3825	3005	520
3826	3630	529
3828	2111	656
3833	2787	590
3834	1733	547
3837	2623	513
3839	2034	490
3841	2592	535
3842	2437	250
3844	3184	659
3845	2007	459
3847	2512	514
3850	2033	548
3851	2342	509
3853	1811	358
3854	1582	307
3859	3766	602
3860	1894	605
3861	2603	264
3862	1420	313
3864	2172	364
3865	3498	667
3866	3144	585
3871	1441	401
3874	3323	515
3874	3323	253
3875	1597	320
3882	1073	305
3884	3395	502
3894	1784	348
3900	1889	502
3902	3307	299
3902	3307	332
3904	1613	362
3905	2536	556
3907	1644	329
3910	1639	251
3912	2087	300
3916	2049	475
3920	1583	254
3921	1937	206
3922	2267	572
3923	1179	304
3924	2572	230
3924	2572	123
3924	2572	157
3925	1765	532
3929	4301	387
3930	3167	509
3930	3167	484
3933	2812	318
3934	2568	223
3934	2568	145
3936	2071	326
3937	2731	561
3941	2969	470
3942	2368	445
3945	2128	300
3948	4085	486
3949	2307	347
3950	1101	211
3952	2285	425
3953	1264	328
3955	2477	544
3956	2204	630
3961	2439	544
3965	3085	546
3967	1696	339
3969	1695	321
3970	1976	279
3971	1794	249
3974	2019	554
3979	2789	528
3981	1768	394
3983	1658	347
3984	2976	557
3987	4064	315
3990	3236	520
3991	3510	313
3995	2053	370
3998	1585	272
4007	2330	610
4016	3665	575
4016	3665	287
4021	2466	190
4021	2466	314
4022	1534	336
4024	3218	206
4024	3218	578
4027	1636	348
4030	2485	330
4032	2311	430
4033	3198	577
4034	1397	459
4035	2384	523
4038	1817	549
4043	4427	511
4043	4427	329
4044	2303	391
4045	1636	233
4046	2837	581
4050	2759	521
4052	1546	232
4053	1477	259
4056	1254	376
4057	794	185
4066	2284	317
4066	2284	266
4067	1920	261
4068	1496	351
4069	2370	398
4075	2604	373
4076	1195	200
4078	3959	600
4082	1322	294
4084	1921	326
4086	2362	503
4088	3218	573
4089	2666	478
4097	1974	301
4098	1271	313
4099	1832	185
4100	1282	435
4101	2444	306
4103	2571	267
4104	2232	357
4105	2702	482
4108	2439	303
4109	1352	311
4111	800	232
4113	2496	283
4113	2496	387
4114	1014	211
4116	3570	578
4116	3570	529
4118	1980	185
4118	1980	342
4124	1646	519
4128	2156	359
4130	1752	352
4131	2294	528
4134	2171	517
4141	990	259
4143	2316	403
4144	1467	266
4145	1087	464
4147	2188	412
4148	2459	562
4151	1849	282
4153	1600	491
4156	3738	458
4156	3738	470
4157	2612	415
4158	1140	243
4159	2359	538
4161	2053	322
4162	1248	297
4164	2847	582
4168	4178	530
4168	4178	389
4171	2839	361
4172	2308	546
4173	2158	255
4174	1129	247
4174	1129	277
4176	3427	551
4183	1215	308
4187	1447	406
4188	2468	403
4191	1802	327
4194	1815	310
4195	1828	287
4196	2363	414
4197	2062	490
4198	2431	221
4200	2905	395
4201	800	304
4202	3151	703
4207	2334	309
4209	3355	387
4209	3355	409
4215	1227	356
4217	1956	315
4220	1228	327
4225	3937	299
4225	3937	393
4228	3748	552
4229	3767	562
4231	2902	469
4231	2902	437
4233	1654	254
4233	1654	227
4237	2185	154
4237	2185	162
4239	2058	275
4240	2187	305
4240	2187	296
4245	1449	326
4246	2430	273
4247	1483	563
4250	2447	586
4252	3329	559
4256	1778	185
4257	2623	569
4258	3912	323
4261	1736	417
4262	2228	364
4263	2295	352
4264	3224	513
4266	4016	540
4266	4016	610
4270	1528	232
4273	3889	376
4273	3889	314
4276	2786	406
4277	2380	263
4277	2380	298
4281	2865	211
4281	2865	273
4283	2543	436
4284	1031	211
4287	2511	226
4287	2511	335
4290	1928	392
4291	1926	596
4297	1761	306
4315	3148	461
4315	3148	376
4320	1833	469
4340	3200	260
4340	3200	541
4344	2505	748
4351	4141	790
4353	2955	552
4354	3360	698
4357	2624	663
4360	2499	303
4363	3880	457
4367	2196	434
4370	3273	698
4371	1614	277
4372	2329	430
4375	3771	233
4378	3818	476
4380	3514	430
4383	3062	347
4385	1822	424
4386	3686	868
4390	3413	437
4390	3413	535
4395	4008	531
4395	4008	525
4400	3403	588
4402	2936	338
4402	2936	577
4407	3826	579
4408	4000	324
4412	1978	493
4415	5978	238
4415	5978	277
4415	5978	140
4416	2075	361
4426	1885	243
4431	1677	378
4436	4531	615
4436	4531	515
4441	4022	421
4441	4022	294
4445	2751	417
4445	2751	279
4448	2621	477
4451	4916	545
4451	4916	443
4454	2229	371
4457	4742	317
4467	2050	605
4472	2511	571
4474	1441	366
4478	1843	586
4479	3832	351
4482	2357	527
4483	2705	211
4485	3518	342
4487	3413	216
4490	1668	396
4491	4356	608
4492	1722	474
4493	3845	560
4495	2584	550
4499	5489	458
4504	1327	344
4505	2842	481
4506	2740	506
4510	3644	170
4510	3644	528
4511	1704	368
4516	2171	268
4522	2217	237
4524	3497	546
4531	4116	803
4532	3961	463
4533	2035	514
4535	1696	185
4542	2604	579
4544	2666	639
4545	2876	313
4547	3459	530
4549	1821	483
4550	3872	806
4551	4870	531
4551	4870	293
4552	4283	500
4554	2381	435
4556	3016	608
4557	3204	491
4558	1039	232
4561	3973	654
4563	2904	614
4564	2087	597
4565	3239	822
4567	2906	441
4569	4470	652
4569	4470	284
4573	3761	637
4574	1697	299
4575	1280	250
4576	2423	456
4577	2064	483
4579	4388	860
4580	1897	268
4582	2704	506
4583	2337	573
4584	4147	821
4585	1946	319
4586	3675	443
4586	3675	586
4588	2083	464
4589	2099	519
4593	3092	599
4594	3121	411
4594	3121	185
4596	3008	468
4599	3611	364
4600	1842	250
4604	3034	689
4605	1765	601
4612	2046	604
4614	4289	352
4614	4289	323
4625	1701	526
4626	1907	361
4629	2241	274
4629	2241	308
4630	2863	567
4634	3290	551
4636	2468	250
4637	2861	776
4638	2352	480
4644	3395	244
4644	3395	213
4644	3395	105
4644	3395	176
4644	3395	282
4648	1465	511
4651	2507	367
4655	4273	758
4656	2000	495
4660	3609	552
4661	3062	841
4662	2900	557
4671	2385	544
4673	2567	830
4674	4109	582
4678	4158	557
4678	4158	374
4680	1436	391
4681	2318	574
4683	3949	685
4684	1602	387
4685	6587	805
4687	3355	511
4687	3355	546
4688	3867	494
4691	1599	426
4692	3037	533
4696	2145	525
4698	2311	616
4704	3051	590
4705	2588	227
4707	2414	450
4707	2414	198
4710	1991	443
4713	3040	499
4714	3811	565
4714	3811	214
4715	5643	201
4715	5643	215
4717	3180	638
4719	1908	478
4720	2262	503
4722	3420	691
4724	2614	527
4734	1632	283
4737	2392	675
4742	1146	185
4748	1679	516
4755	1919	592
4767	2368	530
4770	1534	261
4771	3664	786
4772	4169	554
4778	3494	215
4779	2596	378
4787	2009	508
4788	5506	417
4788	5506	345
4795	2692	358
4796	3982	773
4798	2181	459
4801	1399	263
4803	5044	752
4805	1352	195
4806	2221	300
4806	2221	310
4807	3832	801
4808	1872	463
4812	4135	810
4814	1437	222
4815	1335	222
4817	1591	466
4820	5934	778
4820	5934	652
4822	2562	535
4824	1884	486
4830	3527	535
4833	5803	765
4835	2830	492
4835	2830	302
4836	2915	832
4837	3587	729
4838	4505	868
4838	4505	553
4839	2224	510
4840	2871	531
4844	3231	823
4846	1686	221
4846	1686	260
4847	4592	797
4847	4592	742
4848	1238	315
4849	3000	438
4853	1057	185
4854	2016	528
4856	5643	508
4858	1891	422
4859	1951	534
4865	2983	481
4866	1339	248
4867	3721	573
4867	3721	452
4868	925	243
4872	6394	487
4872	6394	810
4872	6394	310
4874	2882	554
4876	2788	582
4878	4511	541
4880	3404	550
4888	3358	505
4889	3589	536
4890	1944	342
4898	2694	326
4900	1696	547
4905	2617	307
4907	1874	458
4909	2483	306
4910	1848	537
4911	1882	460
4912	1858	321
4913	3721	580
4914	3636	310
4914	3636	227
4916	7047	465
4916	7047	227
4919	1873	477
4921	2614	285
4922	2622	536
4923	2677	376
4924	1938	363
4926	2209	551
4930	2830	553
4936	1200	257
4938	4108	453
4938	4108	509
4939	1891	311
4941	2036	336
4943	1647	439
4945	3071	573
4947	1918	559
4949	2291	290
4949	2291	220
4952	2815	519
4955	3649	532
4955	3649	441
4958	4823	860
4958	4823	429
4959	1718	386
4961	1827	380
4963	3164	335
4967	2865	185
4967	2865	348
4970	1068	227
4972	2658	551
4972	2658	326
4974	1449	266
4978	2672	296
4979	4112	443
4979	4112	560
4980	2133	290
4980	2133	221
4981	3847	588
4981	3847	589
4982	1517	534
4983	2268	261
4983	2268	324
4984	2047	211
4986	6799	486
4987	1889	185
4988	1557	480
4989	4119	419
4989	4119	572
4992	774	185
4993	2792	280
4993	2792	543
4994	1719	486
4996	3957	786
4999	2532	507
5000	3934	409
5001	3031	582
5002	1476	311
5004	4695	624
5005	4547	443
5005	4547	568
5006	5650	304
5006	5650	254
5007	6775	426
5007	6775	458
5012	1896	343
5013	2203	274
5014	2711	262
5014	2711	244
5015	4881	553
5015	4881	588
5016	1910	461
5018	1520	354
5020	1663	345
5021	1940	422
5022	1585	251
5022	1585	283
5026	1741	488
5027	4361	493
5029	1953	341
5031	4258	493
5031	4258	582
5036	1244	286
5037	2350	342
5040	3414	592
5041	1698	332
5042	961	185
5043	2113	425
5044	2989	564
5047	2158	532
5051	1903	595
5057	3963	679
5060	2505	527
5063	1059	294
5064	1526	498
5066	1967	447
5069	3365	549
5070	1979	434
5073	4607	843
5075	1465	382
5076	2716	448
5078	2233	221
5079	1676	206
5081	1613	349
5083	2730	429
5086	3502	574
5087	2150	481
5089	1392	250
5090	1850	278
5092	2841	519
5093	4460	150
5093	4460	187
5095	1551	283
5100	3853	360
5100	3853	468
5103	1680	327
5109	3393	211
5111	3058	555
5116	2714	849
5122	2852	311
5122	2852	351
5123	1417	185
5125	1732	291
5127	3670	580
5128	1619	311
5129	2927	260
5129	2927	463
5130	2126	609
5137	1636	344
5138	2403	501
5140	1943	248
5144	1328	211
5145	3493	500
5146	2417	721
5148	3454	467
5148	3454	354
5149	5182	389
5149	5182	691
5151	2360	536
5153	2876	496
5156	3261	316
5157	2305	324
5161	2676	567
5167	3486	752
5171	1865	415
5172	2544	408
5175	1915	406
5178	1584	434
5182	2624	310
5182	2624	235
5183	2820	606
5185	2763	547
5185	2763	236
5188	5257	547
5189	2118	465
5190	2766	487
5193	3188	537
5194	2227	265
5197	1865	571
5202	2691	309
5203	1775	244
5203	1775	319
5204	1280	299
5207	1717	346
5210	2106	483
5211	4093	520
5212	3451	527
5213	3486	483
5214	1822	337
5215	990	200
5216	3206	371
5216	3206	564
5218	2059	491
5222	4046	537
5222	4046	466
5225	3968	286
5226	1754	259
5227	3679	571
5229	5729	586
5229	5729	543
5233	3477	550
5236	1669	476
5238	1864	534
5240	1699	307
5246	1488	185
5249	2169	384
5254	1556	390
5256	3907	346
5256	3907	185
5260	2143	284
5264	1840	262
5266	1770	142
5266	1770	147
5268	1844	476
5269	1065	256
5274	2265	278
5275	2983	384
5278	1977	614
5281	1956	341
5285	1338	185
5286	2913	400
5289	1804	289
5289	1804	270
5290	1674	549
5294	3923	504
5294	3923	164
5294	3923	183
5295	3664	391
5295	3664	384
5297	2700	549
5298	1961	175
5298	1961	296
5301	3030	773
5304	1323	494
5308	3341	518
5312	1737	211
5317	2781	185
5319	2567	540
5320	2601	361
5331	1723	567
5338	1837	308
5341	1932	291
5346	1747	185
5348	1988	341
5349	1833	464
5350	2156	402
5352	4333	770
5355	2075	280
5356	1711	491
5358	3908	677
5361	3155	574
5364	2562	507
5367	3257	476
5367	3257	430
5371	2822	569
5372	1422	200
5376	1966	493
5377	1815	558
5384	1598	609
5386	1593	489
5390	1545	518
5392	3113	429
5392	3113	325
5394	3485	630
5400	4809	611
5402	2129	288
5406	2866	245
5412	2625	367
5422	3043	185
5428	1970	462
5430	2093	394
5440	1854	221
5441	2138	288
5443	1022	249
5448	3324	427
5448	3324	370
5452	3543	635
5453	1617	342
5454	3864	395
5454	3864	582
5458	2824	505
5459	3657	315
5459	3657	548
5460	1477	248
5462	4480	552
5463	2794	623
5467	4065	542
5467	4065	478
5471	1716	384
5472	3122	462
5476	1992	529
5478	3272	342
5478	3272	502
5482	1812	332
5483	2070	425
5485	1669	396
5489	2960	601
5491	2121	215
5491	2121	191
5499	4042	440
5499	4042	498
5500	2026	256
5500	2026	244
5503	3416	433
5504	2074	454
5505	3443	562
5506	3064	263
5506	3064	210
5507	2802	555
5511	1437	307
5516	3107	473
5521	2164	468
5524	4077	302
5524	4077	206
5525	1631	286
5536	2106	279
5538	1030	243
5540	3393	523
5544	2862	520
5547	3420	523
5549	1986	315
5552	2109	185
5554	2436	534
5561	1186	244
5566	2546	577
5569	3719	593
5572	915	221
5581	2507	284
5590	1988	410
5591	1829	250
5592	3555	536
5592	3555	297
5597	1043	222
5604	2175	356
5609	3464	453
5613	2133	361
5616	2455	398
5623	742	250
5626	4242	645
5626	4242	240
5627	1464	185
5628	1771	185
5629	1210	243
5630	2843	360
5632	3150	496
5632	3150	385
5638	1407	289
5640	1803	395
5641	1940	556
5643	2544	464
5644	1595	373
5649	1920	185
5650	1371	273
5652	2616	466
5659	2207	339
5663	956	255
5665	2851	446
5666	2123	222
5675	1351	222
5679	1476	288
5682	1288	311
5685	1967	473
5687	2296	543
5688	1663	309
5689	2740	268
5689	2740	262
5692	2462	491
5694	1989	238
5696	2773	539
5702	1050	351
5705	1793	486
5706	2338	292
5706	2338	280
5710	2533	293
5712	1712	267
5714	3387	367
5718	3584	590
5724	1812	315
5725	1875	319
5735	4693	509
5735	4693	483
5737	1623	267
5743	2277	290
5744	1735	271
5745	1856	365
5747	4033	764
5751	2439	268
5760	2991	496
5760	2991	422
5761	2361	287
5764	2169	380
5775	1220	288
5778	2097	461
5779	2380	200
5782	2679	447
5783	2471	492
5789	2795	506
5793	3948	499
5793	3948	333
5806	2672	273
5813	1797	215
5815	2077	261
5816	2718	497
5817	2917	561
5818	1822	293
5820	4001	489
5821	2361	503
5829	2354	467
5830	2477	349
5832	1609	472
5836	2669	478
5840	2114	200
5842	2780	504
5845	1641	185
5857	2889	488
5858	1946	452
5859	4905	295
5860	2242	439
5861	2291	491
5865	2373	185
5867	2211	490
5871	1904	261
5873	2289	537
5878	1789	391
5883	2690	440
5885	3081	499
5888	3114	383
5888	3114	285
5889	3840	496
5894	3518	538
5899	2264	310
5900	2311	439
5901	1334	222
5902	2377	523
5905	2042	200
5906	2472	528
5907	2013	339
5910	1850	502
5915	3213	550
5921	3830	474
5928	1896	444
5932	1317	233
5937	1968	282
5939	1867	321
5947	4022	557
5947	4022	535
5948	4200	542
5949	1955	335
5949	1955	223
5950	2222	451
5951	4260	519
5953	3906	518
5954	3281	383
5957	2634	560
5958	1563	468
5959	2253	267
5962	2306	323
5963	3667	491
5968	3627	514
5971	1824	247
5971	1824	223
5974	3816	281
5974	3816	600
5980	3202	223
5980	3202	419
5982	2332	373
5992	3856	423
5994	3468	561
5997	1470	323
5998	2471	325
6005	1611	499
6007	3337	487
6010	2152	476
6014	2904	305
6020	1662	395
6022	3017	566
6023	1931	344
6024	4051	556
6030	2641	510
6031	2207	321
6034	2130	468
6039	2819	666
6045	3862	570
6051	3957	402
6056	1717	270
6057	1853	495
6063	2377	433
6066	3096	503
6069	1908	342
6074	1397	215
6077	4649	555
6078	4985	462
6078	4985	518
6081	3073	540
6082	2722	285
6083	2036	316
6083	2036	292
6088	3467	261
6094	4267	500
6094	4267	185
6095	2431	248
6096	2151	385
6097	3412	562
6097	3412	553
6101	3584	653
6104	4062	567
6104	4062	528
6107	1820	509
6110	4387	215
6114	3851	596
6114	3851	208
6116	4189	232
6117	2356	528
6118	3570	529
6121	2204	315
6124	2829	447
6128	1911	200
6130	2965	566
6131	2824	289
6132	1440	342
6135	2245	312
6140	3486	564
6141	2575	528
6143	2649	556
6149	3963	395
6149	3963	265
6153	4454	574
6157	2595	583
6159	2385	607
6160	1543	301
6161	2464	407
6164	3489	656
6165	4280	520
6170	2582	586
6172	2053	585
6173	1979	446
6174	2815	482
6176	1794	538
6177	1472	433
6178	1645	345
6180	3122	360
6181	2038	535
6185	2452	330
6189	1804	277
6194	1480	425
6195	2606	359
6195	2606	561
6197	1621	406
6200	1792	240
6209	2481	423
6216	2504	387
6219	2293	582
6222	3751	586
6223	2320	578
6227	1957	493
6231	1782	457
6232	1629	266
6235	2838	490
6235	2838	329
6237	836	259
6242	4026	639
6244	1269	272
6248	924	257
6249	3044	315
6249	3044	479
6250	4123	591
6251	2584	359
6254	3648	412
6256	1651	431
6259	1862	385
6261	2426	268
6264	3372	415
6264	3372	448
6274	2791	256
6274	2791	310
6278	2539	310
6278	2539	298
6280	1668	291
6282	2159	342
6288	3527	551
6288	3527	329
6289	1239	211
6294	3146	468
6296	2729	491
6298	2880	600
6299	2179	516
6300	1869	370
6301	4000	233
6306	3204	394
6310	1268	289
6316	3558	519
6324	3820	296
6331	3078	550
6331	3078	242
6332	1659	378
6334	4559	537
6334	4559	513
6335	3209	738
6337	2035	490
6341	1452	470
6343	2562	465
6347	2103	309
6347	2103	268
6348	3154	399
6348	3154	201
6351	2201	353
6355	2281	304
6363	1904	294
6363	1904	318
6369	3907	275
6369	3907	392
6371	2540	545
6375	1348	259
6376	2335	462
6379	2847	565
6382	1709	358
6383	3539	517
6388	1167	293
6390	1711	323
6399	2447	336
6406	1688	185
6412	1481	215
6414	2034	551
6416	2677	165
6416	2677	284
6417	1883	489
6419	2741	425
6428	1479	341
6429	2252	465
6430	2046	280
6447	2449	291
6447	2449	308
6451	2968	430
6452	2754	346
6453	4842	519
6457	2513	400
6458	4164	549
6461	2836	475
6462	1339	257
6471	2252	236
6473	4326	365
6473	4326	315
6474	1880	382
6480	1620	369
6482	2191	499
6483	3044	592
6484	1274	211
6486	2264	490
6489	1807	443
6491	2106	302
6492	1992	185
6494	2598	344
6500	2045	453
6502	3825	404
6502	3825	452
6503	1947	185
6507	3021	421
6508	3381	441
6509	3451	535
6515	4659	525
6520	1483	146
6520	1483	142
6521	1705	368
6522	1392	410
6523	2015	429
6525	4704	291
6525	4704	427
6525	4704	179
6526	3807	339
6526	3807	389
6527	919	200
6530	4345	514
6530	4345	567
6531	3774	405
6534	1203	200
6535	4501	496
6535	4501	392
6536	4597	485
6537	4025	643
6538	1799	304
6540	2996	514
6541	2794	227
6546	2641	576
6548	1352	222
6551	4574	220
6551	4574	182
6551	4574	191
6554	1760	200
6556	3607	540
6556	3607	516
6557	2594	183
6557	2594	209
6560	2331	415
6561	2549	202
6561	2549	199
6562	1665	493
6565	4026	543
6568	3221	526
6571	3452	268
6574	3912	174
6574	3912	167
6579	2094	549
6581	1399	266
6583	2411	526
6584	4552	585
6584	4552	542
6586	2610	250
6587	3183	537
6589	1381	243
6596	2546	227
6597	2808	531
6607	1544	227
6609	2402	486
6610	3185	512
6625	2460	516
6634	3089	307
6640	4461	557
6640	4461	545
6642	823	270
6643	4540	550
6643	4540	375
6644	1612	317
6647	2772	200
6648	2005	185
6652	1332	185
6669	4289	539
6670	2404	241
6679	2588	483
6683	2123	319
6686	3232	482
6687	1652	414
6689	3569	371
6696	2372	414
6703	4131	484
6705	1804	262
6709	2170	329
6710	2413	485
6716	1545	325
6722	2158	309
6723	2911	526
6726	2855	472
6728	3429	211
6735	2086	484
6741	2181	387
6744	1758	286
6747	3081	297
6748	4231	215
6753	1964	349
6756	2460	554
6757	4262	271
6757	4262	300
6760	1369	262
6762	2411	486
6763	2519	519
6766	2149	437
6771	3053	446
6772	1725	470
6773	4181	504
6774	2030	211
6792	2004	314
6795	1676	222
6799	1768	278
6800	2351	397
6802	3022	296
6802	3022	200
6815	3667	571
6819	999	185
6821	3183	543
6824	1654	419
6835	1715	338
6836	4017	481
6836	4017	504
6842	3516	502
6845	4206	520
6847	1797	222
6849	4534	376
6852	1139	238
6853	1789	282
6861	2777	578
6862	3024	136
6862	3024	455
6867	2410	286
6867	2410	206
6869	1735	185
6870	2755	522
6874	3502	445
6874	3502	360
6875	3732	529
6880	2781	548
6881	1490	262
6884	2035	307
6885	2623	185
6886	2457	309
6887	3036	344
6888	1790	282
6889	2940	558
6893	2135	291
6895	2250	215
6897	2048	305
6902	1507	239
6909	1408	185
6912	2326	206
6913	3300	468
6919	1787	491
6920	2420	272
6922	1874	382
6925	2552	185
6926	1797	304
6931	3308	385
6934	2506	482
6937	2592	461
6941	2454	332
6942	2892	503
6947	2549	439
6948	2196	460
6949	2014	185
6952	3068	358
6953	3815	480
6953	3815	458
6955	2364	517
6957	947	303
6959	2203	285
6960	1978	286
6969	1488	365
6970	1724	253
6973	2243	470
6976	2272	337
6980	1400	306
6982	2105	200
6984	1729	324
6986	2045	424
6987	2074	521
6993	1916	447
6996	1763	260
7000	1789	347
7002	1877	534
7004	2445	541
7005	1717	415
7006	1562	238
7010	2212	461
7015	1523	226
7017	1858	336
7019	3610	732
7026	3230	479
7030	2499	238
7031	1180	185
7032	1988	546
7033	1500	388
7034	2294	413
7035	2429	533
7037	2143	200
7038	2675	527
7039	1740	411
7043	2386	275
7043	2386	238
7044	2813	492
7057	1164	185
7059	2019	284
7065	2531	187
7065	2531	190
7066	1576	380
7073	4337	420
7073	4337	492
7074	2429	377
7076	1865	434
7083	3652	356
7088	2263	555
7090	2069	558
7092	4130	579
7096	2943	537
7097	1481	222
7099	3108	568
7099	3108	158
7100	1786	465
7101	4496	434
7102	1879	355
7103	2912	651
7106	2497	498
7107	3746	660
7109	2718	496
7110	1640	339
7114	1771	465
7118	3518	557
7119	1719	421
7121	2358	480
7122	1629	185
7126	3990	451
7128	3340	406
7129	1791	493
7131	3674	582
7133	2985	352
7140	1780	371
7141	2117	415
7148	1775	556
7158	2457	547
7180	3031	521
7181	1864	261
7184	2022	413
7187	1903	322
7187	1903	336
7191	1718	533
7192	2932	429
7192	2932	372
7193	1748	385
7194	3429	526
7194	3429	518
7199	1998	423
7201	1511	305
7205	2539	570
7208	1351	448
7209	1698	338
7211	1912	400
7216	1519	546
7218	3322	457
7219	1740	382
7221	3516	137
7222	1590	200
7223	1795	235
7223	1795	225
7225	2658	455
7226	3359	222
7227	2463	330
7227	2463	252
7231	2001	283
7236	1664	215
7237	2487	441
7238	2710	559
7239	2912	557
7240	2097	242
7251	1704	144
7251	1704	230
7257	2958	525
7257	2958	456
7260	2395	305
7260	2395	200
7261	3407	405
7261	3407	369
7264	2308	233
7268	2163	633
7269	2659	289
7273	1960	549
7279	2193	299
7284	1732	324
7285	2563	571
7287	1872	185
7290	2289	442
7294	1671	425
7296	1720	515
7299	1290	249
7300	2415	567
7302	1252	400
7303	1966	441
7305	1743	539
7306	2678	493
7306	2678	433
7310	2070	361
7312	2830	589
7313	2857	248
7317	3217	446
7317	3217	549
7320	1487	440
7325	3741	623
7327	1100	346
7328	1345	469
7330	1448	419
7334	1773	360
7338	1706	304
7342	2148	552
7346	2039	256
7349	2706	424
7349	2706	203
7349	2706	287
7350	1812	520
7354	2078	318
7354	2078	183
7356	3193	200
7356	3193	248
7362	2871	542
7364	2090	596
7365	2763	546
7368	2665	503
7368	2665	289
7374	1341	393
7377	2497	521
7379	2658	791
7380	3756	403
7381	1834	513
7382	2974	380
7386	1356	508
7390	3452	591
7391	1975	340
7391	1975	373
7392	896	245
7395	2480	568
7396	2238	629
7400	3453	581
7400	3453	451
7402	1740	321
7404	1608	500
7405	2259	185
7406	1954	352
7407	2702	461
7408	2463	588
7409	2385	334
7409	2385	296
7412	3533	576
7412	3533	294
7414	4064	200
7415	3149	785
7416	2975	604
7417	1404	277
7417	1404	275
7421	3542	212
7421	3542	594
7422	1755	289
7423	1702	210
7424	2519	593
7426	3304	492
7426	3304	320
7427	3941	256
7430	2600	250
7431	2434	634
7432	2092	332
7433	1463	379
7434	1837	261
7437	1994	286
7438	2695	457
7442	1954	287
7449	2528	529
7452	2649	325
7453	1651	356
7454	1867	371
7458	3507	535
7458	3507	449
7460	2023	344
7461	2142	319
7463	2812	570
7465	2284	549
7470	1743	540
7471	1879	293
7473	2092	357
7474	2199	574
7478	1817	556
7482	1780	319
7482	1780	250
7483	1734	295
7485	3736	295
7487	2237	502
7490	2433	485
7491	2977	310
7494	2535	389
7495	2346	546
7496	2299	333
7496	2299	185
7499	3377	600
7501	2417	359
7502	3380	348
7512	2626	634
7515	3839	252
7515	3839	247
7516	3943	615
7518	2877	532
7519	2918	552
7519	2918	471
7521	4193	495
7523	2216	629
7526	1961	361
7532	2900	525
7533	2148	200
7536	3323	433
7536	3323	522
7541	2087	524
7542	2527	649
7543	3404	526
7544	3903	627
7549	3638	625
7551	2434	360
7573	3077	314
7573	3077	312
7575	2877	185
7575	2877	590
7579	2719	576
7583	2831	326
7585	1441	449
7586	2444	439
7588	2194	388
7589	3264	572
7593	2589	546
7596	2693	477
7603	1756	283
7605	1929	185
7606	3513	410
7611	2142	579
7615	1098	185
7617	3711	382
7622	3152	430
7622	3152	346
7627	2896	340
7627	2896	658
7629	2871	546
7630	3520	493
7631	2551	360
7632	2118	603
7633	3093	581
7633	3093	208
7634	1601	278
7636	2061	297
7642	3011	631
7643	2679	471
7646	2032	317
7647	2114	498
7648	1815	539
7650	1217	306
7653	2673	508
7655	2899	329
7655	2899	296
7656	3516	732
7658	1462	419
7660	2767	211
7665	1799	566
7666	1922	376
7667	1001	337
7670	2818	356
7673	1562	322
7675	2649	278
7676	3363	614
7678	1369	238
7681	2014	525
7683	2602	618
7684	3782	645
7684	3782	353
7685	2020	504
7689	1949	354
7690	2560	658
7692	1668	510
7699	2155	442
7700	2084	530
7701	1326	425
7703	3156	293
7704	1444	211
7707	2630	574
7708	2436	589
7709	3823	679
7709	3823	477
7710	1649	298
7713	4029	498
7713	4029	513
7716	3359	506
7716	3359	382
7718	2196	262
7718	2196	287
7723	3204	489
7723	3204	481
7726	1138	463
7730	2022	357
7732	4309	379
7732	4309	510
7733	3278	372
7733	3278	408
7735	1833	470
7736	3560	462
7737	1372	392
7740	3661	616
7742	2397	496
7743	1213	322
7744	3189	340
7747	3109	780
7749	3061	312
7749	3061	199
7750	1551	470
7754	2185	383
7755	1312	211
7756	2932	282
7756	2932	251
7758	3046	433
7761	1448	284
7765	1522	457
7766	1469	200
7772	3692	196
7772	3692	586
7773	3084	396
7773	3084	425
7775	2226	264
7775	2226	292
7778	3379	676
7779	1104	261
7781	2020	592
7783	1496	370
7784	2431	672
7787	2524	533
7791	1232	307
7792	2163	370
7795	2126	479
7796	2944	476
7796	2944	308
7802	2600	378
7802	2600	513
7803	2893	509
7804	3106	576
7806	1832	200
7807	2815	185
7809	3182	521
7813	1138	273
7814	1820	369
7816	1808	378
7819	2608	483
7823	2196	290
7823	2196	319
7830	2250	489
7831	3319	215
7833	2366	359
7834	1392	330
7836	847	300
7837	1785	301
7842	2099	333
7848	1518	385
7849	3381	426
7852	1433	416
7853	1411	453
7856	2186	282
7859	2952	830
7861	1628	504
7862	1450	348
7866	2464	374
7866	2464	197
7867	1484	335
7868	3235	312
7868	3235	344
7869	1986	415
7875	1816	480
7876	2010	312
7877	2517	432
7882	3035	331
7882	3035	308
7886	1695	356
7888	2833	314
7888	2833	338
7890	2647	541
7891	2886	364
7893	2780	499
7893	2780	411
7895	1943	428
7896	786	274
7897	2901	452
7897	2901	178
7898	2378	221
7898	2378	318
7899	2909	231
7899	2909	472
7900	2813	477
7903	1726	314
7906	1701	238
7907	2866	256
7908	1630	275
7911	831	216
7913	593	252
7917	1718	361
7919	2330	424
7925	1346	310
7928	1766	344
7930	1709	295
7931	1490	263
7932	1981	255
7936	2583	430
7939	1558	215
7940	3026	529
7940	3026	201
7943	1411	484
7944	2874	290
7947	2079	260
7948	1270	273
7949	4001	249
7949	4001	548
7951	1642	343
7955	2167	337
7957	1981	289
7960	1852	162
7960	1852	172
7964	2289	517
7967	2664	540
7972	1259	298
7979	1979	332
7980	3793	681
7981	1121	354
7982	2898	361
7987	1953	357
7988	4269	525
7988	4269	549
7989	2326	460
7989	2326	457
7990	1750	350
7997	4105	520
7997	4105	346
8001	3222	604
8003	2612	542
8005	1651	434
8010	2022	185
8014	3115	452
8017	3833	583
8017	3833	211
8019	1788	295
8022	2685	392
8025	1590	346
8027	2238	329
8032	2878	506
8033	1754	280
8034	2715	314
8038	2048	338
8039	2221	542
8043	2856	284
8043	2856	309
8044	2148	265
8046	2178	413
8047	2098	185
8052	2332	350
8052	2332	158
8054	3881	574
8054	3881	357
8058	2344	183
8058	2344	352
8071	2700	584
8077	3031	316
8078	1659	244
8083	1617	318
8086	2079	522
8090	2261	459
8092	1997	354
8092	1997	273
8094	2399	311
8094	2399	321
8097	867	233
8098	3492	397
8100	2494	569
8106	1685	333
8108	1980	499
8109	2019	200
8111	2170	516
8114	2881	549
8116	1050	308
8118	1757	271
8119	2236	330
8120	1340	238
8121	2933	444
8126	2363	486
8127	2580	553
8129	3379	259
8131	2915	390
8133	1720	238
8135	4253	551
8138	1721	309
8141	2546	808
8145	2812	507
8148	2188	330
8150	4239	568
8150	4239	542
8152	2148	481
8153	2518	442
8153	2518	254
8155	1433	304
8157	2064	425
8161	2266	347
8171	2454	185
8172	2810	460
8175	3451	550
8175	3451	503
8185	1389	291
8189	2266	498
8191	3597	255
8194	1975	547
8195	1665	377
8197	1781	560
8198	3799	528
8198	3799	383
8199	3298	455
8200	1930	416
8204	2836	563
8205	1849	308
8207	2073	266
8209	1508	211
8210	2130	518
8213	4331	555
8217	1351	422
8218	3490	533
8218	3490	509
8219	3123	440
8225	2157	336
8227	4393	185
8227	4393	513
8228	2250	353
8229	4011	530
8230	1960	544
8231	3231	556
8231	3231	256
8232	2929	509
8238	3214	552
8238	3214	342
8239	1962	561
8241	2447	493
8243	1807	533
8245	2929	617
8247	3139	521
8247	3139	541
8248	4282	562
8248	4282	509
8251	1983	433
8257	2368	554
8258	2481	576
8260	2587	569
8261	2720	582
8263	3055	480
8266	2274	877
8268	2018	262
8268	2018	151
8278	2284	563
8279	2425	534
8280	1418	316
8283	2831	524
8284	2345	843
8285	2883	368
8285	2883	332
8291	1541	276
8292	3182	461
8293	1343	185
8294	2954	539
8295	2099	185
8297	1815	285
8297	1815	300
8304	3862	542
8305	2710	532
8307	2077	548
8309	948	200
8314	2945	531
8314	2945	366
8316	2008	296
8324	2682	535
8327	2390	562
8329	2236	200
8329	2236	291
8336	4151	533
8337	1676	227
8338	3525	426
8338	3525	408
8339	2433	512
8343	3095	392
8345	2644	728
8346	1180	333
8348	2635	395
8350	1648	267
8353	2887	536
8357	2608	443
8358	2541	285
8362	1674	454
8363	1756	301
8364	1635	317
8365	2016	425
8368	2248	463
8369	2285	489
8371	3464	460
8372	2555	379
8373	1721	457
8374	2938	491
8378	1602	390
8380	4388	610
8382	2261	558
8386	1494	538
8387	2122	492
8388	3535	637
8392	3468	266
8393	1912	410
8394	769	286
8395	1935	222
8401	1636	566
8406	1830	477
8410	1396	537
8411	1593	311
8412	1728	565
8413	1258	263
8414	2753	311
8414	2753	262
8415	1321	236
8415	1321	277
8417	1830	285
8418	1543	295
8421	2706	465
8422	2946	341
8422	2946	424
8423	1732	340
8426	2309	474
8430	2981	655
8431	2504	574
8433	2617	322
8436	1353	313
8437	3079	595
8443	2150	506
8445	1199	302
8446	2143	574
8448	3162	510
8449	3212	710
8451	3557	284
8451	3557	227
8452	3797	547
8453	1664	277
8455	2749	472
8459	2020	248
8460	1958	286
8461	3042	579
8462	2218	350
8465	1846	346
8466	3375	529
8467	3024	586
8469	3395	268
8470	2294	604
8471	1589	450
8473	2231	571
8475	1401	357
8477	1926	215
8479	1816	373
8480	2404	416
8481	961	211
8482	2819	415
8483	2815	410
8484	3727	573
8485	3263	465
8487	4034	569
8487	4034	539
8489	3023	531
8489	3023	177
8490	1846	405
8491	3440	578
8497	1603	302
8507	1666	296
8508	1537	393
8509	1811	390
8510	2406	613
8511	1150	215
8512	3084	335
8514	2637	519
8521	3196	222
8521	3196	536
8526	4237	534
8526	4237	282
8529	2420	373
8530	1512	462
8531	1642	537
8534	3267	548
8534	3267	145
8536	2859	351
8536	2859	275
8541	957	211
8544	3498	259
8544	3498	488
8545	2905	492
8545	2905	278
8551	2232	433
8556	3731	521
8560	1545	472
8561	2332	616
8564	2138	238
8564	2138	262
8568	2675	711
8571	2924	505
8573	2663	472
8575	1970	348
8577	1947	423
8584	1851	511
8586	3848	524
8586	3848	635
8588	2443	273
8591	2772	593
8596	2115	286
8600	1669	336
8602	3068	568
8603	4326	514
8608	3438	537
8609	2357	331
8615	2795	446
8615	2795	503
8617	1496	185
8618	1767	490
8624	2284	306
8624	2284	307
8626	1714	370
8627	2431	335
8627	2431	311
8631	2533	269
8633	2472	239
8634	1267	226
8641	3398	414
8646	1900	286
8647	1938	326
8652	3422	279
8654	1479	251
8655	2443	289
8656	3298	345
8658	3202	501
8666	3180	535
8667	1581	340
8675	2749	404
8678	3025	509
8685	2211	348
8685	2211	310
8687	1425	346
8690	1727	238
8693	2611	265
8693	2611	318
8696	3565	329
8697	3292	450
8697	3292	362
8699	2469	355
8701	2650	534
8703	1145	272
8707	1316	297
8709	2579	540
8713	1119	255
8714	2200	185
8716	1708	200
8718	4163	330
8718	4163	299
8720	2582	553
8727	2692	404
8730	2377	338
8731	1759	345
8732	2495	310
8732	2495	300
8734	3628	556
8734	3628	415
8735	1648	246
8737	2142	238
8738	2195	457
8740	2447	481
8745	3730	542
8745	3730	556
8747	3629	648
8749	3825	883
8750	2347	433
8752	2209	305
8757	1820	208
8757	1820	284
8758	1789	222
8762	2344	266
8764	1517	318
8768	2925	236
8772	2553	477
8772	2553	263
8773	4322	361
8773	4322	280
8775	2016	338
8777	2044	497
8783	1746	545
8784	3233	538
8786	3501	581
8787	1576	241
8788	1436	392
8793	2677	427
8797	3278	517
8797	3278	274
8797	3278	231
8802	3077	511
8805	1832	323
8808	1345	278
8809	2481	335
8809	2481	303
8812	2153	317
8813	2134	248
8814	1767	295
8815	1680	345
8819	2544	550
8821	1500	268
8822	1415	322
8824	1215	279
8826	3101	572
8832	1431	185
8834	2266	379
8837	1704	496
8839	1681	289
8843	1796	386
8845	2157	243
8847	2665	200
8848	2110	313
8852	2204	540
8857	1560	310
8860	3479	404
8863	1951	211
8864	2651	408
8865	1782	258
8872	1362	353
8883	1889	520
8890	1350	307
8895	1344	255
8901	3326	490
8901	3326	489
8904	3392	284
8906	1567	227
8910	1960	402
8911	3334	459
8915	1575	520
8916	2503	452
8917	3705	753
8917	3705	569
8919	2748	461
8920	3532	356
8921	1076	227
8922	2938	367
8924	1307	230
8927	4233	259
8927	4233	211
8929	1057	303
8933	2203	332
8935	1656	233
8936	3505	464
8936	3505	255
8941	1560	329
8952	1589	327
8954	2149	343
8957	2205	421
8964	1995	344
8970	3479	294
8971	2260	460
8973	1745	311
8978	1772	290
8981	2980	429
8981	2980	437
8983	1362	254
8999	3486	323
9007	2759	395
9014	2957	270
9014	2957	547
9017	2093	409
9020	1472	369
9027	3067	314
9029	1913	456
9032	2623	650
9034	3016	185
9037	2532	332
9045	1620	446
9047	3843	261
9054	2462	363
9065	2300	346
9068	2525	360
9069	2834	275
9074	2868	363
9076	2042	417
9077	2808	514
9081	3203	279
9081	3203	214
9083	1643	305
9096	3208	752
9110	2274	399
9122	3431	226
9124	1707	312
9125	1004	185
9127	1126	323
9129	1401	408
9142	2059	227
9146	1145	294
9147	2332	381
9153	2332	283
9154	1510	468
9167	2949	700
9169	2726	530
9170	2467	329
9172	2174	273
9179	1050	337
9186	2425	368
9187	1723	383
9188	2524	261
9189	3748	337
9189	3748	535
9190	1659	310
9196	2400	506
9198	3326	493
9200	3616	185
9202	1849	278
9202	1849	148
9204	1834	313
9205	2395	332
9205	2395	279
9212	3542	540
9217	2466	608
9218	1251	496
9225	3147	508
9225	3147	485
9231	3467	559
9232	2404	382
9235	2544	241
9235	2544	310
9240	1122	424
9245	2624	369
9249	2131	391
9250	2716	514
9253	2208	264
9258	1372	475
9261	2719	462
9261	2719	462
9268	2751	558
9271	2530	529
9275	1963	380
9282	1618	284
9283	2488	443
9286	2086	431
9287	1449	437
9289	2347	508
9296	3346	385
9307	3360	624
9308	2579	532
9312	2791	367
9313	3320	832
9321	1677	517
9328	2880	430
9333	3446	377
9337	1289	211
9349	2101	443
9350	1872	293
9364	2349	537
9366	2144	531
9368	3125	512
9370	1673	416
9372	2716	421
9373	3815	602
9376	1936	391
9377	2055	222
9389	2429	281
9391	3311	529
9391	3311	423
9399	2829	615
9404	1623	331
9406	3154	206
9416	1932	350
9417	2208	266
9419	2634	527
9424	2677	185
9425	2220	503
9426	3637	409
9429	3060	538
9436	2942	567
9436	2942	402
9438	1517	206
9448	3826	474
9448	3826	488
9453	1630	518
9458	2006	505
9466	1383	325
9476	3260	377
9477	1024	200
9481	1772	575
9486	3270	430
9493	2454	386
9508	1856	516
9512	1549	276
9514	3033	233
9518	2308	216
9529	2944	298
9529	2944	508
9548	2436	447
9550	1587	298
9552	2455	520
9559	3401	473
9571	2402	483
9574	1959	523
9576	2593	332
9578	2079	504
9581	2085	355
9586	797	200
9588	3517	356
9589	1842	458
9591	1553	327
9592	2410	525
9594	2622	403
9596	2226	309
9600	1014	185
9601	1882	200
9604	1516	222
9616	3183	507
9617	1908	308
9621	1412	238
9622	3850	267
9631	2250	381
9632	1894	375
9635	3341	462
9637	1173	386
9642	1529	463
9643	2773	184
9643	2773	201
9647	1881	456
9648	1593	211
9654	3153	448
9654	3153	520
9656	1252	222
9662	2440	421
9663	2113	399
9669	1651	302
9673	1474	310
9677	2188	334
9684	1464	417
9686	1652	277
9687	1614	232
9689	2334	526
9693	1427	270
9694	2536	358
9699	3089	502
9713	3052	277
9714	1830	357
9716	2765	390
9716	2765	412
9722	1784	255
9723	2601	570
9729	2046	200
9730	1987	401
9733	2406	269
9736	2382	639
9739	3082	543
9741	3602	621
9742	3175	509
9751	3704	404
9751	3704	437
9753	1331	278
9756	1948	346
9757	2649	508
9759	2281	200
9762	1661	384
9767	2203	399
9769	3755	584
9787	1642	492
9793	2675	539
9797	1397	185
9810	2080	185
9811	2433	351
9817	1547	238
9819	2735	368
9824	1852	458
9829	3143	531
9834	3419	317
9840	2852	467
9841	3567	564
9845	1388	291
9846	2246	245
9846	2246	146
9848	1403	287
9851	2207	185
9851	2207	227
9861	1426	318
9865	1930	279
9871	2803	303
9873	2180	238
9873	2180	152
9883	2756	281
9883	2756	514
9889	1273	232
9896	1408	285
9902	2163	470
9911	3348	820
9912	2533	498
9915	1510	279
9925	3231	694
9932	1231	215
9942	1579	249
9954	1495	299
9956	3330	386
9959	1648	376
9961	709	185
9963	1741	400
9969	2798	269
9973	1837	437
9975	1649	451
9984	2071	456
9992	2556	730
10002	2339	314
10025	3252	661
10027	3745	230
10070	1556	263
10091	1834	264
10123	2251	412
10133	2522	517
10158	1820	436
10160	1142	398
10162	1882	338
10164	2697	561
10174	3019	521
10194	2443	383
10205	2004	350
10206	2895	227
10208	3098	484
10216	1273	373
10217	2265	435
10218	1439	237
10239	3147	632
10245	2397	325
10248	2700	336
10250	3718	442
10250	3718	260
10252	3329	375
10254	715	254
10255	2449	222
10262	2360	367
10266	3610	287
10267	2396	441
10267	2396	506
10270	1994	289
10279	1790	361
10294	3466	623
10298	2391	377
10326	2418	332
10327	2127	516
10329	2111	300
10340	2190	330
10340	2190	254
10341	2769	227
10347	1762	487
10350	3878	708
10351	3512	512
10355	2863	677
10357	3025	592
10363	4220	657
10370	2994	457
10375	1632	355
10377	3777	383
10377	3777	424
10380	3031	522
10380	3031	464
10381	2310	388
10385	1931	357
10386	3538	688
10391	1893	200
10391	1893	472
10392	1967	487
10393	2730	315
10399	3152	475
10399	3152	298
10401	2899	462
10402	2391	534
10406	2596	299
10408	3438	280
10409	2864	398
10410	3302	601
10412	3496	435
10413	3549	639
10413	3549	414
10414	1585	544
10420	2560	475
10424	2436	356
10427	2070	556
10428	1836	644
10431	2576	519
10443	3114	542
10447	1968	232
10449	3031	408
10452	3013	476
10452	3013	412
10453	1608	425
10457	2070	412
10460	1649	441
10463	1366	235
10464	2730	429
10465	1081	321
10466	2932	530
10471	1528	138
10471	1528	282
10473	1391	405
10474	1436	443
10475	3245	200
10478	2687	481
10478	2687	365
10479	2316	591
10480	2775	590
10483	3306	567
10485	3222	782
10499	3198	614
10504	3324	414
10512	4003	504
10512	4003	535
10516	3307	789
10517	2464	466
10518	3019	484
10522	1919	614
10523	3295	185
10528	2560	461
10531	1968	253
10532	2352	419
10536	2404	522
10545	2644	530
10550	2357	492
10559	2322	232
10563	4106	578
10564	2352	434
10570	2859	437
10570	2859	138
10570	2859	232
10596	3057	514
10603	2483	508
10604	3009	468
10604	3009	490
10609	1170	200
10614	2964	728
10615	3072	488
10615	3072	202
10617	2612	554
10618	2310	613
10622	2888	543
10626	1437	273
10633	2600	229
10633	2600	460
10650	2681	483
10656	2887	575
10659	1319	426
10661	4250	255
10661	4250	464
10661	4250	239
10664	1984	336
10677	1804	311
10682	2124	270
10688	1690	379
10693	2427	211
10699	1161	289
10702	1053	227
10704	2824	371
10704	2824	501
10707	2715	332
10719	1784	362
10722	3917	222
10723	2079	425
10726	2899	564
10729	2561	554
10732	2016	384
10734	1100	244
10736	2452	192
10736	2452	212
10737	1127	307
10742	3047	254
10746	1628	299
10759	3250	525
10767	1840	391
10770	2275	555
10785	2951	393
10785	2951	328
10787	2120	250
10793	4059	341
10796	2558	394
10806	1742	599
10808	2735	313
10819	1897	333
10820	3249	494
10820	3249	473
10821	3568	610
10823	2732	573
10832	2339	185
10835	1588	221
10836	1500	303
10849	865	233
10850	1795	278
10862	929	255
10870	1969	546
10877	953	259
10879	1168	287
10882	1318	270
10888	3772	375
10892	3530	211
10895	1783	476
10897	2209	293
10900	1562	503
10910	3588	185
10920	2352	347
10921	2212	535
10924	3500	568
10935	1546	206
10942	940	245
10952	1833	518
10953	3076	637
10957	1890	550
10964	1486	383
10975	1200	256
10989	2266	439
10992	2233	382
10997	1639	238
10998	1944	238
10998	1944	260
11010	2134	485
11013	1119	366
11019	2191	382
11022	2312	235
11022	2312	148
11022	2312	258
11041	1416	362
11060	3340	563
11084	1370	453
11086	1903	296
11086	1903	238
11089	2849	354
11093	2985	215
11106	2542	547
11114	3643	468
11122	2041	422
11126	1812	387
11127	3695	578
11127	3695	714
11129	3475	369
11129	3475	260
11140	2160	556
11145	2255	264
11145	2255	293
11155	1733	473
11158	2468	205
11158	2468	245
11162	2097	352
11164	1802	303
11164	1802	341
11167	1618	387
11171	2659	647
11172	2231	516
11175	3606	474
11185	2598	498
11185	2598	222
11194	4057	651
11210	2732	418
11210	2732	383
11213	2620	478
11219	2045	460
11219	2045	185
11229	2049	313
11232	2398	479
11244	2673	482
11249	2016	185
11250	3274	454
11250	3274	473
11253	2130	185
11257	2195	478
11258	2329	246
11264	1984	497
11270	2277	538
11274	2515	410
11278	2313	455
11279	1151	377
11286	1744	487
11288	2413	768
11290	2477	365
11292	3151	526
11298	4307	385
11300	2907	286
11300	2907	267
11301	2078	360
11319	2533	344
11327	2412	330
11334	3480	305
11334	3480	210
11340	1786	332
11344	2880	483
11344	2880	396
11347	1650	200
11357	1694	304
11359	2053	487
11359	2053	285
11361	1826	234
11367	2451	442
11375	2281	388
11379	1236	480
11385	1434	488
11389	1830	456
11390	1247	185
11430	1688	419
11440	2321	244
11440	2321	279
11442	1932	337
11452	1131	211
11455	1457	271
11459	1699	286
11472	1569	211
11475	2466	252
11475	2466	445
11480	1073	354
11502	1255	395
11513	1377	211
11524	2494	277
11524	2494	362
11528	2112	279
11528	2112	300
11529	2619	474
11536	2016	427
11556	1232	428
11560	2490	185
11576	1072	312
11581	2724	335
11587	1819	286
11588	1867	197
11591	1391	468
11598	2904	419
11600	1321	167
11601	1407	447
11603	1958	200
11609	2558	548
11612	3056	480
11612	3056	528
11613	3521	222
11614	1799	244
11619	2271	285
11651	1701	161
11651	1701	235
11659	1552	265
11661	2947	767
11664	2477	185
11664	2477	260
11665	1300	243
11677	1846	272
11680	3630	504
11680	3630	221
11681	2023	396
11682	3304	519
11683	2078	463
11684	2188	185
11685	2696	318
11694	2362	421
11695	1997	185
11713	2051	200
11715	956	185
11719	849	206
11721	2045	345
11724	3774	567
11726	1296	328
11727	3042	457
11729	1830	378
11729	1830	343
11742	3348	865
11744	1143	238
11753	2237	484
11765	987	340
11774	2654	313
11776	1617	431
11781	1543	166
11781	1543	150
11789	2701	374
11793	1364	211
11805	3190	490
11809	1523	454
11813	2550	424
11823	2363	533
11837	1445	364
11840	656	220
11841	1752	185
11860	2176	439
11878	2619	269
11878	2619	499
11879	2428	206
11883	1125	215
11892	2378	273
11892	2378	286
11895	1702	265
11908	1387	276
11914	4014	215
11920	978	185
11938	2311	489
11941	1942	451
11946	1579	277
