0	21430	19175
1	2511	391
2	3733	321
3	3386	472
5	4054	232
6	2824	349
7	3437	215
8	2316	511
10	2899	256
18	2965	249
21	5098	466
22	1681	263
23	5463	479
25	2208	319
27	2044	442
28	3820	305
36	2929	309
41	2040	305
44	1986	494
47	2072	366
50	2360	450
53	2314	266
53	2314	210
55	4009	258
55	4009	354
56	3812	345
62	5152	436
66	3784	513
68	7504	328
68	7504	306
69	4797	325
71	3884	450
74	2915	200
74	2915	211
75	2054	306
80	1600	416
82	6652	200
82	6652	200
83	7001	245
83	7001	347
85	3177	396
88	1521	261
90	3325	437
92	3576	563
100	5378	453
100	5378	422
100	5378	227
101	1547	185
107	1808	281
108	1821	284
112	3146	416
120	3752	346
121	5683	355
121	5683	556
125	3322	273
125	3322	295
128	2634	514
129	4136	222
130	3574	303
130	3574	261
132	2812	371
134	4085	273
137	7005	392
139	3991	230
142	3413	200
144	2753	448
149	3176	200
152	3916	353
161	2773	185
162	6488	261
162	6488	346
164	1788	243
166	2014	503
169	3181	233
173	7180	290
174	3756	245
176	3837	301
176	3837	313
178	2365	544
180	2071	469
182	2845	334
186	1290	263
187	1174	305
188	1959	501
189	2158	343
191	2139	264
198	5653	493
199	2444	256
201	2838	467
205	2444	288
206	3108	394
209	4556	338
209	4556	211
211	3676	533
215	3133	376
217	2699	559
218	1995	343
219	4257	343
219	4257	475
222	3532	443
223	2802	519
231	2416	256
234	3111	328
237	2042	379
238	6753	292
238	6753	244
239	3755	298
243	3624	353
243	3624	356
245	3753	390
245	3753	367
246	2571	341
253	3576	437
254	3386	440
254	3386	284
257	1628	270
263	2489	295
265	2700	314
266	1762	337
268	2089	206
273	2757	306
274	2776	481
275	1492	324
286	2760	371
288	3704	518
290	3114	280
293	2736	478
296	2910	265
298	1404	321
305	2249	335
308	4255	285
310	2540	200
311	1794	306
314	2819	249
318	3698	511
319	3685	289
321	3424	361
322	3771	226
329	2543	246
329	2543	306
331	1987	200
333	3376	409
334	3986	338
337	3415	336
345	3621	379
347	2280	451
349	3837	469
349	3837	360
363	2174	185
370	3485	274
371	2587	528
375	2290	483
380	1851	349
382	1999	270
383	2201	522
385	2802	211
386	1554	468
390	2677	461
393	1792	185
401	1182	250
402	3810	511
405	2318	253
407	2012	283
409	2052	278
414	1997	456
416	3382	473
423	1845	267
426	2425	413
427	3454	430
430	2556	489
437	1407	315
440	3342	211
441	1960	293
449	2773	525
451	1972	254
453	2909	478
456	1826	453
457	1928	286
459	3122	446
463	2120	435
464	2064	303
466	2780	475
467	2013	255
471	1471	475
479	3630	423
479	3630	402
481	1428	413
482	2881	440
482	2881	439
485	2417	444
488	1972	488
490	2509	503
491	2414	258
491	2414	250
493	2293	377
496	1898	475
499	2853	325
501	3669	352
503	2326	341
509	3586	261
509	3586	509
510	2974	454
516	1196	200
524	2087	275
524	2087	249
529	2033	398
531	4597	306
534	2326	450
537	3139	460
541	2806	200
551	2998	222
554	1965	414
555	2165	276
563	6332	415
563	6332	274
563	6332	337
564	2269	506
568	2614	568
574	2541	346
580	1751	425
588	2386	557
591	3048	459
593	2655	345
598	2166	395
599	2762	521
607	3041	323
615	1963	403
616	2463	185
619	3930	524
621	4492	475
621	4492	469
623	2402	410
625	2203	503
635	3571	482
639	3482	506
647	1672	223
647	1672	185
649	2491	454
651	2236	261
655	3116	460
656	2042	456
659	2900	250
661	2136	211
664	3265	539
666	5399	234
666	5399	345
668	2447	563
670	1601	378
676	4272	357
676	4272	400
680	3578	262
682	2473	510
685	2664	320
685	2664	527
687	2141	459
691	2973	556
699	1193	280
701	3574	559
703	2653	200
704	2316	243
710	4437	259
718	2565	379
721	5539	221
727	2374	478
732	3638	412
733	2873	372
740	3185	518
748	2178	507
752	2692	373
756	3860	443
756	3860	420
767	2202	227
769	2599	294
776	2387	245
778	2305	275
787	547	200
790	1704	503
797	5988	501
801	3577	542
803	1191	215
805	5095	467
805	5095	490
807	2376	542
818	2343	185
824	2581	211
833	3719	344
834	1748	313
839	1705	425
842	1053	238
843	2253	434
850	1642	330
852	1781	363
855	3168	365
856	5011	580
856	5011	391
857	2180	347
859	2029	444
864	2821	343
865	2759	517
870	3291	426
872	1994	349
873	4051	261
876	2791	509
878	2697	216
881	2717	466
883	1910	211
884	4612	513
884	4612	519
885	4056	185
895	3370	499
896	4800	364
899	3037	404
905	2726	387
917	3221	330
918	2221	520
921	6369	276
926	2159	339
936	2508	402
937	1673	300
938	4268	481
939	2274	515
943	2011	238
944	3289	279
945	3529	591
948	2760	378
953	3588	417
954	3997	370
957	2127	487
959	4372	499
962	3464	312
962	3464	342
964	2372	279
969	4515	544
969	4515	520
975	2961	515
978	3325	413
980	1574	185
994	2365	476
995	2450	514
1000	2365	443
1001	2694	399
1002	3455	220
1011	3209	433
1017	5236	588
1021	4128	245
1023	3763	185
1025	2072	250
1026	4174	487
1027	4848	455
1029	2034	267
1036	1732	248
1037	2026	378
1040	6460	503
1041	1821	259
1042	1888	239
1048	2983	450
1050	3441	244
1057	2106	320
1065	2447	328
1070	3235	258
1076	3556	470
1078	1713	491
1084	2235	283
1087	4470	525
1089	2309	277
1096	2432	238
1101	2093	287
1101	2093	253
1106	1883	261
1107	3836	503
1108	1118	243
1113	2581	323
1116	2624	250
1116	2624	268
1117	1715	183
1118	837	246
1121	1589	215
1126	2347	459
1130	931	292
1144	1794	322
1160	3752	541
1163	575	297
1185	2430	416
1188	1474	200
1189	2038	232
1191	2260	185
1201	1810	307
1204	4880	537
1218	1916	528
1226	3114	512
1227	3794	543
1228	1768	426
1231	4178	443
1232	2324	431
1234	3819	629
1237	3898	526
1238	5080	185
1244	3578	536
1244	3578	356
1246	2987	509
1247	2944	305
1254	3013	206
1256	3307	556
1258	3004	304
1258	3004	328
1264	4033	305
1266	2795	396
1269	3016	404
1270	1929	266
1271	2184	540
1273	3216	338
1273	3216	237
1274	1335	248
1277	4057	333
1280	2836	560
1283	3374	551
1285	1724	320
1290	2220	342
1294	3638	349
1295	3138	165
1295	3138	184
1297	2148	261
1297	2148	143
1301	3187	320
1313	2506	302
1317	3853	215
1318	5533	570
1318	5533	442
1320	2924	216
1320	2924	230
1322	2811	311
1325	2847	364
1330	3442	343
1332	4153	389
1332	4153	267
1341	1102	380
1342	5966	358
1342	5966	362
1343	2594	255
1343	2594	359
1344	1885	241
1345	2254	286
1347	2769	221
1351	2152	358
1352	2159	200
1353	4652	531
1353	4652	455
1354	1958	522
1356	2566	472
1366	2895	380
1371	3881	462
1371	3881	300
1374	2552	352
1376	3627	495
1378	1624	267
1380	6940	185
1385	3133	365
1388	7666	295
1390	2607	357
1393	5924	292
1400	3175	412
1402	7753	557
1402	7753	355
1405	3235	266
1406	4035	455
1410	3125	551
1412	3278	323
1414	3253	306
1414	3253	244
1415	2636	582
1416	4214	304
1418	1947	364
1420	4336	379
1426	1701	185
1427	3606	357
1429	2062	268
1437	1628	289
1439	5063	313
1443	3868	563
1444	2649	587
1446	2521	260
1447	5664	255
1449	3860	255
1451	3094	340
1455	2489	329
1456	5142	560
1462	3067	261
1465	2696	351
1470	1844	185
1471	4387	325
1471	4387	315
1474	5053	219
1474	5053	219
1474	5053	278
1479	3400	345
1481	6500	386
1481	6500	245
1482	1789	222
1485	2022	185
1487	3560	370
1489	2725	282
1491	2522	287
1496	2723	244
1498	3937	566
1499	3312	200
1504	3109	210
1504	3109	210
1506	5830	359
1509	1882	313
1512	2618	338
1519	2489	506
1532	3017	340
1533	2960	357
1543	3718	550
1545	2994	329
1551	2734	531
1553	1217	443
1555	2792	290
1557	4712	522
1557	4712	345
1563	3005	354
1567	3498	400
1571	5039	597
1574	3039	382
1574	3039	275
1576	3640	343
1578	5658	382
1579	2759	185
1580	3252	639
1584	2371	302
1589	3163	418
1591	2346	325
1595	2206	384
1597	2412	325
1601	2988	262
1602	2214	329
1603	2380	221
1605	2657	570
1611	4392	179
1611	4392	337
1615	2041	471
1617	2629	357
1622	2420	562
1630	2591	294
1634	2684	336
1637	3428	562
1645	2508	547
1648	3302	343
1651	4981	504
1651	4981	154
1651	4981	257
1661	2975	352
1665	4646	524
1667	2920	346
1678	2659	539
1682	4555	439
1682	4555	577
1685	3784	653
1693	3237	546
1696	3412	324
1701	5401	409
1701	5401	458
1704	4857	497
1704	4857	558
1708	4127	341
1712	1384	211
1713	2471	291
1716	1616	200
1719	1941	499
1722	1399	276
1732	3039	275
1733	4005	340
1733	4005	461
1734	2126	384
1737	3790	395
1737	3790	341
1738	6062	381
1741	2726	288
1747	2207	318
1758	3493	185
1759	4132	125
1759	4132	143
1759	4132	557
1761	1576	273
1762	3011	558
1771	2488	281
1772	2746	479
1774	2533	303
1775	3634	505
1776	10269	437
1776	10269	481
1787	2620	273
1789	2804	512
1791	2440	494
1792	1690	270
1794	2159	329
1800	2819	532
1801	1709	434
1804	2198	513
1805	2070	241
1811	2662	359
1815	1680	365
1825	2653	205
1825	2653	338
1828	3280	527
1829	2729	238
1829	2729	200
1833	2163	535
1834	1698	407
1835	1723	227
1837	3217	552
1838	3019	407
1840	5100	545
1841	2307	386
1848	4499	481
1849	2307	334
1852	3590	605
1852	3590	409
1856	1593	525
1858	2697	399
1861	1707	211
1864	1696	230
1866	2954	547
1869	3276	423
1871	1700	295
1876	2228	346
1881	2067	415
1883	2447	397
1884	2291	489
1885	1747	238
1892	4812	520
1892	4812	380
1895	2865	397
1896	3420	443
1898	2754	185
1900	3402	574
1910	2329	290
1912	2137	463
1913	2390	358
1914	2055	370
1916	3120	482
1925	6153	632
1926	1686	550
1927	3396	532
1929	2692	363
1932	4338	505
1932	4338	536
1933	3063	464
1935	2556	200
1942	1884	303
1944	3618	502
1947	2404	558
1950	3308	626
1955	1612	238
1960	3203	515
1961	2707	525
1963	1563	306
1968	3905	490
1971	1919	311
1978	2600	238
1980	5221	321
1986	7640	305
1986	7640	185
1989	1471	489
1991	2313	448
1992	4209	597
1994	3541	538
1996	3006	513
1999	2106	521
2008	2517	462
2016	2577	582
2023	3618	185
2034	1944	401
2037	1225	467
2046	1857	211
2053	1867	200
2060	2886	412
2061	5418	438
2062	2135	314
2064	2563	572
2073	2288	185
2074	2177	357
2076	1340	559
2078	2107	491
2080	1589	307
2084	1652	227
2085	2427	261
2088	3070	575
2094	2893	211
2095	2233	508
2097	9689	665
2099	1956	537
2106	1958	401
2107	4652	260
2108	2014	350
2117	7175	357
2125	1913	222
2126	3957	556
2126	3957	353
2129	2452	457
2131	2318	395
2132	2324	611
2136	3629	582
2137	2832	314
2140	2941	611
2151	3437	487
2152	2419	328
2153	2486	543
2156	2648	561
2161	2522	245
2161	2522	366
2162	3790	599
2164	2337	397
2174	3012	504
2175	1964	482
2181	3329	392
2183	3620	243
2183	3620	162
2183	3620	369
2184	1538	303
2193	3624	508
2193	3624	379
2198	1832	523
2201	3692	301
2201	3692	564
2208	3972	535
2208	3972	543
2214	2418	578
2218	2498	510
2219	2511	437
2223	2373	268
2223	2373	295
2224	3641	298
2226	3297	530
2227	4375	385
2242	2743	432
2246	4515	470
2246	4515	502
2248	3158	417
2255	3390	467
2256	2235	225
2256	2235	240
2265	2709	549
2266	3108	457
2268	2312	526
2269	3042	414
2272	3974	408
2276	2355	232
2278	3841	508
2285	2935	307
2287	1987	332
2288	4771	560
2288	4771	287
2291	3757	693
2297	2799	433
2302	2431	299
2309	4251	248
2309	4251	562
2314	2245	490
2318	2916	432
2321	2254	544
2322	4269	537
2324	2421	586
2330	2327	339
2334	2072	311
2338	2891	390
2341	1475	318
2342	2909	585
2343	8044	322
2343	8044	364
2345	3553	420
2347	4180	243
2347	4180	600
2356	1230	145
2359	2326	285
2367	4383	416
2367	4383	526
2369	3437	461
2369	3437	323
2371	3528	594
2372	1742	320
2375	3060	592
2376	4923	547
2377	2211	165
2377	2211	169
2380	4148	470
2380	4148	423
2381	3126	568
2389	3008	382
2391	2434	393
2392	4015	290
2398	2087	226
2399	2624	502
2405	2833	272
2406	1775	346
2409	1873	326
2411	2202	379
2412	1868	542
2413	4380	566
2413	4380	358
2417	3261	185
2419	1857	309
2426	3945	323
2428	2198	290
2429	2576	346
2431	1648	244
2432	2711	261
2437	2479	435
2438	3311	233
2438	3311	536
2442	1934	298
2446	3437	404
2446	3437	512
2449	3314	438
2449	3314	323
2453	3396	343
2454	3254	487
2454	3254	474
2456	2868	290
2457	2019	268
2458	1776	211
2459	1131	200
2463	3074	458
2464	2463	282
2467	4427	366
2468	2099	385
2476	1566	269
2479	3750	525
2489	1717	280
2494	3213	283
2494	3213	279
2496	1763	301
2501	3768	260
2504	3673	481
2508	2103	398
2522	1610	282
2524	4341	467
2526	1644	289
2528	1777	425
2533	3952	425
2543	1858	318
2547	2693	436
2549	1467	409
2550	3329	193
2550	3329	476
2551	2566	345
2555	2787	400
2557	2863	331
2558	2734	432
2567	4115	422
2570	1963	274
2571	1853	464
2579	1835	317
2580	2248	480
2581	2896	302
2581	2896	211
2586	2550	491
2593	1772	390
2595	3393	397
2597	1402	285
2598	3399	288
2601	3558	490
2605	2286	453
2620	1528	200
2625	2420	417
2627	3414	303
2631	2688	535
2640	3840	480
2640	3840	215
2641	2077	256
2646	1788	266
2651	1494	215
2658	2185	462
2660	3035	289
2663	2151	238
2669	2129	211
2673	2520	278
2673	2520	310
2687	2272	252
2688	2291	215
2689	3724	461
2692	2159	261
2694	1990	243
2697	1666	211
2702	1915	200
2709	3402	222
2710	2347	230
2720	2419	255
2724	3464	339
2727	2002	465
2728	1267	227
2731	2147	457
2733	2694	416
2738	4025	409
2740	1791	185
2743	2905	301
2744	3026	594
2745	2246	492
2747	2218	371
2749	2051	211
2753	1872	254
2754	1604	250
2757	2199	366
2759	1974	452
2763	1927	331
2769	2712	481
2772	2471	467
2775	2315	273
2782	4117	248
2783	2703	444
2784	2683	379
2788	1553	185
2791	2200	261
2804	2361	322
2810	1650	441
2825	2140	456
2827	2475	342
2832	3543	313
2836	2020	517
2842	2150	477
2853	2763	485
2854	3013	495
2856	2332	233
2856	2332	171
2857	2181	364
2858	1239	185
2859	1992	185
2860	843	221
2867	1080	290
2873	1854	281
2874	3023	242
2875	3849	364
2877	2338	482
2882	1994	314
2883	2117	431
2888	2686	466
2889	1956	268
2890	2630	422
2891	3277	331
2892	1100	215
2896	2135	252
2897	2882	293
2898	1379	215
2899	1226	239
2902	1326	246
2902	1326	226
2908	3596	462
2909	2519	259
2912	2406	528
2916	1607	283
2925	4255	452
2929	4060	414
2929	4060	432
2930	2156	290
2938	3443	478
2941	2128	266
2943	2020	556
2946	5061	513
2949	4779	453
2955	1862	300
2956	2474	351
2958	2591	337
2958	2591	271
2960	2094	509
2961	3640	449
2965	2775	185
2970	2764	218
2970	2764	257
2975	2400	346
2976	2671	310
2980	5224	460
2983	1636	314
2985	2699	211
2986	1753	336
2989	4878	261
2995	2614	477
3001	2444	340
3002	1958	410
3003	2996	272
3009	807	236
3011	4082	490
3011	4082	533
3013	3630	238
3021	4594	503
3027	1832	362
3028	2871	222
3031	2149	466
3032	3304	382
3034	2118	264
3038	6445	556
3038	6445	211
3041	2400	519
3044	2730	363
3054	2764	389
3055	888	242
3058	2386	429
3059	4306	211
3059	4306	498
3060	1903	514
3062	3377	545
3067	1859	304
3068	2176	272
3071	1974	319
3074	1791	200
3077	5658	488
3090	2298	238
3093	6247	578
3095	2582	249
3099	2181	317
3100	3300	295
3103	3081	481
3108	3091	296
3111	2060	306
3123	2777	247
3127	2921	527
3128	3141	405
3129	4039	537
3131	3946	466
3135	4553	227
3136	1889	257
3139	1926	455
3143	2057	332
3146	3759	282
3148	1491	270
3150	1355	243
3153	3085	438
3155	3556	397
3155	3556	458
3157	1483	313
3165	3774	421
3174	2597	227
3176	1818	232
3179	2279	211
3183	2039	185
3183	2039	283
3185	4952	593
3185	4952	454
3186	2150	306
3190	4259	446
3194	2529	259
3198	2267	296
3199	3051	233
3200	3395	232
3213	1807	287
3216	2574	200
3219	3596	418
3219	3596	485
3227	1313	245
3228	2363	340
3229	4891	370
3229	4891	280
3230	2470	485
3231	3275	544
3232	4555	507
3232	4555	468
3233	2526	294
3240	5794	503
3241	2344	342
3243	3600	455
3246	2784	310
3249	3191	488
3251	1824	263
3251	1824	170
3252	1245	277
3257	2370	472
3260	4134	431
3262	1149	300
3268	2313	227
3268	2313	321
3271	2504	337
3274	4136	301
3274	4136	306
3276	2231	329
3281	4659	513
3298	1872	254
3301	6193	467
3302	2634	293
3303	3505	412
3304	3882	474
3306	2091	257
3307	4837	333
3307	4837	311
3313	4015	511
3316	2490	485
3320	1830	238
3322	2866	480
3324	1493	405
3326	4013	185
3327	1739	466
3329	8187	530
3341	2923	344
3344	2197	521
3346	3037	249
3352	3450	288
3358	2993	395
3362	5401	539
3370	2644	508
3371	2095	486
3372	2574	306
3375	2940	227
3381	3185	457
3382	2258	454
3384	4762	396
3385	3411	230
3386	4243	566
3386	4243	233
3387	2866	392
3397	3723	491
3399	3292	428
3402	3203	653
3407	2927	227
3408	8047	344
3411	4179	560
3414	5084	617
3419	2450	400
3419	2450	253
3421	3349	371
3422	4054	253
3424	5117	261
3424	5117	260
3428	2362	592
3429	2885	501
3431	1951	344
3434	4637	514
3435	2610	495
3438	2862	445
3440	2212	248
3443	2449	185
3444	2573	567
3448	2065	281
3452	2189	310
3458	1760	315
3459	4558	462
3463	2969	450
3465	6028	249
3467	1328	238
3469	4642	313
3471	2295	284
3472	3711	256
3473	1904	242
3475	4402	468
3475	4402	572
3477	2848	425
3483	7080	513
3484	7158	379
3484	7158	417
3488	2049	227
3490	3432	589
3493	1435	304
3496	7025	473
3496	7025	241
3498	2923	355
3500	2839	334
3501	2272	280
3502	2417	336
3512	1775	200
3513	2133	332
3515	2420	273
3515	2420	331
3518	3520	550
3521	2054	387
3522	4989	316
3523	2505	224
3523	2505	140
3524	3676	360
3524	3676	368
3525	2151	618
3526	3958	366
3527	3517	490
3530	2026	284
3531	4113	325
3532	3088	504
3534	1935	305
3539	1740	266
3541	2218	363
3543	2738	297
3544	2308	285
3546	2362	492
3547	3142	289
3548	4569	253
3555	1833	238
3560	3628	481
3563	2173	284
3563	2173	222
3564	3830	389
3564	3830	466
3565	2571	372
3570	4297	320
3574	2811	266
3581	2554	556
3582	2852	185
3590	2945	426
3592	4763	575
3592	4763	347
3594	7148	499
3594	7148	331
3597	2976	434
3603	2738	185
3608	2195	436
3611	1896	325
3614	1539	249
3615	5002	138
3616	1789	283
3617	4629	378
3618	2628	185
3619	2050	309
3621	2564	278
3628	8351	389
3630	2464	560
3639	2401	159
3641	4184	629
3644	8090	444
3644	8090	495
3650	3242	495
3653	2226	495
3655	1669	451
3658	3086	205
3658	3086	219
3659	3319	372
3660	6812	465
3660	6812	464
3665	2456	576
3667	2504	444
3672	2327	455
3674	4258	471
3674	4258	526
3676	6978	247
3676	6978	331
3676	6978	305
3676	6978	186
3677	2213	543
3678	2855	483
3684	6580	424
3684	6580	200
3686	6059	425
3686	6059	519
3687	7320	270
3692	4880	496
3697	6271	335
3697	6271	352
3699	2834	387
3700	2375	575
3701	4458	565
3703	4681	397
3707	2546	227
3711	3260	534
3711	3260	238
3716	4028	518
3720	7629	371
3721	3215	567
3724	5706	476
3725	3401	321
3728	4539	344
3728	4539	433
3729	2244	476
3747	4563	549
3749	2599	239
3757	2255	200
3760	2498	426
3762	1934	324
3763	2787	521
3767	1982	319
3772	3573	331
3773	3871	451
3776	7406	426
3776	7406	430
3782	1487	339
3785	2436	376
3786	2970	491
3789	2715	262
3790	3943	414
3792	2310	327
3796	4357	423
3803	3144	476
3805	2397	310
3806	5316	462
3806	5316	506
3809	2586	448
3815	1684	425
3816	7932	704
3817	8812	399
3817	8812	245
3819	4332	317
3819	4332	454
3821	6305	529
3821	6305	388
3822	2328	530
3828	6364	417
3829	1459	310
3833	2158	200
3836	3708	372
3836	3708	486
3837	3265	381
3840	1583	312
3842	3168	311
3843	4482	710
3843	4482	259
3844	4010	380
3845	2478	377
3846	2166	350
3848	2408	256
3849	3251	425
3850	4554	393
3853	2180	338
3855	2468	355
3864	6591	464
3865	1806	318
3874	5513	563
3875	7998	272
3878	3227	475
3879	3593	508
3886	4784	527
3892	4023	371
3901	4408	555
3902	4107	502
3903	4923	302
3907	4084	454
3907	4084	452
3908	2402	490
3912	3118	563
3914	4952	185
3916	4090	395
3918	1871	269
3921	5580	424
3922	2079	185
3924	4000	451
3926	1924	332
3931	2061	341
3932	5741	552
3933	2243	315
3934	2237	473
3937	1824	419
3939	5118	254
3939	5118	328
3940	3801	298
3940	3801	319
3941	4628	578
3941	4628	555
3945	1677	432
3946	4679	419
3946	4679	431
3951	4044	491
3963	3699	345
3967	2454	323
3968	3646	209
3968	3646	281
3969	2167	337
3970	1630	310
3972	3713	334
3973	3697	366
3976	3147	591
3978	5175	380
3980	4328	418
3980	4328	329
3983	2923	486
3985	3643	628
3992	1946	453
3994	3495	326
3994	3495	226
3996	4602	434
3999	2321	329
4000	3950	500
4001	2341	502
4012	2172	405
4013	5351	332
4015	4634	345
4016	2761	400
4017	2199	284
4019	2474	275
4023	1681	371
4026	3787	469
4027	4107	363
4030	1706	342
4031	1554	238
4045	3086	284
4048	2662	544
4052	4015	397
4071	1618	230
4082	1589	404
4090	1460	409
4102	1537	304
4103	3405	466
4115	5549	352
4119	2205	366
4132	1461	442
4133	3087	332
4144	1440	261
4155	1584	270
4162	5784	439
4162	5784	524
4165	2754	367
4167	3491	281
4171	5712	559
4174	5341	391
4185	1691	305
4195	1748	233
4196	5837	380
4198	4611	500
4216	3064	586
4225	3891	413
4226	5411	497
4236	2520	506
4269	2185	526
4270	3242	408
4270	3242	185
4274	1159	245
4276	3483	244
4276	3483	237
4277	4484	492
4277	4484	434
4287	2625	414
4288	1196	324
4292	4228	481
4292	4228	336
4293	5435	274
4297	4292	529
4298	1827	215
4298	1827	301
4300	3651	552
4301	2809	511
4308	3624	483
4308	3624	330
4321	2357	335
4323	2294	277
4324	2811	211
4328	1957	312
4330	2804	317
4340	2881	282
4355	2214	232
4364	4172	200
4364	4172	422
4380	2466	491
4388	2810	185
4391	1785	185
4397	2543	435
4401	2821	291
4444	2606	356
4448	2813	481
4451	1471	243
4455	1857	405
4462	1941	323
4471	1953	463
4477	1301	314
4478	1656	333
4482	2094	215
4487	2659	346
4507	1252	322
4509	3674	249
4514	1130	215
4516	1196	316
4519	2906	362
4527	2231	397
4546	1823	479
4608	5403	521
4608	5403	366
4609	1361	222
4614	1783	369
4617	5959	462
4631	3061	427
4632	1243	288
4633	1789	514
4634	3731	414
4635	3500	451
4638	3664	333
4638	3664	395
4640	1508	185
4642	1224	312
4646	1300	323
4647	1608	238
4653	3886	200
4654	3263	533
4673	3043	497
4675	3102	437
4676	1350	233
4679	1695	422
4691	2865	430
4693	956	508
4702	2195	408
4706	2003	534
4708	3842	410
4719	2830	498
4722	2892	505
4734	3461	296
4736	2178	364
4737	3106	520
4739	1276	237
4746	2926	481
4751	2055	365
4755	3224	256
4757	2140	522
4761	1581	238
4765	2381	453
4767	3473	561
4769	2505	541
4771	4168	304
4773	3575	449
4774	2807	554
4788	2692	416
4790	2567	386
4792	2722	250
4794	2019	438
4801	2862	465
4804	3535	384
4806	2799	375
4807	2353	238
4809	1753	403
4819	1737	442
4821	5201	486
4824	3099	494
4824	3099	427
4831	4084	404
4832	2245	430
4833	4008	434
4837	1556	244
4847	5216	513
4848	2640	399
4849	3779	163
4853	2515	504
4857	3318	390
4864	3078	241
4864	3078	567
4872	4115	405
4872	4115	308
4873	2592	227
4877	2290	279
4881	3287	525
4888	2307	185
4890	4085	379
4893	1066	316
4894	2381	200
4898	1784	471
4899	4113	288
4899	4113	310
4902	4448	546
4902	4448	484
4909	2356	593
4913	3538	185
4914	3240	216
4915	3902	304
4916	2909	544
4920	2028	490
4922	1661	289
4923	2242	295
4924	5401	307
4933	5277	267
4939	3627	551
4951	4704	423
4951	4704	206
4961	2374	541
4975	3958	424
4976	3672	417
4978	4534	440
4981	2293	511
4989	3937	480
4989	3937	284
4999	1342	431
5008	1080	280
5009	3217	507
5011	3715	393
5011	3715	447
5011	3715	227
5015	1938	463
5016	2074	211
5031	2515	516
5035	3442	505
5036	2827	491
5038	3002	409
5039	2843	200
5041	2888	185
5041	2888	272
5049	1557	313
5058	3019	264
5071	2952	200
5080	2398	292
5080	2398	185
5082	3589	241
5082	3589	570
5083	1242	206
5087	1760	442
5092	3438	211
5095	4139	227
5095	4139	137
5095	4139	337
5096	3147	486
5104	2994	333
5130	2077	299
5138	3846	256
5141	1783	346
5142	2591	265
5156	2006	473
5158	2484	379
5160	2394	404
5162	1852	293
5165	2151	284
5170	2128	400
5178	1301	396
5181	3311	304
5193	1398	367
5194	4566	643
5195	2778	272
5208	3444	281
5209	1615	422
5210	1660	222
5212	2495	315
5220	1858	326
5224	1970	252
5225	1230	227
5227	2398	244
5232	4010	320
5233	1336	266
5237	2537	318
5242	2161	291
5250	1864	256
5259	3058	302
5262	1919	222
5265	886	357
5269	1982	232
5272	1568	234
5273	3041	200
5278	1456	200
5280	3657	504
5284	3181	221
5297	1572	281
5304	1402	238
5309	1703	294
5317	2700	310
5317	2700	183
5319	1767	274
5334	1196	275
5336	1330	280
5344	2969	227
5352	2450	200
5353	865	264
5365	845	238
5371	1585	312
5377	2212	464
5382	3170	200
5383	2586	398
5384	1984	222
5398	2652	351
5400	2534	422
5402	2187	366
5404	1742	346
5410	2651	459
5412	3815	414
5416	2631	405
5417	5060	617
5423	2178	308
5424	6996	126
5424	6996	112
5424	6996	83
5424	6996	558
5427	2034	562
5434	1971	273
5435	1934	264
5441	7499	606
5442	2353	259
5443	4005	499
5448	3718	617
5456	6749	502
5469	2384	373
5486	4574	561
5492	5598	234
5494	2319	435
5496	1447	370
5498	5148	496
5498	5148	329
5505	3055	277
5508	2045	348
5511	3925	481
5519	2977	485
5521	2992	391
5524	2204	275
5530	3185	185
5531	3453	336
5532	3416	244
5534	2190	391
5538	2471	237
5543	4055	436
5554	1953	343
5556	3153	422
5559	2272	248
5563	1853	390
5564	5001	316
5565	5486	499
5565	5486	212
5565	5486	296
5568	6587	285
5570	8541	517
5570	8541	315
5570	8541	244
5574	5773	226
5574	5773	239
5574	5773	206
5575	2015	303
5581	2812	249
5582	1590	370
5589	2475	259
5593	5165	116
5593	5165	199
5593	5165	290
5600	2000	326
5600	2000	300
5602	2390	259
5602	2390	341
5603	2259	185
5604	3887	302
5605	3213	185
5610	5242	287
5610	5242	220
5610	5242	329
5614	1908	227
5615	2810	222
5628	6335	185
5629	1059	207
5632	2468	314
5636	2394	437
5641	1917	243
5648	5586	242
5648	5586	310
5659	687	211
5660	2912	294
5660	2912	210
5663	2318	311
5664	1345	298
5672	2378	353
5680	2093	215
5682	4280	243
5685	2619	372
5688	2591	169
5688	2591	374
5689	4035	293
5692	3143	356
5702	5945	599
5707	6576	373
5707	6576	266
5707	6576	296
5707	6576	268
5711	4908	361
5711	4908	253
5712	5195	343
5714	4826	308
5717	2217	211
5718	2059	279
5723	3513	299
5723	3513	320
5731	4593	314
5733	2162	340
5734	3467	185
5737	5358	568
5737	5358	528
5739	6262	515
5742	3320	222
5743	3250	536
5744	3608	255
5744	3608	303
5747	2108	222
5750	5274	253
5750	5274	278
5753	1441	185
5757	7439	326
5758	2996	310
5761	5986	340
5765	3591	238
5765	3591	336
5766	1977	290
5770	6461	196
5777	4690	336
5785	4123	566
5786	4929	523
5786	4929	549
5791	2218	244
5791	2218	214
5794	3709	513
5796	5306	443
5797	2504	430
5800	4249	371
5809	2657	298
5810	4737	311
5812	3752	519
5822	2954	476
5827	3226	441
5829	7173	381
5829	7173	312
5829	7173	306
5833	2662	395
5835	2632	531
5838	2822	351
5839	4268	512
5840	5159	497
5840	5159	463
5848	2201	227
5851	2298	331
5860	4056	335
5861	3345	413
5865	4959	384
5866	4288	603
5870	3299	516
5872	3281	388
5873	3198	533
5874	2392	307
5876	2568	249
5883	2738	302
5884	3409	339
5887	4325	366
5889	2881	280
5889	2881	286
5890	4047	498
5891	2319	185
5892	5796	355
5892	5796	224
5893	3352	367
5905	2839	384
5910	1821	256
5916	1952	357
5918	5532	423
5919	8218	306
5920	2000	306
5923	2362	519
5927	1823	200
5930	2907	361
5937	3595	513
5938	2358	321
5940	5688	551
5940	5688	238
5940	5688	221
5942	2411	522
5943	1789	517
5945	2565	327
5947	3039	314
5947	3039	345
5952	1451	227
5961	1941	289
5963	2938	539
5964	7367	200
5965	5806	369
5975	2674	328
5976	4953	509
5979	3239	315
5984	2613	310
5986	2416	328
5988	3517	566
5997	2745	518
5998	2088	411
5999	3513	222
6000	2710	359
6002	3732	313
6003	6082	403
6004	3943	293
6008	2500	238
6009	2029	339
6016	2754	353
6018	2078	357
6019	2699	351
6022	3188	185
6023	7598	381
6023	7598	200
6027	3991	308
6030	2434	272
6031	5362	309
6031	5362	249
6032	2364	464
6034	1373	185
6035	2971	506
6038	3647	323
6039	2963	316
6041	2516	295
6045	2007	185
6046	1445	303
6049	2588	504
6053	2109	262
6062	1212	216
6065	4495	554
6066	2610	310
6067	1642	222
6070	3475	493
6071	3880	185
6072	3301	226
6073	1690	274
6077	7695	277
6080	3807	423
6083	6110	277
6084	4254	524
6089	2190	327
6092	2671	163
6092	2671	388
6101	7195	356
6115	2471	311
6119	1159	206
6120	3277	369
6125	2414	326
6136	1037	292
6145	2181	302
6146	4994	311
6146	4994	285
6151	2044	437
6152	2601	338
6158	2651	278
6158	2651	288
6161	1105	297
6169	5498	304
6171	3155	540
6177	2510	226
6179	2640	309
6181	1424	330
6184	1792	334
6185	2921	343
6186	2446	574
6188	537	275
6189	1500	156
6191	3710	362
6192	2042	338
6194	3537	144
6194	3537	311
6202	1124	299
6207	3436	506
6211	2437	380
6222	3327	348
6229	1095	316
6235	2222	250
6238	2392	385
6239	2293	318
6244	2101	251
6247	2086	314
6250	2711	335
6252	2880	299
6256	3360	289
6260	2351	447
6264	1414	222
6267	2936	265
6267	2936	288
6268	2558	284
6269	3615	286
6269	3615	256
6270	1762	292
6272	2169	265
6273	3006	502
6276	4487	311
6277	1234	319
6279	4012	460
6279	4012	320
6285	3088	282
6287	2359	298
6288	1851	185
6290	5705	215
6291	2572	237
6292	2239	343
6293	4958	317
6296	2393	401
6298	2994	318
6299	2701	307
6303	4308	346
6304	1612	306
6305	3132	534
6308	1359	185
6309	8386	361
6309	8386	200
6318	1112	222
6324	2017	350
6331	2599	561
6333	1798	287
6335	2496	306
6337	1294	302
6339	2253	288
6340	4669	401
6345	1810	300
6346	2567	257
6346	2567	279
6347	3430	215
6348	2410	286
6350	2166	185
6351	1661	185
6356	2404	354
6357	2147	311
6360	2364	539
6366	2132	261
6374	2079	361
6375	1986	323
6376	2071	497
6384	2320	470
6389	3412	309
6389	3412	292
6392	3109	446
6397	2178	410
6399	1758	287
6400	2204	328
6402	2425	173
6402	2425	233
6404	2049	171
6404	2049	211
6408	5104	368
6420	2669	483
6421	3272	458
6425	2575	378
6427	1997	297
6436	1687	238
6437	2747	366
6439	1825	300
6441	3343	490
6442	1250	261
6443	5228	325
6446	1992	333
6447	2068	353
6449	2489	490
6455	1707	256
6457	3241	473
6461	3141	216
6461	3141	76
6461	3141	361
6468	2197	517
6471	3030	291
6475	1316	185
6478	1530	367
6479	2149	391
6482	1981	484
6486	2880	300
6497	3650	457
6519	3644	577
6521	2664	347
6522	2059	238
6527	2878	543
6530	2222	185
6532	5787	347
6532	5787	264
6532	5787	280
6536	4584	455
6536	4584	442
6537	1906	259
6538	2595	215
6539	3943	449
6540	1928	300
6541	2537	533
6552	2498	321
6556	2589	495
6557	3033	283
6565	4754	322
6565	4754	185
6566	3515	222
6570	1982	368
6571	2386	397
6572	3130	367
6575	2219	325
6576	2202	359
6577	2008	260
6578	5481	461
6578	5481	514
6579	5562	552
6583	1764	374
6593	2228	371
6603	3447	340
6605	4971	238
6608	1822	305
6610	2916	384
6611	3434	209
6611	3434	212
6611	3434	613
6612	3705	559
6619	1585	312
6622	2502	512
6626	2244	532
6629	3273	459
6630	3447	508
6633	1794	370
6634	2170	236
6639	4218	521
6644	2973	450
6646	3039	487
6649	2504	151
6649	2504	232
6650	2111	327
6651	2810	541
6655	3095	243
6656	5287	473
6659	3689	486
6662	5385	520
6664	3536	466
6664	3536	397
6665	3579	502
6666	1758	286
6668	3334	313
6668	3334	313
6671	1990	475
6672	3088	533
6676	2868	208
6676	2868	335
6680	2376	480
6684	3519	321
6687	4508	596
6687	4508	242
6687	4508	181
6688	4170	492
6688	4170	421
6691	2410	277
6692	2618	262
6694	2915	382
6695	2566	538
6697	2906	702
6705	4096	463
6706	3086	430
6708	3725	390
6710	3265	361
6710	3265	339
6711	3813	532
6711	3813	390
6716	2368	484
6728	2514	261
6730	2465	352
6731	3085	530
6734	2863	185
6737	3071	507
6738	4027	462
6738	4027	264
6741	1839	374
6742	3001	325
6743	4282	578
6745	3422	328
6745	3422	338
6746	1825	349
6750	1876	437
6751	3687	537
6751	3687	343
6757	2359	200
6758	3249	549
6759	3969	476
6765	2941	459
6767	2168	363
6768	3160	518
6771	3221	501
6772	2632	222
6773	3242	373
6775	3549	200
6779	4198	488
6779	4198	534
6781	3046	474
6782	4212	509
6782	4212	178
6784	2186	265
6787	3356	477
6791	4127	395
6793	1662	339
6794	3044	309
6795	3990	524
6796	3582	582
6802	2068	272
6805	2568	185
6808	1347	292
6811	3312	258
6811	3312	514
6814	2952	505
6817	2669	531
6819	5221	352
6822	5838	529
6823	1401	321
6827	3487	237
6827	3487	525
6829	3357	523
6830	3276	262
6837	2080	356
6839	2136	544
6845	3015	255
6849	1855	361
6850	6041	635
6855	1647	299
6858	5257	422
6858	5257	335
6859	1965	357
6860	2560	494
6861	3729	371
6861	3729	505
6864	3138	291
6864	3138	266
6865	1860	282
6869	2773	283
6869	2773	188
6874	3422	330
6874	3422	223
6875	2377	565
6879	3120	330
6883	3645	308
6884	1748	406
6886	2104	325
6894	2281	526
6901	2566	639
6904	2603	518
6906	2535	276
6909	2765	462
6911	4950	364
6917	2359	368
6919	2071	329
6920	3080	447
6921	2345	318
6922	2397	215
6922	2397	358
6923	3460	281
6923	3460	711
6925	2039	407
6929	3765	424
6932	2954	308
6934	2495	318
6938	1515	211
6940	2202	281
6947	2978	511
6956	2894	340
6959	2204	270
6966	2709	587
6970	2085	226
6977	2889	215
6979	2012	266
6983	2171	299
6985	3900	449
6986	1127	296
6994	2442	374
7002	3278	339
7002	3278	222
7006	5955	333
7010	2305	211
7015	2891	441
7016	1127	377
7017	2998	572
7023	2737	605
7038	3176	513
7044	2559	376
7045	2955	347
7046	1691	377
7049	5196	443
7051	1728	359
7057	1863	226
7058	2178	349
7061	4871	459
7062	3308	373
7063	2500	185
7067	4278	477
7067	4278	485
7068	2126	554
7069	2198	324
7074	3176	222
7078	2068	532
7083	5718	250
7086	3958	287
7086	3958	544
7090	3846	494
7091	4886	435
7091	4886	546
7097	2310	489
7101	4267	577
7106	4487	420
7106	4487	447
7107	2672	366
7110	3274	563
7111	2231	407
7115	4707	448
7115	4707	480
7119	6049	466
7119	6049	532
7123	1438	185
7124	4121	584
7126	1634	424
7128	4851	730
7130	5049	431
7131	2820	352
7153	2884	429
7159	1286	337
7162	3826	575
7165	5624	454
7165	5624	536
7167	2538	263
7167	2538	318
7171	3965	535
7171	3965	353
7173	2664	238
7178	2325	333
7179	1940	326
7186	4722	517
7186	4722	443
7193	1944	310
7193	1944	266
7194	2799	276
7196	2791	431
7206	1207	268
7212	2123	315
7214	3043	305
7215	2084	226
7216	2173	562
7218	2248	341
7220	4039	519
7223	3445	591
7226	3114	286
7229	4007	222
7229	4007	513
7235	4327	321
7237	2853	345
7242	2398	364
7256	3009	363
7256	3009	275
7262	2525	138
7262	2525	187
7263	4020	430
7264	2739	534
7268	2355	349
7279	2089	320
7280	2887	611
7282	2897	326
7282	2897	277
7284	4412	642
7290	5592	464
7290	5592	309
7291	3782	457
7291	3782	335
7294	2037	185
7301	1350	464
7305	3741	506
7310	2273	427
7313	2755	339
7313	2755	200
7321	3832	330
7323	2581	370
7326	3199	286
7327	5297	563
7327	5297	507
7328	2014	476
7332	2109	329
7333	2371	330
7334	2882	513
7335	3723	563
7337	2621	469
7338	2106	446
7341	1986	271
7342	3858	185
7343	3516	355
7345	4484	415
7345	4484	333
7346	1622	474
7354	2435	215
7355	2152	370
7362	2823	162
7362	2823	174
7365	2808	535
7368	2272	252
7369	2906	379
7370	1894	319
7376	2205	338
7379	2007	329
7379	2007	174
7380	2773	200
7382	1831	314
7392	3503	227
7394	1927	343
7395	2591	386
7399	3446	390
7400	2014	320
7404	2911	519
7406	1759	297
7407	1702	279
7413	2560	291
7413	2560	311
7418	2142	333
7422	2439	185
7424	2499	319
7428	2690	342
7434	2829	349
7436	2180	286
7439	2753	266
7442	2601	286
7446	2763	343
7447	2368	536
7451	2270	349
7454	2595	335
7461	3245	383
7467	2107	159
7467	2107	198
7468	3057	513
7471	2060	314
7472	3352	346
7473	2575	305
7475	3728	377
7483	4334	245
7483	4334	267
7485	1748	443
7486	1781	329
7487	4442	529
7489	3110	598
7491	3560	524
7502	2463	350
7504	3114	277
7508	2704	185
7520	4460	420
7522	1249	342
7528	2779	340
7529	2045	443
7530	5650	306
7531	2164	280
7541	1318	261
7542	4068	200
7544	2956	262
7544	2956	387
7550	2283	375
7551	2439	214
7551	2439	373
7555	2327	294
7556	4693	375
7557	3118	376
7561	4788	230
7567	4100	273
7577	2343	390
7578	1931	352
7584	2371	364
7585	1667	331
7586	2607	293
7586	2607	161
7591	2620	305
7594	2269	565
7595	1951	368
7597	3232	330
7597	3232	308
7599	5430	291
7599	5430	420
7601	3169	344
7602	3240	384
7604	2771	337
7606	2728	185
7607	2036	326
7609	2781	232
7616	4595	714
7619	2702	227
7630	2425	306
7643	2185	590
7644	3551	312
7649	3942	285
7649	3942	127
7653	2726	216
7656	2314	364
7665	2958	299
7667	1701	318
7668	2941	516
7669	2760	370
7671	1665	262
7676	2330	344
7678	1769	331
7679	2227	239
7680	2445	267
7683	2269	313
7686	2876	638
7687	3906	361
7687	3906	233
7688	3906	560
7689	1931	269
7690	2695	248
7693	2274	211
7696	4423	538
7699	2421	555
7706	855	185
7707	3267	453
7709	2720	335
7710	4926	390
7711	4285	556
7712	1467	312
7713	3111	467
7718	4213	326
7719	2071	349
7720	3024	444
7720	3024	364
7721	2820	560
7733	4171	652
7743	4499	400
7743	4499	369
7748	4411	262
7749	3734	430
7749	3734	190
7750	2247	522
7752	2166	606
7753	3222	299
7756	2084	341
7762	2342	200
7764	2776	375
7764	2776	213
7765	5605	535
7767	4939	349
7767	4939	543
7773	1159	401
7774	1864	304
7779	3021	278
7780	3578	430
7782	1599	286
7788	4854	299
7789	1480	401
7789	1480	184
7793	4450	526
7795	3779	408
7796	3223	673
7801	4450	536
7803	2767	417
7806	2232	487
7807	2457	321
7809	3613	378
7812	2141	304
7812	2141	358
7813	1844	431
7816	2322	687
7817	4058	470
7824	3629	514
7824	3629	383
7825	3295	370
7826	4397	606
7826	4397	190
7826	4397	220
7831	2652	332
7831	2652	309
7833	4434	526
7836	2648	339
7837	3257	492
7841	4480	529
7841	4480	261
7843	3027	489
7844	3406	185
7851	4646	593
7853	5618	268
7855	5430	451
7864	2441	530
7865	3251	366
7865	3251	520
7866	2338	582
7869	2388	536
7870	4196	435
7871	3118	215
7881	3189	455
7883	3286	429
7886	2384	439
7887	3781	565
7888	2314	238
7890	2784	405
7893	2817	583
7899	2087	436
7901	3094	365
7904	4940	574
7904	4940	490
7908	1821	324
7911	2423	273
7913	4221	452
7914	2320	478
7921	2098	512
7924	2437	342
7931	3175	444
7933	3421	499
7933	3421	423
7937	3999	337
7946	4524	519
7947	2492	413
7951	1645	238
7954	1567	458
7961	8894	563
7965	1700	366
7966	2752	508
7967	2277	321
7971	2915	476
7972	3173	200
7973	2284	297
7974	2140	285
7979	2376	344
7984	3334	448
7988	4903	349
7988	4903	185
7990	2289	513
7993	2754	380
7995	2832	522
7996	1742	347
8001	2576	537
8004	2335	413
8006	3746	494
8016	2110	528
8017	5303	500
8017	5303	434
8020	2188	306
8021	1530	311
8022	3238	396
8024	3043	488
8027	3868	290
8027	3868	315
8028	2673	533
8031	3959	522
8031	3959	376
8032	2684	538
8036	3384	200
8042	2971	286
8046	4031	575
8049	3224	400
8050	3373	555
8053	2681	329
8058	3509	380
8059	7137	294
8063	3174	185
8065	3404	523
8070	2292	320
8078	3008	485
8081	2101	482
8083	2543	547
8087	1580	321
8088	2091	508
8093	3664	592
8098	2690	272
8098	2690	281
8100	2949	278
8104	2599	385
8105	2046	227
8107	3241	514
8112	2298	221
8113	2463	554
8118	1345	277
8120	2671	454
8123	2010	185
8124	2338	426
8126	2898	521
8129	3540	297
8132	3295	357
8134	3266	360
8135	4383	488
8135	4383	509
8138	2246	206
8139	2084	308
8141	2405	488
8145	4299	523
8147	7285	363
8147	7285	492
8147	7285	474
8149	3957	484
8167	2163	484
8174	2966	413
8175	2832	322
8176	4233	440
8176	4233	488
8183	5551	307
8183	5551	494
8189	3317	503
8198	2865	227
8208	2930	206
8212	3861	479
8213	1601	222
8214	7710	441
8214	7710	420
8217	3775	342
8220	2809	318
8223	3217	279
8224	3245	533
8226	3219	520
8228	2390	454
8229	1744	265
8231	2844	297
8232	2777	485
8234	1866	256
8235	3512	472
8242	3381	658
8248	3337	420
8251	1573	302
8252	3469	398
8254	2195	271
8260	3970	491
8260	3970	450
8261	1700	468
8262	5518	451
8265	2300	284
8274	6591	528
8276	1669	206
8278	1907	247
8280	4293	513
8283	4132	452
8284	8677	387
8284	8677	497
8287	2795	325
8295	3805	459
8296	2738	321
8303	2423	334
8304	4744	255
8306	2337	284
8307	6487	215
8314	2165	307
8317	4975	439
8318	2849	329
8318	2849	296
8322	3253	278
8323	2856	333
8326	2271	284
8329	2651	227
8333	3171	283
8334	2764	497
8335	2640	268
8336	2062	323
8354	2716	206
8358	2472	271
8359	2132	344
8362	2384	345
8367	2044	185
8369	2840	366
8372	2382	531
8373	1936	522
8374	5451	274
8375	3178	255
8376	3971	338
8377	3148	281
8377	3148	296
8379	2459	216
8385	2519	334
8386	4787	267
8389	3272	308
8395	2819	308
8398	2224	341
8400	2798	290
8401	3267	251
8403	4132	298
8413	1682	304
8415	1630	200
8418	1799	278
8420	2722	307
8424	2415	303
8427	4326	256
8427	4326	336
8428	3594	380
8430	2354	331
8434	2731	212
8434	2731	266
8436	2700	473
8437	2057	281
8448	2651	305
8450	2696	515
8451	8752	276
8451	8752	295
8454	1252	281
8456	2856	249
8457	2424	470
8458	2699	291
8464	3457	455
8465	2837	280
8467	2323	255
8469	3579	573
8478	933	296
8486	2683	486
8487	3776	365
8489	2103	505
8497	3869	211
8497	3869	332
8498	2371	325
8500	1123	344
8504	3495	185
8507	3893	421
8511	3104	355
8534	2334	351
8537	1682	185
8543	4938	498
8543	4938	676
8544	7360	522
8546	3535	470
8547	1894	312
8548	2420	252
8550	3017	517
8551	2448	438
8553	2120	558
8556	2695	206
8556	2695	312
8558	5474	404
8560	5212	457
8561	3618	528
8561	3618	313
8563	6272	450
8564	3018	293
8565	4829	598
8565	4829	479
8567	2243	454
8572	3120	346
8577	2578	212
8577	2578	235
8580	3286	353
8584	1255	354
8587	1721	512
8588	4114	507
8591	1912	525
8600	6923	255
8600	6923	271
8604	2899	604
8606	3279	428
8610	3290	506
8619	7427	367
8619	7427	315
8619	7427	257
8624	2830	572
8628	4691	303
8633	2779	281
8643	3144	185
8644	4818	310
8646	6997	455
8646	6997	580
8648	6215	534
8648	6215	473
8651	1696	262
8654	7588	222
8655	2933	575
8661	2738	312
8662	1759	272
8663	4692	185
8663	4692	173
8663	4692	488
8664	5103	532
8665	2830	371
8669	2690	262
8671	5244	313
8672	3648	667
8675	3281	185
8676	2713	285
8676	2713	239
8677	2609	366
8680	3528	242
8681	9373	642
8682	2817	354
8688	3528	324
8689	9145	309
8689	9145	267
8691	2574	307
8701	1681	313
8702	2214	211
8703	2020	319
8707	3092	244
8707	3092	366
8709	2822	270
8717	2878	265
8718	2342	340
8720	4237	351
8720	4237	277
8723	2546	297
8727	2647	311
8733	4874	292
8733	4874	354
8737	7981	285
8737	7981	441
8738	3245	253
8740	3121	261
8741	3041	276
8741	3041	308
8742	2503	311
8743	6480	323
8743	6480	455
8743	6480	441
8744	1142	249
8749	2510	326
8751	1255	267
8754	2483	400
8761	1875	215
8767	2248	336
8768	2583	185
8770	3683	222
8777	3029	390
8780	2162	243
8786	3670	561
8788	2052	248
8793	1794	544
8794	11389	375
8794	11389	376
8799	2606	333
8802	1882	308
8804	3739	635
8805	5524	313
8808	2622	471
8821	3048	338
8822	1664	185
8823	6431	385
8823	6431	519
8823	6431	414
8829	3137	328
8830	2400	326
8834	3252	553
8837	801	308
8838	3166	398
8842	2196	311
8849	4402	291
8853	4830	461
8863	11068	440
8863	11068	309
8863	11068	266
8863	11068	298
8865	4228	359
8868	2973	398
8869	2161	328
8873	1015	185
8876	3501	349
8878	2681	325
8881	11959	294
8885	4387	379
8887	7343	275
8887	7343	283
8887	7343	281
8889	1991	285
8892	6130	298
8892	6130	312
8897	2683	348
8911	3520	528
8912	3868	364
8913	2234	279
8914	2208	237
8919	3167	421
8921	4343	306
8925	3310	306
8927	2755	345
8928	4615	335
8928	4615	313
8929	2866	342
8931	3972	318
8937	2368	451
8946	4367	378
8946	4367	425
8948	2582	334
8958	1891	322
8960	2331	360
8965	2519	259
8967	4389	487
8973	3127	540
8976	4147	319
8977	2066	555
8981	2749	391
8982	2729	489
8986	2700	185
8990	2077	309
8991	1815	347
8993	2480	358
8995	2559	595
8998	2244	431
8999	2407	249
9006	4835	339
9006	4835	226
9007	1102	317
9008	2276	371
9009	1979	227
9011	5511	302
9012	2086	262
9016	2901	270
9016	2901	257
9017	4779	553
9020	2161	315
9028	3848	243
9028	3848	221
9034	3334	587
9042	3218	463
9052	2457	400
9056	3529	576
9060	4389	351
9060	4389	399
9061	1500	250
9065	2215	291
9084	4519	595
9084	4519	539
9086	3256	488
9092	3769	472
9093	5226	327
9094	2340	498
9098	4111	503
9098	4111	391
9107	2960	284
9110	2277	541
9111	3525	371
9112	2390	422
9113	3823	355
9114	1611	294
9121	2784	565
9123	4009	369
9128	2906	476
9130	5080	373
9130	5080	509
9131	3403	528
9133	2559	333
9136	4058	248
9137	2749	326
9140	1616	232
9144	2899	465
9146	3360	551
9147	1549	312
9148	2728	522
9149	2020	329
9151	1919	443
9160	2090	268
9164	2598	369
9165	2093	237
9168	3310	559
9169	2633	518
9170	3715	372
9170	3715	353
9171	3257	492
9173	2166	312
9175	3736	598
9184	2971	187
9184	2971	319
9185	2067	532
9192	2819	472
9193	1713	276
9197	3882	439
9197	3882	378
9199	2626	514
9206	2145	528
9210	3099	324
9218	2023	364
9219	3293	519
9223	2242	488
9228	2101	525
9229	3786	512
9235	4588	558
9241	3809	510
9246	1902	268
9250	3761	357
9254	3560	452
9255	1868	369
9256	3408	222
9256	3408	444
9263	2348	279
9264	1979	456
9266	3533	249
9267	2921	359
9273	2465	512
9274	4175	441
9274	4175	470
9276	2463	206
9277	3027	245
9279	1905	361
9280	2530	378
9284	2588	243
9288	2038	517
9291	3476	244
9292	3513	491
9293	2508	349
9295	1977	320
9303	3249	478
9304	2587	481
9307	5239	230
9312	2453	410
9319	3057	280
9319	3057	215
9320	2043	237
9329	1268	249
9334	3767	506
9338	6194	416
9339	1780	222
9340	4652	227
9354	1605	532
9358	2667	298
9366	2930	230
9368	3637	524
9372	2364	516
9373	2287	472
9378	2134	185
9379	2416	494
9381	2880	339
9387	6054	232
9387	6054	190
9387	6054	216
9390	2179	185
9391	1623	500
9399	2913	322
9400	1671	185
9406	2188	309
9410	2703	413
9412	2509	324
9414	2105	343
9421	5412	260
9421	5412	515
9432	3084	396
9438	3194	358
9439	2719	485
9442	1198	287
9445	2714	389
9446	2787	605
9447	2957	314
9448	3156	506
9460	2554	314
9462	1966	272
9466	2805	286
9467	2224	297
9469	3573	513
9477	1716	206
9479	2141	266
9480	3161	502
9482	4093	158
9482	4093	205
9483	2284	308
9489	2548	248
9492	4213	592
9497	2109	266
9498	3617	347
9500	5215	238
9500	5215	250
9500	5215	309
9502	2019	342
9504	4322	185
9509	2562	211
9510	1616	295
9514	1417	325
9516	3557	266
9517	1826	273
9518	3064	491
9519	2363	383
9522	1692	185
9530	2096	242
9533	3091	280
9535	3022	185
9539	4658	255
9540	4923	262
9541	1554	425
9549	2041	303
9556	2259	200
9558	1514	211
9568	3633	466
9569	2584	371
9571	2592	476
9573	1878	471
9577	1822	451
9579	3170	387
9581	4431	548
9581	4431	564
9584	3759	222
9584	3759	330
9585	1579	345
9592	2352	492
9594	2762	512
9597	5446	510
9597	5446	498
9609	6231	523
9609	6231	493
9612	6083	333
9613	2832	501
9616	2376	467
9619	2137	234
9622	1657	411
9623	3369	206
9629	3529	598
9634	3722	527
9638	4436	361
9642	3445	516
9648	4713	301
9650	3770	524
9654	2921	493
9658	2581	260
9659	2280	250
9660	1236	277
9664	3566	245
9668	2837	491
9669	3255	362
9674	1171	401
9681	2085	185
9696	3052	400
9699	3985	354
9700	3491	227
9701	3315	185
9701	3315	347
9705	2051	358
9708	2173	255
9709	2379	300
9715	5985	237
9730	2753	211
9731	1636	327
9732	3200	536
9733	1562	211
9736	2354	324
9738	3117	482
9741	2904	489
9746	4532	339
9749	4673	487
9752	2139	451
9754	5197	556
9758	1882	524
9768	3052	339
9770	3910	514
9771	1753	404
9776	4254	282
9779	3053	343
9780	4681	245
9790	2591	472
9798	3746	211
9800	1723	290
9805	4589	234
9807	2324	501
9809	3538	488
9809	3538	470
9821	4045	385
9822	2460	410
9823	2229	248
9829	5953	484
9829	5953	185
9831	2314	449
9832	2513	403
9835	4104	545
9842	3562	254
9847	4897	506
9849	2951	267
9850	5121	506
9851	4356	454
9852	2817	527
9854	4487	505
9854	4487	244
9871	4733	233
9874	2125	282
9875	2473	561
9879	5911	347
9879	5911	499
9880	1703	382
9885	2951	454
9894	5098	302
9895	3170	484
9897	1553	409
9898	3438	308
9898	3438	302
9902	2372	298
9903	1761	261
9908	2843	304
9908	2843	200
9909	2391	506
9911	4419	406
9911	4419	469
9912	6181	463
9915	2969	217
9916	2252	289
9917	2205	266
9925	1260	473
9926	2369	317
9927	2849	335
9930	2519	333
9931	1502	462
9932	2855	200
9933	2116	423
9936	2246	300
9936	2246	232
9945	2236	337
9947	2076	297
9947	2076	200
9954	2372	185
9956	2337	529
9967	1811	185
9970	5681	485
9971	2408	155
9975	5046	262
9979	2458	463
9983	1827	367
9984	2800	381
9985	1184	308
9986	3003	329
9987	3325	238
9990	2272	234
10001	2903	571
10002	6043	154
10002	6043	180
10003	5164	287
10003	5164	552
10005	4371	469
10009	3714	277
10017	3669	266
10017	3669	355
10022	3935	497
10023	1248	280
10024	4241	430
10030	2941	233
10030	2941	185
10031	4360	317
10034	2556	460
10038	2607	516
10040	1776	211
10042	3498	259
10048	2508	185
10049	2780	387
10052	4745	343
10054	2831	584
10055	4349	295
10055	4349	227
10057	2483	356
10058	3950	326
10064	4713	421
10064	4713	493
10072	3867	514
10079	3152	459
10082	1541	505
10086	4662	540
10086	4662	525
10089	2867	476
10094	2723	480
10099	3119	521
10100	2785	357
10106	2583	252
10109	1604	272
10110	4250	547
10112	2746	300
10116	3869	249
10117	3039	360
10125	1434	251
10128	3179	334
10130	2750	408
10136	2322	489
10137	3397	509
10139	4677	495
10139	4677	425
10143	4539	464
10148	3034	548
10154	2358	206
10156	1449	355
10167	2780	515
10175	2806	356
10177	3458	336
10183	5156	578
10183	5156	505
10184	3264	443
10186	5802	412
10186	5802	271
10198	4980	456
10202	4164	334
10203	1887	396
10204	2926	555
10217	2604	578
10220	2650	284
10222	3488	435
10225	3704	509
10229	1293	286
10230	2604	512
10233	3127	486
10234	2986	344
10235	3317	515
10239	3174	185
10244	2325	273
10248	2387	485
10256	2256	403
10263	1274	305
10264	2577	370
10265	2646	531
10266	2640	259
10267	2695	232
10269	3620	598
10275	3439	424
10276	2727	303
10284	2175	363
10290	2378	585
10292	3683	428
10298	1328	185
10299	2280	277
10302	2074	445
10307	1071	324
10309	3530	331
10311	1751	185
10317	2185	227
10323	3415	482
10325	2671	482
10326	2327	185
10328	2440	185
10331	2351	303
10346	2276	616
10350	1821	279
10352	2221	358
10361	2205	386
10364	4171	407
10366	1943	317
10368	5107	185
10370	2923	310
10373	3836	515
10378	4527	487
10380	3266	690
10384	2552	222
10389	1688	313
10392	2544	329
10399	1862	314
10403	2296	232
10406	3035	395
10410	5831	749
10410	5831	375
10411	2582	248
10412	3669	200
10412	3669	571
10413	2269	467
10423	2146	354
10424	4715	728
10425	2446	266
10426	2746	383
10427	2833	541
10428	1987	503
10430	3212	514
10436	3474	268
10438	2439	231
10438	2439	301
10439	2404	285
10439	2404	282
10440	3575	496
10441	2775	417
10444	2114	324
10446	2244	314
10452	4208	315
10456	3801	426
10458	2198	181
10459	2657	344
10466	3390	439
10470	2398	592
10472	5707	358
10472	5707	292
10474	3306	297
10475	2329	333
10480	3299	510
10481	3495	327
10483	4883	815
10487	2455	571
10489	1871	341
10491	2088	211
10493	3205	422
10495	2440	404
10498	3610	473
10503	1388	290
10506	3108	343
10511	3704	377
10512	2755	425
10513	3236	185
10514	3182	560
10517	3866	474
10520	3056	484
10524	3743	410
10525	4392	452
10529	1919	211
10530	3155	278
10532	2288	421
10534	3025	547
10536	2231	352
10537	2693	491
10541	2495	457
10542	1917	393
10543	4159	536
10543	4159	317
10553	1957	404
10556	2753	413
10560	2097	275
10561	3394	548
10562	2517	325
10563	3699	480
10563	3699	409
10566	2340	431
10569	3739	502
10570	2268	338
10572	3364	434
10574	5200	582
10574	5200	313
10586	2649	404
10588	3024	349
10595	3263	362
10600	4796	534
10600	4796	467
10609	3031	562
10611	1126	247
10613	3815	534
10613	3815	285
10614	6652	469
10614	6652	215
10616	2552	574
10617	2457	420
10618	3123	698
10620	2679	331
10626	2452	558
10627	3100	542
10628	2635	528
10631	2082	309
10632	4387	531
10634	2405	465
10638	4546	444
10645	2463	411
10652	2328	532
10654	2363	545
10664	2910	442
10668	2423	443
10669	2424	493
10670	4002	232
10670	4002	180
10673	2016	354
10681	3102	434
10683	1864	444
10686	2503	277
10689	4025	572
10690	1919	477
10695	3051	471
10696	2472	302
10701	4151	626
10703	2959	332
10704	2314	408
10706	2491	495
10709	6460	301
10709	6460	353
10712	3105	253
10714	3090	454
10718	2979	491
10722	3328	356
10724	3573	382
10726	1758	222
10728	4249	530
10730	4589	552
10730	4589	137
10730	4589	148
10731	4627	353
10731	4627	532
10738	4293	414
10743	1786	389
10745	3210	588
10746	2857	314
10748	2296	303
10749	1585	227
10752	2757	326
10752	2757	266
10754	2573	161
10757	2893	446
10760	6189	306
10763	1358	321
10764	3296	547
10765	2378	305
10766	4308	564
10767	2853	406
10768	4190	559
10769	2826	459
10770	3450	279
10777	3509	227
10778	1939	234
10779	5211	317
10779	5211	389
10780	2949	325
10790	1461	185
10792	2598	540
10799	4553	528
10799	4553	415
10801	2310	221
10808	3917	450
10808	3917	514
10809	2554	565
10812	2106	316
10815	4425	200
10815	4425	570
10821	2826	525
10823	1485	286
10825	2955	547
10826	2460	364
10832	5120	477
10834	1876	303
10835	3311	449
10839	4480	332
10840	2799	550
10842	4625	349
10844	1810	316
10847	2172	242
10849	2690	576
10850	2557	342
10851	2257	243
10854	2879	555
10856	2733	292
10857	2107	513
10865	2351	359
10866	3420	514
10868	1582	317
10869	2072	396
10871	2738	530
10872	1317	215
10874	1875	277
10876	1596	391
10882	1933	185
10884	1977	340
10886	3328	310
10888	2409	233
10889	5620	211
10894	2200	345
10899	3034	211
10901	1669	389
10903	3019	404
10908	3380	456
10912	2483	533
10915	2545	430
10920	1982	277
10922	583	206
10926	3628	479
10927	2188	253
10929	3134	364
10929	3134	319
10930	2420	227
10933	3265	349
10935	1613	291
10936	2676	238
10939	3021	309
10940	3292	531
10950	2069	280
10951	2874	498
10952	4314	578
10953	3237	482
10959	1557	302
10960	2324	313
10961	2565	238
10967	3033	385
10971	2632	338
10978	2479	500
10979	2067	295
10981	2247	313
10989	2965	424
10992	2802	185
10995	4193	304
10996	2178	368
10998	3194	290
11000	2898	358
11001	2229	285
11003	3319	552
11005	3168	185
11014	1799	427
11015	2425	277
11016	3773	532
11017	1928	303
11020	3084	563
11021	2921	450
11024	3730	434
11025	2419	242
11028	3330	504
11029	4223	528
11030	2551	556
11033	3482	329
11033	3482	243
11036	2348	275
11037	3139	304
11040	3948	481
11046	3057	296
11047	2405	523
11048	2195	430
11051	1387	363
11055	3662	323
11061	3017	442
11062	2869	467
11063	2818	582
11065	2658	493
11073	2023	277
11078	3725	432
11079	2312	154
11079	2312	230
11083	1833	241
11084	1943	339
11085	2097	338
11086	3366	721
11091	2000	543
11092	5738	352
11094	2974	200
11095	2430	254
11097	3099	450
11101	2118	327
11102	5824	522
11103	1888	211
11105	3340	476
11110	6249	454
11115	2246	467
11119	2476	334
11120	1376	279
11125	2384	327
11142	2889	302
11147	2969	389
11148	2735	525
11151	1710	185
11153	2197	479
11154	2827	319
11154	2827	170
11155	4521	295
11160	1687	515
11161	4419	618
11161	4419	187
11162	2242	336
11162	2242	310
11164	2367	256
11169	2265	520
11172	4409	438
11172	4409	302
11173	2676	461
11176	2309	238
11180	4060	525
11182	3214	498
11191	1908	344
11201	3270	348
11206	6491	185
11207	2149	250
11211	2648	377
11218	3466	457
11226	3532	353
11241	3783	311
11243	2009	382
11248	6668	384
11248	6668	428
11252	2971	535
11255	3865	460
11257	3347	429
11257	3347	498
11258	3344	614
11261	1875	292
11266	3016	330
11267	5865	425
11269	2355	532
11271	1126	239
11276	3852	529
11278	2482	482
11279	3605	371
11282	5847	274
11286	2638	366
11288	2492	268
11292	4428	301
11300	4098	470
11301	4107	484
11304	2801	244
11305	1444	320
11306	2529	579
11308	3092	312
11310	3270	445
11312	5533	406
11317	6088	544
11317	6088	576
11318	2423	232
11319	2664	455
11320	3998	549
11325	6794	297
11329	3964	285
11333	5079	330
11334	2453	395
11338	5447	497
11339	3594	356
11342	4276	237
11342	4276	140
11347	4324	589
11348	2866	318
11348	2866	335
11351	4008	244
11352	4860	312
11352	4860	310
11358	3560	488
11363	2012	495
11364	3101	347
11366	3488	495
11370	6809	436
11370	6809	489
11370	6809	538
11377	2047	215
11378	3553	545
11380	6630	567
11380	6630	519
11381	2325	324
11382	2586	525
11384	2911	508
11386	3243	272
11387	2210	327
11390	2186	455
11391	3782	340
11392	3815	453
11393	3066	390
11393	3066	391
11394	2407	364
11396	4633	354
11396	4633	280
11397	3001	387
11401	2265	544
11406	1691	323
11407	2150	370
11408	3856	520
11410	2270	361
11412	3477	293
11415	2921	370
11419	1990	206
11428	3541	453
11431	2003	346
11436	2612	481
11445	3262	372
11445	3262	309
11447	2725	556
11448	3973	549
11450	1660	496
11454	2639	481
11455	3401	349
11462	3266	573
11463	2824	507
11464	2903	316
11464	2903	341
11465	2379	354
11466	1860	529
11467	1800	330
11469	2076	211
11473	1914	371
11474	2645	143
11474	2645	270
11476	1990	584
11478	2376	278
11481	2151	347
11483	2559	532
11487	2833	238
11490	2863	277
11491	4673	275
11492	2676	323
11492	2676	276
11493	2371	437
11494	3790	552
11496	1916	471
11501	2352	292
11504	2152	520
11506	2718	515
11510	1590	257
11512	4281	200
11513	4100	561
11513	4100	546
11519	1655	350
11534	1787	388
11535	2386	373
11540	3107	200
11546	2312	366
11549	1759	391
11551	1135	324
11556	4169	486
11556	4169	545
11559	2533	242
11566	1332	295
11567	3102	405
11568	1583	442
11575	1793	248
11576	3584	309
11577	2793	568
11578	2076	384
11580	2497	547
11583	3527	502
11585	1836	137
11585	1836	213
11587	3282	355
11588	2294	278
11589	1895	318
11591	2134	487
11597	2853	645
11599	4514	317
11602	3719	495
11605	2393	238
11608	3761	484
11615	2918	384
11622	4918	546
11633	4327	541
11641	3363	428
11651	2917	322
11652	3509	403
11653	2362	259
11655	2608	334
11656	5047	320
11659	3229	465
11662	2398	605
11663	2063	585
11673	2547	379
11676	4668	329
11678	2483	422
11681	3063	206
11687	2466	470
11689	3899	374
11689	3899	454
11691	3188	539
11692	3979	185
11692	3979	335
11697	2126	298
11700	2760	543
11706	1567	315
11706	1567	298
11708	2409	489
11720	3105	481
11723	1881	354
11733	2024	333
11737	4108	428
11737	4108	369
11744	4915	347
11745	2910	547
11746	2888	301
11747	1528	428
11748	2958	200
11750	2170	305
11751	1365	358
11752	3500	541
11756	2378	447
11760	5245	222
11760	5245	365
11764	2153	301
11765	2335	498
11768	2035	359
11773	2596	306
11777	4286	264
11777	4286	350
11780	1816	245
11781	2794	278
11781	2794	353
11784	4140	488
11788	4646	614
11798	2283	322
11799	2531	230
11800	4543	316
11812	4039	341
11816	2313	357
11817	3270	311
11819	2282	512
11820	2047	172
11820	2047	155
11823	4205	323
11829	2557	319
11830	3314	602
11832	1918	241
11837	1866	284
11846	2338	508
11848	2365	267
11849	3705	237
11849	3705	197
11849	3705	289
11849	3705	223
11852	2952	337
11853	2491	396
11873	2703	185
11873	2703	300
11879	2949	313
11881	3016	316
11882	2528	538
11884	2936	573
11885	2083	211
11888	3256	295
11891	3005	376
11896	2701	438
11898	3132	530
11899	2632	367
11901	3398	589
11905	2275	317
11907	4165	631
11910	1738	357
11918	2790	582
11920	3131	227
11921	3633	641
11932	3280	469
11932	3280	381
11936	2057	540
11941	2793	335
11941	2793	338
11945	2784	258
11950	2883	302
11953	2378	240
11954	2461	241
11960	3551	212
11960	3551	355
11962	2248	227
11965	2623	231
11965	2623	181
11969	5084	215
11975	1998	347
11978	2573	315
11978	2573	376
11981	3008	303
11983	2065	358
11985	1682	344
11986	4313	534
11998	2998	502
12000	3639	418
12002	1642	457
12016	1902	604
12017	2788	527
12022	3927	158
12022	3927	145
12031	2126	361
12033	4917	272
12033	4917	338
12038	5353	372
12043	4166	616
12046	1664	360
12049	3901	370
12052	2577	340
12054	3324	385
12055	4618	525
12058	2704	294
12061	3176	571
12067	3253	332
12070	2010	249
12071	3230	355
12072	3882	494
12073	2233	428
12079	4889	364
12082	2078	566
12084	1516	245
12087	1925	452
12088	1566	367
12090	4988	237
12092	3415	502
12097	3282	297
12101	2643	554
12103	2643	274
12104	1835	324
12105	1283	282
12109	2999	553
12112	1862	184
12119	3396	391
12120	2489	346
12125	2252	430
12132	2521	185
12135	2303	359
12137	2801	498
12140	2419	437
12141	1520	324
12143	1912	297
12148	1925	250
12149	2599	475
12150	3937	466
12158	1663	342
12163	1733	185
12164	1781	364
12169	3682	567
12175	2016	557
12176	2581	461
12180	3106	285
12180	3106	230
12181	2060	294
12187	2245	366
12190	2519	338
12192	1252	243
12194	2532	172
12194	2532	203
12195	2275	265
12197	2034	253
12200	2102	500
12204	2739	185
12208	1998	327
12210	2756	329
12211	4042	570
12215	2592	549
12218	5199	465
12219	2058	315
12220	3206	547
12224	2423	322
12226	2903	394
12226	2903	295
12234	4447	324
12235	2587	324
12236	3068	510
12241	2077	237
12244	2558	526
12245	1684	341
12249	2697	531
12251	3447	485
12254	3444	623
12256	2357	248
12260	2492	328
12269	3569	522
12270	3207	457
12272	1936	307
12281	1069	241
12283	3142	215
12284	1782	307
12290	2725	536
12291	3991	253
12292	3426	185
12294	3408	447
12298	4968	540
12299	3359	600
12303	1542	230
12310	3446	222
12311	3432	445
12313	4480	652
12316	2374	200
12323	2566	464
12327	2769	233
12330	1397	238
12332	4062	452
12335	2363	256
12336	2787	507
12337	3348	605
12339	1790	338
12340	3434	267
12345	2520	268
12348	2487	353
12356	1903	232
12363	3369	312
12366	3001	374
12367	3577	449
12371	2074	389
12372	2098	392
12379	2372	226
12383	3133	299
12387	3661	185
12389	2746	302
12390	1767	473
12392	3196	494
12392	3196	439
12396	2094	206
12399	2683	283
12400	2830	251
12402	1803	504
12407	2065	185
12419	2087	394
12428	1994	275
12429	2587	218
12429	2587	357
12431	2883	302
12437	2576	355
12438	4086	378
12446	2819	251
12449	2823	211
12457	1474	331
12459	2072	500
12469	2392	391
12479	2560	185
12480	2325	367
12482	2970	538
12485	2524	312
12494	1902	145
12494	1902	223
12496	2503	253
12497	4879	439
12500	4178	305
12502	1655	228
12504	2889	508
12507	2859	290
12512	3344	524
12515	2734	261
12516	1883	361
12519	2677	280
12521	1393	232
12526	2802	161
12529	2923	414
12531	2568	344
12533	3630	348
12536	1602	265
12540	2464	311
12545	1696	296
12547	2688	390
12548	2222	285
12551	1838	256
12553	2325	215
12554	2750	505
12559	2449	282
12559	2449	260
12561	2073	270
12562	1613	329
12563	4973	275
12564	2179	301
12565	1885	457
12567	2166	467
12568	2957	242
12570	2091	532
12572	2138	317
12577	2384	215
12579	3595	350
12582	2153	310
12584	2088	401
12592	2262	281
12593	1917	185
12594	3533	344
12595	3975	514
12597	1874	266
12603	1136	260
12610	4558	497
12611	2262	520
12617	4429	498
12618	3966	476
12618	3966	242
12623	3979	524
12629	3412	486
12630	3429	535
12631	5107	276
12632	4163	580
12643	2073	468
12646	3576	315
12646	3576	528
12650	2627	443
12653	3513	515
12654	3702	569
12657	2394	249
12659	2749	648
12660	3303	293
12660	3303	152
12660	3303	363
12667	1868	292
12668	1970	407
12678	4548	305
12678	4548	352
12680	1575	344
12683	4362	761
12684	2349	568
12687	2177	464
12692	2219	450
12693	2788	328
12695	1504	206
12700	2193	432
12707	3244	260
12710	3329	475
12712	3547	542
12716	2891	450
12719	3112	516
12720	3767	612
12725	2466	486
12732	2645	485
12733	2148	312
12735	3337	240
12735	3337	422
12736	1498	301
12737	2526	564
12738	2028	452
12745	3476	527
12747	3684	379
12748	2705	249
12751	2891	402
12752	2581	286
12753	1925	321
12756	3216	477
12757	2871	356
12758	3690	347
12762	2187	547
12766	2288	590
12767	1527	245
12770	2256	363
12776	4389	428
12777	7105	458
12777	7105	300
12778	3927	497
12779	2334	237
12782	2027	313
12784	2768	533
12788	2957	483
12789	3345	211
12790	3002	528
12791	1916	319
12791	1916	215
12797	3083	282
12800	1944	462
12801	3123	345
12806	1581	446
12807	2974	628
12811	2769	327
12814	1330	284
12817	1320	293
12820	1456	185
12824	4499	138
12825	5556	226
12825	5556	205
12829	2583	460
12830	1676	185
12833	2800	233
12834	6380	299
12834	6380	200
12839	1967	185
12840	4950	315
12840	4950	222
12842	3182	401
12843	4011	311
12844	2748	267
12849	3046	338
12874	2914	495
12877	2818	384
12879	2728	227
12888	2485	323
12897	3011	462
12901	5164	338
12907	3818	514
12908	1589	432
12910	1581	470
12913	2012	295
12915	1808	323
12916	2017	324
12917	3416	235
12918	2673	313
12920	2179	350
12922	2137	211
12925	3034	284
12926	5050	314
12929	2419	384
12933	1981	313
12937	2072	337
12939	4672	317
12939	4672	362
12940	2306	312
12942	1444	215
12948	1795	211
12951	3138	560
12953	1797	238
12954	3944	236
12956	2810	317
12958	2339	293
12959	1954	279
12960	1411	535
12964	2317	279
12965	2745	415
12969	1800	208
12971	2773	546
12973	5656	227
12977	1279	206
12981	4368	418
12983	1753	391
12985	2675	305
12986	2374	235
12986	2374	325
12987	3244	317
12994	3074	168
12994	3074	298
12995	2132	152
12997	3414	561
13000	3629	387
13002	2719	220
13011	2601	257
13011	2601	300
13014	1401	296
13016	2785	484
13024	1469	273
13025	3647	513
13026	5337	226
13029	2173	230
13032	6688	297
13033	3899	261
13036	2048	313
13038	4386	452
13040	4073	537
13044	3648	443
13058	1473	200
13064	2961	578
13066	4830	504
13066	4830	492
13068	5089	321
13076	3497	571
13082	3692	394
13085	2509	472
13087	2139	542
13088	4816	388
13088	4816	592
13090	2298	539
13091	4913	302
13095	2714	468
13099	2806	344
13103	7092	216
13103	7092	141
13106	5051	523
13106	5051	288
13114	7242	506
13114	7242	479
13116	1833	496
13119	2562	300
13120	2317	368
13121	3257	531
13122	4138	215
13122	4138	328
13124	3767	538
13130	4778	200
13131	2835	457
13131	2835	499
13142	1978	261
13142	1978	160
13144	4428	393
13149	2901	530
13150	3699	280
13156	2996	304
13157	5774	522
13159	1726	233
13160	2770	319
13169	2829	580
13171	3486	431
13173	2202	291
13176	4848	415
13178	4172	362
13185	4235	575
13186	2682	389
13191	1847	526
13192	1545	345
13197	2407	515
13199	2627	252
13199	2627	454
13213	2410	470
13214	3576	517
13218	2840	410
13222	4756	538
13222	4756	332
13225	2359	310
13230	1904	306
13242	2715	348
13245	6110	349
13246	1992	311
13250	3059	230
13251	5497	519
13253	1697	521
13254	2875	487
13254	2875	215
13257	3321	413
13257	3321	519
13260	2812	490
13262	4307	293
13263	3206	552
13264	2692	552
13265	2129	336
13269	1291	397
13270	2434	543
13272	6600	434
13272	6600	470
13276	6659	543
13281	3406	554
13282	2137	530
13287	1966	337
13292	3764	567
13294	1248	399
13299	3316	624
13300	3700	467
13302	7400	392
13302	7400	243
13302	7400	579
13306	5104	566
13308	2299	458
13309	3267	491
13315	2947	423
13317	3612	491
13318	2340	502
13319	4359	369
13320	3294	682
13322	3687	356
13323	2091	485
13328	4039	572
13329	2591	406
13332	2420	429
13335	1987	417
13344	2968	391
13349	2158	463
13350	1926	348
13352	3791	489
13358	2358	360
13360	2907	281
13362	4435	238
13366	3843	520
13366	3843	526
13368	2920	466
13372	3638	306
13374	1769	291
13376	3157	335
13378	3010	650
13380	2463	233
13389	5363	278
13389	5363	564
13393	3881	345
13395	3481	178
13395	3481	193
13396	7589	203
13396	7589	193
13397	1895	310
13399	3332	200
13401	2281	418
13407	2767	429
13407	2767	309
13408	2413	324
13409	3892	513
13414	2121	263
13417	2453	465
13419	1879	200
13421	1640	289
13425	2532	362
13428	2822	545
13434	1976	244
13434	1976	229
13447	4652	298
13447	4652	336
13448	2665	307
13449	2146	334
13452	5784	200
13453	1969	316
13457	4475	589
13457	4475	335
13462	4407	444
13466	3827	469
13468	1926	259
13469	2573	356
13469	2573	292
13475	3424	502
13475	3424	195
13477	2299	548
13478	1760	281
13480	1806	329
13481	2097	333
13481	2097	301
13482	2280	316
13484	2910	275
13486	4115	414
13486	4115	415
13489	2634	200
13491	2159	320
13494	4087	334
13497	2429	378
13499	2238	185
13504	1868	275
13504	1868	297
13507	2294	311
13509	2436	341
13511	2393	263
13513	2614	318
13514	1858	233
13519	2920	321
13521	1991	330
13526	1962	233
13529	3728	449
13532	3482	456
13533	6290	505
13534	1768	220
13536	2313	333
13537	1852	216
13540	2934	255
13541	1738	200
13544	2249	335
13546	4500	537
13548	4021	492
13549	3350	185
13551	2351	352
13560	4290	515
13560	4290	386
13564	6956	553
13564	6956	493
13571	2165	419
13575	2744	509
13579	4883	359
13580	2279	262
13588	1724	251
13589	2373	421
13592	2575	206
13595	1530	301
13597	2176	245
13601	4663	298
13604	4053	457
13605	1691	222
13606	4485	512
13607	2774	254
13607	2774	240
13608	4417	355
13610	4471	185
13612	2535	238
13613	4920	211
13618	3754	445
13622	2751	455
13627	2807	318
13635	2261	311
13637	2943	314
13640	6276	399
13641	2892	267
13644	4439	308
13644	4439	449
13651	3806	355
13653	3786	397
13656	3215	615
13658	3189	523
13659	3690	326
13659	3690	286
13670	3007	426
13674	1910	200
13677	3973	440
13680	1583	275
13690	4104	309
13692	4057	414
13698	4673	545
13700	6937	570
13704	2120	530
13709	2585	297
13715	1995	297
13731	6008	385
13732	2575	303
13741	3379	364
13743	2103	529
13750	1862	521
13752	4141	395
13753	4356	364
13759	3204	242
13765	4439	272
13766	4683	244
13769	2456	285
13769	2456	332
13770	2649	364
13771	2517	339
13773	2288	329
13775	3592	549
13777	2140	289
13780	2237	327
13780	2237	361
13783	1835	227
13788	4136	478
13789	2543	355
13792	3745	475
13792	3745	538
13798	3381	327
13799	2546	506
13802	5396	548
13809	2431	468
13812	2395	296
13815	3344	560
13817	2507	270
13828	2474	566
13829	2030	299
13834	3602	558
13839	2247	339
13841	2363	271
13843	2353	468
13849	3319	454
13851	2210	329
13855	2344	361
13856	4569	427
13857	2826	452
13859	1765	344
13863	1675	505
13867	3603	507
13869	2239	388
13874	2324	528
13878	2646	213
13878	2646	186
13881	5333	362
13882	3033	185
13883	3879	356
13885	2332	338
13886	4331	537
13887	2745	185
13889	2145	249
13891	1733	473
13894	1680	291
13896	5256	667
13914	3688	249
13914	3688	528
13915	2344	507
13916	3601	353
13916	3601	508
13926	6018	433
13931	3256	566
13934	3887	444
13934	3887	502
13935	3166	467
13949	1792	344
13950	3400	492
13951	5094	212
13951	5094	337
13955	3000	334
13955	3000	378
13956	1937	316
13961	2419	211
13970	3048	331
13979	2350	284
13980	7209	542
13983	1767	365
13984	2689	533
13993	1752	301
14000	3250	503
14003	3917	259
14011	2892	334
14012	1624	249
14014	2380	352
14015	2039	519
14016	1672	351
14018	1912	400
14020	3771	577
14021	2748	466
14022	2774	304
14026	2527	373
14030	5379	509
14030	5379	496
14032	1338	185
14038	3004	457
14042	3868	540
14045	2773	377
14046	2241	336
14048	2867	470
14050	3689	309
14051	3382	211
14052	3439	459
14057	3575	441
14058	2269	260
14060	2388	314
14061	2877	387
14063	3140	481
14064	2341	227
14067	4811	420
14069	3757	654
14071	4990	417
14072	2344	411
14076	4724	509
14076	4724	503
14079	5423	346
14079	5423	326
14080	2915	331
14081	2304	420
14086	1579	238
14088	3347	505
14090	1841	328
14092	4793	272
14093	3053	307
14096	5087	788
14097	4239	360
14102	2366	289
14105	3294	477
14106	2683	351
14111	3351	498
14111	3351	251
14117	4660	544
14118	2001	421
14122	3722	480
14124	2549	482
14126	2631	512
14127	3682	402
14129	3089	322
14130	2943	211
14130	2943	251
14136	6057	251
14137	3190	309
14137	3190	237
14145	6995	277
14148	3063	508
14154	1819	227
14156	3556	533
14157	3180	322
14160	1430	489
14161	6614	211
14161	6614	476
14164	3663	547
14166	2299	531
14168	3124	531
14174	2496	546
14175	2302	272
14175	2302	313
14177	2016	273
14180	3155	427
14180	3155	473
14185	2098	265
14191	3650	462
14193	2523	274
14198	1895	266
14199	2268	248
14199	2268	351
14200	1644	353
14203	2811	252
14206	2886	272
14208	2959	298
14214	6793	268
14225	2034	287
14229	4458	305
14230	4724	263
14231	5641	482
14233	2030	249
14235	4342	495
14237	1997	241
14239	2276	298
14243	3651	507
14246	2495	215
14248	1987	267
14251	2052	398
14251	2052	296
14252	3047	443
14253	2508	251
14256	2804	295
14257	2441	339
14261	2376	211
14263	2791	227
14263	2791	302
14265	3205	240
14265	3205	314
14266	2779	469
14267	2524	346
14274	2043	344
14276	2880	200
14277	3299	438
14278	4839	238
14279	2408	185
14282	2594	333
14283	3830	473
14290	2157	243
14291	3312	377
14294	2243	330
14296	3282	459
14298	2753	512
14299	1828	269
14302	3950	309
14311	3336	450
14313	2640	527
14314	3407	433
14316	1996	474
14320	3863	448
14322	2720	356
14326	4993	477
14331	1670	325
14333	3738	443
14333	3738	237
14335	2172	372
14336	7110	261
14338	2296	279
14339	2621	296
14342	2797	507
14343	1799	215
14345	1939	557
14348	2362	274
14349	2070	423
14350	3772	452
14351	1763	207
14352	1944	303
14353	2778	368
14361	3876	596
14363	2924	530
14364	1933	264
14366	2396	350
14370	3008	333
14370	3008	452
14375	2390	406
14376	2474	524
14383	2737	480
14388	5182	238
14392	4614	569
14398	2901	367
14401	2388	305
14402	5237	545
14404	4342	200
14404	4342	479
14405	4528	439
14406	1244	287
14407	4896	242
14408	2357	336
14418	3827	318
14418	3827	206
14422	2357	402
14423	2292	450
14424	4500	467
14424	4500	545
14428	1977	406
14429	3869	489
14432	2780	211
14438	4727	713
14439	2549	330
14440	2372	481
14447	2112	361
14452	4141	255
14453	3070	630
14454	2931	552
14460	3092	295
14462	4557	380
14462	4557	322
14463	6301	484
14468	3858	408
14468	3858	492
14470	4379	568
14471	2782	243
14474	2350	284
14482	2028	299
14488	5556	750
14489	3544	369
14494	3064	302
14495	1639	333
14502	1378	311
14503	2140	408
14504	3516	540
14505	2272	503
14506	4035	489
14508	2592	351
14509	2846	391
14514	2312	297
14515	1910	322
14517	2117	500
14519	4282	445
14521	3347	286
14523	1840	406
14524	5146	545
14524	5146	405
14525	4418	567
14526	4043	565
14529	3728	373
14535	2818	278
14538	3188	604
14539	2565	377
14541	5433	540
14542	3025	456
14546	3419	544
14549	3771	378
14552	2172	322
14553	2838	138
14553	2838	322
14555	3041	407
14558	2479	185
14558	2479	346
14560	2583	363
14561	3340	507
14561	3340	516
14566	4001	531
14580	2940	442
14584	2603	255
14585	2574	472
14587	2611	519
14588	5891	387
14589	2487	559
14590	3475	443
14593	2745	495
14594	1989	185
14596	3247	297
14596	3247	243
14600	2773	312
14601	1818	342
14604	2079	475
14605	2325	315
14606	3902	297
14612	3228	426
14614	2080	338
14616	2596	521
14618	2776	280
14619	3108	799
14620	2230	589
14622	2848	505
14625	2749	576
14628	4721	581
14629	3037	472
14630	3686	592
14631	2913	453
14632	2754	474
14638	1261	227
14643	3941	623
14648	1717	211
14659	4283	616
14662	1693	336
14664	1433	332
14668	2395	453
14670	5168	541
14670	5168	425
14671	2477	336
14672	2516	517
14674	3592	458
14678	1837	335
14679	2247	310
14690	4198	483
14690	4198	424
14691	3815	540
14698	3494	304
14699	4350	359
14705	3022	313
14707	2492	322
14708	1939	558
14712	3506	281
14715	3169	301
14726	3640	513
14728	3770	185
14730	2664	543
14734	4268	614
14739	2823	347
14739	2823	285
14740	4779	464
14740	4779	203
14742	1942	446
14743	2554	570
14744	1715	298
14747	2244	279
14748	3968	581
14755	3332	289
14757	3094	238
14758	2156	482
14760	2343	385
14770	3738	464
14771	2435	226
14771	2435	215
14779	2139	338
14783	2966	504
14784	2722	467
14787	3083	541
14790	2645	544
14793	2228	281
14793	2228	350
14796	3611	489
14799	2398	542
14801	3450	488
14803	2104	331
14804	1029	324
14806	5302	241
14806	5302	332
14807	3002	550
14813	5477	440
14813	5477	664
14817	3126	388
14819	2470	185
14820	2277	562
14821	3646	589
14823	4426	477
14830	4831	308
14834	2011	159
14843	2850	601
14850	4150	475
14853	3218	401
14856	2028	347
14857	3176	639
14859	2973	335
14864	2553	211
14865	2354	261
14866	4475	361
14874	2151	355
14877	5215	688
14886	3613	568
14886	3613	473
14887	5421	722
14896	3056	560
14900	5335	625
14901	5124	533
14901	5124	343
14903	3114	340
14903	3114	255
14904	4995	251
14904	4995	262
14906	2824	512
14908	1505	290
14909	2164	343
14911	2793	241
14911	2793	251
14918	3741	326
14918	3741	460
14922	2074	450
14925	4351	691
14926	2089	538
14927	2002	206
14928	3478	262
14928	3478	485
14932	2869	238
14943	3974	560
14945	4000	395
14947	2474	332
14954	2750	250
14955	3825	314
14958	2833	366
14968	2169	341
14969	2056	507
14970	3774	470
14988	2382	499
14995	2514	643
14996	4447	759
14999	4938	519
14999	4938	387
15000	3080	416
15001	2578	536
15003	3529	393
15005	1524	232
15008	2729	535
15009	4026	535
15009	4026	139
15009	4026	131
15018	3093	360
15019	3177	195
15019	3177	278
15020	5123	373
15020	5123	553
15023	3356	452
15027	3386	396
15028	3766	202
15028	3766	354
15029	4521	232
15029	4521	596
15030	3368	703
15031	2614	463
15033	2658	458
15033	2658	221
15035	2954	424
15037	5313	453
15041	1893	498
15042	2532	362
15047	3345	505
15049	2936	451
15051	2224	266
15054	1660	200
15060	3875	519
15061	4261	340
15064	2868	377
15070	2102	299
15072	3452	350
15076	2621	506
15079	1770	200
15085	3894	342
15087	4086	200
15088	3392	551
15090	3232	536
15094	1660	238
15095	2027	597
15098	2399	538
15104	2594	383
15105	2005	337
15108	2581	340
15112	2440	238
15116	2441	278
15116	2441	371
15122	5525	382
15122	5525	376
15125	2073	518
15127	2619	487
15129	2540	518
15138	4039	509
15141	2761	362
15149	3273	185
15149	3273	309
15152	2495	580
15160	2531	558
15161	1566	278
15162	4250	529
15167	1981	450
15169	3254	318
15175	2995	385
15176	6763	470
15176	6763	513
15178	2225	328
15180	3508	519
15185	2569	304
15189	1594	338
15191	1449	283
15192	5401	313
15195	2826	591
15198	2653	573
15199	4452	542
15203	2156	536
15206	4549	589
15208	3224	334
15208	3224	278
15211	4370	238
15212	2196	180
15212	2196	141
15213	2276	470
15215	3575	509
15217	2662	573
15223	2826	568
15224	1981	454
15225	2852	529
15228	2251	361
15234	2736	541
15236	1682	492
