0	15964	28540
2	3302	472
2	3302	301
9	1785	222
13	1384	359
14	1649	206
22	1123	242
25	1458	584
28	1833	296
28	1833	282
31	4437	511
33	1672	484
34	2361	602
35	2042	467
45	2760	227
45	2760	338
49	3804	264
49	3804	467
53	5071	783
53	5071	332
55	2036	520
56	2236	264
60	2378	340
61	1989	410
63	3442	455
63	3442	403
65	1540	357
67	2428	359
70	3722	277
74	1952	409
76	1057	362
77	2013	355
79	3277	314
80	2591	234
80	2591	225
85	3072	457
87	2932	568
88	1450	287
93	2771	264
95	1384	293
105	2537	519
106	4120	614
108	2979	493
109	1704	466
110	1899	536
112	2177	557
113	2262	388
114	4542	483
114	4542	317
114	4542	200
115	2319	308
117	1845	334
121	3014	539
122	1801	353
123	1938	319
132	3758	670
133	2176	346
133	2176	277
134	1036	281
137	2069	337
138	2083	340
143	1743	330
144	2573	274
148	2146	538
149	3235	505
150	2406	560
151	2019	535
153	1528	255
156	4274	537
156	4274	368
158	787	353
159	3684	597
160	2994	522
162	2000	453
166	3292	238
170	2504	464
177	3868	532
179	1814	493
183	2039	200
189	2075	274
189	2075	217
192	2479	505
195	3196	510
197	2099	243
200	2640	328
205	2487	350
209	1313	626
216	2338	438
216	2338	455
218	2383	399
219	2851	525
222	2377	499
223	2710	580
226	2320	385
227	2001	386
228	2129	551
229	2477	495
229	2477	468
231	2620	649
233	1392	232
235	2431	377
236	1673	573
237	1721	340
238	2061	397
239	1834	430
241	1850	281
245	2485	620
247	1806	296
248	2242	541
252	1773	283
253	1910	445
256	1375	272
258	1139	234
259	1260	546
260	2812	504
261	976	259
264	1732	352
267	4232	619
270	1006	451
271	2083	539
280	2707	458
281	1367	352
282	1373	320
283	1707	367
285	2320	528
287	2031	549
290	1475	416
292	3738	620
293	2526	575
302	3791	513
302	3791	483
304	2609	504
306	3504	595
308	2620	438
308	2620	476
310	2095	482
312	2025	508
313	1614	330
314	2123	546
316	2614	572
317	1422	410
319	1562	370
320	2319	475
332	2834	303
333	3210	500
334	1988	518
338	3519	509
339	1115	313
340	2615	649
342	3571	718
343	2518	545
344	1503	185
347	2887	305
349	1654	463
352	1871	448
354	2926	550
356	2448	581
357	2972	619
359	3529	452
359	3529	486
362	1419	403
363	3509	583
364	2194	495
366	1176	291
367	2475	525
371	2392	429
372	3401	601
373	1955	310
375	2358	382
375	2358	389
376	2604	505
377	1895	243
378	1794	564
379	2254	565
386	4214	472
386	4214	343
391	2978	560
393	2232	596
395	3294	515
400	2155	503
402	2480	371
404	1750	227
405	2328	523
406	4696	506
406	4696	576
407	2256	238
408	3270	624
410	2043	521
415	2094	505
416	3204	514
416	3204	523
421	2636	429
423	2484	385
438	1605	384
440	1158	252
441	2446	435
445	2506	609
446	1931	227
448	1780	516
449	1840	560
451	1515	372
452	2666	570
454	2014	522
455	3129	465
455	3129	376
458	2514	295
459	2202	404
466	2180	526
467	2820	572
474	1451	449
476	2129	476
477	1693	585
478	2397	361
480	2633	547
481	1487	307
482	1759	352
483	2443	389
484	1627	211
485	2211	453
486	1789	348
488	2010	487
490	2134	314
497	2074	515
499	2561	388
510	2560	504
512	2753	327
516	1478	284
517	1974	366
520	3011	610
522	1840	365
523	2601	523
529	1914	562
531	1286	299
532	1970	531
533	1882	318
535	1287	330
536	2593	314
540	2657	386
541	2267	483
545	1816	548
546	1455	285
548	3127	387
550	3065	579
551	1387	495
555	1731	221
558	2602	333
562	3578	466
569	1766	363
570	3875	532
570	3875	596
571	1674	239
572	4708	437
574	1508	306
575	1747	577
578	3851	420
579	1850	317
581	1948	273
585	1902	491
587	2642	377
588	2259	465
597	1402	357
598	2063	276
601	2121	497
603	1081	313
611	3157	488
611	3157	532
612	2154	389
617	1854	230
619	1524	286
621	2544	423
627	1979	365
631	3432	371
633	4358	248
633	4358	185
634	2220	249
635	2301	394
643	2565	559
644	2094	572
645	2967	498
648	2771	523
649	2118	238
651	1925	608
652	2183	405
653	2036	345
656	2164	547
657	1301	255
658	3644	555
659	1959	426
662	2732	479
663	2549	419
671	2198	598
672	1213	319
673	3012	356
676	4756	546
679	1813	342
681	2658	478
685	2515	437
687	2374	334
688	2573	525
691	2918	441
692	2178	518
697	1125	255
700	2574	474
700	2574	320
703	2814	508
705	1551	309
707	2866	293
707	2866	397
711	2636	317
713	2210	514
717	1779	666
719	2833	324
719	2833	211
720	2750	553
722	2626	433
723	2077	338
726	3479	604
727	2849	534
728	1702	327
733	1504	258
735	1453	244
738	2655	324
739	2061	384
740	1452	276
742	2823	489
743	1854	273
747	1424	411
751	3850	624
753	1755	233
753	1755	211
759	2850	630
763	1989	394
765	3639	554
765	3639	535
767	2314	233
773	2617	436
774	1487	495
775	2389	551
777	1628	411
781	972	274
782	3207	551
782	3207	562
786	1849	227
787	2333	469
789	2453	242
792	4930	592
792	4930	352
793	1757	415
794	2776	557
796	2732	496
799	1637	341
801	2253	458
803	1812	405
805	2038	318
808	2215	303
809	2123	498
816	1062	336
818	2222	381
819	4604	569
819	4604	537
820	1925	343
823	3335	437
824	1769	360
826	2885	289
833	1925	218
833	1925	317
840	3479	491
843	4047	708
844	2279	424
848	1822	467
852	2613	544
857	2717	511
858	2016	625
861	1940	521
862	2450	478
866	1273	282
868	2136	377
870	2739	354
874	2091	292
874	2091	309
876	2356	643
879	1296	316
880	1848	297
882	2707	527
884	2208	464
886	1603	237
887	2497	545
888	2330	327
889	1520	464
893	2500	536
900	2742	550
901	1772	479
902	1590	338
905	2128	333
906	1794	549
908	2204	308
910	2953	398
911	2902	326
912	2742	491
917	4053	250
921	2690	277
921	2690	288
923	1447	337
924	2092	386
925	1553	350
929	1891	519
930	2113	322
933	2009	317
935	2407	434
936	3155	211
938	1442	315
943	2311	386
945	1968	473
947	2620	374
948	3205	252
948	3205	362
951	1527	226
954	2598	386
955	2470	362
956	2733	333
956	2733	303
961	1810	185
964	3081	556
965	2469	334
968	1569	272
974	3447	298
978	4174	266
978	4174	294
978	4174	238
979	2428	347
982	3587	248
982	3587	301
984	1831	329
985	2130	571
986	4559	631
986	4559	515
987	3771	586
987	3771	476
994	2558	267
997	2062	248
1000	2318	573
1003	2511	456
1004	977	409
1008	2503	552
1011	2815	587
1014	2755	266
1015	1999	378
1016	2673	538
1017	2492	349
1018	1480	355
1020	1641	356
1023	2112	326
1024	2825	324
1025	1314	250
1026	2640	519
1027	2358	344
1031	1602	241
1032	1618	304
1037	2350	397
1037	2350	410
1044	3132	575
1045	1619	481
1046	870	348
1047	1615	584
1052	3595	562
1056	3492	476
1059	4202	331
1059	4202	291
1064	2870	352
1064	2870	261
1067	3584	558
1068	3508	493
1069	1906	540
1073	2327	286
1077	2183	574
1078	2277	528
1080	3667	553
1081	1894	492
1084	1594	459
1086	1750	561
1088	2187	317
1089	3213	428
1090	5434	309
1090	5434	264
1091	1553	347
1092	1751	468
1093	1666	211
1095	1803	302
1097	2323	354
1099	2676	185
1100	1743	356
1101	2422	479
1103	4060	515
1105	1814	414
1107	1897	303
1111	2105	272
1111	2105	336
1112	3226	566
1113	1962	267
1113	1962	368
1114	1616	587
1116	1324	353
1117	2933	625
1124	1839	277
1127	2136	332
1129	2416	530
1131	2133	374
1138	3075	606
1139	4344	563
1142	1567	350
1143	2898	579
1144	2291	345
1148	2226	323
1149	3276	501
1154	2104	336
1156	2110	200
1161	2250	479
1163	2361	254
1163	2361	348
1164	3131	427
1173	2398	303
1174	4151	278
1176	2064	459
1177	3841	485
1177	3841	447
1178	2122	400
1183	3346	582
1183	3346	661
1185	1497	631
1186	1592	546
1187	1612	365
1188	2538	630
1190	2529	326
1190	2529	313
1193	2111	350
1197	2058	260
1198	1837	357
1199	4172	481
1201	2031	516
1202	1923	356
1204	2102	546
1206	2106	356
1208	4327	334
1208	4327	542
1209	1478	245
1212	2314	520
1217	2143	470
1219	1845	653
1221	2201	337
1222	1569	361
1223	2976	305
1224	1444	165
1224	1444	221
1227	4455	584
1227	4455	562
1228	2263	346
1229	2128	347
1232	2144	524
1234	1960	513
1235	4172	343
1236	2464	440
1236	2464	193
1237	1365	499
1242	1670	293
1243	2124	340
1245	1434	284
1247	2548	482
1250	2149	521
1253	1983	399
1254	2904	357
1259	2154	337
1260	1944	454
1262	1398	370
1264	1772	293
1265	3319	557
1266	1888	319
1271	1856	337
1275	1241	206
1276	2101	542
1278	2897	328
1278	2897	307
1281	3215	292
1281	3215	414
1282	3096	551
1285	2537	430
1286	2924	206
1286	2924	315
1289	3181	452
1290	1668	422
1292	3355	643
1295	3256	552
1295	3256	512
1304	2391	575
1305	5404	325
1306	1478	304
1308	2432	335
1313	2058	338
1314	2276	278
1315	1926	369
1316	1722	363
1320	3061	385
1320	3061	296
1321	1876	316
1322	3589	375
1322	3589	360
1326	3709	776
1327	2229	581
1328	3466	249
1328	3466	252
1331	1994	348
1334	1647	200
1335	1360	590
1337	3752	559
1337	3752	538
1338	2077	200
1340	1612	333
1343	2002	221
1343	2002	256
1344	2461	429
1347	1854	316
1348	2610	249
1348	2610	222
1359	2107	282
1364	2357	291
1366	1688	354
1368	1667	339
1368	1667	325
1370	1937	333
1371	3337	382
1376	1888	316
1380	2837	715
1382	3142	570
1382	3142	584
1385	2249	388
1387	2051	275
1390	3953	519
1395	1995	575
1397	2315	527
1398	2776	268
1399	1997	489
1400	2745	332
1403	2815	577
1405	4071	595
1406	2561	282
1407	1948	356
1413	2107	319
1414	2194	330
1416	2264	388
1417	2261	399
1419	2201	560
1423	1919	530
1426	2564	608
1427	2706	360
1430	2961	594
1431	2260	503
1432	1383	338
1436	1824	418
1437	1919	353
1438	3194	535
1438	3194	463
1439	2051	516
1441	1813	569
1443	1802	215
1443	1802	227
1444	4816	376
1445	1609	527
1447	2109	368
1447	2109	226
1451	2570	340
1454	1735	312
1457	2249	323
1457	2249	309
1459	2053	368
1460	1173	298
1461	1629	375
1464	1889	299
1466	2123	307
1468	2339	328
1472	3148	590
1472	3148	400
1474	3422	325
1474	3422	514
1476	2139	371
1478	3276	534
1482	2664	415
1484	1914	542
1485	3153	372
1488	1860	447
1490	2283	373
1491	2352	346
1497	2735	522
1499	2992	354
1499	2992	282
1502	2404	498
1511	4707	332
1511	4707	372
1512	1901	291
1513	1324	211
1514	2677	216
1515	1941	362
1516	3369	299
1516	3369	359
1517	1561	249
1518	2075	296
1520	2191	364
1522	2030	444
1535	1212	185
1538	1838	528
1539	1586	253
1540	2689	332
1542	3332	351
1542	3332	392
1543	2359	278
1543	2359	330
1548	2679	211
1550	2915	344
1552	1785	346
1553	2548	522
1556	2128	351
1557	1358	294
1560	3026	289
1560	3026	471
1561	2490	346
1562	2323	255
1564	4053	343
1564	4053	323
1564	4053	296
1571	3443	409
1571	3443	344
1573	2296	298
1573	2296	349
1575	2024	343
1576	4392	232
1577	1365	398
1579	1870	283
1580	3043	592
1582	1931	341
1583	4026	575
1585	3078	600
1586	4083	365
1589	1224	343
1590	2317	395
1592	2336	452
1594	2918	322
1596	1274	335
1605	2220	402
1607	1463	238
1608	2514	322
1610	3105	559
1610	3105	303
1612	1155	399
1615	1686	338
1616	2028	366
1617	2712	322
1617	2712	261
1618	2257	247
1618	2257	190
1619	1610	335
1620	1789	262
1622	1993	403
1626	1294	283
1628	2194	332
1628	2194	305
1634	1342	333
1635	2647	606
1636	1661	313
1638	3130	241
1638	3130	544
1642	702	169
1644	3829	426
1644	3829	464
1645	2946	232
1645	2946	292
1647	3181	427
1647	3181	544
1648	2204	267
1650	3137	552
1651	1446	215
1653	3965	415
1653	3965	452
1654	2057	281
1654	2057	275
1657	3549	882
1659	2557	330
1659	2557	171
1662	2090	465
1663	2581	536
1664	3041	688
1665	2741	355
1667	2027	593
1674	2793	573
1675	4793	200
1675	4793	290
1677	6420	320
1677	6420	395
1679	1632	279
1680	3337	512
1682	3521	553
1683	1352	255
1684	1475	337
1685	3532	881
1686	2244	340
1686	2244	312
1687	2686	608
1688	2998	628
1690	1211	273
1692	1610	221
1694	2749	326
1695	2173	355
1696	1423	381
1698	1609	233
1699	1895	416
1701	1896	625
1704	1729	183
1708	1797	382
1709	2519	549
1711	1277	360
1712	3235	548
1712	3235	453
1714	1586	341
1715	2287	643
1716	1756	185
1717	1302	399
1718	1453	387
1719	2216	597
1720	2008	587
1721	1500	275
1724	1578	436
1727	1449	328
1728	1342	556
1730	4929	306
1731	6893	392
1732	6879	482
1732	6879	117
1732	6879	117
1733	2093	289
1733	2093	316
1735	5758	1262
1736	2487	206
1739	16240	295
1739	16240	583
1739	16240	200
1739	16240	402
1739	16240	372
1739	16240	301
1739	16240	200
1740	2295	460
1743	1223	282
1744	1222	521
1748	3105	481
1754	1317	514
1755	1906	279
1760	1973	300
1760	1973	354
1763	3960	318
1764	2825	416
1764	2825	470
1765	923	301
1767	2878	400
1767	2878	462
1768	2694	304
1771	2655	552
1774	3488	361
1774	3488	283
1775	4181	487
1775	4181	677
1776	3764	638
1776	3764	365
1777	2996	428
1777	2996	911
1779	1608	530
1782	3310	585
1783	3487	226
1785	3076	595
1786	2515	521
1789	2344	422
1790	3368	464
1791	3384	558
1791	3384	565
1793	3803	1012
1794	2465	508
1795	7623	730
1802	8452	308
1802	8452	323
1803	13862	363
1803	13862	362
1803	13862	587
1804	18898	595
1804	18898	760
1804	18898	517
1804	18898	475
1804	18898	929
1805	1511	200
1806	3320	541
1806	3320	401
1807	1644	181
1807	1644	195
1808	6679	1467
1809	3569	322
1809	3569	236
1812	1510	341
1817	5470	271
1817	5470	662
1818	3554	522
1819	2286	258
1821	2201	615
1823	1640	457
1824	3139	368
1827	3544	609
1827	3544	596
1830	3347	342
1830	3347	498
1842	3418	597
1842	3418	463
1844	15865	534
1844	15865	518
1844	15865	356
1844	15865	692
1844	15865	328
1844	15865	185
1844	15865	621
1845	20382	431
1845	20382	211
1845	20382	611
1845	20382	236
1847	2924	356
1850	2832	523
1855	9568	509
1855	9568	320
1857	1844	435
1862	2225	556
1863	6526	1194
1863	6526	621
1866	5077	514
1869	1333	501
1875	6680	310
1875	6680	458
1875	6680	348
1878	5940	870
1879	2008	360
1881	2021	654
1883	1687	340
1885	1990	381
1886	3053	284
1888	1736	345
1889	4109	284
1889	4109	127
1893	2219	427
1896	13926	539
1896	13926	562
1896	13926	185
1896	13926	656
1897	2065	328
1900	5375	230
1901	9766	704
1901	9766	620
1903	2168	492
1904	5044	553
1911	2353	227
1912	2350	571
1916	1876	221
1917	1425	230
1920	2076	400
1921	1456	561
1922	1646	211
1924	2562	554
1926	2518	324
1928	2083	282
1928	2083	125
1929	3713	658
1932	1552	373
1935	2882	623
1937	2034	381
1940	2736	633
1942	1841	368
1945	4498	491
1948	3096	692
1949	2635	598
1950	3514	617
1951	1190	343
1954	2201	502
1958	5216	596
1958	5216	650
1959	2734	449
1961	1615	200
1964	3273	237
1964	3273	267
1965	2526	477
1966	4052	668
1967	1856	288
1975	2012	298
1976	3546	625
1977	3801	408
1979	4724	385
1981	3920	677
1984	4621	644
1984	4621	416
1990	2996	603
1992	3310	310
1999	2626	540
2002	2115	599
2003	2479	445
2004	3994	697
2007	2081	513
2008	2213	307
2010	2046	327
2011	2856	618
2011	2856	511
2013	2169	292
2018	1901	626
2019	3349	620
2021	1113	289
2023	2608	185
2029	3424	253
2029	3424	398
2030	1638	224
2030	1638	293
2031	1908	338
2032	2791	745
2033	1474	316
2034	4824	336
2035	2001	647
2036	3346	683
2036	3346	643
2037	4186	611
2037	4186	589
2041	11858	559
2041	11858	379
2041	11858	681
2043	989	279
2044	4913	984
2048	4579	321
2048	4579	748
2049	3467	357
2053	2878	575
2053	2878	427
2055	2751	506
2057	1817	585
2058	1588	287
2059	1805	308
2060	1835	211
2061	2893	527
2064	11110	653
2064	11110	156
2064	11110	203
2064	11110	560
2065	2342	734
2069	3628	919
2070	3388	735
2071	3032	804
2073	12840	359
2073	12840	383
2074	2688	715
2078	4207	311
2078	4207	325
2083	12458	368
2083	12458	432
2084	18013	510
2084	18013	436
2084	18013	343
2084	18013	200
2084	18013	291
2085	2860	570
2085	2860	529
2087	3060	943
2089	1916	550
2090	1903	563
2094	4907	1012
2096	1603	248
2097	2852	561
2097	2852	431
2098	1442	373
2099	5549	800
2099	5549	227
2100	3743	385
2100	3743	185
2104	2665	878
2105	3128	598
2105	3128	514
2108	3469	495
2108	3469	615
2111	1810	374
2113	17433	248
2113	17433	483
2113	17433	204
2113	17433	192
2113	17433	512
2113	17433	574
2114	16668	203
2114	16668	303
2114	16668	508
2114	16668	786
2114	16668	312
2120	2202	580
2121	3652	424
2121	3652	154
2121	3652	179
2123	3352	935
2124	1904	541
2129	1981	309
2130	3146	604
2132	9292	393
2132	9292	376
2132	9292	320
2134	4244	536
2134	4244	643
2136	2065	381
2137	2893	698
2139	5458	572
2141	2544	608
2142	2545	465
2143	2588	724
2144	2127	600
2145	6510	255
2145	6510	292
2145	6510	376
2146	1386	259
2148	1539	630
2149	2606	688
2151	1893	466
2152	2720	569
2154	1166	337
2157	1615	255
2158	1419	574
2159	7161	260
2159	7161	374
2159	7161	304
2162	4319	557
2162	4319	312
2164	2237	429
2164	2237	223
2165	2309	504
2166	2775	505
2167	1451	489
2170	4378	529
2170	4378	578
2172	3080	674
2173	3683	325
2173	3683	398
2174	2803	567
2177	4082	891
2178	1882	602
2179	1657	257
2186	3943	670
2186	3943	181
2186	3943	151
2187	2320	646
2190	3124	589
2192	2990	655
2193	1313	327
2194	3799	1010
2200	2256	542
2201	2274	400
2203	3262	1000
2204	2194	326
2206	1301	255
2207	1540	305
2208	1602	268
2209	2646	566
2213	1685	185
2217	3496	221
2217	3496	255
2217	3496	556
2218	4452	324
2218	4452	555
2219	2621	900
2223	2016	485
2227	2970	514
2228	2760	928
2229	3064	667
2229	3064	285
2232	2501	331
2233	4746	378
2239	2971	343
2240	1993	222
2246	2757	298
2247	2606	535
2249	2952	496
2251	3405	938
2252	1923	353
2254	1915	297
2256	2160	537
2257	5328	672
2257	5328	283
2257	5328	129
2259	2206	607
2260	2115	590
2262	3415	541
2263	3869	1216
2264	1955	690
2266	2132	347
2270	2662	690
2273	2185	593
2275	1439	521
2277	2250	401
2280	2451	353
2282	3414	545
2283	1094	530
2285	2712	698
2286	2809	399
2288	2419	241
2288	2419	488
2291	2692	604
2292	2821	653
2294	7450	290
2294	7450	605
2294	7450	619
2295	2176	284
2296	1967	545
2297	1915	400
2299	3869	582
2299	3869	534
2300	3694	577
2300	3694	547
2302	2037	484
2308	1461	472
2309	2416	339
2310	3039	302
2311	1539	559
2312	1810	205
2312	1810	257
2313	2745	580
2314	1706	516
2316	1839	584
2318	2999	379
2318	2999	255
2321	2109	183
2321	2109	171
2324	3011	802
2326	2444	560
2328	2761	530
2332	2877	561
2334	3842	672
2335	4146	602
2336	916	504
2342	1803	436
2343	2589	320
2343	2589	338
2347	1770	527
2351	1690	358
2352	3112	625
2353	1407	407
2355	1906	539
2356	1960	349
2357	2356	533
2367	2062	290
2368	2330	648
2370	1915	425
2371	2201	514
2372	2049	399
2379	1897	364
2384	1540	344
2392	2018	530
2393	2537	431
2395	3585	200
2397	3022	528
2397	3022	541
2398	1780	551
2399	1942	320
2402	3460	587
2404	2712	458
2408	2921	590
2413	4997	606
2413	4997	604
2414	3621	474
2414	3621	525
2423	1910	565
2425	3342	348
2425	3342	354
2427	4062	566
2427	4062	590
2429	3759	560
2429	3759	299
2430	2607	505
2432	1176	239
2434	2352	421
2440	1714	293
2442	2019	464
2444	1749	515
2447	1903	593
2450	3210	420
2450	3210	563
2459	2177	300
2461	2427	322
2463	1860	215
2465	2988	510
2468	2024	180
2468	2024	342
2469	3015	496
2469	3015	185
2472	2778	472
2472	2778	485
2473	1925	353
2474	3586	212
2474	3586	553
2474	3586	155
2475	2946	267
2475	2946	399
2478	3503	417
2479	2275	360
2481	1840	401
2482	1901	286
2483	3169	500
2483	3169	535
2492	1652	419
2493	3086	488
2493	3086	480
2497	2900	310
2498	2180	222
2500	2265	569
2505	2885	287
2507	1950	360
2510	3401	509
2516	2123	310
2517	2460	530
2523	2126	271
2524	2326	526
2526	1563	304
2527	3016	791
2528	2276	565
2529	2760	328
2530	3001	720
2533	3309	608
2533	3309	516
2534	2339	486
2539	2597	240
2539	2597	482
2542	2316	455
2547	3148	600
2548	2407	418
2550	2237	679
2552	1765	326
2555	2307	602
2557	1162	299
2562	2055	408
2564	2009	330
2567	2276	458
2571	1518	286
2571	1518	319
2572	1758	501
2573	3299	463
2573	3299	493
2578	3448	261
2578	3448	450
2582	2580	336
2583	1713	237
2584	1569	238
2585	3187	528
2586	3168	221
2586	3168	464
2587	1976	547
2589	3253	552
2591	2207	451
2593	2391	461
2595	2138	237
2596	2112	404
2596	2112	178
2598	3581	547
2600	1515	368
2601	2153	280
2603	1789	575
2605	2880	200
2608	3998	595
2609	2339	540
2610	1273	436
2612	2030	331
2615	2167	311
2617	2641	331
2617	2641	333
2620	3060	414
2622	2672	294
2626	1401	222
2627	2150	298
2628	1296	319
2633	1988	708
2634	2147	236
2638	1657	325
2640	1997	233
2641	1118	287
2643	1809	239
2647	1961	318
2658	2644	313
2659	1817	333
2661	2307	518
2663	3358	291
2664	1962	297
2668	2512	388
2668	2512	279
2669	1988	285
2673	2095	483
2677	1897	377
2680	1761	346
2684	2231	335
2688	1692	299
2689	2419	314
2689	2419	258
2690	1205	215
2691	2473	439
2692	2716	551
2693	2466	377
2693	2466	331
2697	1330	257
2698	1658	323
2699	1435	268
2708	1961	267
2708	1961	226
2709	2630	358
2710	2060	360
2711	3409	284
2711	3409	320
2713	1715	279
2714	2759	560
2718	3195	505
2718	3195	185
2720	2170	488
2721	1096	335
2722	2231	318
2725	2644	543
2727	1597	211
2728	2663	318
2728	2663	200
2732	3355	543
2732	3355	372
2733	2142	345
2737	2968	480
2738	1938	339
2741	1865	280
2745	2377	185
2747	1386	245
2748	2090	390
2748	2090	280
2752	1428	309
2755	1854	323
2758	4950	718
2758	4950	813
2759	2009	316
2762	1566	326
2767	1865	500
2770	3059	515
2772	1406	430
2776	1979	403
2777	1752	307
2780	1040	252
2782	1615	215
2785	1708	313
2786	3194	290
2788	1175	346
2790	2326	502
2791	2113	366
2793	1582	222
2794	2229	273
2794	2229	369
2798	1954	331
2802	2093	179
2802	2093	308
2804	2567	457
2804	2567	486
2805	2540	583
2808	3036	274
2808	3036	495
2809	1614	335
2810	2273	299
2811	1449	274
2816	2600	452
2818	1844	349
2818	1844	244
2819	2424	259
2823	2070	398
2823	2070	456
2828	1212	424
2830	2090	259
2831	1353	256
2835	1299	227
2838	2213	338
2844	1536	254
2846	2283	546
2849	1244	238
2850	1030	337
2863	2111	509
2864	1398	292
2867	1681	567
2868	2866	379
2868	2866	347
2869	2017	598
2871	2848	206
2871	2848	321
2874	1838	323
2879	2547	559
2883	5130	546
2887	1451	211
2888	1940	311
2890	1036	451
2891	2564	542
2895	1238	317
2896	899	298
2897	1691	378
2904	2192	370
2906	1145	318
2908	2211	300
2909	1299	186
2909	1299	202
2910	3031	328
2910	3031	335
2913	2932	729
2914	1272	321
2916	2017	370
2917	1976	226
2917	1976	336
2923	2336	300
2923	2336	325
2925	1942	352
2928	1847	319
2930	2228	347
2935	5322	312
2936	2553	316
2936	2553	471
2938	2085	289
2939	2058	321
2939	2058	235
2942	2372	272
2942	2372	350
2944	1324	274
2945	3944	260
2945	3944	799
2948	2307	500
2950	1615	206
2955	1947	238
2960	2157	572
2963	1817	356
2971	2292	506
2975	1688	390
2976	2481	664
2977	4632	451
2977	4632	552
2983	2111	351
2983	2111	332
2984	1955	307
2986	1467	185
2987	2908	479
2989	1771	324
2989	1771	307
2991	4082	467
2991	4082	616
2992	1835	506
2993	2661	534
2999	2786	536
3000	1658	327
3000	1658	254
3004	3333	719
3007	1464	437
3010	1800	627
3011	2325	605
3012	3582	541
3013	1563	185
3015	2325	330
3015	2325	379
3018	2456	211
3018	2456	181
3019	1761	489
3020	2021	514
3021	2974	543
3026	2295	510
3027	2070	345
3028	2310	410
3031	1752	255
3039	2037	255
3040	2553	169
3040	2553	677
3043	2495	327
3049	1553	462
3052	4063	803
3053	2616	463
3054	2954	608
3056	3149	485
3056	3149	515
3058	1519	556
3063	1473	410
3069	1490	515
3073	1827	330
3074	2787	592
3076	2746	225
3076	2746	665
3081	2023	600
3082	2527	366
3082	2527	400
3083	3815	515
3084	1593	297
3087	1412	254
3089	2998	434
3092	1599	570
3093	2377	388
3094	1475	240
3098	1751	363
3099	3136	490
3100	1786	330
3102	3196	402
3104	2887	596
3105	3542	509
3105	3542	382
3106	3657	536
3107	3014	518
3107	3014	210
3108	3077	311
3109	1377	486
3110	2202	374
3110	2202	398
3111	1844	579
3114	1818	270
3115	1947	547
3119	3873	855
3121	2514	474
3121	2514	185
3124	1263	308
3125	4733	503
3125	4733	446
3127	1997	414
3129	2240	292
3129	2240	291
3131	2612	498
3132	1682	185
3133	2083	375
3136	2068	505
3140	3242	420
3140	3242	462
3141	4413	327
3142	2865	633
3146	2140	519
3148	1636	540
3151	3196	526
3151	3196	432
3157	4097	390
3158	2122	426
3159	1504	188
3159	1504	198
3165	3559	809
3167	3119	792
3168	3597	488
3168	3597	360
3169	3192	570
3170	2058	283
3171	2334	194
3171	2334	490
3175	2674	482
3176	1587	541
3179	2508	431
3180	1681	322
3183	1791	520
3187	2439	564
3189	2140	532
3191	3141	543
3193	936	280
3194	2122	506
3195	3281	682
3197	2217	466
3198	2445	583
3200	2360	584
3201	2554	754
3203	2554	476
3204	3343	411
3204	3343	521
3205	3703	597
3206	959	378
3211	1467	460
3217	2740	443
3217	2740	371
3219	3670	611
3220	5156	587
3220	5156	462
3226	3249	553
3227	1373	486
3228	2468	580
3229	2092	369
3230	3409	664
3232	2557	631
3234	3137	243
3236	3057	593
3244	3059	625
3246	2735	605
3247	1508	407
3248	2933	486
3248	2933	479
3250	5070	541
3250	5070	544
3255	2208	443
3256	2851	349
3260	2102	605
3266	1513	505
3267	1541	591
3268	2663	329
3270	1703	590
3275	2361	211
3281	2974	537
3284	1697	324
3285	2580	515
3291	2131	302
3292	2168	521
3296	3669	394
3298	1566	352
3299	2246	595
3301	3950	696
3303	4948	551
3310	1366	376
3312	3978	649
3312	3978	341
3313	3792	713
3317	3193	761
3320	1343	302
3322	2354	420
3322	2354	552
3327	3592	448
3327	3592	420
3331	1315	330
3332	4789	220
3332	4789	344
3334	2329	380
3335	3315	523
3335	3315	309
3338	2304	490
3342	2811	355
3342	2811	226
3343	2250	261
3343	2250	406
3344	2940	500
3345	2198	516
3345	2198	399
3347	1841	362
3351	1958	410
3352	3637	387
3353	2938	386
3353	2938	254
3355	1000	249
3357	1893	512
3365	1432	346
3369	1690	246
3371	3080	573
3376	2476	508
3376	2476	346
3380	2709	435
3387	3190	544
3388	2872	312
3394	2776	303
3394	2776	373
3395	1437	200
3396	3746	243
3396	3746	563
3401	2164	406
3405	2163	662
3407	4036	545
3407	4036	507
3408	1240	343
3412	3901	631
3414	3598	366
3418	1443	295
3420	2695	746
3422	4570	586
3423	1928	346
3427	2163	266
3430	4836	592
3430	4836	395
3432	1570	542
3436	2493	526
3437	2495	555
3438	1546	410
3440	1850	392
3448	1972	499
3451	2521	185
3453	2675	613
3463	1427	353
3464	1720	374
3471	1554	600
3473	4143	610
3477	2174	566
3479	1015	237
3483	1709	426
3485	2812	676
3489	2866	497
3491	2295	185
3500	1465	358
3502	4064	392
3506	2584	369
3512	1553	211
3514	3822	227
3517	1987	613
3518	3294	342
3518	3294	391
3519	2654	469
3521	2863	761
3522	2834	383
3522	2834	549
3523	1549	541
3525	2331	592
3529	2954	820
3533	1602	341
3536	3234	505
3545	4025	447
3549	3281	585
3550	2517	360
3551	2183	627
3553	1903	480
3558	1432	581
3559	1168	388
3560	2512	356
3561	2256	537
3562	2287	265
3569	2004	413
3571	2401	427
3572	2226	596
3576	2610	143
3576	2610	211
3577	3678	528
3577	3678	547
3585	3800	574
3585	3800	511
3587	2102	513
3588	1996	613
3590	1833	539
3596	2720	362
3601	2850	503
3601	2850	341
3606	1844	542
3609	1946	502
3610	4495	600
3610	4495	645
3613	2920	587
3616	1980	422
3617	2693	759
3621	2479	797
3625	2788	494
3626	1898	363
3627	1347	495
3629	2716	487
3631	1714	487
3632	2892	527
3633	1713	185
3635	1957	308
3635	1957	306
3638	3831	605
3638	3831	470
3639	2427	238
3640	1753	475
3641	2179	358
3642	2154	407
3643	2540	528
3649	5460	622
3649	5460	620
3650	2105	430
3651	2238	551
3652	1586	336
3653	2089	608
3662	2655	536
3667	1574	324
3669	2566	546
3670	1390	342
3672	2220	185
3674	1863	342
3678	2067	324
3678	2067	322
3679	1756	620
3691	2407	380
3695	2234	572
3703	2760	458
3704	1886	261
3705	3308	471
3705	3308	395
3707	1831	576
3710	2374	341
3711	2390	528
3718	2337	353
3719	1077	491
3720	1698	461
3721	1469	342
3722	1729	407
3727	3460	533
3727	3460	284
3728	1940	309
3729	2287	185
3731	1411	567
3732	1659	341
3734	4820	564
3734	4820	505
3736	2012	391
3737	2581	618
3740	1630	346
3742	1733	215
3744	3341	501
3745	1976	326
3748	3350	291
3748	3350	184
3748	3350	223
3750	2122	289
3750	2122	196
3753	2109	507
3754	1573	333
3755	1800	306
3758	3917	343
3759	2055	314
3760	1835	211
3761	2409	259
3765	2185	195
3765	2185	308
3769	2217	229
3771	1568	303
3778	2223	355
3779	2749	211
3782	1716	243
3785	1700	244
3787	1387	292
3790	1030	321
3793	1703	501
3794	1497	260
3797	2168	179
3797	2168	120
3803	1690	227
3806	1511	338
3809	3320	347
3811	3780	339
3814	2719	300
3814	2719	328
3815	3636	358
3818	2287	329
3820	3470	379
3820	3470	383
3824	1830	375
3825	2567	287
3826	3482	155
3828	3578	298
3828	3578	399
3829	2552	310
3831	3281	500
3831	3281	266
3835	3395	531
3835	3395	447
3838	2154	514
3841	1924	472
3846	3357	559
3848	1532	323
3848	1532	215
3850	1881	339
3851	3692	739
3852	3090	531
3853	2071	449
3856	1621	350
3857	2246	492
3858	1900	334
3858	1900	253
3865	1446	296
3870	1816	414
3871	1508	307
3872	2338	341
3875	2886	718
3876	1892	439
3877	2087	350
3878	1754	227
3880	2802	501
3882	2182	437
3884	4250	297
3885	3046	839
3890	1611	259
3892	2537	455
3894	1833	200
3894	1833	221
3901	3254	343
3907	2151	499
3913	2518	339
3916	2157	291
3918	1894	336
3921	2322	458
3924	14925	393
3924	14925	325
3924	14925	511
3924	14925	787
3924	14925	420
3924	14925	384
3930	1601	211
3935	1791	227
3935	1791	261
3937	1427	362
3938	1770	458
3940	3292	233
3941	7656	845
3942	2194	523
3943	2721	518
3945	1836	237
3947	2290	492
3951	1148	503
3952	2057	778
3954	3934	434
3956	1952	473
3957	2198	378
3958	2005	266
3960	1579	491
3961	2420	422
3964	4014	524
3964	4014	523
3965	2154	552
3967	1660	258
3971	3179	803
3972	2015	491
3975	1289	282
3977	2779	517
3977	2779	532
3982	2915	595
3984	3135	635
3987	3664	542
3994	2477	429
3998	2707	493
4003	4146	536
4003	4146	577
4005	2838	441
4008	2703	561
4011	2268	542
4012	4300	725
4026	1755	293
4027	2713	637
4030	1533	414
4031	2293	524
4033	6169	357
4035	3646	693
4036	3275	569
4038	3878	533
4038	3878	573
4039	6426	373
4039	6426	578
4040	3358	421
4046	3454	627
4047	1609	519
4051	1372	211
4052	2650	446
4054	2844	422
4063	1749	400
4067	3041	596
4070	3043	529
4071	1811	433
4074	2246	185
4076	3035	197
4076	3035	527
4082	2832	626
4084	3076	610
4086	2442	391
4089	4674	594
4090	1457	298
4091	2445	545
4093	4241	378
4093	4241	608
4094	2044	507
4095	1798	539
4097	2742	512
4097	2742	415
4102	2552	391
4104	3400	382
4104	3400	249
4105	3884	591
4109	2053	553
4110	3027	587
4112	5652	563
4112	5652	467
4116	1308	537
4117	2946	517
4120	2821	605
4122	2539	206
4124	1834	621
4129	2057	244
4130	2608	640
4131	904	326
4133	3971	508
4134	2067	470
4135	2852	842
4137	4116	562
4139	2275	597
4146	6897	494
4150	2044	560
4154	2285	185
4155	1719	227
4158	2432	200
4159	3486	820
4160	1525	522
4166	2094	470
4166	2094	346
4167	3152	496
4169	2432	527
4171	1803	486
4173	2141	566
4174	1547	390
4176	2909	500
4179	1753	530
4185	2887	694
4187	3627	185
4187	3627	565
4188	1906	291
4200	2262	200
4206	2792	516
4207	2332	514
4210	3721	500
4210	3721	447
4215	5163	416
4215	5163	514
4215	5163	488
4216	696	342
4219	2039	645
4224	1797	185
4226	1811	483
4227	1639	295
4228	1279	298
4229	3258	389
4229	3258	525
4230	1300	327
4231	4819	705
4231	4819	642
4232	2573	469
4232	2573	297
4234	1952	442
4242	2090	320
4245	2099	524
4246	1926	302
4248	2022	471
4250	3011	238
4252	2022	563
4254	1967	431
4257	4327	730
4257	4327	504
4260	3270	528
4263	1171	267
4266	1857	266
4267	1852	377
4270	2236	204
4270	2236	370
4271	2128	339
4272	1997	481
4273	3052	206
4273	3052	510
4274	2205	530
4275	2867	292
4277	2051	267
4277	2051	194
4280	1988	394
4281	1665	350
4282	2296	451
4284	3218	608
4287	2434	476
4290	3386	600
4296	1980	492
4299	1894	255
4302	2073	371
4304	1764	307
4305	1945	282
4306	2330	561
4308	2332	454
4314	2228	330
4317	3002	388
4317	3002	344
4320	1120	344
4321	2059	299
4322	2491	257
4322	2491	331
4328	2028	525
4333	1563	271
4334	2339	536
4335	1938	363
4336	2694	393
4338	2954	319
4339	1604	506
4340	2043	185
4341	3122	396
4342	1972	200
4343	1960	551
4347	2537	343
4348	1137	340
4349	2444	570
4350	1488	421
4352	2138	299
4352	2138	333
4355	951	282
4356	1453	185
4360	1579	400
4367	912	232
4371	1981	371
4372	1343	496
4375	1231	400
4379	3349	561
4379	3349	625
4382	1491	496
4383	1646	510
4384	1772	414
4386	3179	628
4387	2042	231
4387	2042	466
4388	3036	471
4388	3036	317
4390	1520	498
4391	1489	348
4392	2408	227
4393	1411	334
4394	2749	372
4397	3129	683
4398	3687	569
4398	3687	431
4401	1448	472
4402	1563	563
4403	1575	581
4404	2188	655
4405	1541	522
4409	2112	575
4416	1344	261
4417	3069	818
4418	3077	509
4418	3077	479
4419	2447	482
4420	1934	584
4421	3057	326
4424	2580	550
4434	2170	646
4435	3004	349
4438	2785	471
4440	2995	609
4443	1568	280
4445	1967	279
4446	1950	527
4447	2028	550
4451	2974	189
4451	2974	225
4457	2822	586
4458	3261	411
4458	3261	510
4460	2571	442
4461	1805	519
4465	2562	386
4467	1859	529
4468	2224	456
4469	3571	591
4470	2227	539
4471	2754	479
4471	2754	447
4472	3020	376
4474	3666	379
4475	3030	331
4475	3030	331
4476	1261	530
4478	1534	348
4481	3883	577
4481	3883	339
4482	1752	312
4482	1752	214
4483	1583	567
4484	1525	490
4486	3014	711
4491	1997	604
4494	1879	466
4496	3672	611
4496	3672	513
4500	2367	589
4504	1734	463
4506	1542	185
4511	1520	364
4512	2404	200
4517	2637	488
4518	2170	347
4519	2962	484
4521	1613	305
4522	1670	325
4524	2251	331
4524	2251	261
4525	2309	359
4529	2944	520
4532	2078	506
4532	2078	264
4533	930	200
4534	1840	592
4537	1818	356
4541	2847	369
4542	1899	539
4543	2674	200
4544	3121	421
4544	3121	527
4546	2663	616
4547	2472	541
4555	2005	257
4556	3149	411
4557	2159	639
4558	2554	596
4563	2910	649
4565	1953	474
4566	2582	261
4568	1629	248
4570	3747	525
4572	2292	286
4574	2357	390
4575	2032	371
4576	2537	297
4576	2537	352
4577	3771	377
4578	2661	631
4588	1691	469
4590	2676	683
4591	1847	371
4594	1964	293
4596	2333	512
4598	1621	452
4600	2150	320
4602	1199	287
4604	1208	232
4611	2902	368
4612	2237	517
4613	2767	198
4613	2767	483
4614	1831	264
4614	1831	249
4615	2563	624
4616	3181	392
4616	3181	429
4617	3659	645
4620	2329	837
4623	1735	365
4624	1593	310
4633	3373	358
4638	3114	380
4638	3114	290
4639	3332	494
4643	2389	325
4645	2571	301
4645	2571	345
4650	3545	420
4650	3545	463
4652	2618	387
4658	2683	493
4659	2352	571
4660	2507	499
4664	1854	393
4665	2388	528
4667	2357	330
4672	2641	550
4674	2150	383
4675	3267	542
4676	3678	331
4676	3678	413
4682	2509	447
4682	2509	342
4685	3138	385
4685	3138	251
4688	2562	332
4689	3200	500
4690	2345	367
4693	2770	555
4694	3045	411
4698	2231	513
4700	2921	533
4701	3245	458
4701	3245	334
4705	3017	702
4707	1894	262
4707	1894	210
4713	2172	426
4716	2379	194
4716	2379	383
4717	3759	600
4721	2705	332
4721	2705	249
4727	3859	508
4728	2992	359
4728	2992	382
4729	1330	266
4730	1897	548
4731	2355	366
4733	1935	461
4734	1957	514
4735	1247	249
4736	1267	408
4737	1813	280
4739	2492	392
4742	3323	565
4747	2694	545
4749	1317	230
4750	2132	338
4752	2140	252
4752	2140	297
4753	2309	643
4755	2413	254
4756	2742	440
4758	2236	572
4760	3113	390
4760	3113	409
4766	1949	518
4769	3142	849
4770	1835	550
4774	1229	458
4778	1946	222
4782	1825	511
4788	3208	528
4788	3208	500
4794	3019	872
4797	2468	518
4800	2076	185
4803	1914	435
4804	2234	400
4807	2578	347
4808	2563	283
4812	1791	279
4817	2722	366
4820	1823	416
4822	3174	385
4823	2397	247
4824	1678	799
4826	2539	779
4828	2577	538
4831	3066	541
4831	3066	180
4835	1759	424
4837	951	280
4838	1712	289
4838	1712	253
4844	2862	360
4847	1790	345
4848	2845	347
4849	1999	233
4853	3215	577
4855	1592	544
4856	3765	530
4864	1931	488
4865	2050	267
4870	3427	570
4871	1934	345
4873	1723	364
4875	2462	426
4876	3028	248
4877	2381	529
4878	2831	193
4878	2831	631
4879	2427	350
4882	1558	185
4883	2367	512
4886	3644	370
4886	3644	231
4890	2067	251
4891	2934	316
4893	2791	678
4896	2532	385
4901	3395	570
4901	3395	311
4903	1457	509
4907	1467	350
4912	2297	384
4913	3358	532
4913	3358	259
4914	3643	497
4915	2964	649
4916	2297	361
4917	3276	599
4922	2644	564
4922	2644	185
4923	3335	416
4925	1666	379
4928	3477	630
4930	2772	321
4930	2772	522
4932	2485	449
4937	2390	249
4944	2449	721
4945	2435	225
4945	2435	351
4948	3615	572
4950	2317	575
4951	1701	401
4952	2886	484
4955	2387	586
4960	3134	264
4961	2873	498
4962	1738	499
4965	1637	455
4967	2943	509
4971	1795	442
4972	2377	432
4975	2855	497
4975	2855	532
4978	1908	309
4986	2083	310
4988	1210	436
4993	2077	458
4993	2077	483
5000	2283	317
5001	3606	546
5001	3606	508
5006	1496	459
5007	3177	668
5011	2237	397
5017	943	200
5019	3637	476
5019	3637	326
5020	2247	548
5021	1783	318
5023	1948	343
5031	1560	243
5034	2765	520
5038	3303	475
5038	3303	305
5041	2332	778
5043	1313	395
5046	2489	491
5046	2489	343
5048	2950	704
5053	1808	556
5054	1908	698
5055	2475	290
5057	1351	443
5059	3227	279
5061	2773	287
5061	2773	488
5079	3058	520
5081	2065	652
5084	2504	605
5085	1559	274
5088	3414	419
5088	3414	406
5090	3285	238
5090	3285	373
5091	3020	562
5091	3020	274
5092	1756	361
5098	1319	311
5099	2694	339
5103	2317	488
5103	2317	223
5107	1736	372
5109	3074	353
5109	3074	322
5111	2079	407
5112	2351	493
5117	1059	273
5118	3148	654
5134	3125	300
5136	2924	623
5136	2924	185
5137	1560	315
5139	3096	401
5139	3096	591
5141	3746	472
5141	3746	456
5143	1692	348
5145	806	283
5146	3025	412
5147	2066	343
5151	1659	185
5153	1976	329
5157	1983	514
5158	3582	370
5158	3582	443
5159	2575	541
5160	1636	456
5161	2480	612
5163	1609	185
5164	1489	276
5166	2101	254
5168	2912	578
5170	902	235
5170	902	205
5173	2788	380
5176	1496	200
5179	1701	561
5183	1987	558
5187	2659	316
5187	2659	199
5187	2659	173
5188	1754	291
5206	2291	520
5208	2122	541
5212	1199	185
5213	2100	780
5221	1017	415
5222	3950	542
5222	3950	483
5223	2006	462
5225	1756	519
5230	1910	570
5237	3457	709
5244	1797	243
5248	2450	259
5249	1841	287
5250	1584	537
5251	1152	490
5260	1559	249
5260	1559	272
5267	945	227
5270	3543	828
5272	2121	185
5273	2251	515
5275	2036	585
5277	3629	567
5277	3629	526
5285	1534	275
5286	1515	362
5287	1973	356
5288	2556	542
5293	3523	533
5293	3523	575
5296	2532	667
5297	1336	428
5298	2082	238
5301	1705	469
5305	2341	582
5306	1823	554
5308	2649	416
5308	2649	425
5310	3532	553
5310	3532	610
5314	3686	784
5314	3686	181
5326	1975	329
5330	3500	926
5332	3168	471
5339	1693	531
5342	1594	403
5345	1922	493
5346	1236	373
5349	1946	591
5351	2102	580
5352	734	386
5353	900	444
5356	2422	551
5357	2574	445
5360	1576	439
5363	2488	542
5364	2906	846
5365	1377	478
5368	1791	556
5371	1412	444
5373	1790	486
5375	1454	507
5376	2000	586
5377	1381	260
5380	1678	501
5383	1964	504
5386	2600	420
5388	2495	603
5392	2973	567
5392	2973	441
5393	1916	233
5395	2434	426
5395	2434	195
5396	3355	438
5396	3355	645
5397	2416	287
5399	1362	254
5400	1391	389
5407	2553	642
5409	1685	472
5410	2641	499
5411	2679	478
5417	2783	406
5417	2783	545
5419	2508	544
5421	1070	318
5424	1183	415
5432	2639	419
5434	1431	551
5437	2053	360
5439	2280	177
5439	2280	449
5443	5458	615
5443	5458	289
5444	3611	422
5447	5704	360
5447	5704	485
5449	5722	627
5449	5722	644
5463	3455	642
5464	6063	330
5471	4832	575
5471	4832	489
5472	3270	839
5473	1824	580
5474	1593	537
5476	4339	570
5477	1498	453
5478	2858	402
5482	1885	181
5485	4127	601
5487	1772	385
5488	2137	527
5491	3914	490
5491	3914	264
5494	2850	351
5496	4092	601
5496	4092	577
5497	3794	524
5503	1745	616
5504	2180	346
5504	2180	242
5507	2521	346
5509	2068	532
5512	2731	615
5513	1729	372
5516	2349	413
5519	2400	661
5520	1821	491
5523	2118	331
5527	2225	565
5528	3441	565
5531	4314	539
5532	1841	226
5533	2387	524
5534	3007	606
5536	1566	322
5537	3910	792
5539	3069	689
5540	1506	302
5542	2290	238
5543	1602	329
5544	2199	537
5546	3086	547
5547	4110	613
5547	4110	585
5549	2786	301
5549	2786	327
5551	2870	428
5552	2463	316
5556	2001	371
5558	3039	375
5558	3039	333
5560	1124	523
5562	2150	488
5565	2409	346
5566	2049	334
5567	2246	433
5568	1629	353
5569	1953	345
5570	1444	243
5571	2518	338
5575	1565	440
5576	1810	387
5578	2966	626
5579	1968	416
5584	2288	317
5585	1814	363
5592	2096	506
5593	2384	571
5593	2384	332
5595	6953	567
5596	1092	200
5601	2572	776
5603	1504	274
5605	2062	308
5605	2062	235
5608	2263	567
5609	2783	705
5610	2200	254
5611	7557	273
5611	7557	475
5614	2674	510
5615	1196	286
5618	6653	389
5618	6653	326
5618	6653	320
5619	3393	421
5621	1204	296
5624	1727	157
5624	1727	171
5626	2925	871
5629	4082	523
5629	4082	508
5633	1270	452
5634	2917	797
5637	2163	326
5637	2163	327
5642	1389	356
5643	3304	537
5643	3304	273
5644	2094	559
5648	2339	564
5649	2207	513
5652	2699	609
5654	3839	575
5654	3839	689
5656	1608	125
5656	1608	168
5658	3130	578
5660	1194	256
5662	1683	490
5665	1528	185
5666	1669	432
5668	7269	528
5668	7269	387
5670	1391	419
5671	2199	689
5673	2725	585
5675	3664	512
5675	3664	594
5676	2530	551
5682	5743	626
5682	5743	551
5683	2958	913
5687	3360	565
5691	7673	488
5691	7673	516
5691	7673	239
5691	7673	436
5691	7673	172
5692	2119	541
5693	3282	523
5693	3282	527
5696	3927	126
5696	3927	403
5699	1880	512
5701	1925	283
5703	1438	579
5705	1766	517
5708	3003	584
5710	2098	605
5712	3257	592
5714	1118	297
5716	1272	386
5717	4596	579
5719	6374	386
5719	6374	884
5720	3162	1240
5722	3025	612
5726	1910	554
5729	1868	280
5730	3142	671
5733	2603	479
5733	2603	518
5734	2870	663
5735	2499	409
5738	2502	650
5743	4655	926
5743	4655	764
5744	1590	349
5745	3544	654
5746	2881	843
5748	2795	612
5749	1902	562
5750	5930	327
5750	5930	509
5754	2301	520
5755	1787	424
5756	4350	713
5757	5397	846
5759	4300	1002
5760	3146	817
5765	2575	500
5767	2277	605
5768	2063	555
5769	3347	211
5774	2499	628
5775	2902	974
5782	3235	487
5784	2141	582
5787	1159	262
5788	4091	719
5789	1482	406
5790	2627	669
5792	2444	200
5798	5013	640
5800	2868	429
5804	4811	1003
5805	1602	158
5805	1602	157
5808	2307	570
5810	5650	564
5815	4841	832
5816	1908	559
5817	3775	598
5818	3466	913
5820	1945	299
5822	2318	303
5824	3725	620
5824	3725	555
5825	3741	1002
5830	1605	598
5834	2257	586
5838	2753	360
5838	2753	377
5839	1990	729
5840	4338	491
5840	4338	630
5841	3953	287
5841	3953	256
5842	4006	645
5842	4006	571
5843	1591	261
5843	1591	185
5849	2910	587
5850	1881	639
5854	1573	496
5855	2644	227
5855	2644	375
5857	3012	620
5858	1532	593
5862	1128	336
5863	2526	702
5865	1600	453
5866	5875	555
5866	5875	507
5869	1947	556
5870	1427	526
5871	1910	604
5872	5131	580
5875	1202	475
5876	7796	662
5879	6180	361
5879	6180	386
5881	1978	614
5882	1550	539
5884	3210	630
5892	1413	424
5896	2408	593
5897	2440	317
5898	4757	374
5901	1636	401
5902	2232	408
5904	3358	604
5910	2252	364
5911	2237	531
5912	2025	587
5913	4071	404
5916	3699	534
5916	3699	460
5920	4268	952
5921	3843	556
5926	2553	413
5932	5546	662
5941	2846	571
5945	2232	542
5948	2654	335
5949	3788	595
5950	2492	284
5951	1611	550
5952	3064	442
5954	2202	452
5955	2467	371
5955	2467	364
5957	997	129
5958	1693	564
5962	4686	352
5964	4163	518
5965	3451	394
5965	3451	612
5967	3658	942
5970	2423	574
5971	4837	588
5971	4837	533
5972	3560	599
5972	3560	377
5973	3801	860
5976	2479	568
5977	2286	527
5983	1365	339
5985	1512	323
5987	2684	688
5990	1845	479
5991	1304	318
5992	2363	801
5993	1751	336
5997	4077	894
6004	3003	274
6007	4352	582
6007	4352	270
6011	3222	506
6012	868	318
6015	3061	558
6017	2297	580
6021	2493	508
6022	3526	600
6022	3526	397
6025	1565	448
6028	2035	545
6029	2918	543
6033	3485	647
6034	2647	372
6035	2229	326
6038	2367	548
6041	3666	561
6043	1566	599
6046	3659	538
6046	3659	539
6047	4230	889
6054	2482	537
6056	3669	864
6057	1905	578
6058	1855	339
6059	2183	622
6065	1981	534
6066	1815	397
6068	1270	243
6072	1677	200
6073	1483	488
6075	2666	261
6075	2666	481
6078	2208	438
6079	2305	552
6080	2886	513
6081	3744	558
6082	2924	490
6083	1272	222
6087	2911	595
6089	2127	247
6089	2127	374
6092	2910	556
6092	2910	446
6093	2490	551
6094	981	372
6095	4209	662
6095	4209	447
6097	2866	701
6099	1115	266
6100	2791	819
6101	1209	336
6102	1562	346
6103	1951	397
6109	1632	521
6111	3956	507
6112	2349	365
6112	2349	288
6114	1545	248
6115	2750	831
6116	2441	429
6117	2154	587
6122	3853	559
6124	2826	428
6125	2786	464
6125	2786	335
6127	1696	235
6127	1696	184
6129	2955	430
6131	2932	573
6133	2474	471
6135	3584	530
6135	3584	582
6136	2038	477
6138	1915	385
6142	1747	285
6145	1686	250
6148	1706	485
6150	1452	423
6151	2298	543
6156	2332	454
6158	1220	268
6160	2102	491
6164	1942	555
6166	1223	512
6168	2585	495
6169	3955	519
6169	3955	569
6172	2070	563
6173	2538	482
6174	2202	469
6176	1700	454
6177	2450	552
6178	2416	580
6182	1263	269
6189	2024	528
6191	3903	584
6192	2467	536
6193	3642	736
6194	1929	267
6195	1394	167
6195	1394	188
6198	1623	338
6199	1979	299
6201	2948	903
6205	3581	503
6205	3581	362
6208	2129	288
6208	2129	297
6210	2966	593
6212	1714	231
6212	1714	174
6213	2089	361
6214	1237	436
6217	2506	365
6217	2506	357
6218	2535	567
6222	1531	188
6222	1531	323
6225	2818	334
6226	2405	709
6229	3099	537
6229	3099	407
6230	2817	493
6232	3580	731
6233	4328	570
6235	1530	301
6238	2116	493
6241	1405	349
6243	2232	369
6246	2972	511
6246	2972	563
6249	2145	300
6249	2145	299
6250	2368	291
6252	1617	380
6253	2754	339
6253	2754	334
6257	3907	397
6257	3907	329
6258	2089	501
6267	2653	483
6273	962	362
6276	1957	424
6278	1539	311
6279	1888	510
6280	1240	289
6281	3449	565
6285	1265	215
6288	2372	353
6288	2372	297
6289	1731	297
6290	2329	285
6293	1492	238
6294	3133	581
6295	1830	410
6296	1220	291
6298	1911	368
6299	1893	418
6303	3469	494
6304	2204	268
6305	2397	336
6307	2281	488
6308	2660	374
6313	1937	226
6320	2434	372
6321	1635	363
6325	1547	309
6326	2419	359
6328	2430	581
6330	3678	558
6331	1361	253
6332	1550	317
6333	2128	244
6335	1559	255
6336	1455	184
6336	1455	154
6337	1049	307
6341	3313	420
6343	4348	542
6345	3301	549
6346	2167	548
6347	3272	206
6350	2102	326
6352	2818	478
6353	3144	368
6353	3144	261
6355	1867	512
6357	2890	548
6361	2129	259
6362	1632	337
6364	1768	337
6367	2699	200
6368	2445	322
6368	2445	329
6371	2654	502
6372	1992	426
6373	2123	538
6374	1981	478
6379	1444	323
6380	2545	570
6381	3122	527
6389	1728	348
6390	1592	356
6391	2019	356
6394	1453	222
6402	1656	369
6403	2471	560
6411	4258	368
6411	4258	542
6414	2010	331
6416	2289	448
6416	2289	169
6417	3786	469
6417	3786	573
6418	2110	568
6424	3073	577
6426	1735	369
6428	1905	374
6431	2356	326
6431	2356	205
6433	2748	513
6439	2245	651
6442	1557	206
6444	3977	587
6447	2730	235
6453	3111	663
6454	1705	439
6458	2380	686
6460	2833	594
6461	2992	494
6462	2988	593
6463	2145	529
6464	1930	380
6466	2231	522
6475	2774	148
6475	2774	156
6476	3840	535
6476	3840	568
6480	2332	548
6482	3664	462
6485	1929	406
6487	1520	520
6490	3101	490
6495	2600	509
6496	2960	447
6498	2649	592
6499	4665	470
6499	4665	593
6501	2027	489
6502	1699	549
6503	1679	442
6505	2996	598
6508	2244	572
6509	2049	564
6510	2583	383
6512	1659	505
6515	1933	310
6515	1933	231
6519	2825	150
6519	2825	520
6522	1958	412
6523	2007	399
6525	2155	552
6533	3259	478
6533	3259	261
6534	2160	185
6534	2160	266
6536	1632	383
6537	1850	527
6542	2203	315
6544	3565	603
6546	2933	487
6546	2933	403
6551	2503	495
6553	1867	678
6554	3759	785
6557	2819	592
6561	1754	525
6562	3893	291
6562	3893	802
6568	1752	560
6571	4497	539
6572	2278	420
6577	1945	544
6579	3579	727
6580	2094	306
6582	2123	476
6586	2261	373
6588	2108	435
6591	2792	543
6592	1808	575
6593	3259	607
6595	1317	430
6596	1917	545
6597	1815	529
6600	1882	394
6604	1817	675
6606	3238	472
6606	3238	511
6612	1367	289
6613	1585	463
6615	2700	565
6616	3214	500
6616	3214	517
6617	1979	449
6618	3444	447
6618	3444	599
6620	2685	597
6623	2561	469
6624	2686	616
6625	2959	254
6626	2264	373
6627	1826	454
6628	1612	292
6629	3599	520
6632	2592	551
6646	1807	493
6647	1691	528
6648	3133	551
6651	2373	353
6652	2128	575
6655	1439	336
6658	3423	496
6664	3566	200
6667	2468	198
6667	2468	328
6668	1943	291
6669	1846	442
6670	1953	497
6675	1877	357
6677	1958	389
6678	3354	278
6679	1617	263
6680	3161	529
6680	3161	209
6681	1381	298
6686	1739	528
6687	2234	328
6691	1960	263
6693	2051	352
6696	1285	463
6697	1707	468
6698	3953	285
6699	2774	446
6703	2092	268
6703	2092	320
6708	2822	464
6708	2822	457
6714	1064	285
6716	2069	516
6718	1502	185
6723	1788	293
6724	2113	522
6725	1860	474
6731	2706	484
6731	2706	479
6733	1293	313
6734	1596	419
6736	2322	493
6739	1989	319
6744	994	379
6746	3177	512
6747	2586	321
6751	1745	465
6755	1130	259
6756	2271	598
6759	1644	360
6761	1805	187
6761	1805	156
6763	1593	307
6764	1930	573
6766	2181	273
6767	2517	765
6768	1723	200
6771	1337	326
6775	2238	778
6776	3819	505
6776	3819	461
6780	2449	456
6780	2449	362
6784	1147	291
6788	3458	243
6791	2090	250
6792	2085	288
6792	2085	185
6793	3856	593
6794	3705	442
6794	3705	386
6795	1431	381
6798	1488	388
6801	1894	316
6809	2291	289
6812	1940	340
6816	1362	496
6821	1911	529
6822	2993	249
6830	1873	296
6830	1873	321
6831	2244	510
6832	2248	495
6833	1187	272
6840	1304	378
6846	1948	361
6851	1844	185
6852	1354	303
6861	2097	414
6863	1521	267
6864	2475	206
6866	1881	503
6868	2331	779
6869	3063	490
6872	2917	266
6873	2062	487
6875	1632	269
6876	1851	630
6877	1421	314
6878	1349	267
6880	2213	548
6883	1094	275
6886	1999	185
6889	1910	243
6889	1910	266
6892	1257	531
6897	2214	336
6899	1705	323
6899	1705	178
6900	2560	269
6900	2560	270
6903	3403	587
6904	1816	285
6907	1518	237
6909	3600	264
6914	1538	373
6917	1710	503
6920	1785	222
6921	1549	304
6922	1829	185
6925	3790	571
6925	3790	452
6928	3145	128
6928	3145	236
6931	2262	323
6931	2262	253
6933	2609	558
6938	1890	335
6939	2368	281
6939	2368	252
6940	5235	303
6947	2173	402
6951	1815	200
6951	1815	249
6953	2364	381
6954	1825	337
6955	2561	262
6957	3349	448
6957	3349	492
6963	1678	346
6966	1372	292
6968	1382	276
6971	2321	477
6977	2690	410
6981	1486	458
6982	2853	377
6983	2729	289
6983	2729	276
6986	1960	274
6988	1896	185
6989	1398	227
6990	967	432
6991	2650	205
6991	2650	228
6992	2070	307
6992	2070	185
6993	2188	487
6994	1970	426
6997	2934	566
6999	894	333
7001	3391	405
7006	2297	340
7007	2363	479
7008	1743	380
7011	1604	299
7012	1865	335
7013	3047	521
7013	3047	326
7014	2184	284
7014	2184	305
7015	3516	335
7015	3516	571
7016	2178	543
7019	1564	200
7025	1592	365
7028	1751	185
7029	2304	315
7033	2861	443
7033	2861	514
7034	2967	311
7034	2967	322
7037	2894	534
7038	2397	382
7042	1949	521
7043	1878	519
7046	3302	185
7046	3302	285
7049	1148	309
7050	1750	397
7052	3397	483
7052	3397	425
7054	1075	216
7057	2532	206
7060	2264	506
7061	3584	449
7064	2152	404
7065	2827	166
7065	2827	491
7070	2532	520
7071	735	270
7074	1673	506
7075	2809	407
7079	2051	222
7082	1508	493
7086	2465	220
7086	2465	377
7090	3985	406
7099	2802	507
7101	4319	185
7101	4319	526
7102	3050	541
7102	3050	122
7102	3050	127
7103	1772	469
7106	4116	487
7112	2135	567
7114	1829	385
7118	2501	624
7121	3743	475
7121	3743	478
7126	1151	312
7129	2810	380
7131	2179	471
7131	2179	471
7132	1652	244
7134	2304	284
7136	2224	364
7142	3041	470
7145	2693	505
7146	4038	601
7146	4038	550
7147	2075	296
7150	2233	612
7154	1621	373
7159	2021	258
7160	2580	532
7160	2580	513
7166	2167	470
7168	2693	513
7169	2134	543
7171	2496	559
7172	1972	535
7173	3074	279
7173	3074	223
7173	3074	402
7175	2013	194
7175	2013	344
7178	2685	413
7180	2408	465
7181	2328	320
7182	4088	327
7182	4088	307
7184	2140	391
7186	1979	517
7187	1986	421
7188	1933	441
7191	1716	480
7193	1386	428
7194	1788	211
7196	3031	456
7196	3031	481
7197	1389	614
7198	1922	656
7199	2311	517
7199	2311	552
7202	2191	511
7202	2191	226
7206	3242	467
7206	3242	516
7211	1952	502
7212	1634	396
7222	3290	449
7222	3290	477
7225	2313	593
7226	2334	605
7229	2143	623
7231	1364	421
7234	2313	453
7235	2521	215
7242	1703	260
7244	1163	414
7245	2316	534
7246	2438	266
7249	1349	500
7251	1538	480
7252	2272	151
7252	2272	188
7253	2759	294
7254	2332	577
7255	655	351
7256	1993	563
7261	2159	553
7262	1524	485
7266	2133	502
7273	2066	389
7276	1622	421
7278	1468	215
7279	1136	312
7282	1615	543
7283	2453	534
7284	2656	295
7284	2656	422
7288	2366	327
7289	3287	448
7294	1682	390
7298	2456	215
7300	3162	548
7301	2682	297
7303	2109	524
7304	2120	545
7306	1766	534
7309	1576	289
7310	2882	454
7311	1046	333
7325	2680	532
7325	2680	278
7329	3434	547
7329	3434	566
7332	1895	308
7333	2757	560
7335	834	416
7339	1438	385
7342	1008	318
7343	1360	299
7346	2027	329
7347	1932	419
7351	1311	497
7353	1600	152
7353	1600	144
7354	2280	287
7356	1137	222
7359	2738	634
7363	2277	329
7365	1707	324
7369	1760	377
7370	1153	227
7372	1150	295
7375	2282	345
7379	2364	489
7382	1706	338
7386	1306	392
7387	2309	394
7390	1474	360
7393	2247	480
7397	1449	222
7399	1397	232
7402	3528	521
7405	1497	370
7409	3013	619
7412	1834	515
7413	1942	475
7415	1960	356
7418	2549	185
7419	1887	330
7422	2275	327
7423	1853	337
7428	1656	185
7430	2701	610
7430	2701	503
7431	2143	295
7434	2525	492
7434	2525	229
7435	4479	372
7435	4479	510
7436	1374	348
7441	2629	517
7443	2155	526
7447	1948	580
7448	2041	569
7450	2462	791
7451	2084	524
7453	1969	294
7453	1969	357
7455	2577	257
7455	2577	319
7460	1771	291
7461	3552	750
7462	1581	289
7463	1203	451
7466	2034	350
7467	2088	572
7471	1757	457
7472	2767	249
7473	1841	248
7474	1547	552
7476	1422	491
7479	1775	372
7480	1534	274
7483	2081	490
7485	1836	374
7487	1707	542
7488	2547	527
7489	2847	685
7491	2531	480
7493	1803	573
7501	1191	305
7505	3330	536
7505	3330	513
7508	1217	374
7513	2627	617
7514	2894	285
7520	1439	324
7522	800	343
7535	1586	232
7536	1576	542
7539	1613	278
7541	2025	582
7548	2285	242
7551	2163	359
7552	2216	471
7553	2440	568
7555	1928	609
7560	2422	570
7561	1899	674
7568	2186	575
7569	2299	389
7573	2180	569
7577	1673	185
7583	1908	351
7588	2254	253
7588	2254	266
7592	977	349
7593	1740	507
7594	1998	550
7595	1874	305
7597	1947	200
7601	1707	233
7602	2656	530
7604	1992	510
7605	2782	779
7611	2079	289
7613	2331	500
7618	1910	596
7619	2756	568
7624	3651	537
7624	3651	518
7627	3321	307
7627	3321	304
7629	3932	487
7629	3932	750
7633	2623	389
7637	1377	325
7639	1084	330
7641	2275	188
7641	2275	281
7644	2734	658
7648	3807	568
7648	3807	318
7653	2259	749
7664	2229	522
7666	1464	383
7671	1895	303
7673	1519	390
7674	2224	477
7675	2506	588
7676	1108	182
7677	2699	566
7677	2699	559
7678	1764	336
7679	1489	474
7681	1863	275
7683	2474	583
7687	3504	393
7687	3504	445
7689	2767	520
7689	2767	237
7694	2382	361
7695	4361	276
7695	4361	185
7706	2206	307
7707	1421	275
7710	2260	413
7713	1858	562
7714	3686	597
7715	1865	546
7716	3301	668
7717	2201	293
7717	2201	276
7718	2255	386
7719	2536	433
7720	1541	556
7726	1760	504
7730	2392	783
7733	2598	545
7739	2041	366
7740	1941	569
7743	1895	293
7744	2109	619
7748	2194	279
7748	2194	180
7752	2786	502
7752	2786	495
7753	3231	494
7754	2938	238
7755	1513	215
7756	1708	334
7758	1608	507
7763	1239	274
7767	2037	265
7767	2037	326
7769	1661	581
7771	1194	227
7772	2715	399
7772	2715	178
7773	3268	445
7776	2203	276
7777	3134	485
7777	3134	215
7780	3118	643
7783	1997	636
7784	1958	409
7785	2382	519
7787	1674	313
7791	3205	676
7792	2153	452
7797	3074	480
7798	1935	684
7800	1750	244
7802	2268	474
7802	2268	371
7804	2109	170
7804	2109	217
7805	2172	494
7806	1648	362
7811	1850	286
7816	2633	540
7818	1365	302
7819	1779	381
7820	1793	522
7821	2989	342
7823	3400	495
7823	3400	396
7824	3761	496
7826	3156	437
7826	3156	269
7827	1698	361
7829	2977	487
7829	2977	492
7830	1400	342
7831	2477	513
7834	1794	516
7836	1988	233
7838	2223	355
7838	2223	237
7839	1451	465
7840	1284	268
7842	1426	345
7844	1476	332
7845	1881	339
7847	1645	200
7850	1907	264
7852	2596	200
7854	5478	461
7854	5478	489
7855	1709	571
7857	2245	446
7863	2170	232
7868	3977	568
7869	2164	458
7877	2937	565
7879	1769	301
7879	1769	220
7880	1929	561
7881	1755	321
7886	1925	508
7889	3215	517
7889	3215	450
7890	1570	345
7892	1948	467
7893	1860	453
7894	1479	574
7896	1904	390
7898	1929	420
7900	1786	347
7908	2165	598
7910	1375	406
7911	2295	539
7924	2545	504
7926	5868	633
7930	1622	331
7932	3677	821
7934	2948	533
7934	2948	463
7942	7124	610
7942	7124	525
7944	1929	241
7947	2705	504
7948	2044	699
7954	1307	335
7957	2299	534
7958	2766	524
7963	5860	311
7963	5860	482
7963	5860	502
7964	1541	282
7967	1221	160
7968	1594	499
7971	2897	482
7971	2897	511
7972	2129	543
7980	2821	503
7981	2070	222
7983	2241	550
7990	2872	854
7991	2105	328
7993	3463	589
7993	3463	502
7996	1817	513
7997	2188	375
7998	1861	185
8000	1353	447
8004	1565	363
8005	2094	424
8006	3661	377
8008	2136	487
8010	1768	326
8010	1768	187
8012	3042	340
8016	2084	744
8019	2346	615
8021	4798	587
8021	4798	381
8022	3934	858
8028	1546	494
8030	2112	305
8037	1292	314
8039	2160	284
8042	1597	238
8045	2184	259
8045	2184	223
8046	6931	561
8048	2339	453
8048	2339	555
8050	3585	490
8055	2151	503
8057	2161	243
8059	2609	362
8059	2609	486
8062	1290	323
8064	2867	571
8064	2867	185
8066	3135	342
8066	3135	263
8068	3639	340
8068	3639	291
8071	3766	791
8074	2441	326
8076	2441	557
8078	3463	563
8081	1230	437
8084	2164	573
8085	1115	301
8086	1751	511
8087	2143	379
8088	1958	344
8091	1113	330
8092	1629	288
8096	3891	515
8098	1631	485
8100	3445	257
8100	3445	543
8103	2052	303
8103	2052	358
8105	2119	416
8108	2139	594
8110	3229	416
8119	2272	356
8121	1818	471
8123	2913	611
8124	1647	351
8125	3066	608
8127	1781	352
8128	2334	613
8131	2257	342
8131	2257	279
8132	2393	415
8133	2520	485
8135	2306	610
8136	2308	572
8137	2026	524
8140	10178	293
8144	2029	393
8145	2054	563
8146	2407	617
8147	5658	369
8147	5658	343
8148	2700	352
8150	1459	323
8154	5102	363
8155	1343	465
8156	2748	445
8157	1739	572
8158	1829	425
8159	1775	504
8160	1610	482
8165	4091	607
8169	1859	501
8171	2149	396
8174	1720	478
8175	2719	384
8176	2915	520
8179	1538	599
8181	8136	569
8181	8136	418
8183	1884	278
8184	3182	278
8184	3182	493
8185	2662	523
8185	2662	364
8186	3395	559
8187	1536	545
8192	2999	586
8193	3093	553
8199	2420	549
8201	2591	221
8202	3363	577
8206	2821	392
8207	3081	409
8207	3081	524
8208	3026	538
8209	3036	580
8210	1237	436
8211	2338	293
8215	1770	464
8219	3870	697
8222	2469	604
8225	2542	400
8226	4400	185
8228	3698	403
8230	2192	543
8232	3102	342
8233	2066	477
8236	2901	604
8240	1636	283
8243	1418	316
8244	3543	423
8244	3543	466
8246	3222	567
8247	2796	249
8247	2796	407
8248	2894	344
8249	2681	753
8250	1249	284
8252	2514	377
8255	2830	456
8256	4582	286
8256	4582	555
8258	3813	599
8260	1630	361
8267	1970	529
8268	3609	459
8270	3062	525
8273	3204	569
8276	2534	514
8278	2515	243
8282	4949	602
8283	3172	244
8283	3172	324
8285	6756	437
8285	6756	551
8285	6756	496
8286	3217	271
8293	1908	588
8298	2697	530
8299	1667	296
8300	2308	538
8302	3119	616
8302	3119	304
8306	4439	406
8306	4439	565
8309	3599	572
8314	3006	579
8316	2252	555
8319	4397	336
8319	4397	543
8320	5028	353
8320	5028	361
8323	2649	537
8327	1927	350
8333	2583	819
8334	2321	463
8335	2620	605
8337	2440	503
8339	2386	453
8341	3254	570
8348	2085	368
8350	2757	340
8350	2757	323
8352	5630	337
8352	5630	472
8353	3248	372
8354	4390	553
8359	2097	367
8361	3252	585
8362	8650	569
8362	8650	405
8363	2906	215
8365	3730	275
8367	3929	604
8368	4066	436
8368	4066	529
8370	12815	582
8370	12815	564
8370	12815	543
8370	12815	343
8383	1701	244
8386	2690	513
8388	4619	181
8388	4619	550
8392	2544	630
8395	2206	394
8398	1337	590
8399	2160	211
8400	1661	396
8401	12320	545
8401	12320	593
8401	12320	530
8402	3642	513
8403	2115	508
8405	4263	527
8410	3462	502
8411	2256	327
8412	821	250
8414	1442	200
8416	3292	854
8417	4352	448
8422	2280	372
8424	1320	363
8425	3594	492
8426	2217	287
8430	1517	303
8431	1774	336
8432	3393	609
8435	1902	213
8438	3776	302
8440	1842	508
8445	2583	303
8449	1704	373
8450	2275	387
8454	2550	590
8456	5451	556
8456	5451	430
8457	2853	701
8459	2317	530
8460	3819	432
8461	2328	573
8468	2070	536
8469	2479	575
8470	5534	268
8470	5534	327
8471	2572	486
8473	8384	521
8477	2051	509
8478	3413	582
8479	2187	497
8484	9660	579
8484	9660	375
8485	3042	409
8485	3042	410
8489	2790	638
8492	2106	518
8494	2118	323
8497	3582	519
8497	3582	160
8498	3122	407
8500	2098	222
8502	3578	527
8502	3578	491
8504	5651	296
8504	5651	587
8504	5651	354
8509	3581	377
8509	3581	501
8512	1282	425
8517	9663	814
8517	9663	745
8520	1992	356
8522	2890	572
8526	4727	828
8530	3513	534
8530	3513	359
8532	2269	241
8532	2269	439
8541	2289	494
8543	1646	444
8544	1946	472
8546	2460	747
8551	4392	746
8555	2058	200
8558	1956	564
8559	1636	242
8561	5051	389
8562	1344	333
8563	2115	481
8566	1777	527
8567	2378	413
8576	7874	342
8576	7874	302
8577	2682	609
8578	9807	318
8578	9807	318
8579	2099	611
8582	3223	389
8582	3223	459
8583	2220	511
8584	1528	350
8585	1801	507
8593	2775	473
8595	1170	221
8597	1802	434
8598	2387	474
8601	1554	329
8604	3159	470
8607	2663	343
8608	3440	203
8608	3440	182
8611	2372	579
8613	3590	507
8614	1984	422
8617	2241	216
8619	2039	478
8621	2418	473
8622	1965	361
8622	1965	335
8628	4612	197
8628	4612	572
8629	1716	299
8630	2585	579
8631	3121	625
8631	3121	378
8632	7466	332
8633	3616	386
8634	1854	555
8635	1358	494
8636	1833	473
8637	1643	568
8638	2184	360
8642	2352	590
8646	1785	477
8646	1785	174
8647	1968	514
8650	3702	407
8653	2509	470
8656	6708	832
8656	6708	522
8658	3179	785
8661	2316	513
8664	1341	185
8667	2281	556
8669	2149	566
8670	1916	270
8674	1904	268
8677	3122	696
8686	1869	497
8688	1516	538
8690	5547	272
8690	5547	254
8690	5547	359
8693	2463	483
8699	3000	529
8700	1951	528
8701	2787	211
8701	2787	225
8705	3263	595
8707	3239	450
8715	2692	431
8722	2934	301
8723	2483	327
8726	4646	578
8730	1802	185
8732	1921	437
8734	3873	580
8735	4472	570
8735	4472	416
8736	1787	336
8737	2284	305
8739	3504	516
8741	1725	300
8742	2395	329
8745	3234	398
8748	2296	566
8754	1620	373
8757	1127	238
8758	2543	174
8758	2543	339
8761	2040	347
8764	2369	318
8775	4737	535
8775	4737	635
8779	2676	278
8781	2144	298
8782	1776	316
8783	2079	629
8790	4311	320
8793	3949	812
8796	1336	479
8797	4023	458
8800	1695	358
8805	1705	590
8807	8527	405
8807	8527	518
8807	8527	558
8814	3836	449
8816	1938	429
8819	1853	156
8819	1853	345
8820	2778	557
8821	901	261
8824	5579	298
8829	1765	442
8831	4516	485
8832	2168	297
8835	2236	384
8837	2915	367
8838	1595	538
8840	2770	359
8840	2770	224
8841	3198	382
8841	3198	483
8846	2338	374
8851	1642	522
8856	2806	559
8859	2247	317
8863	4375	613
8867	1158	302
8872	2086	456
8876	1977	648
8882	3002	820
8887	2586	372
8888	11322	631
8888	11322	594
8891	2898	205
8891	2898	592
8892	2257	524
8894	2413	331
8895	1566	340
8896	1720	457
8897	1952	510
8898	2524	825
8899	2975	530
8900	1830	491
8906	1615	328
8911	4448	786
8914	1265	234
8915	5140	409
8915	5140	363
8918	1524	522
8920	3638	395
8923	2924	548
8925	4011	530
8935	3147	361
8936	5024	534
8936	5024	343
8938	2416	481
8940	2021	286
8941	2031	193
8941	2031	284
8946	1899	325
8947	2639	379
8947	2639	310
8953	2513	538
8954	1904	309
8954	1904	277
8955	3788	584
8958	2734	332
8962	2070	273
8964	4853	577
8964	4853	509
8966	2182	394
8970	2788	541
8971	1920	317
8972	2215	271
8972	2215	237
8973	6883	539
8975	1922	250
8978	2192	375
8987	1548	273
8988	7341	444
8988	7341	604
8993	5101	561
8993	5101	567
9007	2019	535
9010	2049	335
9010	2049	293
9011	2862	561
9012	3265	296
9012	3265	533
9013	2437	265
9013	2437	327
9014	3371	307
9016	1843	318
9018	3638	500
9019	1080	296
9026	3092	470
9027	2115	554
9030	3592	552
9035	2440	566
9036	1818	463
9038	4257	490
9038	4257	210
9039	1494	283
9041	2394	387
9050	3368	450
9055	3854	795
9060	2822	471
9060	2822	284
9062	1852	304
9066	2989	670
9067	1940	370
9068	2959	517
9069	3891	236
9069	3891	316
9070	1631	362
9072	2567	322
9072	2567	309
9074	2721	391
9075	3196	328
9083	1525	227
9085	1903	287
9086	2335	185
9092	1709	293
9094	1604	488
9096	1570	206
9099	3189	836
9100	2777	664
9101	2737	552
9106	2365	185
9107	1858	536
9112	2134	455
9113	2100	514
9114	1696	297
9115	4149	436
9115	4149	596
9116	3461	512
9116	3461	441
9121	2536	323
9122	2858	453
9123	3121	505
9125	4266	502
9125	4266	362
9126	1965	345
9129	2003	289
9129	2003	330
9130	2601	729
9132	2075	536
9137	3932	300
9137	3932	311
9140	1876	288
9142	1395	259
9148	1283	523
9149	1977	298
9151	2078	591
9153	3040	696
9155	1819	578
9156	2453	338
9156	2453	281
9157	1007	254
9160	1902	353
9161	1621	333
9163	2158	394
9164	2100	211
9165	2694	475
9167	2925	652
9170	3460	509
9173	1660	352
9174	1290	345
9178	2192	504
9180	2135	307
9182	1541	320
9190	1974	338
9192	3175	705
9198	850	215
9205	2236	227
9206	1661	371
9207	2739	460
9208	2741	527
9209	2137	580
9211	2010	568
9213	1048	320
9215	4049	541
9215	4049	552
9216	2808	515
9220	1369	198
9220	1369	248
9223	2005	523
9228	1859	385
9230	1629	362
9233	3422	560
9234	6755	513
9234	6755	322
9234	6755	321
9236	1342	384
9238	2590	592
9240	3635	499
9242	2489	477
9243	2273	402
9248	2954	495
9249	739	406
9250	2210	411
9251	2054	546
9252	2364	793
9253	2461	481
9254	2793	515
9255	2818	526
9255	2818	541
9257	2635	446
9259	7138	545
9259	7138	503
9260	2765	752
9265	2878	509
9265	2878	308
9266	2226	584
9267	1188	320
9272	2081	447
9273	2587	417
9274	1429	219
9276	2791	498
9279	2304	345
9279	2304	325
9280	2809	646
9281	1592	262
9283	2936	206
9286	1939	277
9287	3291	521
9290	2141	271
9293	3181	571
9295	1816	155
9295	1816	161
9297	981	321
9306	2971	538
9307	1182	227
9308	2099	461
9309	2815	360
9309	2815	376
9311	2835	583
9312	2788	690
9315	1356	200
9316	3730	819
9320	1955	342
9321	4079	614
9321	4079	403
9323	2327	194
9323	2327	291
9325	3853	595
9328	2082	411
9332	2358	480
9334	2129	502
9352	2052	347
9353	1398	335
9355	2828	520
9356	3169	822
9361	2399	222
9362	2265	552
9363	1541	505
9366	4532	832
9368	3058	573
9370	2619	571
9371	1970	520
9372	2852	825
9373	2451	466
9374	2088	490
9376	4363	549
9376	4363	446
9379	2728	518
9381	2448	559
9382	1757	365
9387	1923	496
9388	1072	347
9391	2007	513
9392	3077	602
9394	5276	826
9394	5276	814
9395	3065	560
9400	1096	273
9403	3310	618
9403	3310	531
9405	2820	327
9405	2820	536
9407	972	342
9409	3534	742
9410	1598	354
9411	1845	185
9421	2203	339
9422	2242	530
9423	2481	574
9427	4128	404
9427	4128	399
9428	2368	175
9428	2368	179
9429	2121	222
9433	1746	293
9433	1746	151
9434	2541	536
9436	2254	270
9437	3349	272
9437	3349	279
9442	1671	335
9443	1436	318
9449	774	295
9455	1411	282
9457	1607	524
9458	3378	403
9458	3378	310
9460	2575	455
9466	6479	831
9469	2994	457
9469	2994	472
9472	2702	460
9472	2702	447
9473	2630	521
9473	2630	243
9475	3026	482
9475	3026	487
9476	1742	244
9480	2352	591
9482	2531	526
9483	1922	479
9484	1781	312
9486	1093	293
9490	1588	327
9491	5108	335
9491	5108	469
9500	1404	350
9503	2181	436
9504	3094	601
9505	2217	586
9507	2674	401
9509	1934	382
9510	4140	461
9510	4140	482
9515	1730	337
9516	2016	349
9517	2225	601
9518	2045	530
9520	1882	220
9524	1960	512
9524	1960	242
9530	2495	522
9531	2912	853
9532	1733	264
9535	1729	303
9535	1729	216
9537	3573	533
9537	3573	238
9538	2620	200
9540	1709	437
9547	2758	380
9548	2711	575
9549	4750	1126
9551	3518	585
9551	3518	363
9553	3665	829
9554	1922	339
9559	3457	287
9559	3457	271
9561	1748	658
9565	2305	353
9567	1391	314
9571	4967	409
9571	4967	336
9571	4967	220
9572	3179	387
9572	3179	531
9573	2300	444
9576	4811	507
9576	4811	779
9577	2846	577
9581	2172	623
9582	1282	329
9585	3678	286
9585	3678	484
9585	3678	383
9589	4078	592
9592	2081	560
9596	3629	221
9598	1423	135
9605	1292	323
9606	1630	489
9607	1203	247
9608	1875	388
9613	2280	326
9614	1677	420
9616	2519	351
9617	3408	197
9617	3408	330
9623	3180	385
9623	3180	392
9625	2252	376
9628	1179	306
9630	2509	304
9630	2509	511
9631	6842	447
9631	6842	609
9634	2802	676
9636	3678	666
9640	2231	485
9642	6104	557
9645	4075	646
9646	2689	515
9652	1607	307
9653	3780	784
9653	3780	501
9654	2604	592
9658	3276	429
9658	3276	591
9659	3296	679
9660	2849	565
9661	2799	671
9665	2851	574
9666	2633	619
9667	2485	504
9667	2485	456
9669	2141	423
9671	1926	328
9673	3285	565
9673	3285	543
9676	2133	558
9678	3234	654
9679	3547	672
9679	3547	335
9683	2360	550
9686	2487	258
9692	3342	714
9696	2787	505
9699	3955	798
9700	2230	185
9703	2024	470
9705	2452	572
9707	2617	838
9708	1221	352
9709	2768	835
9712	2687	222
9714	2323	398
9722	3039	794
9724	1736	259
9724	1736	269
9726	2967	580
9728	3998	627
9731	3092	681
9732	3170	528
9735	3480	1073
9739	1728	206
9740	3219	574
9741	2582	476
9742	1814	597
9746	2846	570
9747	2809	369
9748	1839	619
9750	1978	200
9752	1968	607
9754	2327	650
9757	4480	315
9757	4480	512
9758	2138	222
9759	1904	559
9763	1691	390
9765	5249	834
9765	5249	657
9766	2713	472
9769	1889	668
9770	2164	506
9772	3111	725
9773	3349	667
9775	3178	874
9776	5135	743
9779	1786	620
9781	1917	466
9782	2769	502
9784	3704	489
9784	3704	507
9786	1782	363
9787	6398	413
9787	6398	647
9788	2877	747
9789	2353	485
9790	3170	211
9792	2061	511
9793	2340	363
9801	1205	287
9804	2605	867
9805	2621	252
9805	2621	268
9805	2621	342
9806	2941	489
9810	3902	479
9812	2096	553
9815	2385	459
9818	4957	525
9818	4957	564
9820	4896	333
9820	4896	407
9826	2805	570
9827	3273	650
9827	3273	761
9830	4203	958
9832	2896	460
9833	5294	656
9835	3895	942
9837	1382	185
9839	3416	323
9839	3416	424
9840	2200	607
9844	2780	194
9844	2780	401
9845	1742	542
9847	3538	493
9852	1912	529
9854	3465	718
9856	2312	523
9860	821	234
9863	1339	679
9864	3045	619
9864	3045	206
9866	3940	893
9867	2518	811
9867	2518	271
9869	8605	322
9869	8605	349
9869	8605	642
9871	1165	380
9872	2450	588
9873	2128	565
9876	1607	512
9877	4111	261
9882	1339	544
9883	2498	215
9887	3362	634
9890	2200	454
9894	2234	521
9895	1527	287
9900	3728	560
9904	4284	539
9904	4284	492
9905	2759	770
9906	3378	722
9907	2737	662
9908	1581	375
9909	3355	501
9909	3355	254
9914	1740	498
9915	5372	589
9918	3014	620
9923	2337	523
9924	1874	185
9926	1559	548
9927	3200	512
9935	4257	666
9939	1578	454
9941	4236	844
9944	1567	345
9946	1816	453
9947	1856	346
9950	1547	402
9951	1401	500
9953	1991	345
9954	1973	507
9955	5019	369
9955	5019	348
9957	2360	182
9957	2360	394
9958	1674	331
9958	1674	232
9959	2099	663
9960	3153	821
9965	1743	269
9966	1702	459
9969	3262	457
9969	3262	416
9972	2701	459
9974	1712	540
9977	5264	510
9980	2863	569
9982	1981	575
9983	3596	278
9983	3596	564
9989	1109	308
9990	5360	506
9990	5360	492
10004	3348	570
10005	2982	618
10006	3630	611
10007	2566	417
10007	2566	131
10009	1410	281
10010	1993	292
10010	1993	231
10011	2123	565
10012	3007	817
10014	5362	232
10014	5362	657
10015	2046	200
10017	8444	685
10019	2934	637
10021	2044	680
10022	2971	426
10022	2971	238
10022	2971	182
10024	1576	340
10030	2316	297
10031	3397	920
10033	1454	270
10034	1743	313
10038	2604	424
10040	2789	513
10041	1804	319
10042	2251	252
10042	2251	303
10043	3350	526
10043	3350	398
10045	4541	562
10046	1459	238
10050	2790	422
10051	1637	471
10052	1818	279
10053	2329	332
10053	2329	179
10054	3026	531
10056	1979	385
10056	1979	271
10057	2083	537
10059	4712	972
10061	2463	402
10062	1209	334
10065	2555	567
10067	2262	784
10068	1202	211
10072	994	309
10074	2164	408
10077	1881	362
10078	2002	243
10079	2088	567
10081	1223	384
10085	3926	390
10090	2131	326
10093	3365	725
10094	1507	374
10095	3394	644
10096	1357	294
10097	4532	1064
10098	8619	669
10098	8619	991
10100	2753	567
10103	1698	331
10107	2738	600
10109	1871	365
10110	3310	399
10114	2644	523
10117	3070	630
10117	3070	726
10118	3147	449
10121	2006	500
10123	1909	299
10124	1536	338
10126	1648	379
10129	1648	639
10133	2300	210
10133	2300	318
10137	2168	399
10139	1908	525
10140	1890	518
10141	3142	499
10141	3142	488
10142	2627	793
10146	2796	855
10147	2202	272
10148	2586	456
10149	2380	493
10151	2493	847
10152	3228	590
10153	3046	516
10153	3046	506
10155	1170	314
10157	2635	222
10157	2635	521
10161	2009	664
10162	1792	489
10165	4621	335
10166	4701	806
10169	3105	1077
10171	3457	854
10174	2820	538
10174	2820	567
10175	1872	678
10177	2233	551
10179	2235	560
10180	3295	786
10186	2389	448
10186	2389	379
10187	1271	275
10190	1726	513
10194	1039	275
10196	3337	463
10196	3337	553
10200	892	238
10201	6952	293
10201	6952	559
10206	1830	586
10209	1155	447
10215	3258	830
10217	2297	504
10223	3288	573
10223	3288	411
10225	2113	411
10226	2507	563
10226	2507	341
10234	3478	928
10235	1860	433
10240	2399	505
10242	3853	500
10242	3853	468
10246	1890	499
10248	3277	339
10249	4046	639
10249	4046	604
10250	2271	517
10251	4877	542
10253	1631	227
10256	3528	925
10258	1986	244
10260	1946	603
10262	2258	391
10263	5878	554
10263	5878	566
10265	3708	705
10268	2862	750
10269	3017	592
10270	2017	389
10273	2799	364
10274	1673	523
10277	3671	492
10277	3671	889
10278	2877	856
10282	2816	883
10287	1615	459
10288	2298	281
10289	2245	676
10290	1599	485
10291	1447	407
10293	3752	658
10296	1562	346
10299	3632	664
10301	1269	273
10303	3749	800
10305	1366	299
10306	3453	717
10307	4642	720
10307	4642	715
10313	2778	624
10314	2842	522
10315	2115	489
10317	1565	438
10320	3771	660
10325	2149	259
10326	1554	241
10328	4604	431
10331	1146	227
10334	1677	185
10336	3139	564
10337	2673	552
10338	1388	505
10339	3319	501
10339	3319	443
10343	3135	546
10344	2673	584
10347	2925	523
10347	2925	151
10350	2292	725
10352	4166	581
10352	4166	490
10355	2209	645
10356	1675	527
10357	1708	109
10357	1708	218
10360	2455	576
10362	2121	513
10364	4119	478
10364	4119	618
10365	2030	428
10367	1347	544
10369	1860	327
10370	3048	562
10374	2998	457
10374	2998	385
10380	1852	256
10382	3058	500
10382	3058	350
10388	1848	517
10390	7280	225
10390	7280	195
10390	7280	441
10392	5669	1007
10394	1454	557
10397	2360	515
10398	1092	301
10400	4208	689
10401	3309	844
10402	1758	506
10407	1920	230
10408	2065	508
10410	2682	561
10411	5603	613
10414	1651	530
10415	2082	344
10416	2448	521
10417	2689	486
10417	2689	468
10418	2258	512
10421	1796	573
10422	2789	583
10422	2789	317
10425	2917	515
10426	3024	263
10428	2233	484
10429	3301	737
10431	3596	316
10433	2077	282
10434	1132	474
10438	2182	481
10441	3435	974
10448	3864	245
10449	4172	628
10449	4172	568
10453	3629	626
10454	7766	313
10454	7766	609
10454	7766	606
10457	3001	1115
10459	2428	529
10461	1768	368
10462	1757	549
10463	1782	558
10464	3586	397
10464	3586	270
10469	1178	399
10470	1740	300
10471	3188	792
10473	993	325
10475	2574	609
10477	2421	481
10477	2421	387
10479	3311	596
10481	1589	370
10485	3760	528
10485	3760	499
10486	2806	620
10488	1296	308
10490	1314	482
10493	3825	301
10493	3825	599
10499	8477	658
10499	8477	687
10500	2089	535
10504	2405	544
10509	7284	574
10510	1234	211
10514	2072	575
10516	1910	185
10517	1391	325
10518	3830	708
10519	3202	544
10520	2009	206
10521	2570	470
10521	2570	444
10523	1427	545
10525	2925	549
10525	2925	547
10527	1927	541
10528	1306	312
10529	4313	446
10529	4313	600
10531	1946	549
10532	3315	541
10534	1584	237
10535	970	116
10535	970	131
10536	2663	549
10537	4193	584
10538	1692	379
10540	9297	527
10540	9297	872
10541	2673	469
10544	3160	558
10545	1583	343
10551	3523	568
10553	2192	657
10555	3430	233
10568	2301	384
10572	1685	455
10573	3395	588
10575	3002	535
10577	7630	200
10578	2381	345
10578	2381	269
10580	2844	591
10580	2844	353
10581	1784	342
10583	2507	436
10585	2841	381
10586	1865	242
10586	1865	265
10587	3135	769
10588	3053	522
10588	3053	478
10590	2754	592
10590	2754	589
10591	2591	332
10591	2591	298
10592	3513	1005
10595	2286	586
10600	3271	249
10600	3271	548
10601	3176	561
10602	7535	633
10602	7535	428
10602	7535	573
10604	1588	322
10605	3035	529
10605	3035	427
10606	2672	862
10608	3711	868
10610	3474	662
10611	2210	390
10614	2161	536
10616	1491	185
10617	2475	667
10620	1525	285
10620	1525	309
10624	4282	542
10625	2911	589
10626	2104	442
10628	1481	274
10631	1222	200
10632	3571	538
10632	3571	268
10632	3571	198
10633	1726	459
10635	2511	222
10636	2577	499
10637	1059	319
10639	2619	480
10641	4012	776
10645	2160	549
10646	3522	596
10646	3522	337
10647	2205	397
10652	1775	274
10652	1775	317
10653	1492	362
10655	2161	587
10657	2272	415
10661	1623	525
10671	1911	185
10672	1852	563
10673	1660	292
10675	1651	467
10676	1724	523
10681	2496	290
10681	2496	292
10684	2246	598
10685	1592	494
10687	2561	561
10690	2148	350
10694	3288	507
10694	3288	490
10695	1997	561
10698	2350	536
10708	3804	322
10708	3804	303
10709	3726	516
10709	3726	395
10711	936	287
10714	1417	250
10715	2861	553
10718	1571	248
10722	1817	428
10724	2576	286
10727	2069	577
10729	1987	465
10731	1195	292
10732	2315	135
10732	2315	307
10733	2847	478
10745	1448	297
10748	1747	262
10750	2057	356
10752	2428	590
10753	2666	680
10757	2157	297
10758	1599	472
10761	1251	244
10767	2404	376
10768	1087	373
10769	2283	448
10771	1133	474
10772	2296	345
10774	1734	405
10775	2448	519
10779	3392	440
10780	1670	185
10781	3782	458
10787	2142	330
10789	3121	603
10794	1286	309
10800	1664	525
10802	2207	482
10804	2229	482
10805	2364	340
10809	2801	330
10810	1319	462
10811	2476	426
10812	3373	261
10814	3150	466
10814	3150	498
10815	2589	436
10816	1923	579
10818	2142	305
10820	3247	515
10820	3247	449
10821	1938	272
10823	1502	272
10824	2398	439
10825	2463	320
10825	2463	318
10827	1529	325
10828	3590	591
10833	2216	262
10834	1966	410
10838	2043	438
10841	2417	545
10842	1696	245
10843	1619	522
10844	1653	469
10847	2429	575
10848	1702	548
10849	1056	245
10850	1853	286
10852	3455	861
10859	2268	468
10863	2164	572
10865	2323	577
10866	2995	565
10866	2995	421
10868	1443	300
10874	2539	404
10878	3694	450
10878	3694	441
10881	3361	548
10881	3361	374
10883	1942	571
10888	1610	511
10891	1947	512
10892	1489	435
10894	2582	542
10897	2265	325
10897	2265	299
10905	2063	551
10908	2868	560
10909	1945	287
10909	1945	471
10913	2795	519
10915	2598	311
10917	1691	388
10919	1518	421
10920	1996	571
10921	2455	286
10922	1307	185
10927	1193	280
10928	1407	525
10932	1619	341
10933	1974	502
10935	1944	279
10945	2110	363
10947	1752	556
10948	2748	249
10950	1298	295
10952	1591	512
10954	1483	500
10958	2191	185
10960	2371	606
10961	2373	551
10962	3538	537
10962	3538	413
10963	1460	304
10964	1965	311
10965	3563	350
10965	3563	565
10967	2140	343
10969	1940	554
10971	2914	366
10975	3413	468
10975	3413	447
10976	2411	488
10977	1974	524
10978	1634	332
10980	1626	493
10987	1324	411
10994	1434	288
10996	2628	444
10997	1767	761
11000	2442	594
11006	1579	513
11009	1744	325
11010	758	259
11012	3500	502
11012	3500	235
11020	3730	559
11020	3730	526
11024	2957	611
11025	1414	300
11026	2418	370
11027	1667	528
11033	2116	401
11034	3090	597
11034	3090	200
11036	1754	392
11037	2618	523
11040	3679	178
11040	3679	154
11041	3286	230
11041	3286	543
11047	1062	285
11048	1153	222
11049	1710	294
11051	1668	279
11054	3191	540
11057	1155	211
11060	2402	340
11061	1582	463
11063	2209	560
11064	2378	623
11068	1874	567
11071	2418	503
11076	3852	579
11076	3852	427
11078	1359	440
11082	1853	375
11083	3793	548
11086	3622	445
11091	3103	493
11094	2984	538
11097	2237	399
11098	2964	777
11100	3553	551
11100	3553	520
11102	1134	216
11103	1787	382
11104	3330	616
11109	2512	458
11110	3220	648
11114	1371	497
11116	1873	484
11124	3124	608
11127	3350	586
11128	2181	792
11133	2065	243
11134	1827	497
11139	3083	634
11152	1796	273
11153	2990	647
11154	2210	548
11160	3088	341
11165	2435	265
11168	1423	227
11172	3386	525
11179	2536	617
11185	2078	515
11187	3001	491
11190	2280	616
11191	3653	460
11191	3653	373
11196	1670	520
11198	2919	558
11199	1801	277
11202	1963	619
11211	3774	206
11215	2100	376
11216	3745	641
11216	3745	361
11220	2885	458
11222	2512	671
11233	2445	506
11240	3529	209
11240	3529	161
11240	3529	461
11241	3055	463
11242	1887	273
11245	2735	438
11246	1717	506
11249	2074	486
11251	1903	564
11258	3320	468
11259	2786	522
11261	2236	315
11262	1409	448
11263	349	200
11269	3038	232
11272	1290	272
11278	1869	509
11280	1632	376
11282	2473	531
11284	2031	470
11285	1874	289
11291	3531	211
11291	3531	527
11294	1147	200
11295	2125	533
11296	2378	534
11298	2622	409
11300	2428	878
11305	1896	190
11305	1896	186
11307	3418	526
11307	3418	513
11308	3018	338
11311	1824	408
11313	1225	238
11316	3149	601
11317	2159	271
11318	2455	317
11319	2972	556
11324	2032	379
11327	1671	296
11331	2313	185
11334	2994	736
11340	2204	554
11341	2308	668
11344	2492	333
11345	1892	368
11351	3366	856
11352	2086	424
11354	2529	565
11359	2595	428
11361	2718	553
11364	2284	358
11365	1710	379
11369	2840	418
11372	2230	468
11375	2950	449
11377	1805	470
11378	1356	414
11379	2641	655
11380	2604	438
11380	2604	482
11381	2609	487
11382	2743	615
11383	2846	454
11383	2846	474
11387	1458	359
11389	2556	542
11395	1268	511
11398	2941	620
11399	1897	284
11403	1924	551
11406	1398	491
11410	1840	337
11412	1618	308
11413	2834	528
11414	2750	538
11414	2750	284
11416	3035	860
11418	1296	514
11420	2709	314
11421	2967	327
11421	2967	586
11424	1748	506
11426	1900	607
11428	777	336
11429	2890	569
11431	2133	273
11435	1555	227
11438	1767	215
11439	2109	544
11440	1976	555
11444	2675	726
11446	3823	354
11446	3823	368
11448	2784	200
11453	2143	471
11456	2414	551
11457	1368	249
11459	2009	342
11462	2386	600
11467	1565	485
11472	3231	655
11476	2740	495
11478	3146	275
11478	3146	473
11481	2086	568
11483	2747	589
11488	3725	506
11489	1850	474
11493	3818	357
11493	3818	584
11494	1797	404
11495	2878	567
11496	1961	469
11497	2677	442
11497	2677	332
11499	2228	161
11500	1618	314
11500	1618	183
11504	2750	696
11505	2067	438
11507	1609	399
11509	2149	389
11510	1971	511
11517	1508	388
11518	2581	237
11521	1801	465
11523	1583	382
11526	1984	405
11527	1902	708
11530	1910	507
11531	2299	554
11532	3434	278
11532	3434	528
11534	2551	617
11536	2649	575
11537	1896	617
11540	3196	515
11540	3196	321
11545	3100	517
11546	2356	185
11546	2356	192
11549	1540	362
11550	2084	292
11560	2328	402
11562	1114	341
11563	1827	540
11565	2253	316
11567	2957	490
11570	2228	553
11573	2346	359
11575	1320	421
11576	2106	356
11577	2504	232
11579	3139	185
11579	3139	495
11580	1533	511
11581	1987	208
11581	1987	185
11582	1814	373
11584	2157	357
11586	2308	551
11589	2502	792
11590	2163	400
11592	2932	805
11593	1931	302
11594	2532	514
11599	3223	515
11599	3223	456
11600	2410	396
11603	2476	479
11605	3474	533
11612	2356	292
11612	2356	218
11612	2356	472
11614	2682	456
11615	2138	273
11625	2375	327
11626	2335	500
11627	1798	535
11629	2560	481
11629	2560	548
11630	3306	486
11634	2180	222
11637	1131	314
11639	1669	248
11641	1015	354
11642	3747	568
11642	3747	603
11647	1475	365
11648	3307	466
11648	3307	575
11650	1453	315
11653	1502	226
11654	1550	358
11655	1226	200
11657	2819	285
11661	2782	354
11661	2782	307
11662	2984	250
11665	936	215
11666	1967	489
11670	3304	545
11671	2558	250
11672	3604	186
11672	3604	501
11675	2957	286
11675	2957	272
11677	2885	560
11682	3664	504
11682	3664	385
11684	2638	361
11690	1892	252
11690	1892	373
11694	1609	379
11695	1372	298
11698	2794	575
11700	2247	304
11702	3552	636
11707	1856	279
11708	2728	348
11709	2219	256
11713	2948	285
11716	3788	455
11716	3788	324
11719	2235	569
11721	2730	148
11721	2730	317
11731	3828	521
11731	3828	249
11731	3828	284
11732	1593	347
11733	3044	345
11733	3044	319
11738	2777	322
11738	2777	302
11740	1321	185
11741	2238	301
11743	3282	525
11743	3282	553
11748	1557	320
11752	2388	339
11757	3381	509
11761	2272	589
11762	1563	395
11764	1190	330
11769	2168	344
11770	2225	241
11782	1944	349
11783	1680	286
11784	1796	333
11784	1796	265
11785	3155	185
11786	3761	477
11786	3761	496
11788	1404	263
11789	1741	185
11794	2099	364
11796	2200	402
11798	2146	386
11805	1983	284
11807	2244	340
11808	1383	341
11809	1210	299
11810	2675	325
11810	2675	322
11812	2658	307
11813	2164	369
11816	2248	313
11820	1792	314
11825	1145	341
11828	2304	308
11829	1146	269
11830	2139	350
11831	1271	265
11835	2796	379
11836	2746	430
11838	2431	302
11838	2431	313
11839	1623	491
11840	2174	278
11843	1618	555
11847	1533	216
11848	2370	222
11849	2315	367
11851	3411	522
11851	3411	508
11852	2493	314
11853	1786	337
11861	3135	320
11861	3135	539
11863	2360	468
11864	1205	346
11870	1238	254
11872	1434	271
11873	1868	369
11878	2508	526
11879	2431	370
11879	2431	340
11880	1921	504
11881	2518	375
11882	2032	513
11894	2877	352
11894	2877	271
11896	1427	259
11901	1617	421
11903	2115	471
11906	3005	662
11908	1552	327
11910	1912	300
11913	1187	200
11914	1808	245
11914	1808	330
11918	2610	328
11919	2012	307
11920	3169	291
11921	1915	315
11921	1915	286
11925	2328	540
11927	1514	347
11928	2194	265
11939	2786	596
11940	2396	267
11941	1452	322
11942	2251	407
11943	2593	211
11946	1724	362
11948	1506	282
11948	1506	264
11950	1731	332
11953	2441	405
11954	2450	361
11955	1462	222
11956	1838	344
11963	985	230
11964	1413	339
11966	2086	234
11970	1207	262
11971	1123	255
11972	1256	412
11973	1678	563
11975	1226	322
11983	1643	335
11986	2198	485
11990	1798	359
11991	2168	563
11993	1808	528
11995	1461	206
11996	1755	222
11998	2138	338
11999	3238	513
12008	1471	278
12012	1568	185
12014	2254	528
12016	1890	254
12017	1977	485
12019	2526	554
12020	2773	496
12020	2773	536
12022	1883	382
12024	3246	361
12024	3246	335
12029	3149	597
12035	1918	462
12036	1920	295
12037	1636	331
12039	1705	519
12040	1829	332
12041	2645	691
12042	1984	326
12044	1387	382
12045	2714	513
12048	2019	464
12049	1982	545
12052	1502	472
12055	2457	483
12059	1557	579
12060	1466	185
12064	3085	657
12068	1077	502
12071	2801	817
12073	1895	158
12073	1895	136
12077	1026	431
12080	2372	334
12080	2372	499
12084	1070	375
12089	1877	273
12090	2058	588
12091	1665	383
12093	3323	481
12093	3323	500
12094	3571	457
12094	3571	615
12097	1970	493
12098	1907	291
12105	2871	625
12115	1973	449
12116	2717	679
12117	3793	493
12120	3099	483
12123	2728	298
12123	2728	489
12124	2361	257
12126	1467	338
12128	1623	565
12129	1840	560
12130	2779	328
12133	3131	866
12135	1888	351
12138	2452	486
12139	2814	627
12140	2227	624
12141	1516	464
12143	1820	376
12143	1820	196
12144	1345	480
12146	2915	530
12146	2915	267
12149	1098	356
12150	2924	865
12153	2401	398
12154	3668	498
12154	3668	587
12155	2079	568
12156	3309	541
12156	3309	440
12158	3370	282
12158	3370	566
12160	3303	514
12160	3303	462
12162	2279	446
12163	2813	495
12163	2813	476
12166	2965	541
12167	1883	324
12168	1930	264
12170	2299	607
12172	2877	211
12174	1775	475
12175	1609	516
12176	1837	553
12177	1981	461
12178	3444	541
12178	3444	476
12181	1623	482
12182	2256	567
12185	3024	721
12190	1857	566
12191	1923	132
12191	1923	114
12211	2112	332
12215	3000	255
12215	3000	479
12216	4063	533
12219	1942	473
12220	1354	443
12222	2190	331
12223	1818	227
12223	1818	315
12224	1174	185
12227	1312	339
12231	2053	200
12232	1705	211
12233	1553	392
12238	1031	316
12239	2364	515
12247	2257	330
12247	2257	315
12253	3226	463
12253	3226	460
12256	1758	387
12258	2460	338
12258	2460	310
12261	2039	275
12261	2039	303
12264	955	248
12265	885	206
12266	1694	487
12267	3768	530
12267	3768	482
12273	1284	202
12274	1402	339
12275	1534	270
12275	1534	262
12276	1593	437
12277	2053	547
12278	1118	200
12282	2063	350
12283	1197	300
12285	2569	396
12285	2569	216
12288	1734	270
12288	1734	280
12290	1373	348
12293	2078	247
12296	2189	507
12297	1438	309
12298	1925	306
12298	1925	157
12302	2269	292
12302	2269	234
12303	1462	245
12303	1462	256
12304	972	185
12306	2425	254
12306	2425	262
12307	1143	310
12310	1154	269
12314	1928	370
12316	847	237
12317	2143	454
12318	1796	472
12324	1390	306
12326	2507	488
12329	1379	200
12331	2193	611
12333	1451	324
12334	1669	397
12336	1271	320
12341	2176	269
12346	761	200
12348	1941	511
12349	1711	359
12349	1711	246
12351	993	312
12354	1646	227
12354	1646	211
12356	2034	466
12357	1723	200
12359	1916	375
12361	1464	404
12362	2188	264
12363	2723	200
12367	1230	278
12368	1882	251
12368	1882	205
12370	1198	304
12381	2885	459
12382	1177	461
12391	1535	324
12394	1771	274
12396	1136	254
12400	1910	360
12404	1714	340
12409	1660	342
12410	775	227
12415	2259	568
12418	1674	284
12419	1163	252
12420	1849	489
12423	3009	442
12423	3009	347
12424	3932	447
12424	3932	732
12427	1397	284
12428	1986	270
12429	3213	479
12429	3213	336
12431	1706	443
12432	1549	316
12432	1549	192
12435	2122	320
12436	1788	341
12438	1793	264
12439	1717	311
12439	1717	303
12445	1036	321
12446	1874	452
12447	1554	347
12452	1704	339
12456	1448	291
12457	2301	270
12457	2301	361
12458	2755	288
12458	2755	338
12459	2433	338
12459	2433	280
12461	2948	397
12461	2948	512
12462	2912	307
12462	2912	347
12467	3065	433
12467	3065	386
12471	1669	304
12478	3752	319
12481	4355	859
12484	1032	325
12486	1921	535
12491	1276	278
12495	1936	294
12497	1811	536
12499	1498	303
12502	1989	291
12502	1989	297
12503	2034	286
12503	2034	218
12504	2070	200
12505	2006	469
12506	2579	185
12507	2035	274
12510	3781	332
12510	3781	519
12513	1939	357
12514	1474	377
12517	1161	282
12520	2239	504
12521	1628	346
12525	731	185
12526	1590	299
12526	1590	255
12527	3123	211
12527	3123	462
12528	1857	266
12530	2482	222
12532	1586	449
12533	1616	316
12535	1632	435
12540	1832	353
12542	2554	614
12547	2659	429
12547	2659	333
12549	2508	461
12556	1787	488
12558	2333	535
12560	1421	226
12562	2270	511
12564	971	248
12567	2208	185
12567	2208	338
12569	3289	535
12575	1519	476
12576	2008	523
12577	1480	295
12582	1192	222
12584	1431	323
12588	3332	551
12588	3332	508
12591	1985	527
12592	1740	550
12593	1342	530
12594	1311	507
12595	1719	273
12598	2579	282
12599	2144	324
12599	2144	295
12600	1537	293
12606	2773	381
12609	2446	425
12612	2666	562
12617	3567	745
12625	1689	306
12626	1720	262
12626	1720	243
12629	4158	355
12631	1806	200
12633	1906	546
12634	2032	460
12635	1479	442
12639	3680	563
12645	2169	321
12647	2002	335
12651	1252	286
12653	2059	543
12654	3068	599
12656	2202	714
12660	1367	221
12663	1697	166
12663	1697	323
12664	1732	310
12665	1382	165
12665	1382	338
12666	1928	519
12668	1387	226
12670	4317	813
12674	2929	287
12674	2929	501
12675	2113	313
12676	4560	478
12676	4560	587
12677	4054	600
12678	1946	447
12680	1486	226
12682	1638	418
12683	2311	503
12684	1970	245
12684	1970	304
12689	2589	549
12689	2589	384
12690	1647	270
12691	2575	423
12692	3138	423
12692	3138	558
12693	3078	518
12696	1594	533
12698	1880	233
12698	1880	262
12699	3195	563
12703	2035	446
12705	4235	786
12706	3939	332
12706	3939	185
12707	2085	312
12712	1971	499
12718	1268	127
12719	2266	517
12720	3208	369
12720	3208	518
12721	1468	374
12724	1704	492
12728	1937	660
12730	1396	296
12731	3714	244
12732	1419	312
12733	3419	569
12734	1900	278
12736	1560	413
12741	2168	652
12742	1367	536
12745	3198	714
12749	4284	587
12749	4284	215
12752	2296	528
12753	3523	211
12753	3523	626
12754	1731	582
12756	2675	401
12757	2726	307
12757	2726	444
12759	1920	321
12759	1920	297
12760	1830	272
12763	1680	275
12764	3019	235
12764	3019	537
12767	1674	497
12768	3046	694
12775	1616	483
12776	2274	266
12779	2401	446
12780	2880	542
12781	1212	386
12784	2185	511
12786	1114	185
12787	3359	770
12788	1821	461
12789	2302	391
12789	2302	336
12790	2131	559
12792	2509	457
12792	2509	439
12797	3582	585
12797	3582	223
12800	2692	508
12801	1828	609
12803	3198	607
12804	2443	377
12804	2443	476
12805	1769	556
12806	2028	498
12809	3572	288
12811	1455	411
12815	2499	722
12816	3207	442
12816	3207	522
12818	2868	516
12820	2167	498
12825	3972	242
12825	3972	155
12827	1760	369
12829	3435	787
12830	1961	450
12831	2314	200
12832	1656	513
12835	2865	705
12837	2081	288
12838	1576	242
12839	1651	419
12840	1684	418
12845	1670	455
12849	1737	320
12850	1527	493
12854	3910	487
12854	3910	592
12856	2084	393
12858	2527	239
12858	2527	381
12860	2618	365
12861	4047	392
12861	4047	595
12864	1800	518
12870	1940	461
12872	865	289
12873	4091	542
12873	4091	415
12876	2210	476
12877	4594	469
12877	4594	510
12880	3693	886
12885	2870	489
12886	2276	455
12888	1061	444
12890	2971	571
12891	3738	556
12892	3324	507
12893	2395	459
12900	1829	232
12903	1582	481
12906	2631	470
12911	3489	364
12912	1781	497
12913	2325	306
12915	2825	568
12916	3181	560
12917	1890	478
12920	4445	551
12920	4445	489
12921	1765	470
12923	1767	463
12925	2744	571
12926	2915	607
12931	2564	230
12935	1515	351
12939	2582	399
12940	1707	185
12941	1491	410
12942	2231	700
12943	2946	425
12944	4116	227
12947	2723	455
12949	1307	227
12950	2964	696
12953	1402	402
12955	1915	451
12956	1680	501
12957	1918	628
12958	3653	865
12959	4360	554
12959	4360	579
12965	1762	255
12966	2616	541
12970	2198	596
12971	2386	607
12972	1468	380
12974	3958	575
12977	4412	627
12977	4412	818
12978	1210	230
12979	1897	545
12981	3577	535
12986	1791	378
12987	2657	486
12990	3649	700
12995	2961	358
12995	2961	536
12997	1439	255
13000	1957	403
13001	2265	454
13003	1549	465
13004	3695	543
13004	3695	333
13009	2372	520
13010	1877	658
13011	2019	373
13013	4460	615
13013	4460	570
13014	2325	185
13018	2586	619
13020	3343	403
13025	3304	838
13028	3228	518
13029	3094	460
13029	3094	628
13030	1253	459
13031	1915	391
13033	2017	480
13034	2713	394
13034	2713	246
13035	1982	359
13038	2280	476
13039	3891	735
13039	3891	409
13041	1414	477
13043	4306	422
13043	4306	374
13044	1386	229
13045	3177	603
13048	2369	187
13048	2369	173
13049	2922	483
13049	2922	482
13050	2675	540
13057	3956	566
13057	3956	463
13058	2853	767
13060	2954	610
13061	2362	578
13064	3733	412
13064	3733	575
13066	2638	539
13068	3406	781
13069	3898	614
13072	1766	295
13074	1525	384
13076	3971	645
13078	2284	346
13082	2758	565
13086	2631	382
13087	1792	371
13090	2412	593
13092	2172	508
13093	2802	441
13096	2170	350
13103	4234	441
13103	4234	400
13113	3040	491
13116	3773	760
13119	2566	404
13121	1909	569
13122	1686	405
13123	1495	185
13125	2191	529
13126	4677	532
13127	2385	523
13128	2757	464
13129	2323	493
13130	1744	287
13133	1756	326
13134	2501	354
13137	3113	786
13139	2493	519
13142	2501	500
13143	1939	514
13144	1513	285
13146	4436	813
13147	2582	602
13149	2517	527
13151	3624	541
13153	4236	185
13153	4236	450
13155	1354	307
13157	2698	462
13158	2460	602
13159	3316	556
13160	3145	570
13160	3145	320
13162	3156	502
13164	2614	761
13166	2117	301
13167	1814	232
13167	1814	125
13168	3335	286
13168	3335	254
13169	3000	606
13172	2576	474
13172	2576	414
13174	3377	293
13177	2359	777
13181	4706	293
13182	1365	268
13183	2404	832
13188	4512	433
13191	3245	538
13192	3727	459
13192	3727	519
13193	2649	546
13194	1613	238
13196	1524	211
13198	2618	191
13198	2618	474
13200	2809	576
13201	2306	185
13209	3350	375
13209	3350	636
13219	2184	540
13220	3831	359
13220	3831	521
13221	4261	211
13221	4261	224
13221	4261	538
13226	3693	400
13229	1547	284
13234	4644	316
13235	1340	367
13236	3112	466
13239	2935	451
13246	1928	554
13247	2271	541
13251	2970	196
13251	2970	545
13252	1719	536
13253	2335	513
13255	1098	324
13259	3327	566
13263	2163	547
13266	2205	489
13268	2584	587
13271	1812	533
13272	1018	266
13273	1551	251
13274	2487	767
13276	2878	743
13277	2538	505
13279	1614	408
13280	1612	499
13281	3018	709
13282	1686	297
13284	1770	409
13287	1995	445
13289	2192	555
13291	2268	449
13293	2602	350
13294	2378	293
13295	1851	309
13297	1734	476
13302	2014	155
13302	2014	127
13305	3837	522
13305	3837	296
13311	2023	230
13312	3492	617
13314	2242	161
13314	2242	190
13315	3488	546
13315	3488	545
13317	2955	881
13320	3078	579
13322	2573	314
13323	3060	491
13328	2945	323
13328	2945	508
13329	3075	336
13329	3075	516
13331	2386	561
13337	1797	185
13340	1467	319
13341	3042	521
13343	1361	305
13344	1964	475
13345	2563	486
13352	2492	507
13356	1724	417
13357	3124	528
13359	2511	557
13360	2329	200
13360	2329	336
13368	1955	342
13370	1789	255
13371	1926	259
13377	3205	844
13380	1524	255
13383	3850	511
13383	3850	589
13388	2160	360
13390	2303	311
13392	1799	373
13395	2187	476
13397	2756	319
13397	2756	357
13398	3410	413
13399	1805	355
13408	2388	326
13408	2388	303
13410	2960	527
13410	2960	216
13413	2608	606
13418	1300	294
13420	1670	462
13423	3462	873
13425	2545	351
13431	2546	536
13432	2123	537
13433	1649	319
13434	2373	341
13435	1967	245
13437	1780	309
13439	2470	384
13446	1980	302
13447	3021	498
13447	3021	314
13449	2345	519
13453	2834	765
13454	2280	429
13455	1666	536
13458	2211	350
13458	2211	331
13460	3572	539
13461	3580	518
13464	2927	222
13472	2305	317
13476	2434	362
13480	1584	294
13483	2543	470
13485	2346	508
13488	2232	316
13488	2232	279
13490	3172	515
13492	1749	196
13492	1749	213
13496	1007	185
13499	1764	374
13505	1436	256
13505	1436	317
13506	1780	236
13517	1859	573
13518	2530	327
13518	2530	331
13519	2515	350
13519	2515	200
13520	3309	391
13520	3309	457
13524	1775	273
13525	4491	552
13525	4491	524
13532	2441	227
13532	2441	316
13535	2706	356
13537	2579	296
13540	2167	230
13541	1690	221
13542	2116	338
13547	2354	480
13549	2171	314
13549	2171	323
13561	2301	509
13566	1887	272
13571	1958	338
13573	4092	329
13573	4092	372
13577	1723	292
13577	1723	253
13579	1805	277
13588	1378	295
13591	2281	541
13596	1011	227
13598	1072	233
13599	1650	537
13606	3393	517
13608	2137	260
13608	2137	274
13610	2411	281
13610	2411	151
13612	1902	361
13613	1730	446
13617	1628	326
13619	2088	351
13619	2088	254
13620	1665	506
13621	1515	516
13625	1189	352
13626	2064	387
13627	1694	298
13629	1738	303
13629	1738	250
13630	3110	510
13632	1993	275
13638	3870	521
13642	2620	341
13645	2050	225
13645	2050	269
13648	2068	272
13651	1868	475
13652	2572	185
13657	1732	304
13658	1695	361
13658	1695	274
13662	3303	211
13664	1202	459
13665	2521	544
13666	2433	240
13666	2433	387
13668	1682	244
13668	1682	304
13673	1478	206
13674	2386	288
13674	2386	291
13676	2835	185
13676	2835	394
13678	1880	350
13679	1917	307
13680	1011	299
13682	909	185
13684	1754	273
13688	2223	140
13688	2223	186
13690	1277	227
13693	2821	397
13695	2533	568
13697	2457	333
13702	2027	363
13708	1853	324
13709	1532	328
13710	1955	455
13711	1196	362
13712	2106	234
13712	2106	206
13715	2482	449
13721	2488	236
13721	2488	366
13722	2071	277
13722	2071	282
