0	22885	19650
2	2584	446
16	3134	432
17	1217	265
27	7093	344
40	8294	243
40	8294	250
42	4013	415
44	2248	328
48	2293	326
49	4555	234
49	4555	200
53	3709	176
53	3709	161
72	2746	331
72	2746	310
76	2886	312
82	3403	372
86	2096	227
87	12972	383
88	2637	265
88	2637	237
108	2763	185
109	8065	200
112	5537	394
128	1297	244
131	13599	252
131	13599	309
131	13599	255
154	6893	253
154	6893	300
177	2413	244
178	3170	477
183	5169	233
185	3635	425
190	1478	480
195	2647	351
203	4000	227
207	2339	286
220	2298	211
225	4647	381
226	2225	200
228	1930	260
231	1757	308
231	1757	220
238	2617	273
238	2617	238
239	2596	325
240	4295	371
241	2432	185
243	2223	331
244	2634	406
251	3333	197
251	3333	162
258	2452	276
258	2452	274
267	1682	287
274	1877	267
282	3213	397
286	1523	279
288	2873	454
289	2311	216
289	2311	271
295	3658	352
295	3658	377
299	2068	303
300	1927	281
308	2992	395
313	1109	285
316	2119	346
316	2119	261
323	1672	273
324	1856	299
334	8644	300
336	1266	263
338	5219	238
338	5219	266
338	5219	318
340	2425	447
347	3746	419
351	3861	185
353	1965	274
355	2172	275
356	1585	324
363	4784	259
364	1223	185
366	4467	333
370	2217	313
370	2217	208
375	1055	286
376	1391	185
380	2684	416
384	2560	378
386	5014	251
386	5014	238
392	1338	242
401	2166	185
404	7135	446
407	1521	285
409	8485	409
409	8485	375
413	5535	409
413	5535	391
414	2202	161
414	2202	302
425	2414	378
428	3136	493
430	4049	362
439	1759	509
441	3252	437
443	1811	282
447	2890	407
449	2063	509
451	1407	306
452	2367	215
459	1329	234
461	2430	326
464	2810	522
467	3008	243
469	1834	299
471	2846	482
472	5220	295
472	5220	367
475	1728	200
482	3750	369
488	951	266
490	3764	260
490	3764	328
491	1963	309
492	3976	424
492	3976	269
495	1641	411
496	1277	276
499	2296	206
500	1650	200
506	1075	281
507	2217	296
509	1216	256
511	1920	369
516	3545	300
519	1901	222
528	8599	397
528	8599	185
529	887	200
535	3148	212
535	3148	248
537	1935	249
539	3614	260
539	3614	291
540	3372	267
550	1235	211
552	1609	263
562	885	185
567	4427	280
569	2755	267
570	1988	426
572	1946	275
576	2131	361
578	2725	529
580	2024	438
582	3500	264
582	3500	271
585	1191	351
587	1659	432
590	3003	419
592	5405	448
592	5405	460
593	1714	335
598	3452	297
598	3452	383
600	3312	242
605	2759	493
618	5182	516
618	5182	484
622	3424	273
626	2193	148
626	2193	190
630	2137	466
633	2881	297
639	3902	317
639	3902	343
649	3616	376
650	4169	511
650	4169	446
653	1000	238
654	2242	211
657	3056	237
659	1128	290
664	2721	356
668	1302	185
672	2055	434
673	5794	312
673	5794	352
675	3044	263
675	3044	303
677	3835	332
680	1937	273
682	1664	185
685	7781	312
693	1880	237
696	3919	291
698	2303	352
701	2317	238
702	3032	248
713	3214	390
714	1980	407
717	1815	434
718	4285	311
722	1817	427
723	3313	496
724	7555	435
724	7555	439
725	7348	401
725	7348	429
728	2531	480
729	5703	276
731	7049	424
732	2036	185
735	1835	436
737	4474	496
738	3371	313
739	8934	475
743	2213	475
744	1951	340
745	2886	282
747	3127	250
757	1772	428
758	1613	278
759	3602	466
768	2174	306
771	2213	381
778	1725	300
783	2906	319
784	7442	378
791	6885	302
799	2546	299
801	6375	318
806	8655	492
807	5610	279
807	5610	227
817	3670	313
821	7663	444
822	6689	282
824	4079	317
825	1849	232
826	2324	322
827	2734	545
830	2346	343
833	2204	462
836	4480	527
841	1642	253
843	1541	300
845	6854	502
845	6854	500
849	860	269
851	5421	365
852	1481	147
855	3623	310
858	3912	200
859	1995	297
861	2029	437
862	4861	512
862	4861	384
864	3157	316
868	2669	555
869	1987	387
870	4603	314
871	2708	437
872	8019	185
879	9276	185
879	9276	233
879	9276	260
881	3250	375
886	4117	243
887	2033	200
893	2423	297
893	2423	268
895	6493	222
895	6493	200
895	6493	272
897	4476	376
900	1935	262
902	2515	391
908	3574	211
908	3574	459
909	8274	279
912	1629	250
916	3073	421
917	4079	292
924	2780	495
927	3867	305
928	3106	299
935	3623	238
935	3623	214
938	8127	409
943	2923	312
943	2923	274
944	2178	312
949	1933	282
954	2083	458
955	3081	276
955	3081	193
956	5652	309
958	3941	227
958	3941	290
959	2441	417
963	2635	293
964	3002	404
971	1531	227
972	2357	475
978	1842	185
980	1709	185
982	2869	338
985	2041	301
991	2318	238
992	1146	412
997	2342	221
998	1992	243
999	2643	259
999	2643	297
1002	5169	479
1002	5169	472
1004	1786	511
1011	1700	227
1017	2835	227
1020	3141	401
1024	5728	455
1025	7917	262
1025	7917	221
1031	2331	209
1031	2331	166
1040	2876	500
1046	2496	337
1048	2476	357
1052	2522	269
1052	2522	287
1055	5948	485
1058	6719	349
1066	5378	243
1073	3812	303
1074	3411	254
1076	4497	428
1079	2354	171
1079	2354	160
1082	4483	200
1082	4483	442
1083	2799	290
1087	4447	305
1090	1759	311
1097	2370	224
1097	2370	248
1099	2876	471
1101	5136	267
1106	3384	496
1106	3384	183
1107	2924	240
1107	2924	231
1116	2157	290
1116	2157	268
1123	2277	487
1124	2428	185
1126	6748	238
1127	3273	246
1127	3273	227
1129	4286	206
1129	4286	250
1131	3337	540
1140	2602	259
1144	2315	233
1148	3373	185
1150	3689	479
1151	5576	312
1159	2449	494
1160	7343	285
1160	7343	262
1160	7343	276
1164	1738	185
1168	1993	463
1172	1724	238
1173	1350	254
1175	5755	256
1175	5755	276
1175	5755	303
1176	6120	327
1178	1878	432
1187	3199	251
1191	1689	340
1198	3550	363
1200	2747	314
1200	2747	163
1203	1830	256
1206	2296	242
1207	5877	244
1207	5877	323
1210	2469	222
1218	2563	458
1219	2371	298
1220	1934	255
1234	2175	332
1236	2096	497
1243	1045	388
1248	3385	238
1248	3385	227
1252	2606	418
1254	1437	331
1257	1903	286
1259	3023	306
1259	3023	320
1260	2291	200
1261	2630	305
1267	2046	392
1271	6405	255
1273	2935	335
1277	2503	269
1279	2141	306
1294	2740	519
1295	3394	496
1295	3394	500
1298	2766	279
1300	1671	266
1301	1598	211
1303	2240	308
1304	1087	185
1305	1925	285
1312	3300	362
1314	3329	272
1318	1826	307
1325	2694	303
1326	2627	206
1327	1850	510
1331	1771	290
1336	7057	294
1338	3743	309
1345	5454	210
1346	2048	326
1348	3242	328
1355	2548	255
1356	4028	369
1357	1881	286
1359	1587	309
1361	1434	304
1363	3110	474
1365	1815	227
1369	2106	261
1370	6308	421
1372	2930	439
1379	2827	419
1380	1652	274
1382	2456	318
1383	2171	318
1385	2889	200
1389	2684	235
1389	2684	297
1392	3193	271
1403	3505	490
1405	6875	467
1405	6875	267
1413	2671	277
1413	2671	300
1414	2846	309
1415	2197	331
1416	2818	476
1418	1838	243
1419	2173	230
1428	2527	185
1429	2671	238
1431	2074	496
1434	2332	232
1441	4080	279
1442	4339	408
1446	1641	257
1448	4347	551
1449	4146	297
1457	2863	270
1459	2336	211
1462	2799	396
1465	4108	286
1467	4334	270
1467	4334	322
1469	4687	423
1469	4687	304
1471	4756	227
1471	4756	277
1473	1604	185
1475	2620	468
1479	2478	397
1482	2421	551
1487	4500	273
1492	1818	331
1495	6095	500
1496	6244	234
1496	6244	281
1498	1964	322
1506	3824	167
1506	3824	496
1515	2660	185
1518	4677	303
1518	4677	451
1520	2651	387
1527	2257	486
1528	3570	238
1528	3570	200
1532	1826	363
1534	7312	369
1535	1917	147
1535	1917	142
1536	2806	496
1538	2837	495
1540	3733	305
1541	3117	342
1545	1404	145
1546	3754	420
1559	2100	234
1561	2346	245
1567	1817	405
1574	5177	319
1574	5177	185
1577	2355	250
1578	2844	350
1581	2670	249
1588	1831	307
1588	1831	287
1590	956	185
1593	4199	351
1593	4199	308
1594	2250	463
1595	1951	342
1604	2829	235
1604	2829	293
1604	2829	185
1612	2436	332
1613	2088	370
1621	5382	471
1624	1496	299
1627	1515	438
1628	1965	331
1629	2330	313
1631	4784	326
1631	4784	380
1632	1575	347
1644	2046	306
1645	3996	551
1646	1914	255
1649	1481	314
1651	4072	549
1652	2443	540
1653	1193	289
1663	3914	271
1673	2081	313
1675	1699	221
1677	1985	433
1678	2307	255
1679	2506	514
1681	2047	200
1682	1963	297
1685	3346	516
1688	1935	402
1695	2012	335
1697	4053	505
1697	4053	429
1699	2064	255
1703	2980	460
1706	4456	237
1706	4456	313
1706	4456	329
1711	2384	318
1714	1756	388
1720	3193	282
1722	2084	333
1723	1282	301
1726	2291	460
1728	1530	285
1731	2353	298
1732	1697	464
1733	1465	440
1739	1576	165
1741	2300	200
1742	2107	353
1748	2288	312
1748	2288	195
1749	2105	238
1755	1943	238
1759	2090	318
1763	1740	258
1764	3374	480
1764	3374	290
1767	2173	447
1772	2310	260
1776	2627	164
1779	3393	219
1779	3393	220
1782	2087	237
1783	1521	248
1791	2103	388
1793	2546	450
1798	2780	493
1800	1812	291
1801	3219	296
1802	4215	246
1803	1987	284
1807	2594	297
1807	2594	303
1809	1701	310
1814	2747	357
1816	1633	487
1819	2249	369
1823	3589	426
1828	1810	453
1834	4442	383
1842	2312	320
1843	2949	498
1844	2187	479
1848	1236	185
1851	3307	445
1855	1446	473
1856	2351	298
1866	1948	291
1867	2154	333
1871	1784	264
1872	3408	227
1875	1145	260
1876	2281	504
1877	1317	508
1880	1353	311
1887	1858	278
1889	2406	490
1890	2345	498
1891	3104	548
1896	4377	547
1901	2949	377
1905	3020	523
1913	3601	181
1913	3601	535
1915	2845	443
1918	1820	257
1921	1880	272
1924	2678	459
1926	1726	311
1927	2191	328
1928	2027	287
1929	3176	486
1933	3039	445
1935	1714	185
1937	2677	476
1940	3514	332
1942	3105	372
1945	3375	556
1946	2114	446
1947	3450	520
1949	2226	233
1949	2226	185
1950	1338	261
1952	2152	333
1956	2057	424
1960	2219	248
1961	3408	410
1969	2061	277
1972	2380	185
1973	2286	363
1974	2572	571
1975	1735	341
1984	2462	313
1985	2463	530
1986	3534	483
1989	2662	333
1992	2399	434
1994	3104	460
1997	2001	292
1998	1952	413
2002	1497	286
2003	1950	516
2004	2742	378
2006	1924	221
2010	2357	414
2011	3450	309
2014	1386	298
2022	2653	515
2025	2731	465
2032	2109	438
2038	4889	214
2038	4889	536
2040	1329	331
2045	3634	315
2055	1838	462
2059	3720	452
2064	879	221
2065	2299	540
2066	1945	334
2070	2284	375
2072	1546	282
2073	2689	396
2074	2571	401
2085	2197	478
2087	1375	476
2093	2145	298
2098	3335	233
2098	3335	221
2099	2101	483
2101	2080	306
2102	3916	456
2102	3916	412
2103	1837	463
2107	1293	287
2109	1626	304
2126	3224	278
2126	3224	433
2130	3712	230
2130	3712	200
2133	2223	211
2133	2223	297
2147	2150	454
2150	2925	461
2153	2822	211
2154	3283	335
2154	3283	445
2157	1904	256
2164	1653	375
2165	1740	465
2166	1840	298
2170	1647	185
2172	1771	464
2173	1129	185
2174	1370	251
2175	4292	185
2178	1441	242
2185	4580	278
2185	4580	486
2191	3892	450
2192	2997	279
2192	2997	230
2198	1381	298
2199	1911	241
2200	1843	315
2203	2813	185
2203	2813	242
2206	1324	273
2208	1726	263
2213	2671	333
2213	2671	238
2215	2434	316
2217	2424	483
2218	2588	256
2219	1583	310
2223	1794	328
2226	5496	290
2226	5496	321
2227	2937	338
2233	3343	313
2234	1721	269
2236	2768	292
2236	2768	300
2237	2125	185
2241	1096	285
2243	1853	483
2244	2654	324
2246	1461	200
2248	2747	468
2254	1909	321
2255	2899	532
2257	2033	254
2259	3369	312
2261	2501	331
2269	1899	304
2272	1321	200
2273	2370	312
2278	2016	261
2286	1888	268
2291	1959	206
2292	4026	222
2295	2104	326
2296	1867	322
2299	1099	233
2310	2448	258
2310	2448	296
2311	2554	312
2312	5425	244
2312	5425	307
2314	3803	216
2319	5345	374
2319	5345	226
2320	2248	432
2331	3878	328
2336	4059	283
2336	4059	317
2337	2331	249
2337	2331	278
2338	2607	331
2342	2384	294
2343	2472	448
2347	2641	221
2351	1769	264
2351	1769	304
2354	1694	286
2361	1961	245
2363	3065	185
2366	1935	299
2372	1332	185
2379	2320	227
2380	2378	239
2382	2507	309
2382	2507	315
2387	2178	452
2389	2658	290
2390	1356	272
2391	2207	313
2392	2200	207
2392	2200	281
2393	3048	355
2395	2689	260
2396	2443	236
2396	2443	235
2397	2176	273
2399	5862	265
2409	2847	303
2415	2650	256
2418	1595	284
2422	2651	327
2424	2603	250
2425	1829	277
2429	2518	489
2434	1815	239
2435	2026	318
2436	2792	206
2436	2792	252
2440	1822	216
2441	2236	310
2443	2414	284
2445	5708	430
2445	5708	253
2445	5708	261
2447	1487	341
2449	2798	245
2451	1754	504
2452	2792	309
2452	2792	292
2458	2006	445
2459	2281	281
2465	1532	299
2467	3171	301
2468	1236	243
2475	1473	185
2476	2149	200
2479	2230	297
2483	1785	351
2484	3047	328
2484	3047	169
2486	2850	279
2487	2219	398
2496	3688	361
2498	2525	331
2502	1544	261
2505	5552	286
2510	1759	278
2512	3549	499
2514	2089	350
2518	3557	373
2522	1869	250
2523	2197	280
2525	2519	318
2527	3335	311
2532	4162	233
2541	972	305
2544	5502	545
2549	1892	493
2552	1960	345
2555	1697	215
2560	1787	282
2565	2077	296
2569	2039	344
2571	1731	275
2572	2344	250
2581	5881	335
2582	4354	468
2583	5727	254
2583	5727	292
2583	5727	185
2587	2075	160
2593	1147	227
2601	2295	293
2602	1219	289
2616	3136	222
2617	2317	309
2619	1765	329
2621	2851	529
2624	4135	431
2628	3370	294
2629	4599	494
2636	4470	324
2644	4341	464
2645	3099	272
2645	3099	206
2646	2970	206
2648	2884	312
2651	1661	315
2653	2306	527
2656	2202	375
2663	2240	280
2679	4331	448
2682	3372	430
2682	3372	432
2683	1779	227
2687	2258	416
2689	1495	185
2690	2120	426
2691	2306	474
2695	2534	274
2696	2614	556
2697	2137	524
2699	2876	313
2704	2344	456
2705	1619	507
2706	2135	255
2714	2130	312
2718	1798	371
2719	4351	295
2721	2074	480
2722	2257	318
2725	2911	486
2730	1739	464
2740	3830	469
2740	3830	221
2741	1694	470
2742	4919	299
2743	1449	226
2744	4197	408
2745	2574	446
2746	3576	503
2750	2806	522
2751	1413	316
2753	3482	488
2755	1713	185
2767	1705	330
2773	1982	311
2776	4891	261
2776	4891	278
2779	2506	323
2780	1836	412
2783	1549	242
2784	2200	279
2789	3366	442
2791	1941	267
2792	1862	317
2796	2220	358
2800	4122	185
2800	4122	429
2802	1572	309
2803	2507	375
2806	2055	296
2806	2055	334
2810	2054	466
2811	1944	211
2812	1508	287
2827	2309	329
2828	2784	305
2829	1966	249
2839	1427	464
2849	2877	490
2853	2030	479
2858	3714	417
2869	2233	487
2871	2343	304
2880	3500	356
2887	3090	464
2889	1717	206
2890	3477	456
2890	3477	329
2894	2164	475
2896	1195	292
2898	3481	445
2907	2195	368
2908	3833	292
2914	2390	444
2915	3598	474
2915	3598	318
2916	2614	248
2921	1910	413
2923	2376	483
2925	1676	241
2926	1471	307
2928	2212	357
2935	1895	324
2936	2204	243
2938	5065	506
2938	5065	524
2940	1738	267
2944	2567	320
2950	1220	306
2952	2162	412
2953	3906	294
2957	1348	280
2959	1891	302
2964	3014	509
2978	1954	336
2981	1870	298
2981	1870	241
2984	2138	268
2985	1568	292
2987	2866	389
2990	1912	220
2995	1725	265
2997	2630	330
2999	4729	216
3003	2095	319
3008	3192	485
3015	2169	326
3016	1697	200
3020	4702	348
3020	4702	394
3025	2698	293
3027	2108	276
3028	1156	285
3036	3097	489
3051	1789	324
3054	1542	298
3057	2336	311
3057	2336	296
3058	2249	339
3064	1726	295
3067	2815	486
3068	2661	269
3070	1776	349
3074	2993	312
3076	2599	312
3076	2599	283
3077	1217	292
3080	1601	290
3089	2999	304
3110	1465	274
3111	1891	200
3112	1187	279
3113	2918	254
3114	1735	281
3119	2119	307
3119	2119	197
3124	3729	333
3128	1877	281
3129	4652	285
3138	2283	227
3138	2283	202
3147	3764	283
3151	1692	313
3153	2751	356
3158	1647	247
3159	1445	321
3163	2823	261
3167	3085	511
3168	1639	248
3171	2007	287
3173	1556	185
3174	2033	222
3180	2566	326
3181	2122	262
3189	1388	296
3192	2287	312
3196	2047	292
3199	3419	440
3221	2732	542
3222	5009	448
3227	3767	520
3230	2427	238
3232	2430	293
3233	2135	272
3234	1126	239
3236	3229	478
3238	3254	206
3238	3254	326
3241	1953	215
3242	2675	262
3244	2374	309
3249	3053	298
3252	1793	289
3260	4936	526
3261	2555	299
3274	3130	275
3276	3070	331
3276	3070	248
3277	2374	222
3278	3969	302
3288	3075	222
3290	1650	211
3300	2563	279
3302	2755	216
3305	3270	461
3305	3270	479
3314	1818	200
3321	1274	251
3323	4068	481
3327	2164	241
3331	1630	302
3335	2493	423
3336	3333	297
3337	4941	320
3338	1899	309
3341	2485	297
3350	2248	325
3359	2523	200
3359	2523	292
3360	2229	266
3362	1556	252
3367	2854	499
3371	1384	185
3373	2268	185
3374	2552	228
3374	2552	250
3377	1124	230
3378	2357	437
3384	2511	314
3384	2511	244
3386	2085	295
3395	2005	267
3396	5298	304
3403	2379	514
3412	2156	239
3417	3629	285
3418	2720	414
3422	1945	323
3423	3799	519
3424	3150	479
3427	2217	304
3428	2394	308
3430	1292	286
3431	2558	293
3434	2835	266
3435	2789	299
3438	7338	504
3438	7338	361
3440	2016	304
3443	1252	227
3447	2266	334
3449	2174	292
3451	2047	313
3453	1664	185
3457	5335	200
3461	2241	206
3462	1859	232
3465	2278	290
3469	2843	472
3470	8097	335
3470	8097	185
3471	1827	181
3471	1827	138
3474	1960	305
3476	2217	299
3477	1920	309
3482	2352	432
3486	1691	514
3492	2379	211
3493	2101	478
3495	1918	230
3497	2923	311
3507	2173	481
3508	3797	262
3514	3396	507
3520	2296	313
3521	6659	398
3527	6810	526
3539	1633	259
3541	2212	357
3545	1440	498
3549	2386	470
3551	2082	368
3552	1888	526
3553	2148	299
3557	1683	211
3558	5844	446
3564	1499	222
3565	1128	323
3568	1730	351
3572	1584	333
3573	5217	228
3573	5217	297
3575	1683	283
3576	4260	332
3579	2630	421
3580	1565	515
3582	2090	200
3582	2090	358
3586	3381	358
3588	2048	306
3590	3140	185
3596	5859	388
3598	1394	206
3599	1491	327
3600	3184	490
3602	3806	304
3608	1819	200
3612	1504	348
3615	2318	333
3617	5484	215
3623	2287	299
3624	2135	227
3625	2117	542
3626	1792	284
3628	1848	431
3630	1272	275
3633	2197	185
3634	1841	266
3635	1781	348
3637	6410	533
3638	1975	317
3646	1496	331
3647	4570	338
3659	2429	325
3664	1979	265
3669	2274	269
3676	6512	423
3676	6512	221
3678	4753	391
3680	4180	445
3685	1880	185
3687	2306	415
3696	6607	285
3696	6607	177
3700	4318	296
3701	4118	222
3711	3619	332
3718	1611	274
3720	8363	327
3720	8363	310
3720	8363	345
3722	2044	398
3727	3133	275
3727	3133	315
3736	7160	322
3736	7160	277
3745	2261	274
3750	1553	200
3759	1947	346
3768	2905	524
3771	2224	300
3781	2962	549
3784	1826	480
3786	3251	460
3788	4223	397
3788	4223	465
3790	3392	185
3791	3994	350
3800	6849	325
3800	6849	321
3801	1491	309
3803	2970	396
3811	2919	487
3812	2197	243
3813	2940	299
3815	7992	200
3817	2057	286
3819	2167	376
3820	2658	514
3824	3222	503
3825	2161	423
3826	2348	378
3828	2478	499
3831	2905	291
3832	2262	261
3835	1433	185
3836	2557	359
3844	3386	474
3851	2087	337
3853	2361	524
3859	2089	415
3861	2506	327
3863	2083	507
3864	1938	259
3866	2585	515
3868	1630	267
3875	1960	297
3878	6064	379
3878	6064	437
3880	3617	391
3881	2524	332
3882	2484	301
3886	1871	364
3892	2078	398
3893	4546	447
3894	1785	402
3896	2896	311
3897	4902	400
3898	2606	215
3903	2060	287
3907	2354	519
3911	1739	262
3912	1716	294
3913	2232	375
3924	5720	437
3925	3228	491
3929	1754	185
3932	2041	295
3946	2295	513
3950	2820	226
3955	2502	417
3962	2333	264
3966	2585	441
3972	3827	377
3973	3105	282
3974	1526	326
3980	2246	487
3981	2572	488
3982	2017	257
3987	5247	344
3995	2129	248
4004	5306	497
4004	5306	293
4007	8712	248
4014	3895	490
4015	3062	259
4015	3062	326
4018	4693	206
4021	1408	200
4025	5974	308
4026	1752	273
4037	1976	465
4039	4473	294
4039	4473	317
4043	2303	501
4047	3171	479
4050	3662	185
4052	5617	379
4053	3026	227
4053	3026	287
4055	2120	200
4056	3619	368
4056	3619	304
4058	6853	211
4059	2686	258
4062	2295	299
4067	6851	385
4067	6851	275
4076	1579	234
4080	2460	330
4081	4517	398
4084	2956	363
4088	2280	243
4090	1813	200
4092	2946	335
4096	2348	250
4098	6256	290
4098	6256	329
4100	4317	185
4100	4317	267
4106	4275	306
4107	1576	297
4109	2658	382
4117	8699	292
4120	1501	273
4122	2286	337
4124	2884	359
4127	2644	351
4134	2200	301
4135	9296	235
4142	1148	316
4145	2233	222
4147	2435	334
4150	2608	215
4154	2769	364
4160	2762	251
4177	1942	346
4190	2248	258
4192	6578	249
4202	2676	302
4205	1650	285
4208	2316	277
4213	1767	315
4218	1932	200
4222	3372	345
4231	1479	305
4237	2984	211
4240	2054	269
4244	3445	266
4245	1572	273
4249	2276	350
4256	2514	211
4256	2514	140
4258	2000	330
4261	2370	200
4263	7941	211
4263	7941	185
4266	2682	285
4271	2634	300
4271	2634	345
4274	2322	484
4275	5140	490
4277	2012	200
4281	2521	466
4283	2093	255
4287	2012	185
4289	1696	215
4294	711	227
4308	1401	211
4309	2783	318
4314	2686	279
4323	2534	536
4325	2330	546
4327	1725	395
4328	1637	211
4329	7353	409
4329	7353	356
4332	1401	325
4333	3758	328
4335	5406	245
4338	4452	489
4344	3363	537
4353	4757	422
4354	2518	227
4356	3043	464
4362	2317	256
4363	2969	536
4367	3117	465
4381	4016	200
4384	2078	363
4385	3594	465
4388	3417	335
4392	2898	355
4394	2326	190
4396	3061	412
4404	2490	308
4405	2854	474
4417	2158	519
4420	2460	393
4422	9033	237
4422	9033	407
4423	1429	206
4424	4546	437
4426	2412	266
4431	4454	396
4431	4454	308
4437	2060	267
4439	5442	249
4441	2362	342
4444	2191	222
4445	2609	237
4449	2314	449
4451	5532	295
4452	1566	397
4454	2730	267
4455	924	276
4459	2255	492
4463	2623	508
4467	4107	378
4467	4107	365
4469	3320	465
4470	2451	261
4475	2294	307
4479	2120	446
4480	8495	362
4481	2263	290
4485	1995	200
4488	1848	447
4494	3152	260
4497	4629	468
4498	2074	363
4503	2584	200
4504	2077	267
4506	3037	304
4510	3827	325
4511	2895	336
4524	2597	340
4525	2590	432
4527	3296	318
4529	2785	306
4530	5610	464
4536	2709	341
4539	1317	239
4540	2677	289
4541	2306	325
4543	4560	353
4549	5267	301
4550	2681	327
4552	6267	267
4566	2363	239
4574	2905	185
4577	2148	269
4583	8525	185
4583	8525	256
4585	7667	200
4585	7667	292
4585	7667	264
4585	7667	304
4586	5869	340
4587	2887	341
4593	7122	206
4593	7122	516
4595	5412	333
4596	2450	436
4611	3097	446
4613	1663	374
4616	2996	303
4617	6260	340
4617	6260	226
4618	1960	459
4620	3950	215
4630	4350	306
4630	4350	375
4633	2688	464
4636	2058	290
4637	3072	318
4638	2097	392
4639	2267	289
4642	2044	291
4649	1089	185
4650	3408	480
4653	2219	407
4654	6170	324
4654	6170	264
4657	2082	407
4661	4446	468
4662	1627	337
4663	2457	497
4667	3566	413
4667	3566	328
4675	2935	307
4677	2574	200
4679	2870	506
4683	1458	211
4684	2505	318
4688	2874	459
4689	2087	256
4695	4179	441
4698	3277	310
4704	2824	437
4717	1753	255
4719	3507	501
4724	2022	382
4731	2699	367
4735	1975	314
4741	3251	401
4743	2213	338
4745	2408	215
4750	2901	460
4752	2675	265
4752	2675	288
4755	1899	319
4756	4626	434
4757	1979	293
4764	2549	268
4766	2471	238
4767	1964	391
4771	2259	322
4780	2369	200
4785	2810	468
4786	2039	345
4789	1989	333
4794	2442	468
4797	2154	185
4798	2285	504
4801	3425	407
4807	2652	294
4809	2865	447
4811	3044	296
4816	2833	445
4817	5643	270
4817	5643	221
4817	5643	226
4819	2738	413
4821	1915	455
4826	2027	437
4835	3592	460
4838	2247	300
4840	2222	185
4845	2545	501
4846	2782	293
4850	8755	296
4850	8755	457
4854	1937	309
4856	2235	319
4860	3350	211
4866	1802	292
4872	1665	272
4873	1823	415
4875	2127	474
4877	5699	290
4877	5699	433
4878	1639	222
4879	2836	176
4881	2111	291
4884	2202	439
4887	2792	348
4888	3432	273
4888	3432	253
4888	3432	237
4897	3494	295
4902	3875	266
4904	2187	324
4905	2506	287
4906	2599	358
4907	3494	450
4907	3494	280
4911	2311	310
4912	3033	441
4913	9087	375
4913	9087	243
4919	2112	408
4921	1972	328
4930	2289	281
4935	1908	304
4936	2229	338
4937	2797	256
4938	1850	278
4955	3281	407
4956	3400	353
4964	2249	484
4966	6853	404
4966	6853	203
4966	6853	288
4970	3739	497
4971	4044	468
4979	1720	309
4980	1985	277
4981	3465	446
4985	2265	326
4989	2223	428
4997	1967	447
4998	1798	519
4999	2413	470
5001	3407	185
5002	2335	238
5003	1543	280
5008	2764	320
5008	2764	270
5009	2708	190
5009	2708	209
5010	7655	466
5010	7655	315
5011	2451	334
5013	2108	360
5018	3168	211
5018	3168	330
5020	3871	336
5022	4140	456
5025	1482	447
5032	2163	392
5035	2874	445
5037	2032	252
5040	1998	299
5045	1016	185
5052	2217	286
5055	3536	319
5055	3536	214
5058	2595	324
5058	2595	200
5061	2748	294
5063	2267	316
5065	1918	500
5069	2509	230
5075	2339	260
5077	1993	340
5080	5237	312
5085	1951	232
5086	1697	244
5088	2450	248
5094	4409	455
5095	3514	485
5099	2865	468
5101	3251	454
5101	3251	306
5107	1975	335
5108	4764	502
5122	6364	185
5130	6629	372
5130	6629	278
5131	1671	332
5137	2992	298
5164	3625	332
5170	2564	397
5172	2400	303
5178	2209	334
5178	2209	312
5179	7736	327
5179	7736	342
5185	3933	185
5192	3575	272
5194	2762	215
5201	4630	300
5203	7487	245
5204	2097	430
5207	2008	284
5209	4009	399
5215	2938	321
5223	5104	519
5228	5869	302
5229	7850	289
5229	7850	311
5230	8689	304
5243	8939	480
5243	8939	455
5246	7399	267
5250	6269	470
5250	6269	500
5252	7287	484
5252	7287	389
5253	6173	314
5253	6173	531
5255	3231	466
5258	1393	222
5261	1301	304
5264	2429	215
5268	2694	350
5270	5934	508
5272	7066	340
5272	7066	353
5273	3705	328
5275	2345	215
5276	3107	311
5277	2430	185
5278	5476	357
5282	8626	295
5282	8626	250
5285	3575	244
5285	3575	328
5286	3032	273
5291	1611	284
5293	2227	232
5298	4400	294
5301	1341	185
5302	2008	278
5307	2346	402
5313	2134	497
5314	1305	268
5320	1339	310
5325	1654	364
5327	2816	336
5329	6720	435
5330	6421	398
5331	5389	504
5331	5389	510
5332	2569	558
5339	1619	278
5348	2196	386
5351	8143	463
5355	4955	233
5355	4955	444
5357	2834	504
5362	8511	288
5364	2295	185
5368	7919	426
5375	6817	504
5380	2392	360
5381	3021	316
5386	8592	478
5386	8592	475
5388	3042	461
5390	7081	260
5396	2603	272
5398	6110	438
5398	6110	388
5401	2067	300
5402	4625	248
5402	4625	192
5407	2016	317
5409	2408	455
5411	3103	463
5413	2328	206
5415	6477	175
5415	6477	184
5415	6477	296
5415	6477	223
5416	2147	290
5421	1843	424
5428	5532	283
5428	5532	222
5431	1482	357
5434	3399	233
5435	8752	421
5435	8752	270
5435	8752	380
5440	6335	185
5449	1546	200
5458	4590	301
5459	2020	236
5461	2535	477
5467	1236	215
5473	3173	332
5475	6238	456
5477	3629	272
5488	2268	269
5491	6816	326
5495	2319	200
5497	3802	200
5499	2676	313
5500	6394	455
5503	6758	242
5511	5184	298
5520	1447	283
5526	3142	185
5532	3115	302
5539	2384	465
5549	2339	234
5571	1780	200
5573	4046	200
5573	4046	267
5578	4719	452
5578	4719	339
5594	2743	537
5597	4162	428
5599	1650	327
5601	3577	480
5612	2623	296
5613	3135	422
5615	2110	285
5620	1684	185
5624	3045	303
5625	2118	250
5627	3703	299
5628	2990	298
5633	2929	395
5636	3751	412
5639	5369	185
5640	3550	185
5643	7458	408
5643	7458	267
5646	1637	280
5647	1428	299
5648	3419	227
5650	1811	216
5652	5786	423
5652	5786	425
5656	1785	376
5658	1398	407
5659	2255	448
5661	1604	435
5662	4479	255
5665	2427	446
5669	2533	304
5674	3761	227
5676	2188	227
5678	1185	248
5684	2157	257
5685	2496	365
5695	2406	310
5697	2792	311
5697	2792	279
5703	2310	322
5705	2834	227
5706	1912	285
5713	2692	272
5716	2551	248
5717	736	227
5718	2496	271
5723	1890	289
5725	2622	296
5738	4919	185
5738	4919	367
5748	2280	233
5755	5367	305
5757	2402	329
5760	3134	488
5765	2044	494
5766	2540	412
5768	2614	446
5781	1814	472
5782	1400	242
5786	2101	238
5788	1438	309
5792	1698	206
5793	2778	227
5797	2098	325
5800	2781	297
5812	2845	303
5815	2588	365
5817	1923	306
5825	2085	416
5827	1715	250
5828	2286	227
5833	1343	200
5836	2438	513
5838	3834	542
5841	3441	363
5841	3441	332
5843	2605	563
5844	2068	290
5845	1435	297
5847	1910	270
5847	1910	178
5849	4229	237
5851	3242	356
5856	3306	499
5858	2645	200
5859	2675	490
5865	2288	300
5870	3955	292
5870	3955	433
5876	4699	490
5876	4699	333
5879	4439	291
5879	4439	422
5880	2471	206
5881	1793	230
5882	2184	301
5883	2036	342
5887	2238	399
5888	2579	221
5897	1422	220
5900	1931	260
5903	4315	248
5907	3196	457
5909	4877	537
5913	2492	261
5918	5055	247
5942	1728	222
5943	1971	200
5952	1559	185
5958	3871	465
5962	1167	312
5964	4589	361
5965	4118	446
5967	2985	319
5968	3691	416
5974	2232	334
5986	2646	254
5988	4000	447
5990	2275	436
5993	2717	449
5999	2246	215
5999	2246	376
6004	2590	466
6007	5650	538
6007	5650	222
6007	5650	211
6009	1333	185
6011	3593	247
6020	5142	462
6020	5142	498
6021	2577	293
6030	5411	353
6037	2310	200
6044	3856	500
6045	2268	185
6047	3630	185
6047	3630	443
6050	1851	319
6054	2862	496
6060	3438	428
6067	3257	226
6067	3257	277
6071	1412	320
6078	1037	292
6088	1192	351
6093	2561	270
6095	2419	249
6099	5231	331
6099	5231	382
6101	2399	236
6101	2399	231
6108	2203	297
6115	1944	250
6121	1690	206
6124	1408	185
6127	1946	279
6146	1626	241
6148	1556	200
6148	1556	282
6149	1894	292
6155	2557	472
6157	3611	250
6161	1512	273
6173	4482	321
6182	4441	514
6189	2043	272
6189	2043	294
6197	2325	353
6199	2764	385
6201	2698	185
6204	2383	495
6205	4953	345
6210	1808	227
6211	4420	400
6215	2572	464
6220	1327	227
6224	2922	477
6230	1931	437
6231	1874	492
6232	2577	399
6240	2195	245
6241	3200	454
6245	1991	336
6246	2239	374
6252	4540	480
6256	3253	465
6259	2054	216
6268	2895	375
6268	2895	354
6277	1712	472
6278	1992	465
6280	1207	285
6281	1417	286
6288	2457	376
6289	2768	462
6290	1919	318
6292	4232	312
6293	2890	369
6293	2890	293
6298	2780	467
6298	2780	185
6306	1402	311
6313	2805	185
6321	2336	323
6323	2070	431
6324	2109	444
6329	2446	359
6330	2415	472
6332	1393	285
6334	2106	426
6336	2297	314
6340	3706	540
6340	3706	474
6341	5085	222
6344	1938	211
6347	4547	416
6349	2651	424
6353	1763	265
6355	2124	260
6356	2287	222
6358	1022	220
6360	3355	458
6363	4168	310
6364	1667	504
6379	2200	454
6380	1143	221
6385	2477	399
6389	3007	295
6393	4452	262
6396	3145	366
6396	3145	371
6402	1320	402
6410	3793	318
6415	1337	185
6420	2354	353
6421	3710	242
6423	2524	282
6423	2524	276
6425	2789	521
6427	2717	251
6430	2299	255
6431	2465	499
6436	1646	215
6439	1390	274
6444	1394	347
6445	2342	309
6446	1280	255
6456	1598	185
6462	1009	211
6464	2595	371
6465	3114	302
6470	2824	232
6471	1641	185
6472	1324	449
6478	3687	405
6479	3842	367
6481	2729	262
6481	2729	258
6482	2506	250
6483	2927	385
6487	1367	227
6492	1702	200
6502	3044	185
6504	854	222
6507	3244	350
6507	3244	437
6510	2079	473
6512	2943	378
6513	1618	222
6514	3230	208
6514	3230	428
6515	1144	237
6517	1999	385
6518	2357	204
6521	1327	304
6524	1563	185
6534	2236	303
6538	1869	222
6538	1869	242
6541	1254	385
6543	3338	464
6543	3338	393
6546	2478	185
6548	1556	272
6553	2695	347
6555	1817	441
6557	2702	306
6558	3063	461
6560	2275	489
6563	2738	481
6564	2679	445
6565	3853	281
6569	1719	338
6570	2754	392
6576	2106	286
6580	1517	313
6581	1524	237
6585	1933	260
6597	1800	493
6600	3415	384
6600	3415	517
6601	1705	279
6602	3563	462
6602	3563	442
6603	3416	343
6604	1735	298
6605	4956	432
6605	4956	461
6607	2825	508
6608	1891	244
6611	1779	305
6618	1407	185
6619	2636	423
6620	1319	255
6621	2400	497
6624	1878	433
6626	2122	369
6629	1648	267
6633	2375	264
6634	1927	326
6635	1785	443
6637	1812	330
6640	1756	440
6649	1713	318
6651	3073	519
6654	3006	245
6657	3948	443
6657	3948	348
6658	2657	227
6660	4259	278
6662	4449	475
6665	2278	346
6668	1962	295
6670	1623	185
6671	2767	424
6672	3530	451
6672	3530	402
6676	1626	277
6677	3077	575
6680	1993	467
6681	2027	331
6689	2026	415
6690	3433	267
6691	1513	422
6701	2788	252
6701	2788	253
6702	2336	311
6703	1536	326
6705	3139	456
6705	3139	356
6706	2081	462
6707	1711	251
6708	2683	477
6713	2542	434
6715	2090	490
6720	2665	222
6720	2665	222
6721	1359	305
6723	1851	401
6724	1876	266
6734	2520	466
6735	1415	407
6736	1983	222
6738	1991	379
6740	2168	320
6743	4717	285
6743	4717	372
6745	2480	411
6747	3486	232
6752	1567	254
6753	4545	464
6757	3875	460
6757	3875	432
6763	1674	227
6765	2128	337
6768	1872	285
6771	1737	335
6777	1789	306
6778	2675	439
6780	1720	280
6783	1693	238
6785	2430	347
6791	4003	414
6791	4003	362
6795	2230	223
6795	2230	280
6797	1684	185
6800	2059	343
6801	3126	406
6801	3126	250
6803	1579	444
6805	1686	307
6808	4827	499
6808	4827	469
6820	2592	384
6823	3077	475
6826	2185	420
6827	2256	286
6832	3185	230
6832	3185	343
6833	2871	431
6834	1617	289
6837	2374	290
6837	2374	248
6844	2501	200
6849	1688	227
6853	2092	456
6854	1124	275
6857	1586	379
6859	2147	457
6861	2247	272
6862	1219	185
6863	2065	517
6864	1473	391
6866	3108	413
6872	1796	185
6877	1825	261
6881	3354	234
6886	1767	292
6896	803	383
6897	2857	284
6897	2857	309
6902	1887	444
6904	2564	401
6905	1475	362
6910	2914	460
6912	2274	271
6914	2362	452
6915	2722	526
6917	3824	504
6920	1590	253
6921	4408	250
6930	1812	333
6936	1784	388
6937	4427	304
6938	2125	358
6945	2155	185
6946	1896	243
6950	3703	379
6950	3703	410
6951	2972	156
6952	1637	434
6953	1773	211
6954	1537	201
6954	1537	278
6956	1810	266
6958	2227	226
6958	2227	261
6961	3593	357
6962	4373	482
6962	4373	506
6965	3343	425
6966	2411	238
6967	1169	279
6971	3358	230
6973	1756	330
6975	2833	431
6975	2833	270
6977	1815	409
6982	1667	222
6991	2385	276
6992	1925	431
6999	3828	185
7001	2959	460
7004	3547	332
7004	3547	498
7005	2244	305
7006	1760	284
7007	1689	291
7012	2463	276
7014	1850	484
7019	4086	574
7022	2560	422
7023	1898	200
7027	2008	215
7030	2069	517
7032	1739	239
7034	2106	291
7037	2077	478
7045	1882	243
7048	1523	405
7051	1856	242
7052	1855	185
7053	1416	440
7054	2604	497
7056	2085	248
7057	2036	399
7062	3210	386
7062	3210	471
7065	2228	453
7068	1698	233
7071	1202	227
7078	2578	448
7083	2135	503
7085	1941	381
7088	2154	404
7089	1338	261
7090	1811	362
7092	1616	261
7093	1874	185
7094	3963	483
7096	2260	404
7100	2643	185
7102	2303	268
7105	1310	211
7108	2235	323
7110	3490	496
7114	2336	494
7118	2036	323
7120	2193	255
7121	2629	267
7122	1731	411
7125	2317	425
7128	2397	418
7129	2214	430
7131	3238	460
7133	4910	460
7141	2007	417
7144	2391	332
7146	3035	469
7148	2101	283
7148	2101	255
7151	1767	255
7159	3206	492
7159	3206	480
7161	2284	466
7164	1522	421
7166	1846	266
7166	1846	203
7169	2418	412
7174	4354	449
7179	4264	477
7181	2512	525
7190	3633	466
7190	3633	377
7191	3399	409
7191	3399	487
7193	2004	289
7196	2577	310
7197	2093	358
7200	2058	241
7207	2289	353
7212	1792	443
7214	2058	426
7222	2350	316
7223	1415	256
7225	3207	298
7230	3512	439
7230	3512	395
7235	2027	450
7236	1181	316
7237	1993	295
7242	2056	483
7243	2811	422
7247	2700	496
7248	1975	185
7249	2812	488
7257	3297	436
7258	1533	417
7260	2152	352
7277	2318	391
7278	2589	390
7282	2767	268
7284	2978	468
7290	3550	479
7291	979	211
7292	2435	274
7294	1762	226
7294	1762	185
7297	3198	501
7298	2989	185
7298	2989	268
7303	3000	268
7308	4672	264
7308	4672	297
7309	1263	267
7325	2021	421
7329	2161	474
7331	1907	239
7333	2557	246
7333	2557	204
7336	2007	390
7340	3284	516
7343	3089	467
7345	2025	450
7349	2814	256
7351	2025	451
7352	4152	489
7355	4476	206
7355	4476	200
7357	2714	458
7359	2534	281
7359	2534	251
7361	2120	493
7362	2717	483
7371	3056	496
7371	3056	455
7374	2325	356
7383	4031	388
7384	2843	418
7384	2843	203
7390	1184	185
7391	2143	372
7393	1914	324
7399	2195	403
7402	4541	557
7402	4541	234
7404	2595	296
7406	2293	297
7409	2733	454
7413	3683	435
7413	3683	384
7414	4035	370
7414	4035	398
7418	640	211
7420	2365	323
7424	1981	244
7427	1576	311
7428	3853	534
7431	3318	240
7431	3318	310
7432	1537	200
7433	3563	453
7439	2634	266
7439	2634	304
7440	3273	331
7442	2370	253
7452	3164	482
7453	2023	250
7454	3791	333
7462	1604	227
7464	3748	438
7472	2112	496
7474	1997	352
7475	1943	238
7482	2581	281
7489	1934	263
7494	3421	435
7499	2417	414
7505	2958	435
7506	1936	371
7507	1363	336
7510	1858	157
7511	1415	399
7512	1632	200
7515	3847	356
7516	2604	432
7518	1900	185
7519	1415	211
7521	1754	273
7522	1868	185
7524	2219	267
7526	2924	222
7527	2161	299
7528	1632	352
7530	2508	448
7533	3158	329
7534	2352	314
7537	1601	200
7538	1912	276
7541	1624	256
7543	1926	319
7554	2420	267
7557	2725	250
7559	1911	300
7567	2318	261
7567	2318	221
7576	2164	232
7577	1814	429
7583	2281	272
7589	2590	238
7589	2590	298
7594	3066	397
7596	1522	330
7597	1785	284
7600	1589	285
7601	1840	248
7617	2541	200
7618	2081	272
7623	1595	200
7624	2781	325
7631	1386	301
7634	1901	298
7640	2095	227
7642	1467	247
7644	2246	480
7652	2326	185
7670	693	185
7673	1600	211
7675	4977	306
7675	4977	455
7677	1564	322
7682	1858	286
7686	2980	347
7689	2302	340
7689	2302	239
7692	6358	311
7692	6358	336
7695	2616	464
7696	2250	500
7697	2204	221
7698	5860	373
7703	2103	323
7707	1367	450
7711	4159	328
7714	1682	200
7715	3505	452
7716	2781	237
7719	3139	322
7729	2278	411
7734	2786	548
7736	3599	202
7736	3599	492
7742	3345	264
7744	3464	479
7749	1586	484
7752	2638	294
7755	1894	185
7756	2486	434
7773	2441	557
7775	3034	438
7777	6601	308
7778	2256	443
7792	1694	413
7794	2345	509
7795	1522	299
7800	2389	440
7801	1757	344
7802	1983	530
7804	3002	409
7805	2112	505
7809	1706	232
7818	4685	473
7819	2890	241
7821	5340	351
7821	5340	234
7823	1797	227
7830	2299	215
7839	2338	285
7844	2599	185
7845	6436	505
7848	1971	312
7849	4705	250
7851	2442	445
7852	3637	502
7855	1833	256
7856	3863	329
7860	2195	371
7861	2221	339
7869	1690	397
7871	1634	307
7874	7915	298
7874	7915	329
7881	2317	398
7882	2284	345
7883	2695	257
7887	1755	323
7889	3719	222
7891	4783	468
7892	5939	382
7892	5939	491
7893	1947	206
7899	1923	454
7902	1774	378
7903	1535	292
7907	6496	309
7907	6496	255
7909	1865	301
7911	2679	380
7914	2187	233
7915	4151	244
7915	4151	299
7916	3213	317
7928	1620	339
7931	4085	266
7934	2226	281
7937	3215	436
7943	4261	287
7944	8661	200
7944	8661	340
7950	1962	233
7953	2512	507
7966	2096	328
7967	2464	489
7970	1721	185
7971	2660	343
7972	5776	515
7972	5776	395
7975	1721	211
7981	2240	326
7982	2027	399
7983	2296	468
7989	3030	244
7992	3100	458
7993	1944	222
7995	1305	321
7999	2558	282
8000	2064	215
8005	4592	480
8009	1738	249
8014	1777	488
8015	1901	261
8017	4094	313
8024	5851	308
8024	5851	318
8027	1736	421
8028	1243	410
8030	3314	254
8030	3314	281
8035	2442	310
8038	3750	291
8039	2137	316
8042	1371	282
8044	1982	244
8047	1996	324
8049	1497	285
8050	1500	280
8051	2094	490
8053	5410	502
8059	3697	554
8059	3697	475
8060	2242	280
8065	2987	284
8071	2029	206
8072	1708	309
8074	2248	350
8076	2454	284
8076	2454	265
8080	2146	291
8081	1865	277
8088	1972	475
8090	2137	258
8092	2276	222
8093	3570	521
8094	7889	308
8094	7889	306
8094	7889	339
8096	2166	309
8097	6167	463
8101	4169	435
8108	2855	227
8111	2573	317
8114	2874	335
8114	2874	292
8123	1966	215
8124	4435	412
8126	3523	511
8132	4243	174
8138	1572	258
8139	3344	495
8141	2308	390
8143	1572	185
8158	1989	385
8160	5047	200
8163	4267	365
8165	2267	306
8167	2496	222
8168	2974	502
8168	2974	273
8170	2172	281
8178	2109	211
8181	1996	284
8183	3549	503
8187	3010	345
8190	3550	398
8193	2041	255
8193	2041	272
8200	1404	169
8209	7228	200
8209	7228	261
8213	4520	309
8217	5068	277
8218	1760	185
8223	8675	366
8223	8675	211
8224	1680	200
8225	2287	284
8232	2002	205
8232	2002	275
8234	4732	185
8237	1492	308
8238	3704	503
8241	3677	305
8242	1965	467
8254	2875	311
8255	2403	337
8258	3048	301
8263	2179	283
8265	2516	308
8273	4250	263
8275	3624	532
8277	2404	222
8279	2367	340
8280	3728	185
8289	2304	241
8290	1808	185
8302	3441	381
8304	6606	467
8305	1693	299
8306	2836	375
8309	2274	481
8315	7100	392
8316	6433	488
8316	6433	293
8319	1543	318
8320	2482	355
8322	4045	324
8322	4045	185
8323	4454	405
8323	4454	490
8324	1998	365
8328	4569	268
8334	2719	427
8334	2719	203
8336	2463	298
8338	2079	302
8339	2821	317
8345	3410	263
8350	2740	509
8352	1686	185
8354	4930	332
8368	1870	468
8369	3488	344
8372	2010	486
8374	4416	395
8380	2457	471
8382	1988	237
8390	2488	411
8392	5356	450
8393	2634	343
8397	1322	455
8399	2844	380
8402	2257	358
8403	1125	299
8404	6099	328
8405	3074	517
8406	2637	200
8408	1935	523
8410	1677	291
8415	1981	301
8416	2170	321
8418	2438	447
8424	6780	366
8426	2590	484
8427	2419	235
8427	2419	299
8428	2768	303
8432	2105	462
8437	1631	299
8444	2267	484
8453	5019	249
8453	5019	262
8454	2904	303
8457	2701	474
8458	2268	462
8461	2616	500
8464	1589	440
8466	3153	238
8466	3153	444
8469	2273	343
8475	4489	238
8476	2323	283
8476	2323	288
8482	1751	448
8489	3719	475
8494	2550	277
8501	2723	359
8505	1860	305
8515	2394	185
8517	3861	393
8519	2838	494
8521	2214	337
8522	4024	478
8523	1368	200
8527	1893	322
8529	2141	259
8533	4196	238
8544	1700	227
8546	2138	296
8546	2138	300
8547	2106	330
8548	2951	292
8551	1129	404
8554	4842	232
8554	4842	268
8555	3470	513
8562	2495	287
8563	3003	480
8567	2529	206
8575	2776	246
8575	2776	213
8579	1740	280
8580	1603	349
8591	1583	311
8595	2224	293
8595	2224	185
8597	3436	510
8598	5060	484
8598	5060	238
8605	2374	255
8606	2630	456
8607	2380	317
8611	3218	316
8612	2033	540
8629	3677	284
8631	2113	227
8634	3126	250
8638	2189	325
8639	892	266
8645	1843	323
8651	1708	304
8656	2282	279
8663	2314	249
8664	7708	488
8664	7708	394
8666	4090	538
8668	2391	522
8673	1318	280
8679	4356	435
8679	4356	364
8680	1414	309
8682	2135	300
8683	2526	321
8684	2031	281
8685	2529	244
8687	2759	264
8693	2450	332
8694	5521	336
8697	2242	314
8698	3916	404
8698	3916	425
8701	7390	317
8702	2868	503
8703	1837	370
8704	1654	316
8705	2191	232
8705	2191	177
8709	1715	311
8710	2283	215
8712	2094	436
8714	3219	384
8716	2658	211
8716	2658	222
8718	1816	221
8723	1962	264
8725	1991	248
8727	2839	296
8728	1489	227
8729	3502	531
8732	2851	308
8735	3185	215
8736	3334	311
8747	2676	454
8754	1447	343
8756	2490	512
8757	1699	227
8761	2748	396
8767	4350	538
8768	3429	321
8769	2485	469
8772	3949	384
8772	3949	358
8774	2447	185
8779	6096	222
8779	6096	413
8782	3813	260
8784	5073	500
8784	5073	230
8787	3000	326
8791	3160	367
8796	1953	239
8799	3898	404
8799	3898	352
8815	4193	291
8817	2610	479
8818	2221	409
8833	2388	211
8842	3140	439
8843	5004	438
8845	1849	243
8848	2993	292
8850	3548	362
8857	2039	490
8870	1906	487
8872	2496	200
8879	5024	221
8879	5024	284
8882	1813	319
8883	1920	417
8893	3065	245
8899	2136	475
8905	1270	337
8909	1942	185
8911	2296	211
8912	2074	331
8914	2069	322
8916	2213	215
8918	3504	365
8919	1793	333
8928	2275	256
8931	1682	315
8935	2441	493
8950	2678	233
8952	4160	480
8956	2115	294
8959	2125	292
8965	1557	289
8966	2139	284
8967	2366	232
8973	3343	480
8976	1331	255
8977	4742	284
8978	2650	259
8983	2182	344
8984	1092	289
8988	3047	469
8989	3441	227
8991	3370	335
8992	1751	244
8993	1717	230
8998	1685	318
8999	1351	274
9000	1684	229
9005	6918	266
9006	2400	447
9007	1308	451
9008	5247	311
9009	4780	497
9012	3101	482
9018	4659	181
9018	4659	232
9029	1740	476
9030	2154	268
9031	1325	226
9035	3400	448
9040	1474	185
9044	1689	290
9046	845	200
9050	2411	507
9051	1067	300
9052	3800	351
9055	4501	255
9056	1815	304
9062	2408	397
9063	1959	276
9064	3733	481
9074	2582	495
9080	1870	345
9083	2327	309
9089	4198	344
9095	4400	290
9099	2522	284
9100	3274	277
9102	2871	311
9102	2871	318
9106	2266	464
9111	2323	349
9117	1868	215
9124	2364	297
9125	4998	490
9126	4266	315
9127	2020	275
9130	1276	302
9135	1600	316
9139	3262	301
9141	4242	409
9144	2065	250
9146	1884	261
9148	3717	292
9160	2502	508
9163	3582	471
9164	1942	256
9166	2453	293
9167	2642	531
9168	2777	353
9171	1005	185
9173	1164	185
9182	5777	478
9182	5777	239
9198	2675	333
9200	1659	263
9205	1746	396
9224	1939	497
9226	1602	215
9230	1291	284
9231	1437	389
9237	1832	211
9238	2391	276
9241	2402	403
9244	1296	482
9245	1829	260
9252	3858	286
9254	2853	280
9254	2853	245
9259	2727	480
9267	3363	592
9270	1308	185
9271	2453	220
9282	3931	505
9282	3931	458
9285	3182	241
9285	3182	206
9297	2300	211
9302	1870	299
9307	1997	327
9311	1864	314
9312	2460	524
9315	1788	311
9318	2174	185
9325	2458	184
9325	2458	234
9326	2014	284
9329	1963	318
9331	2719	267
9331	2719	129
9335	2034	328
9336	1734	444
9340	2850	343
9342	2100	245
9343	1957	312
9350	2577	256
9355	4104	476
9358	2819	375
9361	2666	320
9361	2666	299
9365	1655	335
9373	2121	327
9374	2762	311
9379	1722	271
9382	2630	278
9385	2361	245
9391	4255	499
9396	2289	255
9397	2409	265
9398	2837	441
9404	2787	270
9406	1970	287
9408	2161	423
9412	3218	404
9412	3218	404
9416	1447	488
9417	1568	238
9419	3841	260
9419	3841	308
9420	2831	441
9422	2684	421
9423	2844	185
9423	2844	296
9424	1832	216
9432	3206	467
9432	3206	500
9435	4387	522
9435	4387	475
9439	1674	185
9440	2534	293
9441	2402	481
9442	4501	456
9444	1960	177
9444	1960	223
9449	2454	185
9451	1764	401
9453	4597	330
9453	4597	414
9458	2403	478
9462	4622	222
9462	4622	317
9464	2365	473
9466	4258	442
9468	1819	285
9472	3908	403
9472	3908	238
9477	2445	315
9484	2644	332
9487	1812	304
9489	1865	387
9496	1917	382
9497	1688	280
9500	4567	390
9502	2376	338
9510	3541	300
9511	3470	510
9514	2672	351
9515	2951	277
9515	2951	267
9518	2110	200
9519	2537	433
9520	1632	295
9521	1152	444
9525	2440	252
9528	2827	291
9535	2276	450
9538	1470	307
9540	2747	472
9544	3584	330
9546	2614	330
9547	1934	416
9550	2277	467
9552	3451	245
9553	1517	305
9554	2825	200
9556	1409	239
9557	2872	239
9559	1154	331
9562	1877	401
9563	2520	326
9568	1164	267
9572	821	185
9573	3248	304
9578	3107	282
9578	3107	273
9579	1400	273
9580	2079	317
9584	1600	311
9586	2912	559
9589	2302	222
9590	2907	352
9592	2784	354
9593	3001	488
9595	1970	353
9596	2377	339
9597	1430	314
9598	3722	299
9598	3722	290
9601	2776	280
9612	2301	267
9614	1465	255
9615	2402	216
9616	2037	393
9619	2103	234
9623	2146	383
9627	2477	185
9632	2773	280
9634	4501	534
9634	4501	277
9635	1126	302
9639	2067	211
9642	2485	312
9645	2249	293
9645	2249	307
9650	2207	482
9659	1413	311
9663	2977	442
9667	2957	339
9672	1910	279
9679	4682	463
9680	3093	447
9681	2420	331
9683	1437	261
9684	1781	457
9687	1156	303
9689	1404	308
9705	2098	353
9713	4322	480
9715	3745	281
9716	822	261
9721	2290	349
9723	1832	306
9724	1696	146
9726	1669	312
9731	2842	448
9733	3130	286
9733	3130	232
9734	2349	468
9735	4530	298
9735	4530	466
9737	2186	342
9738	3495	233
9739	4181	409
9739	4181	411
9741	3792	482
9741	3792	332
9742	2148	319
9743	2056	216
9744	2311	324
9755	1797	259
9761	3663	185
9762	2050	291
9763	2411	298
9764	4032	446
9764	4032	488
9766	4275	159
9767	1725	426
9770	1502	286
9773	4298	486
9778	4411	319
9779	2576	271
9785	2336	295
9793	2443	301
9794	1347	301
9795	1648	281
9796	1950	249
9799	1958	289
9802	1486	215
9807	1866	402
9809	3744	335
9809	3744	200
9812	1591	185
9815	2738	322
9819	2705	185
9822	1730	238
9826	2054	161
9826	2054	191
9833	2698	331
9833	2698	344
9837	1805	185
9838	1968	185
9840	1503	311
9841	2015	275
9843	2700	281
9845	2605	281
9849	1180	206
9850	1793	500
9852	2075	499
9860	2354	525
9872	3051	216
9879	2473	519
9883	2802	428
9884	2247	345
9885	1987	277
9885	1987	293
9887	2720	337
9891	1200	255
9892	3492	439
9893	3518	438
9897	2709	339
9902	1823	256
9910	3017	420
9918	2236	261
9920	2344	496
9923	2415	312
9924	2033	239
9931	2706	471
9932	2235	346
9934	1924	416
9936	4650	326
9937	1943	251
9940	2020	448
9942	2413	413
9951	1836	216
9952	2231	368
9955	2093	296
9958	2244	285
9959	1983	292
9960	2721	232
9965	1891	433
9966	1961	295
9970	3461	443
9974	2260	312
9979	2838	227
9987	1793	274
9989	1852	232
9992	1613	365
9995	1841	200
9997	2541	333
10000	4272	388
10008	1829	286
10011	2650	295
10018	3338	440
10019	1685	473
10022	3121	279
10023	2151	383
10024	1989	395
10025	2432	283
10028	3123	485
10030	1922	424
10031	3648	465
10032	1967	258
10033	1959	251
10034	1837	305
10036	2226	273
10038	1566	211
10039	2035	481
10040	1747	297
10047	1917	377
10051	2011	417
10061	2335	275
10061	2335	200
10062	2028	309
10068	3282	443
10068	3282	427
10069	3130	518
10070	1950	420
10071	2030	389
10083	4156	479
10083	4156	459
10085	3022	444
10086	1639	227
10087	2966	296
10087	2966	135
10092	2351	227
10095	1877	420
10097	3197	337
10100	2366	456
10106	4136	372
10109	2062	314
10112	3489	445
10113	1886	318
10116	1548	285
10117	2207	266
10119	1431	259
10124	1872	266
10125	1478	250
10126	1349	288
10146	2094	270
10154	1131	286
10157	3393	408
10164	3369	496
10164	3369	322
10175	4509	471
10182	4128	272
10182	4128	199
10182	4128	191
10183	1808	221
10184	2494	450
10185	1416	272
10187	3450	354
10188	3446	379
10190	1492	291
10195	2451	288
10195	2451	198
10200	1552	230
10201	2013	473
10204	2044	200
10209	1849	334
10210	3058	248
10210	3058	453
10212	3453	463
10223	1603	286
10235	1670	320
10236	1984	248
10237	1760	424
10239	1765	250
10242	3238	337
10243	2108	381
10254	1279	238
10260	3400	536
10263	2701	148
10263	2701	273
10265	1327	299
10266	2523	250
10266	2523	272
10268	4011	300
10273	1303	449
10276	1825	334
10277	1414	294
10278	1890	381
10279	2570	326
10287	3829	301
10287	3829	388
10288	2399	609
10290	2147	281
10293	3574	495
10298	2832	185
10299	2755	487
10300	2048	362
10301	2299	365
10310	1208	348
10311	3600	535
10312	1817	301
10315	1791	345
10315	1791	283
10316	1767	278
10326	1694	267
10328	1930	520
10332	2100	324
10338	2392	338
10342	1952	378
10346	2060	250
10347	1366	382
10351	1332	251
10354	1931	309
10361	2475	443
10363	2431	483
10365	2590	559
10367	1961	307
10372	1883	306
10373	2972	484
10383	2768	339
10386	1912	382
10392	2654	255
10394	1890	313
10398	2131	515
10399	1360	293
10400	2673	504
10403	2263	154
10403	2263	165
10406	2014	279
10407	2170	475
10409	1648	331
10418	868	271
10420	3542	510
10422	1938	382
10426	820	273
10436	2541	331
10442	2663	278
10444	1787	278
10451	2433	280
10453	1620	324
10454	1737	222
10455	1698	408
10459	1847	269
10462	873	307
10463	1926	200
10465	2167	310
10465	2167	252
10466	2756	327
10468	2222	310
10469	1446	298
10475	2735	275
10480	3118	237
10487	2286	310
10487	2286	243
10490	2396	230
10499	2739	317
10508	1480	227
10510	1619	344
10512	1590	239
10517	1223	185
10520	2672	380
10522	2114	185
10526	2231	321
10528	2601	267
10534	3589	520
10537	1993	200
10537	1993	212
10546	3032	468
10551	1143	200
10559	2356	311
10562	2036	299
10566	3795	388
10567	3708	440
10567	3708	446
10568	1936	242
10568	1936	319
10570	2386	368
10571	4430	259
10571	4430	286
10581	1762	417
10583	3942	242
10588	1867	380
10594	1697	296
10595	1892	299
10607	2618	261
10610	2117	325
10611	2054	234
10613	1998	426
10614	2247	304
10617	2602	328
10617	2602	267
10625	2169	211
10629	2324	290
10629	2324	246
10630	1714	337
10632	1432	266
10633	1973	326
10633	1973	325
10637	2382	304
10640	2051	227
10641	4427	267
10642	1696	200
10643	2725	431
10657	4208	261
10665	1247	267
10666	2365	406
10667	3947	264
10674	3341	310
10675	3631	516
10676	1305	234
10679	2568	322
10680	2667	299
10680	2667	235
10682	1815	294
10689	2690	185
10693	3689	402
10703	1938	319
10705	1891	256
10707	1994	288
10709	2021	433
10710	1792	261
10713	2513	341
10715	2713	394
10717	3071	373
10725	2408	538
10726	2072	473
10728	1948	284
10732	1371	254
10740	1709	362
10742	1761	486
10745	1968	432
10750	2283	333
10750	2283	169
10758	2631	483
10760	2803	241
10761	2398	472
10763	2395	245
10765	1370	315
10766	1988	325
10773	2686	345
10777	2231	157
10777	2231	213
10783	2805	280
10787	1954	356
10788	1975	269
10796	1860	344
10803	2251	343
10807	2237	398
10816	2244	200
10818	1783	500
10822	2923	470
10823	2378	479
10831	3085	260
10831	3085	241
10835	2076	288
10838	1856	311
10839	2826	480
10841	2379	305
10844	2458	364
10850	2928	347
10851	2417	483
10859	2479	368
10860	2817	517
10861	3128	485
10867	1533	238
10872	1941	336
10876	1300	200
10883	2788	353
10887	1621	343
10888	1563	248
10890	4302	318
10891	2021	301
10893	1435	254
10895	2900	497
10898	1921	402
10899	3071	455
10905	2059	346
10909	1899	222
10910	5818	265
10910	5818	406
10914	2349	341
10915	2629	419
10918	1382	327
10922	2086	312
10924	1087	285
10925	1521	268
10926	1948	442
10928	4865	491
10934	2688	185
10935	2821	432
10945	1357	305
10951	2805	394
10954	2418	436
10955	4877	245
10956	1728	291
10957	3380	469
10957	3380	455
10961	2400	486
10963	1883	390
10965	2561	265
10966	1850	282
10967	4397	346
10972	2863	439
10973	1809	317
10974	3390	494
10976	1603	291
10980	1298	239
10987	2292	467
10990	1504	274
10993	2170	362
10995	2642	276
10998	2319	349
11002	2051	433
11006	5783	291
11013	5629	241
11013	5629	327
11017	4238	300
11022	2633	503
11024	2953	346
11031	4437	464
11033	4369	222
11037	1836	256
11049	4804	481
11054	3568	462
11056	3007	330
11058	2977	423
11063	3224	350
11065	2522	357
11067	1126	185
11068	2627	309
11072	1595	460
11073	3083	339
11078	2331	309
11086	1785	227
11088	4516	545
11089	1971	384
11098	4070	556
11107	6516	222
11107	6516	345
11109	1647	216
11111	2519	237
11113	3868	221
11117	1821	211
11130	1598	317
11131	4066	291
11132	2457	450
11134	2172	185
11135	1825	286
11140	5321	253
11140	5321	207
11142	1616	200
11144	2258	433
11151	1800	215
11158	5537	291
11160	3707	275
11160	3707	409
11161	2108	241
11162	2839	329
11167	1990	232
11169	2545	479
11172	3100	291
11174	2883	280
11177	2659	500
11178	3169	333
11181	3501	302
11184	2506	482
11186	1931	495
11190	2419	396
11192	2171	478
11204	2107	440
11205	3070	303
11206	2530	456
11208	1768	354
11212	3654	428
11214	2977	423
11219	7657	313
11222	4349	460
11224	3213	486
11230	2081	409
11231	2841	256
11235	2366	297
11239	2678	237
11241	1838	287
11259	3794	496
11263	3385	516
11265	4303	298
11271	2438	251
11273	2090	287
11277	2095	357
11280	4117	298
11285	2938	379
11289	5212	267
11294	5083	299
11294	5083	299
11301	2659	538
11304	4116	327
11309	2675	387
11310	3238	255
11310	3238	300
11311	2013	539
11313	2302	323
11314	1771	268
11318	2167	335
11323	3515	449
11325	2760	454
11326	5456	238
11327	1347	316
11328	2587	287
11330	2683	290
11332	2686	320
11332	2686	330
11334	2354	296
11336	1350	211
11340	2088	492
11342	1762	216
11343	1614	296
11357	1943	284
11363	2090	267
11365	1832	277
11368	2509	285
11373	2132	287
11375	3923	200
11375	3923	250
11376	2607	418
11379	4565	232
11379	4565	264
11385	1226	301
11389	2020	222
11390	2286	278
11391	2187	279
11396	5326	320
11399	1814	239
11403	1939	215
11406	1838	316
11408	2323	249
11410	1476	284
11413	5113	304
11414	2534	299
11415	2705	310
11422	2166	260
11428	2362	307
11432	2321	250
11434	1408	288
11437	5900	327
11437	5900	211
11441	1716	250
11446	2513	206
11451	2789	245
11456	2130	298
11461	2583	265
11461	2583	210
11462	995	244
11465	4892	216
11465	4892	280
11469	2736	245
11471	1456	268
11477	1765	280
11479	2382	185
11480	2565	311
11480	2565	307
11489	2243	215
11504	3464	496
11508	2253	267
11509	2408	364
11515	1506	298
11518	1362	292
11520	1561	200
11523	2208	286
11526	2533	324
11534	1407	227
11544	2055	211
11555	6910	206
11556	1915	200
11559	3497	273
11561	1632	291
11562	1860	185
11563	2401	285
11565	2028	290
11569	3844	266
11570	2202	283
11570	2202	219
11572	1613	269
11578	3771	260
11578	3771	396
11579	2173	227
11583	1468	273
11584	3173	420
11585	2052	313
11589	4684	331
11592	1989	185
11596	5392	285
11597	1965	306
11599	5662	244
11599	5662	248
11610	2379	299
11611	6948	269
11611	6948	265
11611	6948	281
11611	6948	200
11613	2101	286
11619	4736	420
11632	3800	286
11632	3800	293
11634	1825	249
11635	6897	266
11635	6897	291
11642	1983	268
11645	2214	263
11645	2214	221
11648	2519	249
11650	2197	274
11655	3019	249
11656	4102	289
11656	4102	299
11663	2279	299
11665	1815	185
11666	1838	295
11668	3149	310
11679	1940	261
11682	1724	211
11684	2198	255
11684	2198	240
11691	1361	304
11694	2997	292
11695	4723	194
11695	4723	260
11703	1558	206
11705	2356	259
11706	3156	286
11707	1991	185
11708	2378	284
11709	2774	254
11712	2638	313
11713	1360	243
11715	2433	433
11717	1999	346
11718	6872	185
11718	6872	185
11719	2245	291
11721	2493	227
11722	4507	350
11724	1966	257
11726	3593	387
11729	2500	312
11731	1430	287
11745	5819	290
11745	5819	303
11746	4691	372
11749	2103	317
11754	1906	283
11756	2911	301
11763	1701	324
11767	2099	249
11773	3731	200
11777	1489	276
11778	3730	325
11779	2549	316
11780	6540	424
11784	2206	393
11785	1845	357
11795	2420	281
11795	2420	320
11796	1846	468
11801	2060	487
11803	1927	284
11805	4404	185
11808	5026	277
11811	4564	341
11818	3572	544
11823	1973	200
11829	5414	350
11830	2697	375
11831	4385	248
11834	1812	426
11841	2101	312
11850	2398	432
11853	1253	211
11855	2499	466
11860	1237	416
11864	2218	432
11866	2121	286
11867	1834	232
11872	2522	304
11872	2522	271
11873	3987	330
11878	1954	304
11885	2492	474
11886	2357	482
11891	1363	243
11892	2609	280
11895	1530	227
11901	2418	256
11904	3108	206
11905	3140	540
11906	1860	264
11908	2087	211
11914	2733	557
11916	4458	480
11921	1132	286
11922	3891	458
11933	2725	309
11935	1739	307
11940	3997	425
11948	6726	377
11949	2147	296
11951	1416	243
11952	3203	347
11953	1784	291
11955	2357	440
11959	2062	211
11966	1854	222
11967	4516	258
11967	4516	222
11975	2428	262
11978	2654	294
11982	2928	512
11983	1970	299
11990	2717	495
11993	2942	264
12000	2894	344
12002	1339	309
12005	6954	443
12006	2924	498
12015	4711	200
12021	3906	463
12028	1784	366
12029	4381	322
12036	1967	304
12041	2308	450
12044	2321	282
12046	2604	390
12052	7542	185
12053	6003	250
12054	2160	478
12056	2087	215
12059	3079	354
12061	2583	482
12064	1522	328
12066	5113	279
12068	1380	390
12074	2243	185
12078	2140	291
12082	2851	445
12083	2238	455
12086	7052	185
12087	5410	521
12088	2679	185
12093	2576	305
12096	2620	453
12100	4123	285
12103	2647	292
12111	2074	243
12115	1849	285
12126	6854	238
12131	2665	470
12133	3249	266
12134	1975	302
12140	2739	298
12148	1881	456
12151	4439	460
12154	3415	377
12163	1986	311
12164	2913	291
12165	2042	331
12169	2746	530
12173	2216	334
12175	1930	248
12178	3062	216
12182	3477	481
12187	2656	279
12190	4361	323
12191	2098	327
12198	1486	424
12201	3090	486
12203	2251	504
12205	2558	555
12207	4795	456
12208	3172	498
12217	4219	293
12217	4219	481
12221	3440	424
12225	1957	200
12226	3031	411
12233	1062	206
12238	2635	273
12245	2310	493
12246	6509	326
12247	6962	309
12252	1558	285
12257	1927	421
12260	2471	280
12261	2066	411
12269	3011	261
12270	1091	239
12271	2416	447
12272	2154	273
12276	2460	185
12277	2913	433
12283	3129	317
12287	4521	298
12288	2342	260
12298	1933	314
12309	1281	227
12310	3349	344
12310	3349	455
12313	2178	303
12315	2163	185
12317	2058	461
12318	3674	328
12319	2500	227
12324	2079	330
12325	2397	272
12330	3190	230
12332	3933	281
12334	1745	255
12336	3473	230
12338	6858	411
12342	2258	338
12344	3223	227
12345	6149	248
12345	6149	332
12346	2429	441
12370	1805	278
12378	1965	520
12382	2474	584
12385	2722	472
12388	2312	467
12392	1191	336
12393	6828	311
12393	6828	261
12394	6943	311
12398	1943	298
12409	1876	544
12410	2312	507
12417	2395	399
12423	991	222
12425	912	245
12426	1989	420
12427	1805	301
12431	2760	274
12434	2725	322
12435	6687	297
12435	6687	227
12435	6687	271
12441	2073	259
12445	1817	226
12446	1309	279
12449	4536	272
12451	2484	311
12453	2113	325
12454	2150	335
12455	1932	278
12456	1843	298
12459	2080	298
12460	3026	255
12461	2320	471
12463	1321	322
12466	2862	317
12471	1689	323
12476	4803	298
12476	4803	198
12477	2686	311
12485	2751	289
12485	2751	301
12489	1138	298
12494	4701	227
12494	4701	273
12495	2551	317
12495	2551	289
12496	1729	317
12499	2500	306
12501	3634	273
12501	3634	216
12503	1912	304
12504	5851	350
12504	5851	232
12505	3819	211
12507	2510	238
12508	1216	256
12514	2238	227
12514	2238	309
12517	1650	316
12523	2395	238
12523	2395	295
12531	1100	268
12533	3941	254
12537	1458	311
12538	2329	301
12542	1600	238
12544	6842	306
12546	3560	433
12549	2693	434
12553	2166	318
12556	2159	333
12560	3992	465
12561	2512	319
12563	1634	364
12566	2326	448
12567	5074	260
12572	2980	331
12573	2492	255
12576	2415	477
12578	1564	254
12582	4501	518
12585	3770	220
12585	3770	295
12585	3770	170
12595	1874	327
12600	726	215
12603	2348	377
12604	897	290
12610	2280	250
12610	2280	323
12611	1631	327
12619	2085	363
12621	1979	266
12622	1267	299
12633	1572	316
12638	1939	254
12644	1919	305
12647	2802	338
12653	1635	211
12656	1947	261
12662	3171	341
12663	1965	185
12665	1587	311
12668	2301	297
12670	821	222
12678	1570	327
12679	2082	333
12687	1415	266
12692	1648	215
12696	2469	311
12702	5439	308
12705	2535	269
12713	2198	206
12714	2214	256
12719	2329	339
12725	2234	185
12729	2535	200
12733	2491	500
12734	6104	232
12734	6104	261
12735	2399	266
12736	1661	293
12737	1675	211
12738	3551	356
12739	7261	263
12739	7261	468
12742	1843	232
12743	6473	511
12743	6473	461
12754	2096	308
12755	4154	438
12755	4154	462
12758	3933	401
12761	2278	243
12764	2369	369
12765	2839	291
12765	2839	314
12766	4029	385
12771	5362	482
12774	1925	185
12780	4253	304
12780	4253	362
12782	2622	400
12788	6070	211
12790	2759	222
12793	1865	286
12799	2850	427
12802	2241	249
12819	3834	322
12820	2167	273
12823	1666	200
12825	3052	254
12826	3279	158
12826	3279	420
12832	2259	256
12835	1657	300
12836	1902	291
12839	2737	290
12840	2477	227
12844	2569	389
12851	5702	433
12854	4712	185
12854	4712	268
12854	4712	414
12864	2480	268
12866	3568	215
12866	3568	404
12870	2473	367
12871	3180	286
12872	2569	309
12875	1984	211
12878	2063	447
12882	3919	252
12886	1484	307
12888	2280	211
12893	2378	416
12898	1475	432
12901	2278	275
12905	2727	288
12909	1764	291
12910	4242	233
12912	2736	257
12914	2602	250
12918	2102	238
12921	2173	305
12922	1989	268
12926	1641	311
12957	2448	314
12960	2170	251
12961	2059	230
12962	2340	264
12965	2969	287
12967	1810	206
12973	2242	286
12983	2133	200
12985	2716	227
12989	1896	299
12993	2105	265
12997	1959	250
13000	3043	429
13001	1908	289
13003	1450	295
13004	1721	262
13005	1808	276
13006	2191	280
13011	2191	279
13013	2591	300
13013	2591	249
13016	1875	313
13018	1780	266
13019	1539	243
13024	3272	465
13024	3272	306
13025	1700	403
13031	1938	238
13032	1234	250
13033	4621	222
13033	4621	223
13034	2690	308
13036	2417	253
13036	2417	291
13038	1966	391
13039	4513	274
13045	1263	299
13050	2612	365
13058	3647	338
13060	2799	384
13062	2790	481
13073	3609	255
13079	2626	286
13080	1508	308
13083	2865	290
13089	1640	301
13091	2233	248
13094	4899	313
13095	2238	464
13097	2693	287
13097	2693	303
13098	3985	507
13100	3855	349
13101	2200	268
13101	2200	292
13107	1254	342
13110	2891	232
13114	2394	211
13120	3665	615
13121	2356	294
13121	2356	313
13124	954	261
13127	4440	233
13140	1827	440
13141	2034	363
13142	1770	276
13144	2054	255
13149	4820	299
13157	1941	282
13161	3721	215
13162	1534	354
13163	2224	327
13165	6135	350
13165	6135	233
13168	4611	300
13175	1876	333
13177	1383	348
13179	1616	232
13186	4084	325
13186	4084	212
13188	6694	460
13189	5728	380
13192	1000	271
13194	5746	237
13194	5746	474
13194	5746	255
13194	5746	266
13203	1945	297
13205	2557	222
13206	2273	475
13208	746	300
13212	2085	279
13215	1800	354
13222	4913	524
13224	1557	300
13225	2438	441
13228	1629	328
13233	2624	313
13234	2389	277
13240	1854	242
13244	1954	288
13245	3826	381
13246	5574	338
13246	5574	211
13259	2549	244
13259	2549	326
13263	2863	459
13279	3316	510
13280	2508	336
13282	3747	484
13285	1405	185
13286	958	227
13288	1652	278
13290	973	261
13295	2571	312
13295	2571	198
13297	4604	322
13304	2630	365
13310	2528	455
13311	1658	296
13314	1734	395
13316	2243	185
13320	2027	227
13321	1402	287
13327	4474	271
13328	2338	449
13334	4294	320
13334	4294	477
13339	2808	465
13340	3759	500
13347	2495	215
13348	4761	471
13348	4761	440
13351	1843	392
13352	2166	222
13357	1837	285
13359	3570	271
13361	2436	247
13361	2436	303
13363	2886	526
13364	2808	200
13365	3380	309
13365	3380	338
13371	2091	314
13374	2603	248
13375	2284	311
13384	2180	463
13394	1899	285
13395	6859	158
13395	6859	340
13395	6859	200
13400	4617	431
13402	2486	466
13403	3523	573
13407	1891	417
13408	2002	299
13417	964	294
13421	1971	286
13431	2116	315
13433	2980	285
13434	2268	299
13434	2268	311
13438	1938	345
13459	4654	502
13466	1593	324
13468	2458	485
13470	7174	487
13470	7174	209
13472	1898	261
13479	3029	310
13480	5155	232
13482	2081	227
13483	2438	317
13486	4679	340
13490	4400	466
13490	4400	344
13492	5125	418
13500	4552	211
13501	2124	427
13512	1863	407
13522	5667	185
13522	5667	508
13523	2437	185
13525	4033	446
13526	2186	248
13526	2186	173
13529	4484	348
13538	5131	185
13547	4101	445
13548	2189	456
13549	4491	467
13549	4491	226
13550	3731	380
13553	6116	253
13554	2004	305
13565	1714	267
13572	2616	328
13577	1094	255
13580	2347	211
13580	2347	273
13591	2522	391
13593	3202	518
13594	2307	400
13600	2882	287
13614	3220	250
13615	4105	278
13618	2979	300
13628	2444	239
13628	2444	286
13631	2190	268
13632	2056	271
13636	5187	298
13637	2529	185
13639	2052	293
13642	2127	340
13646	2144	512
13647	1718	248
13649	2640	434
13652	1571	205
13656	2531	331
13657	4143	286
13657	4143	321
13662	2221	455
13667	3967	279
13674	2076	438
13676	2766	273
13679	2716	379
13681	1594	206
13682	2319	466
13692	2879	233
13693	1811	249
13694	2081	295
13695	3363	308
13698	3573	227
13703	2422	339
13704	2764	455
13706	2994	424
13710	2293	424
13717	1513	185
13718	4708	360
13720	2370	367
13727	4721	471
13728	3505	447
13732	1493	485
13734	3005	326
13742	1587	268
13748	1632	222
13750	1539	185
13754	2099	302
13754	2099	242
13758	3068	313
13762	2887	437
13764	3143	366
13772	4002	353
13793	2412	226
13795	2965	486
13802	2040	263
13807	2127	314
13813	4432	299
13815	1612	268
13816	2474	459
13821	2335	269
13821	2335	308
13822	3005	392
13828	5283	420
13830	2657	426
13835	1958	185
13837	1872	262
13839	2092	312
13847	1976	490
13858	2086	444
13861	2844	442
13865	1568	211
13870	3410	468
13872	2561	321
13877	2587	280
13878	1868	287
13883	1544	282
13891	1966	302
13893	2481	495
13896	3337	334
13897	2209	250
13905	1450	242
13927	3311	185
13928	2018	337
13931	1617	284
13932	2856	206
13933	2084	303
13935	1562	239
13937	2483	185
13937	2483	249
13940	2330	394
13949	5110	200
13949	5110	238
13949	5110	347
13957	1746	261
13961	1701	437
13963	3742	462
13963	3742	319
13968	1615	245
13974	5303	264
13977	2114	278
13978	2185	215
13978	2185	334
13979	1483	262
13982	1107	319
13983	1796	309
13985	2354	200
13989	1720	248
13991	2550	317
13992	1410	298
13995	955	293
13997	1820	435
14000	4148	245
14001	1368	261
14002	1652	394
14003	1263	295
14004	1253	211
14006	2254	372
14007	2668	352
14007	2668	264
14009	924	283
14013	3329	405
14013	3329	269
14015	1757	451
14016	2478	334
14023	1528	318
14024	2689	332
14025	2289	292
14026	1415	258
14032	2592	405
14033	1718	419
14035	1920	311
14041	2344	222
14042	2078	318
14048	1060	230
14053	2177	200
14054	1736	345
14059	2572	289
14061	1372	185
14064	5471	238
14065	1801	284
14066	896	292
14073	1840	206
14075	2120	252
14075	2120	270
14081	1662	289
14084	2673	497
14085	4780	226
14085	4780	341
14088	5108	277
14088	5108	211
14089	2075	426
14092	2275	471
14097	2063	243
14098	2345	374
14100	4607	331
14102	1770	353
14103	1921	475
14105	2224	255
14106	2154	486
14107	2044	256
14109	2065	493
14112	2349	430
14115	4163	211
14116	1829	443
14118	3150	232
14122	2228	293
14124	2222	357
14127	2420	302
14128	3007	492
14131	3094	212
14131	3094	363
14132	2792	431
14135	1475	309
14139	2633	466
14141	1890	346
14146	2115	259
14147	2736	315
14149	5136	246
14149	5136	536
14153	1918	334
14154	2826	267
14159	2599	381
14160	2205	251
14161	1594	185
14162	2195	257
14168	2166	185
14168	2166	289
14169	2122	332
14176	3617	469
14176	3617	398
14182	4193	458
14183	2279	233
14183	2279	211
14184	2602	361
14189	2268	337
14194	2902	366
14204	5793	368
14204	5793	388
14205	1680	295
14207	2219	279
14209	2018	211
14210	2245	294
14210	2245	261
14211	2180	331
14213	1677	309
14214	2385	161
14214	2385	120
14216	4867	314
14217	2350	473
14222	3254	211
14223	2508	330
14225	2594	372
14226	2069	332
14226	2069	185
14227	1473	313
14228	2301	266
14229	4316	285
14229	4316	221
14235	4528	430
14236	1396	282
14237	4407	476
14237	4407	435
14239	709	268
14240	2604	224
14246	1617	261
14250	4471	489
14250	4471	341
14258	2915	215
14265	2048	288
14273	3913	420
14277	1909	467
14280	1646	308
14281	2433	185
14283	2455	418
14284	1686	496
14286	4862	457
14287	2683	333
14288	3422	309
14288	3422	250
14289	3100	322
14291	2201	316
14295	2763	312
14295	2763	273
14298	1300	337
14299	1492	241
14301	1216	222
14306	5184	182
14311	2145	481
14312	1864	320
14312	1864	271
14315	1548	291
14318	2583	244
14323	2230	476
14327	3374	255
14328	1999	221
14331	2524	486
14333	2337	478
14337	2077	343
14338	1759	487
14339	1235	242
14343	1179	185
14344	2666	273
14351	1967	424
14356	1693	327
14359	3273	479
14363	3751	491
14369	2244	458
14371	3566	352
14371	3566	493
14378	3325	274
14379	1385	227
14383	1606	479
14389	2274	238
14390	6037	184
14390	6037	276
14390	6037	239
14392	2404	320
14393	5374	409
14402	2861	266
14403	3166	472
14406	750	254
14407	2898	433
14410	2328	351
14411	1993	185
14417	2209	420
14418	3725	183
14418	3725	206
14419	1500	357
14420	2592	409
14427	1999	504
14428	2828	198
14428	2828	164
14430	1340	298
14431	4878	185
14433	1949	286
14434	3205	334
14438	2687	491
14439	1757	185
14440	4588	239
14441	2549	432
14461	2149	185
14463	2179	279
14467	2400	238
14468	2125	364
14469	2539	184
14469	2539	311
14470	2580	445
14473	2739	342
14475	4689	494
14475	4689	447
14477	2361	492
14479	5133	538
14482	1243	290
14491	2992	267
14491	2992	273
14493	2130	262
14501	4446	200
14501	4446	457
14502	2375	416
14504	3540	386
14505	2785	466
14506	1614	324
14507	2561	324
14508	3162	452
14509	1505	232
14516	6206	459
14516	6206	214
14517	2083	483
14524	3471	452
14524	3471	371
14525	2131	227
14525	2131	260
14526	4427	238
14526	4427	349
14528	2276	328
14528	2276	296
14534	1821	489
14537	1410	301
14542	1788	275
14543	2590	292
14543	2590	259
14544	1504	294
14545	2550	349
14547	2347	227
14550	1141	256
14554	1604	298
14556	1269	425
14557	1566	227
14567	1452	268
14569	3036	215
14580	2701	423
14584	1669	349
14585	2795	366
14586	1584	280
14591	2926	371
14592	1865	292
14594	1702	310
14594	1702	277
14595	1812	441
14602	1281	185
14605	2012	329
14606	3243	384
14607	3132	452
14607	3132	215
14611	2016	502
14612	1532	274
14616	2177	280
14617	2346	256
14617	2346	240
14618	2264	290
14622	2089	275
14625	1930	475
14632	3068	486
14634	2173	299
14634	2173	302
14635	2025	379
14647	5397	185
14647	5397	260
14647	5397	278
14652	2562	442
14665	2469	284
14665	2469	329
14666	2585	128
14666	2585	294
14668	1843	222
14675	1927	185
14677	2359	292
14677	2359	289
14681	1339	227
14682	2651	293
14685	1364	255
14689	5647	516
14693	2008	289
14695	1673	215
14703	2677	508
14704	1082	279
14706	1605	185
14709	1988	283
14715	2079	405
14718	2143	302
14722	1862	227
14726	2251	470
14727	1852	285
14736	2482	185
14736	2482	239
14737	1632	292
14744	2028	466
14745	1913	275
14746	2262	267
14747	1383	264
14749	1528	249
14750	1533	279
14762	2179	297
14769	1771	500
14771	1850	432
14772	2314	382
14772	2314	424
14773	2527	445
14775	2396	410
14778	2169	289
14779	3205	447
14782	2046	244
14785	1397	383
14789	1930	211
14790	2408	281
14790	2408	258
14795	2496	484
14796	1975	293
14805	1580	261
14807	2846	451
14808	1611	263
14816	2461	414
14818	1922	250
14820	1855	234
14824	2130	254
14826	2556	409
14829	1851	330
14830	1985	248
14831	2192	185
14834	1879	238
14842	4086	431
14842	4086	327
14843	1634	185
14854	3345	502
14855	2424	468
14857	1624	263
14859	2951	235
14863	2478	313
14866	1798	206
14867	1287	206
14871	1919	311
14881	1307	185
14886	1994	283
14886	1994	294
14895	1985	503
14896	3286	326
14896	3286	209
14898	1711	304
14902	3820	370
14905	2796	415
14913	1273	293
14915	1463	268
14918	1706	314
14921	2072	310
14922	1063	284
14924	4028	456
14925	1784	373
14926	1195	267
14929	3081	456
14930	1840	399
14931	1879	278
14939	4480	359
14948	2262	432
14953	2478	267
14960	2943	337
14962	2231	478
14965	2159	282
14966	2610	322
14970	1310	260
14971	1469	261
14972	2509	453
14977	1849	421
14983	3777	442
14987	2068	410
14988	1988	427
14990	2111	425
14992	2107	390
14995	2285	233
14996	2433	260
15002	1413	185
15004	5020	284
15004	5020	267
15007	1753	335
15008	3146	275
15011	2319	416
15013	3232	274
15016	1925	291
15017	3046	200
15020	2997	494
15029	3761	426
15029	3761	408
15033	2777	318
15035	2762	411
15036	1990	399
15039	1952	386
15041	3922	489
15043	4078	434
15045	4375	185
15046	4521	379
15048	1768	222
15052	4716	284
15052	4716	382
15053	3463	351
15053	3463	492
15054	2824	495
15059	3672	455
15060	2726	441
15060	2726	243
15068	3386	446
15069	2914	396
15072	3678	243
15072	3678	404
15073	2766	423
15075	3199	446
15078	2228	325
15079	3239	518
15081	1968	328
15085	2176	338
15086	3388	202
15086	3388	484
15087	1441	322
15095	4007	479
15096	2949	435
15101	1365	250
15111	4428	297
15121	1400	237
15123	1577	215
15124	2058	378
15132	2466	430
15135	1746	285
15141	1888	303
15142	4375	371
15144	1833	266
15145	1432	238
15154	3685	251
15156	2433	327
15157	1723	297
15160	2329	185
15163	1783	311
15168	1679	370
15170	2014	300
15174	1807	408
15176	2842	314
15177	2541	484
15179	4324	321
15179	4324	260
15187	2737	431
15190	2594	530
15193	2002	185
15200	2350	185
15204	5739	301
15204	5739	339
15206	3415	270
15207	1847	324
15208	4196	506
15208	4196	431
15211	3353	316
15226	2052	295
15227	3622	255
15232	1016	311
15233	5232	297
15233	5232	309
15236	1253	287
15238	1260	211
15241	5701	316
15245	1528	206
15246	2295	492
15248	1853	292
15249	3767	360
15252	2453	273
15256	2143	415
15257	1692	211
15259	1184	304
15260	3281	318
15263	3849	332
15264	2447	480
15265	2463	348
15268	1519	250
15273	2451	343
15275	2998	227
15275	2998	390
15277	5207	291
15277	5207	261
15282	1735	266
15284	1517	278
15285	3641	353
15285	3641	324
15289	1942	283
15289	1942	267
15296	1178	299
15298	2252	243
15300	4488	446
15304	1293	211
15311	2444	304
15318	2143	276
15320	1675	243
15321	1761	444
15323	2744	332
15325	2057	423
15326	2186	221
15330	1316	299
15331	3874	501
15331	3874	191
15337	2591	267
15340	2385	280
15346	1893	293
15348	4748	215
15351	2735	302
15351	2735	313
15355	5532	467
15360	1678	232
15364	1740	282
15366	4326	409
15368	2713	476
15372	1828	238
15374	2865	185
15376	1656	272
15377	2228	350
15380	1883	273
15382	3995	200
15388	2274	350
15389	2537	295
15392	1541	400
15393	2141	464
15397	1043	418
15403	2587	284
15407	2720	177
15407	2720	230
15411	2187	268
15411	2187	254
15412	2157	429
15418	2111	422
15430	1712	255
15432	2557	380
15434	1478	261
15435	2147	231
15435	2147	177
15439	2035	330
15442	2286	185
15443	1528	227
15444	1778	232
15445	2150	293
15450	2106	309
15452	3688	426
15452	3688	369
15453	2240	518
15460	3157	222
15463	993	257
15466	3712	231
15466	3712	221
15469	1597	249
15471	2691	289
15474	1844	303
15475	2082	293
15478	1534	200
15484	2415	445
15485	2664	487
15489	1172	300
15492	3689	473
15493	2943	238
15498	2073	440
15499	1649	293
15501	2027	310
15502	3238	443
15514	3199	293
15522	3299	441
15529	1930	297
15530	3018	200
15530	3018	238
15535	1732	338
15536	1169	185
15537	2220	315
15538	1784	337
15540	1473	243
15543	2070	287
15545	2727	209
15550	2404	200
15552	1119	261
15557	2133	222
15569	2591	227
15573	2718	238
15574	1962	211
15581	5255	507
15581	5255	510
15582	2525	185
15585	1471	260
15586	1437	354
15587	2679	399
15600	1860	437
15607	4751	185
15610	4091	439
15612	2437	286
15619	4626	393
15619	4626	437
15621	2063	280
15621	2063	257
15627	2451	438
15628	3007	299
15629	2901	489
15631	3793	471
15632	1586	343
15633	4121	441
15635	3023	324
15637	1398	254
15638	1435	206
15639	1316	253
15641	2449	233
15645	4089	418
15648	1562	221
15650	2683	308
15651	1567	275
15656	1894	185
15663	1656	253
15664	2884	484
15668	2066	297
15669	1508	251
15670	1807	230
15673	2573	238
15675	2708	266
15676	4426	283
15677	1882	282
15677	1882	236
15678	2737	221
15678	2737	227
15679	2499	412
15681	1846	417
15682	2102	331
15684	1342	232
15685	2035	377
15692	2110	463
15693	1325	200
15695	2170	279
15696	4341	497
15696	4341	475
15697	1127	221
15699	2151	481
15701	4316	457
15710	1925	225
15710	1925	261
15711	1351	244
15715	2681	239
15720	2430	398
15721	2110	398
15722	1958	299
15725	1473	255
15728	2467	266
15730	2259	480
15731	1600	278
15733	1701	252
15733	1701	195
15740	1767	324
15743	2077	286
15748	1413	244
15751	1814	200
15759	3708	277
15761	3538	352
15761	3538	420
15765	3242	303
15766	2187	367
15776	2926	197
15776	2926	474
15778	3013	227
15780	4391	185
15781	942	273
15782	1251	185
15785	2049	227
15789	1773	211
15793	2039	251
15794	2475	377
15795	2286	362
15797	1655	215
15804	1911	454
15805	1680	308
15806	1649	349
15808	3400	312
15814	1910	392
15816	1969	532
15820	3052	309
15823	3509	200
15824	3064	185
15826	6192	345
15826	6192	185
15827	2296	308
15830	2468	446
15831	3750	291
15832	2536	268
15837	4790	162
15837	4790	301
15839	2956	249
15840	4514	419
15843	2199	206
15849	2342	512
15850	5263	334
15850	5263	305
15852	2144	277
15853	2042	342
15855	3060	462
15855	3060	437
15858	2267	255
15863	1461	273
15866	2115	200
15870	5740	291
15870	5740	489
15871	2106	332
15875	1440	185
15877	1177	280
15883	2145	267
15885	2662	523
15892	3848	457
15892	3848	352
15893	1863	410
15897	5726	238
15897	5726	255
15901	2887	250
15904	1779	226
15905	2101	185
15906	2681	450
15907	3262	507
15908	2321	278
15910	2452	389
15913	2212	267
15915	1691	277
15920	2049	366
15930	5101	265
15934	2259	498
15935	2065	519
15936	3039	298
15936	3039	294
15942	1650	238
15944	1885	393
15950	3030	304
15952	1636	279
15962	1728	206
15967	2117	338
15969	1667	419
15975	2419	444
15978	1641	291
15980	3675	511
15983	1410	411
15984	1597	245
15985	3974	230
15987	2697	446
15991	4211	259
15996	2868	478
15997	2022	413
16000	2512	185
16002	3460	222
16006	2308	440
16008	2037	415
16009	2053	462
16010	2849	403
16011	2238	271
16012	3947	491
16013	1895	458
16014	3346	399
16014	3346	364
16017	1970	374
16020	3442	452
16022	3349	484
16024	2319	254
16025	2340	456
16027	2260	312
16028	1703	354
16029	2716	231
16029	2716	140
16035	2252	347
16037	1756	227
16037	1756	248
16042	3568	505
16047	2129	402
16051	1658	201
16057	2855	309
16060	3401	221
16068	2702	441
16072	2845	286
16073	1915	280
16075	2048	292
16077	1787	382
16078	3207	261
16080	1585	270
16082	2412	504
16086	3280	507
16089	4992	303
16090	1094	185
16093	3229	476
16095	1909	211
16096	2214	317
16100	1841	244
16103	1961	254
16105	4426	234
16105	4426	216
16108	3015	280
16108	3015	227
16109	2742	469
16114	2705	467
16117	2314	347
16124	2576	439
16129	3496	250
16129	3496	222
16131	2405	286
16131	2405	271
16132	4014	238
16134	2182	291
16134	2182	268
16142	2183	255
16148	1753	185
16149	2168	384
16151	2811	321
16160	3120	395
16167	1912	331
16170	2109	215
16171	1113	279
16180	2892	280
16180	2892	233
16181	1975	221
16195	1932	244
16198	2452	233
16209	2930	294
16211	1682	185
16212	2702	230
16213	1779	227
16218	1268	270
16223	1577	269
16224	2543	280
16230	5016	200
16241	1307	244
16244	2637	326
16246	5592	261
16249	2299	358
16250	1504	292
16252	2025	271
16253	1682	200
16256	2505	271
16260	2650	244
16261	1949	311
16264	3924	272
16265	2185	200
16267	3884	484
16267	3884	394
16279	1000	268
16280	1496	267
16281	2383	397
16282	2672	285
16291	1258	319
16293	2480	328
16294	1467	250
16295	2356	421
16298	2599	261
16298	2599	232
16305	3012	159
16305	3012	420
16307	1805	185
16308	3712	472
16308	3712	312
16309	3519	412
16309	3519	418
16310	2106	425
16324	2737	288
16328	3225	416
16328	3225	476
16331	1938	453
16334	3226	447
16338	1935	442
16341	1231	249
16343	2638	290
16347	1153	211
16355	2003	292
16356	1908	426
16360	1724	244
16365	1627	319
16369	1963	456
16378	2828	494
16383	2336	266
16389	2027	284
16391	2644	513
16397	1702	261
16398	1957	376
16405	1856	227
16408	3553	440
16416	1872	211
16417	1583	278
16419	2255	291
16424	2036	366
16428	2735	316
16428	2735	292
16429	2085	233
16429	2085	195
16432	1013	211
16434	2400	277
16434	2400	264
16442	3464	237
16448	2121	433
16449	1793	215
16452	2783	216
16453	2323	293
16457	2025	242
16457	2025	198
16467	3386	483
16471	1625	382
16476	2767	304
16476	2767	224
16478	3785	254
16478	3785	282
16485	1081	227
16491	2351	237
16491	2351	261
16498	1876	371
16500	2314	289
16501	2881	326
16501	2881	301
16504	1794	475
16505	1674	284
16510	2115	302
16511	2034	238
16512	2589	185
16515	1293	222
16523	1950	222
16524	1671	185
16526	1713	266
16530	1687	337
16535	1167	244
16539	1778	274
16540	1647	295
16544	4403	426
16546	1971	450
16547	1721	238
16548	3682	253
16553	2308	272
16556	1351	306
16558	4756	269
16560	3760	216
16566	3012	274
16567	2036	255
16570	1454	280
16572	1230	269
16577	2117	185
16578	1090	251
16583	2336	298
16585	1866	271
16586	1963	284
16588	1775	185
16589	1221	227
16596	2880	346
16597	1811	345
16599	3564	533
16601	1888	311
16603	2473	250
16604	2309	477
16605	1505	215
16608	1250	263
16609	2059	291
16614	2102	227
16617	2794	462
16620	1784	292
16626	1484	279
16627	3014	469
16631	2159	413
16632	2958	315
16639	1985	340
16640	1547	185
16643	2081	391
16644	1947	286
16647	984	328
16654	5154	218
16654	5154	170
16654	5154	318
16655	2252	329
16663	2336	441
16666	4078	395
16666	4078	453
16668	2947	331
16669	1704	475
16676	4075	439
16680	2280	377
16683	2103	388
16692	2256	385
16694	3190	200
16695	2620	375
16698	5668	365
16699	2952	431
16700	5135	402
16701	3090	402
16703	2022	308
16704	4137	356
16708	1739	234
16716	3626	289
16716	3626	405
16720	3022	383
16722	1938	388
16723	1787	211
16725	3244	456
16725	3244	157
16727	2754	403
16730	5065	486
16730	5065	530
16731	4622	482
16732	4763	536
16732	4763	253
16734	2389	364
16736	2512	457
16739	2533	425
16741	3980	227
16743	3430	294
16744	3291	279
16748	2106	305
16750	2884	368
16760	1522	222
16765	2195	485
16766	2690	261
16770	1443	346
16771	3005	402
16772	3097	438
16779	4553	437
16780	2194	463
16787	1927	459
16788	3480	348
16790	2280	401
16791	2087	288
16795	5259	332
16795	5259	241
16799	2062	494
16803	1713	523
16804	3802	472
16805	1661	350
16812	2039	408
16814	1905	286
16815	4099	277
16815	4099	271
16818	1811	470
16827	1978	292
16828	2728	328
16830	2763	496
16833	3307	541
16835	5139	281
16835	5139	254
16839	3001	255
16842	6209	453
16842	6209	215
16844	3927	250
16850	3405	441
16850	3405	323
16851	2904	476
16851	2904	208
16852	2744	445
16854	2271	466
16857	2679	254
16858	2008	227
16861	3410	449
16862	1759	274
16863	4034	185
16866	2004	211
16873	2232	413
16879	2164	297
16887	1509	421
