0	14903	20963
4	1846	355
5	2595	253
6	2368	533
7	4506	803
17	1274	420
22	3574	471
24	2845	605
25	1604	293
30	3638	534
32	1172	248
35	1652	375
36	2976	467
36	2976	425
41	3201	450
43	2260	226
43	2260	209
44	3167	509
46	2901	275
49	1358	244
50	2637	321
51	3351	224
51	3351	297
52	3102	367
54	1792	452
65	2669	230
66	2307	361
69	3648	330
69	3648	324
70	1467	297
71	1964	316
74	1794	346
78	2713	443
79	1628	329
83	4291	185
84	1700	285
89	2170	381
90	2671	415
92	1398	308
93	2938	394
93	2938	243
94	2171	305
95	2485	280
96	4579	363
102	2986	448
105	1919	515
106	1825	222
111	2936	350
113	2362	310
114	3043	425
115	3286	306
120	2103	560
125	2747	459
131	2558	449
133	2815	272
133	2815	262
138	1720	361
138	1720	189
145	3061	718
146	2683	381
152	3340	468
153	2692	262
153	2692	161
164	4235	507
166	1196	353
169	4449	641
177	2852	339
177	2852	264
181	2952	579
182	1496	185
184	2381	370
185	2893	593
194	2148	329
195	2713	313
207	3135	423
209	3468	542
212	2777	724
215	3956	529
217	1299	384
220	2190	478
222	885	236
226	3338	411
228	3952	284
231	2094	314
233	2070	251
234	2400	376
235	2181	547
240	2712	346
242	2095	346
247	2963	185
248	3375	517
252	3320	560
256	1664	334
258	3708	528
258	3708	305
259	4064	222
259	4064	528
260	1655	372
265	4704	263
265	4704	211
266	1397	301
268	2915	348
270	3933	795
272	3797	534
275	2128	289
281	2785	445
282	2716	542
285	4162	545
285	4162	413
286	3148	301
287	2559	253
291	3971	335
294	3594	506
295	1733	496
296	2508	536
299	2580	445
300	3229	367
301	2599	453
303	1787	309
305	2552	294
314	2752	570
320	2959	455
322	3114	297
323	2197	452
326	2923	486
327	2928	185
330	2014	267
333	3639	254
339	2688	301
345	2389	239
348	3869	582
352	3647	461
355	2575	418
357	2225	257
363	2043	513
364	3071	600
368	2800	360
368	2800	335
369	2024	185
371	2737	472
373	3426	465
374	3345	478
375	3845	472
375	3845	412
388	2039	464
396	2742	341
397	3062	333
397	3062	311
399	2976	521
401	3351	746
405	2314	474
406	2478	278
407	2486	341
408	4353	292
408	4353	235
412	2579	320
416	1533	289
418	4002	501
420	1385	403
423	3810	327
428	3727	776
431	2265	238
433	4042	380
434	3854	493
434	3854	278
443	2936	457
444	2023	410
449	3081	317
450	1642	515
453	2906	266
455	3703	440
456	4838	412
456	4838	416
459	4435	709
463	1487	263
467	2814	414
471	4767	405
477	3411	355
479	2127	170
488	1944	333
489	4486	487
489	4486	419
492	3209	515
493	3677	365
493	3677	273
501	1004	232
502	1111	185
510	3162	200
510	3162	222
511	1837	405
516	2333	205
516	2333	250
522	4349	383
523	1618	323
526	2462	266
529	4504	227
533	2756	534
541	2801	437
543	3596	468
550	2270	341
552	2566	508
562	2773	368
566	3875	408
576	2624	353
579	2827	304
579	2827	357
583	4547	293
585	2686	315
585	2686	257
596	2090	290
597	2913	451
599	3648	506
599	3648	418
602	2660	300
605	3888	273
612	3912	492
615	1766	232
620	3980	507
622	1881	276
626	1809	185
635	1353	326
639	3857	424
641	3882	446
643	2472	318
646	2487	301
650	1901	206
653	2183	370
660	2208	259
662	2040	227
667	3423	441
670	1814	330
673	1820	318
675	3506	291
680	2769	269
680	2769	291
683	2230	280
687	1361	301
688	2809	289
688	2809	209
698	2808	531
703	2781	296
704	1531	275
707	3260	470
708	3307	378
709	4014	516
712	2061	464
713	3133	302
713	3133	308
715	2119	359
716	3278	267
721	3984	476
721	3984	267
723	3131	312
723	3131	222
726	4722	285
726	4722	302
727	3991	355
732	2910	369
739	3933	489
739	3933	181
740	1630	335
742	3168	563
745	2536	237
745	2536	286
749	2575	324
753	2996	331
753	2996	303
766	2122	280
769	2576	299
770	3680	234
774	1406	206
775	2806	310
776	3414	397
777	1782	407
780	1413	286
785	2168	238
786	1810	428
796	2824	322
801	2601	227
814	2743	312
832	3761	242
832	3761	337
833	2535	467
834	4437	427
834	4437	533
842	1617	200
844	1661	267
851	2579	243
851	2579	222
852	1844	185
857	2273	181
857	2273	297
859	3665	265
859	3665	281
861	2587	461
870	2119	185
872	3350	222
876	3070	316
878	2077	255
878	2077	226
879	1937	473
885	2983	372
887	2164	286
889	3010	227
896	2538	434
899	2710	294
905	2989	274
912	4396	658
912	4396	217
915	6007	839
916	2940	409
917	2012	515
920	2181	735
921	2235	510
924	2783	374
929	2159	508
930	3696	681
930	3696	234
932	5557	836
936	4138	446
937	2675	112
939	1551	411
942	6748	488
942	6748	697
944	2982	416
946	5043	492
948	1765	329
951	2745	295
953	3991	282
954	1746	291
955	4557	431
955	4557	549
964	1789	343
970	3267	356
972	6736	484
972	6736	346
972	6736	295
975	3806	403
977	3782	287
977	3782	128
984	4376	480
986	4787	640
989	4015	414
992	2700	609
1000	4393	440
1001	3232	200
1002	4825	784
1008	2577	583
1009	3672	275
1009	3672	559
1010	3250	362
1013	4884	703
1017	3375	211
1019	2832	498
1021	2363	436
1025	4453	596
1027	3658	504
1027	3658	242
1028	1665	489
1030	6258	529
1030	6258	491
1031	2923	488
1034	2396	529
1038	2798	457
1044	2518	579
1045	1387	278
1046	4221	580
1054	3780	420
1064	2649	305
1065	4174	743
1068	1864	428
1069	4334	556
1077	1291	434
1078	3943	400
1078	3943	360
1081	2801	820
1083	5869	537
1085	1597	355
1086	3390	351
1089	2870	510
1094	3119	455
1102	4020	456
1102	4020	421
1103	4367	627
1108	2372	343
1110	4012	883
1112	4698	641
1113	2578	320
1115	5643	429
1120	3067	522
1126	1591	227
1132	2736	749
1134	1905	281
1135	5711	537
1135	5711	636
1138	4785	758
1138	4785	448
1139	3048	828
1143	5643	346
1147	4252	572
1149	3914	869
1154	2496	444
1159	4887	525
1159	4887	227
1162	4814	852
1173	4553	465
1175	2469	790
1178	3677	283
1178	3677	605
1189	6385	599
1189	6385	325
1199	4295	591
1199	4295	173
1199	4295	161
1202	2958	362
1203	2965	340
1203	2965	163
1205	2174	185
1206	2158	605
1208	3652	489
1209	4268	496
1210	3175	387
1210	3175	327
1211	4042	558
1215	4487	320
1215	4487	144
1220	2068	294
1226	4356	647
1229	2540	365
1230	3560	284
1231	6040	900
1231	6040	379
1232	3549	610
1237	3816	200
1241	6019	674
1243	2055	391
1244	4122	621
1247	2069	490
1248	2936	590
1249	2504	343
1249	2504	193
1251	1823	254
1253	2620	298
1263	2566	567
1265	6794	586
1268	4233	551
1270	2843	564
1272	3189	473
1273	5395	880
1274	2036	387
1275	5097	579
1275	5097	624
1281	2365	242
1288	2435	320
1294	4325	519
1294	4325	565
1297	5148	573
1297	5148	584
1298	4966	435
1298	4966	483
1302	2240	476
1303	4508	200
1306	2781	712
1307	2896	805
1318	2301	185
1319	3460	603
1321	2489	263
1324	4030	393
1325	2608	261
1327	2314	466
1332	3247	533
1333	1241	284
1336	4022	553
1336	4022	588
1337	937	185
1342	2993	269
1342	2993	260
1343	1321	359
1344	2291	238
1345	5785	486
1349	3914	483
1352	2510	255
1354	1101	270
1359	5010	483
1363	2778	431
1365	3905	235
1365	3905	468
1368	5090	589
1369	2003	511
1375	2612	284
1375	2612	286
1379	3859	522
1383	2425	549
1387	3550	498
1389	2158	153
1389	2158	148
1391	4631	662
1393	6088	364
1395	1525	185
1399	2171	490
1400	2234	504
1405	2570	312
1405	2570	496
1407	1784	404
1409	3209	337
1409	3209	355
1412	2722	535
1419	2459	294
1422	3906	535
1425	3092	279
1425	3092	177
1425	3092	506
1428	2147	520
1434	1258	267
1435	2860	339
1439	2303	258
1439	2303	231
1440	2850	464
1443	2621	355
1448	1968	479
1449	2556	277
1451	4828	585
1451	4828	463
1454	3328	520
1458	1890	333
1459	3271	566
1461	2201	555
1462	1427	227
1463	1774	380
1465	2359	346
1465	2359	215
1466	1202	304
1467	2859	400
1470	3095	574
1472	1190	262
1473	1776	262
1481	2803	495
1483	2462	508
1485	2298	323
1488	3241	421
1489	5528	353
1489	5528	576
1494	2727	369
1503	2295	370
1506	2911	354
1506	2911	350
1507	2381	376
1507	2381	196
1509	3436	593
1511	2431	367
1513	2219	318
1514	2430	522
1515	2733	454
1518	2821	384
1519	2153	539
1520	2339	310
1522	1576	298
1530	2888	322
1530	2888	341
1534	3480	168
1534	3480	520
1536	2157	227
1536	2157	215
1538	2298	358
1543	2121	575
1544	3745	409
1544	3745	643
1547	2227	284
1549	2568	296
1553	3436	863
1554	3755	411
1555	4094	809
1558	3943	565
1559	2222	534
1561	2078	328
1562	2884	451
1562	2884	384
1564	4926	745
1572	1820	230
1584	2436	200
1585	3424	511
1585	3424	413
1592	3143	560
1595	2083	271
1599	2468	620
1604	2576	173
1604	2576	149
1605	2331	605
1613	3040	529
1619	2173	332
1621	3983	874
1624	2650	400
1625	3691	311
1637	5819	650
1639	2565	312
1640	4113	179
1640	4113	359
1641	2788	378
1644	2076	376
1647	2286	385
1653	2652	615
1657	3571	559
1657	3571	335
1659	2024	371
1662	2095	266
1665	3324	519
1669	2361	417
1670	2216	448
1670	2216	243
1674	2011	279
1675	4125	550
1676	3113	481
1682	752	109
1686	4936	793
1688	2635	466
1693	4156	973
1701	3210	280
1705	4497	375
1705	4497	397
1706	3633	538
1707	2499	440
1715	4338	427
1718	3467	720
1719	2468	438
1724	3182	394
1726	3098	458
1732	1586	185
1734	2779	538
1738	2613	299
1739	2661	326
1741	2051	466
1744	2864	611
1750	1663	222
1752	2218	542
1753	2286	267
1753	2286	316
1754	2284	320
1766	1946	222
1767	2089	380
1775	3812	221
1779	2812	251
1780	2248	521
1783	3475	671
1791	2715	468
1793	2336	539
1794	2286	438
1797	3017	503
1801	2048	512
1803	1453	472
1804	2673	552
1806	4103	581
1814	2801	398
1817	2877	314
1820	3340	520
1822	1992	298
1826	1905	521
1834	2761	513
1837	2820	417
1839	2117	268
1843	2307	291
1845	3420	498
1846	2525	529
1847	2001	465
1860	4121	462
1863	8307	650
1863	8307	367
1866	4811	420
1866	4811	654
1873	2559	321
1874	3487	596
1876	3134	621
1879	3786	591
1880	2460	332
1880	2460	258
1881	6389	450
1881	6389	166
1886	2179	341
1892	4203	710
1893	2615	362
1898	2467	532
1902	6613	897
1902	6613	546
1907	1866	468
1909	1720	511
1914	3003	222
1917	2776	450
1921	6602	489
1924	2597	476
1928	2313	338
1930	4512	516
1936	2958	600
1938	2613	403
1942	2116	185
1948	4775	482
1948	4775	331
1949	4687	427
1951	3533	565
1952	5108	598
1954	2617	393
1960	4722	655
1964	6122	978
1964	6122	242
1965	4906	585
1965	4906	254
1968	6494	861
1968	6494	380
1969	4295	664
1972	3293	581
1975	3452	557
1976	3493	537
1980	3329	185
1983	2780	596
1984	2736	532
1986	6036	377
1986	6036	477
1987	3889	622
1988	2910	289
1995	1957	319
1996	3519	558
1997	4657	590
2006	4577	494
2007	3718	407
2010	2742	453
2013	4447	578
2013	4447	446
2015	4795	297
2015	4795	291
2015	4795	220
2019	3158	222
2023	3342	577
2026	2016	553
2032	3955	560
2033	3475	345
2041	3928	346
2046	7484	563
2047	5224	368
2052	1867	243
2055	6266	434
2055	6266	325
2059	2438	257
2060	2478	217
2060	2478	427
2065	5802	957
2066	4247	893
2068	2592	376
2069	2588	428
2070	3127	411
2070	3127	330
2072	3914	498
2078	3097	333
2078	3097	422
2079	2037	459
2080	1442	291
2083	1925	325
2084	1197	340
2086	2742	414
2089	5492	485
2090	2028	506
2092	7294	670
2092	7294	647
2096	7535	425
2096	7535	299
2097	8248	824
2099	3998	180
2099	3998	580
2101	3906	288
2101	3906	163
2107	2888	351
2114	7572	180
2114	7572	329
2122	3059	384
2126	2821	366
2128	1336	374
2130	2078	570
2136	3283	506
2149	2544	381
2151	3043	348
2151	3043	405
2153	2380	317
2159	2428	185
2160	2077	248
2166	2605	211
2167	3880	343
2177	1959	552
2180	1343	296
2181	4951	577
2185	2745	434
2194	2603	510
2202	3159	325
2202	3159	258
2204	2423	275
2205	3247	363
2215	2534	416
2222	1979	269
2225	2043	323
2228	3168	330
2230	4639	716
2235	5548	704
2252	2596	377
2252	2596	131
2254	3777	553
2257	2437	453
2258	2120	228
2258	2120	176
2259	2129	401
2260	7508	534
2263	2437	271
2265	3471	416
2267	3553	443
2269	4136	1022
2270	4490	486
2272	2251	434
2279	4563	426
2279	4563	291
2281	2364	293
2289	5662	335
2295	3048	529
2296	3267	296
2302	4012	308
2311	4197	437
2312	8655	262
2312	8655	139
2314	5671	444
2319	2162	391
2321	3667	230
2323	3320	269
2323	3320	222
2325	2803	280
2328	3327	385
2329	5022	352
2329	5022	311
2332	2563	508
2338	4597	276
2338	4597	185
2339	6883	361
2339	6883	495
2341	1483	440
2342	2510	200
2343	7384	977
2346	2654	472
2347	4991	530
2347	4991	497
2354	2919	539
2356	4765	327
2367	1906	185
2374	2256	517
2375	3680	385
2378	2838	432
2379	3089	556
2390	2307	434
2392	2828	321
2395	3132	534
2404	4796	903
2405	1484	274
2408	6339	227
2412	3504	585
2414	4647	601
2416	2202	200
2417	2010	158
2417	2010	225
2419	6168	614
2422	5327	562
2422	5327	300
2433	6000	534
2433	6000	549
2436	3135	341
2439	2513	250
2439	2513	325
2440	3186	441
2441	5252	243
2442	3365	416
2449	2672	212
2449	2672	246
2452	4535	627
2455	3957	260
2455	3957	267
2457	5248	972
2466	2039	282
2473	1166	349
2482	2942	211
2484	3080	299
2486	2734	543
2489	3614	315
2491	5778	527
2493	5253	374
2493	5253	434
2495	4500	576
2513	5034	594
2513	5034	719
2515	3144	538
2518	4820	590
2519	2127	289
2530	2112	260
2532	1651	239
2535	2982	347
2540	4178	520
2544	4753	459
2545	4957	511
2545	4957	602
2547	4176	549
2547	4176	237
2553	4904	537
2553	4904	575
2555	3223	431
2556	3414	421
2557	2734	306
2557	2734	320
2558	6128	529
2559	5035	316
2560	3751	451
2563	4337	545
2571	5440	657
2573	5742	633
2573	5742	295
2578	3039	185
2582	7145	259
2584	2986	423
2586	4441	847
2589	4170	243
2589	4170	327
2591	1695	389
2596	3953	405
2597	5622	485
2597	5622	724
2598	2595	185
2600	4309	597
2602	2754	339
2608	2120	453
2609	2186	456
2613	2481	319
2615	2629	185
2617	2841	427
2619	4187	485
2623	4116	473
2623	4116	317
2624	3057	309
2624	3057	214
2630	3452	613
2633	4320	431
2636	3330	349
2638	4407	557
2641	2718	297
2644	2715	227
2647	3774	366
2649	2937	374
2651	2665	339
2652	2865	238
2661	2192	440
2662	2433	396
2665	3217	893
2676	4541	436
2677	2096	151
2687	6437	548
2687	6437	277
2689	5031	252
2689	5031	214
2697	1323	299
2698	15753	283
2706	4667	329
2708	2386	424
2711	5838	577
2711	5838	571
2718	3773	693
2727	3920	519
2729	3332	481
2733	4138	419
2739	1078	395
2751	4726	356
2764	1623	384
2798	8472	845
2848	3196	266
2850	4863	516
2850	4863	566
2856	2617	340
2860	5716	487
2864	2621	308
2869	3367	526
2895	3169	311
2895	3169	227
2904	2809	255
2904	2809	200
2907	3369	465
2910	3210	185
2913	3699	648
2936	4183	211
2939	7648	185
2939	7648	716
2948	2976	466
2955	2709	393
2968	5875	832
2981	8159	778
2981	8159	507
2995	6034	291
3002	4509	366
3002	4509	475
3028	3253	510
3033	5635	327
3033	5635	276
3034	3823	275
3041	2391	262
3041	2391	323
3042	3059	479
3043	2125	213
3043	2125	162
3050	5773	628
3051	4243	536
3054	3258	430
3061	1413	485
3067	3962	496
3072	3979	286
3073	3119	478
3074	3153	404
3078	3374	284
3078	3374	458
3080	3570	248
3081	3054	451
3085	2826	244
3088	1261	293
3089	3123	507
3095	1850	315
3096	3777	262
3096	3777	529
3098	3185	492
3102	2808	276
3102	2808	326
3103	1373	185
3108	2107	436
3116	2224	434
3121	2478	391
3122	5174	337
3134	1926	185
3135	2415	326
3136	3296	572
3137	1816	341
3141	4032	226
3142	1469	311
3152	2246	341
3156	2645	242
3157	3109	508
3168	4020	416
3169	2860	343
3170	1349	319
3171	3077	539
3175	5422	211
3175	5422	370
3176	6129	436
3176	6129	536
3179	3837	496
3185	2930	389
3186	2904	383
3188	3433	280
3188	3433	307
3199	2116	374
3203	3379	385
3206	2796	499
3213	3375	305
3213	3375	471
3216	1942	316
3218	2106	361
3219	3258	554
3220	4478	586
3222	3803	516
3225	3331	441
3225	3331	258
3235	2164	149
3235	2164	291
3242	2529	305
3244	3094	485
3245	2141	331
3251	2329	290
3253	4996	206
3253	4996	549
3253	4996	24
3255	2252	432
3257	3884	484
3257	3884	271
3259	1626	200
3260	2254	405
3266	1490	215
3272	2713	502
3276	1911	476
3277	1832	286
3280	2572	304
3281	2294	312
3284	2945	539
3287	3208	384
3287	3208	358
3292	2510	546
3296	4772	280
3297	2621	426
3299	4300	469
3300	3204	311
3300	3204	320
3304	2080	147
3304	2080	153
3305	2687	315
3305	2687	316
3306	2665	217
3311	4242	227
3311	4242	414
3315	3815	302
3318	3870	577
3320	2922	373
3321	2928	540
3322	3594	296
3325	2976	353
3326	2126	176
3326	2126	138
3332	2383	215
3344	4517	273
3347	4641	507
3352	2267	498
3355	2699	373
3356	1922	456
3359	3840	617
3364	4534	563
3367	6169	421
3367	6169	716
3368	2581	452
3369	990	238
3370	4637	227
3371	2022	639
3372	5854	798
3376	2107	549
3377	3823	234
3377	3823	417
3379	1257	354
3380	3000	398
3381	2064	368
3382	2046	658
3393	3101	337
3403	4347	607
3406	3481	486
3408	4814	282
3416	3578	381
3416	3578	306
3418	3356	492
3418	3356	474
3419	3349	450
3424	3220	396
3424	3220	128
3426	4184	416
3426	4184	669
3429	3998	401
3432	3392	238
3438	2842	797
3440	1711	358
3442	2678	367
3444	1771	445
3447	5752	610
3448	3716	566
3451	1960	347
3452	2628	478
3452	2628	215
3455	2219	185
3455	2219	200
3456	3594	495
3457	1612	478
3458	1759	302
3459	2306	262
3459	2306	349
3462	2750	326
3465	6015	829
3465	6015	225
3465	6015	621
3466	2222	432
3469	3713	500
3471	3476	815
3475	2537	541
3480	1830	185
3483	3061	364
3484	3499	159
3484	3499	433
3485	2120	200
3486	4058	539
3494	6045	609
3497	3725	531
3499	3611	558
3505	1993	560
3508	1588	259
3510	3047	648
3512	2051	473
3517	2381	392
3519	3940	312
3522	4357	343
3523	4594	535
3523	4594	521
3526	5034	824
3534	3175	571
3537	3790	200
3537	3790	206
3538	3375	507
3548	2548	396
3548	2548	216
3549	1925	444
3553	2262	374
3554	1643	367
3559	2864	325
3559	2864	165
3559	2864	155
3563	2110	226
3565	2476	342
3569	4170	263
3575	1691	450
3576	2530	398
3577	2886	290
3577	2886	330
3581	1894	272
3583	1852	211
3588	2391	314
3593	1691	359
3594	3849	538
3595	2834	524
3596	2241	262
3601	3316	648
3603	2241	405
3605	4972	800
3606	2416	297
3608	4728	408
3611	1182	315
3615	2047	243
3618	2617	244
3621	2483	302
3623	3025	363
3623	3025	395
3625	3089	425
3625	3089	308
3627	1813	278
3628	3137	258
3635	3888	329
3635	3888	490
3637	4904	547
3638	2449	208
3638	2449	342
3639	3292	481
3640	3967	725
3644	2094	362
3651	4427	429
3651	4427	312
3652	4846	528
3652	4846	425
3653	2596	284
3656	3006	505
3663	3554	299
3664	3008	377
3666	1946	285
3667	2943	268
3667	2943	273
3667	2943	205
3670	2509	221
3670	2509	332
3673	1669	347
3676	3298	243
3677	1644	380
3682	2546	532
3688	2468	308
3688	2468	341
3692	2245	335
3705	1594	200
3712	1871	332
3713	2713	343
3715	2605	420
3719	2020	263
3721	3329	507
3736	2106	291
3736	2106	185
3742	2528	441
3745	2684	365
3751	3888	330
3751	3888	243
3752	1473	261
3763	4027	458
3763	4027	450
3764	2166	343
3770	5487	273
3770	5487	314
3779	1967	373
3783	2148	185
3795	3767	451
3796	2919	413
3801	2800	370
3802	2962	359
3802	2962	331
3812	1549	346
3814	1702	310
3819	2096	407
3827	2158	222
3829	2445	343
3830	1037	278
3832	1716	358
3841	5763	341
3843	1696	185
3844	1541	314
3848	2049	325
3850	1303	295
3862	2160	325
3865	1597	413
3868	4626	328
3871	2768	259
3873	3736	373
3875	2187	334
3878	3888	185
3878	3888	185
3879	2656	429
3880	3187	163
3880	3187	362
3884	2207	109
3884	2207	189
3884	2207	353
3885	3071	200
3894	2764	259
3898	3399	356
3901	2937	304
3901	2937	291
3903	4358	278
3910	2408	274
3912	2503	185
3915	2308	367
3917	2611	312
3920	3595	527
3921	2613	307
3922	2867	283
3924	2362	349
3927	2339	480
3937	3097	361
3938	2125	260
3944	4980	348
3948	1645	474
3949	4154	405
3952	4866	441
3954	3893	535
3958	2519	305
3961	5375	620
3966	5096	355
3973	5347	635
3973	5347	185
3977	2642	502
3978	2706	340
3985	4303	842
3988	3201	475
3989	5562	424
3989	5562	506
3990	2947	532
4013	3569	590
4014	3648	253
4015	2292	452
4018	2661	259
4019	2824	333
4020	4578	633
4026	3157	428
4028	3026	553
4032	4469	332
4042	3916	824
4050	3218	400
4052	3226	860
4054	2626	388
4055	5507	710
4060	3235	323
4060	3235	407
4061	4116	742
4066	2473	557
4068	4167	240
4068	4167	209
4070	5302	397
4070	5302	546
4073	3665	552
4075	4841	652
4075	4841	169
4077	4810	527
4079	5325	748
4080	5284	893
4082	3404	185
4085	4013	403
4087	2635	316
4089	1891	449
4091	3661	776
4092	1685	458
4094	3628	505
4096	4261	730
4099	2940	574
4109	3063	552
4110	2826	835
4112	3387	569
4115	3271	579
4118	3506	847
4127	3401	407
4132	3257	185
4139	4190	441
4139	4190	270
4141	3275	553
4145	2174	563
4146	3954	639
4146	3954	419
4147	2842	385
4151	6828	987
4152	3852	581
4156	2323	185
4157	3672	488
4157	3672	176
4161	5741	882
4162	3386	240
4162	3386	295
4165	2531	484
4168	3145	613
4171	4109	478
4177	3300	342
4179	3598	459
4180	3822	541
4190	4113	908
4192	1534	418
4195	6315	965
4196	2207	421
4199	4268	858
4201	3755	523
4206	5630	323
4207	2425	502
4209	5480	673
4211	2398	185
4220	6110	1002
4222	4371	725
4224	2693	185
4226	2748	331
4226	2748	429
4234	4007	583
4236	5241	441
4239	2586	489
4240	2601	572
4242	2793	322
4243	3955	555
4244	4510	859
4245	7353	868
4246	2443	502
4247	3618	753
4251	3108	718
4255	3340	546
4256	3636	185
4259	3329	558
4275	3990	370
4276	2479	294
4281	4003	582
4282	3634	403
4285	10916	285
4285	10916	399
4285	10916	276
4287	3976	381
4290	7472	874
4291	5851	896
4292	1976	401
4298	3653	395
4300	2829	557
4305	6622	306
4305	6622	280
4305	6622	377
4306	2874	371
4309	4217	885
4314	1688	550
4323	2387	522
4325	2118	328
4326	4783	527
4328	2827	340
4330	5367	390
4330	5367	454
4331	8075	824
4331	8075	448
4332	3276	367
4333	3346	481
4334	1450	595
4336	1925	353
4338	2284	477
4339	2505	390
4341	3746	423
4344	4769	540
4351	1737	296
4357	7796	321
4357	7796	243
4358	4395	272
4361	1956	465
4370	3945	549
4371	2492	238
4372	2231	200
4374	3568	542
4376	3303	369
4376	3303	433
4377	3985	673
4382	3349	610
4384	2457	310
4387	4094	691
4392	3440	389
4393	2331	335
4398	4418	211
4398	4418	324
4399	3213	493
4402	2175	456
4405	2425	344
4407	6225	852
4414	3258	185
4416	11603	389
4416	11603	248
4416	11603	429
4416	11603	339
4417	2939	310
4417	2939	221
4418	2880	227
4421	2978	299
4423	4265	579
4425	5432	911
4426	1957	353
4438	2193	193
4438	2193	304
4440	3121	200
4443	2229	284
4445	3243	458
4449	2456	238
4450	3905	685
4460	2854	295
4461	2519	243
4462	3343	255
4463	3308	362
4470	5373	925
4472	9362	248
4472	9362	368
4472	9362	522
4478	3406	383
4480	1915	296
4481	4264	516
4481	4264	593
4483	5540	481
4483	5540	472
4484	2576	296
4491	1964	230
4497	6083	315
4497	6083	239
4501	5368	333
4506	3304	243
4509	3408	476
4520	3465	334
4521	3149	497
4523	4558	269
4523	4558	416
4524	2520	379
4526	2306	369
4529	3422	585
4532	3363	359
4533	4603	365
4535	2796	514
4539	1613	211
4542	3018	358
4543	2359	368
4546	3009	521
4548	3637	371
4549	3605	239
4557	3594	345
4557	3594	325
4560	4001	548
4563	7346	525
4563	7346	667
4564	1863	127
4564	1863	178
4570	5900	462
4572	3091	512
4584	6314	420
4586	5983	603
4586	5983	517
4589	4003	454
4592	2507	350
4597	4784	551
4597	4784	363
4598	1857	321
4600	3159	438
4601	8528	797
4607	2246	608
4608	1361	217
4614	2829	275
4624	2863	200
4625	4375	185
4628	3914	558
4629	2277	313
4630	2784	200
4636	4975	639
4637	2686	551
4639	2487	366
4641	2549	454
4642	2347	515
4643	5305	598
4643	5305	491
4644	6239	573
4644	6239	480
4646	5660	954
4647	2954	265
4648	9097	800
4649	4303	599
4649	4303	330
4650	2704	442
4651	4846	322
4651	4846	275
4651	4846	361
4654	4026	526
4662	9201	766
4664	3723	564
4669	5338	518
4670	2523	475
4674	4174	773
4676	5025	558
4682	3395	869
4687	4109	645
4689	2233	328
4690	5348	899
4696	3601	552
4697	3073	185
4697	3073	211
4706	4548	329
4707	5172	569
4708	1784	285
4710	3842	821
4711	6345	645
4711	6345	353
4717	5787	415
4717	5787	367
4718	4319	317
4720	2177	509
4723	3082	679
4730	2436	296
4730	2436	276
4731	2377	486
4733	2451	417
4735	1828	358
4737	2012	266
4741	3566	661
4747	873	222
4754	2258	268
4756	2888	206
4757	2227	401
4758	1252	185
4760	2108	370
4763	2844	295
4764	4410	393
4765	2134	275
4766	3520	206
4770	2627	170
4770	2627	258
4775	2130	249
4776	2429	351
4780	2629	364
4783	4785	643
4785	1776	315
4787	2226	256
4792	3720	334
4793	3205	335
4795	4719	319
4795	4719	341
4798	3214	268
4804	3230	260
4806	8899	502
4806	8899	565
4808	1676	344
4811	6391	581
4811	6391	356
4815	1837	243
4818	2399	280
4824	1453	211
4828	1501	215
4829	2579	438
4838	9113	347
4838	9113	341
4843	3472	380
4843	3472	431
4844	7073	484
4844	7073	404
4844	7073	388
4847	3632	333
4848	1984	295
4851	3130	405
4851	3130	249
4855	2666	402
4857	15935	433
4857	15935	227
4857	15935	518
4859	3070	291
4861	2587	275
4868	2287	197
4871	3210	590
4872	4697	232
4872	4697	227
4872	4697	512
4875	3612	309
4876	3317	520
4876	3317	241
4877	7963	368
4877	7963	281
4885	2923	350
4889	3398	509
4890	4883	959
4891	3204	238
4895	2340	375
4903	2160	521
4907	3189	383
4911	5777	279
4914	2994	495
4919	3892	537
4920	2294	389
4920	2294	284
4922	3313	339
4926	2354	243
4928	1425	222
4934	5911	241
4934	5911	559
4935	3942	299
4935	3942	443
4938	1808	357
4940	8592	570
4940	8592	576
4942	1709	339
4946	3105	248
4946	3105	214
4947	1844	319
4948	4440	339
4949	5523	516
4950	2482	543
4951	4658	377
4953	4598	987
4955	4070	449
4955	4070	544
4962	6574	568
4965	2811	380
4971	4185	363
4973	1951	320
4978	3941	799
4983	3422	481
4986	2254	426
4987	3025	383
4988	3544	620
4993	1361	277
4995	6861	527
4995	6861	400
4995	6861	206
4997	1901	419
4998	2762	185
5003	2662	501
5007	2711	356
5009	3656	508
5010	5513	535
5010	5513	549
5013	2339	457
5014	2969	227
5015	3423	395
5017	2550	571
5021	3716	509
5023	2478	314
5026	1112	215
5034	2500	215
5037	4182	492
5038	4494	517
5040	2966	662
5041	3841	336
5041	3841	389
5050	4744	594
5051	5227	494
5057	3744	609
5058	4914	464
5062	6341	731
5064	2666	546
5065	3197	332
5065	3197	300
5067	3448	243
5069	1929	308
5070	3460	523
5071	7270	338
5071	7270	447
5072	4544	477
5073	4394	853
5075	5003	845
5076	3763	462
5076	3763	185
5077	2316	365
5079	2905	541
5080	5010	522
5085	2804	606
5096	4104	821
5099	4384	573
5101	3953	517
5103	1786	412
5104	3074	437
5107	2952	485
5114	1956	340
5118	4323	493
5123	2321	484
5127	1606	185
5128	3689	309
5129	3302	411
5131	3159	577
5132	2880	475
5138	2586	516
5139	2695	507
5140	5257	573
5145	1587	185
5146	2239	409
5147	4690	238
5152	4842	498
5152	4842	535
5153	4572	456
5153	4572	448
5154	1996	185
5162	7649	775
5162	7649	455
5163	1888	278
5172	2995	603
5177	3466	682
5178	4040	596
5178	4040	186
5179	6346	618
5180	2705	521
5181	4684	233
5181	4684	400
5182	3517	434
5185	2617	480
5186	4413	443
5186	4413	514
5193	2539	255
5195	3515	451
5197	3633	533
5198	2073	455
5199	5372	810
5204	1374	456
5206	9001	519
5206	9001	527
5207	3277	200
5210	5370	445
5210	5370	479
5213	3654	301
5213	3654	513
5216	2253	394
5218	4115	205
5225	4641	358
5225	4641	262
5233	2690	495
5237	5192	604
5238	2357	287
5240	4118	613
5244	4249	484
5244	4249	403
5245	7427	512
5245	7427	372
5250	2811	429
5254	4629	558
5254	4629	568
5256	3525	570
5256	3525	410
5257	3048	404
5259	4370	487
5260	4648	537
5265	5942	638
5267	1487	257
5277	5886	347
5278	2611	185
5280	4836	640
5281	3967	408
5281	3967	185
5283	4115	513
5290	3893	195
5290	3893	220
5292	7206	717
5295	3011	631
5297	3770	502
5299	4942	467
5319	2743	206
5320	3091	386
5321	3572	206
5326	3859	378
5327	2970	305
5327	2970	375
5339	3550	436
5344	5465	851
5345	4226	618
5346	2421	547
5355	5600	455
5357	2369	164
5357	2369	163
5358	6171	744
5360	1607	286
5361	3846	574
5363	2809	601
5370	1526	268
5373	3004	195
5373	3004	198
5374	3059	307
5375	2184	238
5377	13517	987
5378	2781	393
5380	3336	490
5381	5330	424
5381	5330	462
5382	3624	317
5383	3191	333
5384	2921	312
5385	3942	478
5387	6277	625
5391	2965	341
5398	5686	569
5398	5686	543
5400	7263	200
5400	7263	266
5401	2996	321
5403	2610	381
5404	3065	410
5404	3065	306
5407	3220	269
5409	2657	480
5416	1759	434
5418	6022	592
5420	5172	684
5420	5172	511
5422	2083	300
5423	3118	473
5428	2839	307
5431	2217	450
5433	3083	868
5439	2943	542
5451	3871	619
5453	6900	331
5454	4472	430
5457	2095	306
5460	3228	549
5467	5390	243
5473	2445	556
5474	5310	754
5474	5310	918
5479	3113	636
5483	2563	311
5483	2563	336
5484	5108	484
5493	2452	376
5495	3902	486
5499	4224	516
5504	4468	374
5504	4468	528
5507	2262	215
5509	3442	861
5515	3985	496
5520	6909	766
5521	2770	439
5527	2553	248
5527	2553	215
5533	3011	524
5535	2388	440
5536	2938	384
5537	4329	376
5537	4329	373
5538	4341	524
5546	2099	559
5551	5351	575
5551	5351	535
5553	2183	569
5554	5079	598
5557	4207	643
5560	3907	222
5567	3867	447
5568	1519	435
5569	2712	407
5571	1997	514
5578	2644	527
5579	1949	497
5580	2360	287
5581	2506	523
5583	5049	517
5585	1936	490
5586	6018	352
5588	4303	482
5589	2626	397
5590	3655	399
5592	5039	459
5592	5039	505
5595	3172	425
5600	2087	422
5601	3005	610
5609	2279	185
5610	2806	236
5611	3328	563
5613	2104	386
5614	2695	517
5615	2519	409
5618	3211	398
5618	3211	205
5622	3977	439
5625	2428	287
5628	4055	324
5630	1891	269
5631	3064	491
5631	3064	413
5636	4133	453
5637	5371	200
5641	2137	260
5646	3613	347
5650	5114	538
5652	3508	472
5652	3508	490
5653	2597	428
5654	4620	653
5660	2420	486
5664	1864	355
5668	1964	280
5672	2700	232
5673	3664	486
5676	2795	211
5677	3695	585
5678	3411	436
5679	1760	352
5683	2538	353
5684	3906	498
5684	3906	389
5686	3561	273
5687	4886	621
5687	4886	372
5690	5779	401
5693	4244	667
5694	1513	211
5695	5257	220
5695	5257	346
5696	3385	263
5702	3232	524
5705	4098	533
5709	4902	279
5709	4902	451
5713	4151	185
5716	3233	601
5718	3748	445
5719	3562	606
5720	2910	255
5720	2910	332
5721	3642	493
5729	2679	305
5730	3011	436
5731	3454	449
5737	2676	349
5738	2868	385
5741	4993	889
5746	3068	502
5748	4229	510
5749	2519	291
5755	2300	454
5756	3297	499
5758	4313	471
5760	3455	313
5762	3558	571
5766	3696	446
5780	2859	306
5792	3122	374
5796	6142	369
5796	6142	467
5798	1859	572
5804	2209	185
5805	3302	211
5814	1762	463
5816	4468	849
5820	2920	477
5826	3672	404
5826	3672	500
5828	3226	526
5833	1358	256
5835	2972	556
5837	3589	447
5839	2409	292
5849	1926	267
5850	5092	444
5850	5092	427
5853	2508	315
5857	1818	353
5861	3176	361
5864	3942	495
5867	3798	677
5868	2875	556
5884	5813	398
5886	2177	494
5890	2323	400
5893	1909	206
5894	2381	584
5902	3455	333
5908	2585	206
5910	3848	496
5913	1559	185
5914	1656	239
5921	3455	519
5925	3437	200
5931	2329	329
5932	2231	262
5937	1656	368
5940	2085	381
5942	4441	339
5942	4441	334
5952	3102	516
5954	2310	376
5956	1771	215
5959	3978	530
5967	3256	386
5969	2582	313
5973	2394	470
5975	4390	215
5976	5452	297
5986	3842	566
5992	2500	256
5993	2479	292
5998	3740	372
6003	2548	552
6004	2993	211
6011	4508	526
6018	4329	185
6018	4329	474
6020	1922	431
6023	2017	227
6027	3014	408
6027	3014	353
6035	4766	386
6035	4766	185
6036	1684	185
6042	3920	493
6044	3891	566
6045	3509	306
6046	4324	361
6046	4324	318
6051	2432	415
6054	2123	276
6068	3769	512
6069	4455	620
6070	4332	561
6070	4332	545
6072	3960	248
6076	3200	413
6078	7101	578
6078	7101	500
6086	2510	249
6088	2124	286
6095	3490	538
6099	6910	325
6105	3846	318
6111	3120	544
6112	5507	601
6116	5084	201
6116	5084	272
6117	1737	455
6125	4040	284
6125	4040	367
6126	4457	590
6128	2924	471
6130	4676	523
6133	5887	358
6133	5887	426
6134	5282	565
6134	5282	358
6146	1463	286
6151	3775	233
6161	3545	348
6163	3519	373
6165	3744	308
6166	4158	874
6168	5127	381
6168	5127	308
6170	5167	555
6172	2748	474
6173	3730	820
6188	2245	320
6191	3525	459
6192	4451	578
6192	4451	378
6193	3728	597
6195	3629	569
6203	3635	931
6204	2350	361
6206	2607	521
6216	2122	233
6218	3150	340
6229	3672	550
6235	4168	509
6236	2191	342
6238	1294	323
6241	2489	432
6242	4818	502
6242	4818	635
6246	1977	493
6247	4721	486
6247	4721	521
6248	6575	786
6249	2533	623
6251	3495	520
6252	4764	559
6259	4388	529
6259	4388	657
6270	3808	259
6270	3808	221
6271	2812	437
6273	1876	458
6277	1878	336
6280	3649	603
6286	3216	528
6289	3234	840
6291	2871	215
6291	2871	581
6294	2436	530
6295	2934	477
6297	3418	613
6299	2636	274
6300	2360	342
6311	2807	424
6312	2179	279
6313	2310	442
6316	3070	211
6319	2248	511
6320	1631	484
6334	3282	790
6338	3127	564
6343	3245	229
6344	3616	514
6346	3566	504
6346	3566	491
6349	2422	185
6353	2008	208
6353	2008	125
6355	2646	298
6355	2646	393
6358	1546	353
6360	2852	567
6361	2685	502
6363	2448	421
6364	1804	215
6365	4066	395
6365	4066	552
6368	3117	406
6373	2377	573
6375	3352	853
6378	2365	407
6385	2855	545
6388	1574	350
6395	2074	464
6396	3658	360
6396	3658	323
6397	2864	185
6399	3166	504
6402	2454	454
6407	3415	524
6408	2387	484
6415	2127	474
6416	2914	556
6417	1549	291
6418	3203	529
6423	1839	299
6423	1839	209
6427	2622	525
6428	2417	400
6433	2960	484
6436	2592	579
6439	2434	474
6442	3724	200
6444	3536	562
6446	2556	434
6454	3468	523
6460	2501	282
6460	2501	342
6461	1985	423
6468	3164	513
6471	2158	554
6477	2921	494
6480	2841	495
6481	1923	156
6485	1667	534
6490	1913	508
6500	2783	500
6503	2918	604
6504	2953	469
6506	3550	495
6506	3550	455
6509	3128	413
6509	3128	158
6512	3143	447
6514	2189	313
6515	3530	516
6516	3389	311
6518	1406	211
6519	2518	379
6524	2792	185
6524	2792	357
6526	2532	249
6528	2038	206
6532	3987	553
6535	1688	264
6535	1688	140
6536	2246	507
6538	2351	436
6539	2652	534
6541	3086	200
6547	3739	389
6550	1910	200
6551	1535	457
6552	3540	497
6552	3540	437
6553	2107	383
6557	2434	375
6558	2422	359
6558	2422	254
6560	3076	555
6562	1832	299
6566	1832	395
6568	2895	431
6569	2718	631
6570	3430	487
6571	2810	498
6572	1880	319
6584	1896	569
6585	1890	354
6591	1989	274
6594	2013	283
6596	1725	522
6602	2615	618
6604	2240	345
6606	2928	322
6606	2928	312
6609	1985	245
6611	1470	185
6612	1744	248
6615	1479	226
6617	3859	553
6617	3859	472
6618	2080	276
6618	2080	204
6620	3042	467
6621	1884	513
6626	1818	314
6626	1818	219
6628	2390	346
6629	2218	506
6630	3086	522
6631	2354	317
6638	2780	534
6639	3054	286
6640	1788	307
6642	1782	587
6643	1832	200
6647	3303	338
6648	1992	373
6649	1368	287
6651	2133	206
6652	1967	315
6653	4076	524
6658	2743	424
6659	2068	292
6661	2292	290
6662	2510	152
6662	2510	292
6664	1276	283
6666	2477	520
6667	2239	533
6668	1977	340
6669	2428	215
6673	3081	517
6675	2049	279
6676	1389	374
6678	2293	222
6679	2270	463
6680	3523	264
6683	3660	359
6687	2042	496
6692	3211	495
6696	2122	420
6700	2416	505
6702	3433	559
6703	2683	683
6704	2121	469
6705	2563	578
6709	3940	637
6715	2950	818
6718	1552	275
6719	3096	617
6721	2670	392
6724	3358	520
6724	3358	516
6727	3269	524
6730	2021	351
6732	2775	463
6734	2096	387
6741	3287	319
6743	2065	385
6748	4016	503
6748	4016	313
6751	2742	566
6751	2742	165
6753	3789	403
6753	3789	424
6754	2319	374
6759	3570	496
6763	2976	517
6766	3920	878
6767	2117	376
6769	1943	415
6771	2416	501
6772	3301	336
6772	3301	314
6774	2150	276
6781	1369	344
6782	2182	428
6784	2838	609
6790	4043	408
6790	4043	535
6797	1720	352
6798	2218	174
6798	2218	141
6803	2861	543
6804	2403	558
6807	2332	350
6813	3091	591
6815	3760	407
6815	3760	561
6817	2909	499
6825	2960	216
6832	1571	346
6834	1605	378
6835	1556	330
6836	2887	320
6837	1889	533
6838	4014	744
6840	1297	441
6842	3863	430
6842	3863	567
6850	3634	452
6851	3623	628
6852	1791	215
6853	1724	285
6855	1655	297
6862	2618	782
6869	1842	375
6870	2992	185
6871	2077	616
6872	2705	226
6880	3352	504
6882	2584	185
6884	3331	571
6885	2383	354
6885	2383	491
6888	2970	534
6888	2970	327
6890	1949	242
6893	3777	725
6895	1909	300
6898	2707	415
6899	3091	562
6900	2182	390
6901	2088	565
6904	3326	461
6907	1302	339
6910	3585	621
6912	1216	293
6913	1028	185
6915	2476	279
6915	2476	343
6918	1913	227
6922	1545	185
6925	2846	303
6926	2146	494
6927	2189	243
6930	1680	320
6931	2704	379
6933	2282	321
6933	2282	277
6934	2162	485
6936	2018	496
6938	2582	438
6939	1304	417
6942	3519	870
6944	3625	571
6949	1423	418
6950	3544	514
6954	1757	185
6957	2594	240
6957	2594	238
6960	3977	553
6962	2799	432
6963	2099	372
6964	2435	605
6965	2442	318
6971	3809	901
6973	2555	325
6973	2555	318
6978	3102	450
6979	2158	430
6982	2241	522
6985	2262	527
6991	2152	377
6993	1964	331
6993	1964	168
6994	2197	341
6994	2197	245
6996	2097	363
6998	2659	558
7003	2712	521
7005	1997	360
7012	1951	450
7015	2800	573
7016	2209	299
7019	2613	408
7019	2613	156
7019	2613	301
7020	1159	327
7021	1911	354
7021	1911	350
7024	2261	577
7027	1527	273
7030	2072	329
7033	1952	457
7035	2024	293
7036	3015	361
7037	2492	552
7038	2536	415
7039	2796	378
7042	2664	500
7043	2137	286
7045	2524	497
7046	3349	459
7049	2661	595
7052	3843	336
7052	3843	479
7053	2660	520
7062	2108	323
7070	3783	846
7072	1552	297
7078	2387	299
7080	2425	537
7083	1859	499
7088	1882	272
7092	1568	260
7092	1568	228
7096	2643	227
7099	3079	345
7099	3079	232
7101	3818	299
7101	3818	592
7102	2226	373
7106	3652	491
7109	2524	361
7110	2800	289
7110	2800	395
7112	2762	392
7114	3085	378
7115	2139	310
7117	2750	490
7118	2678	365
7118	2678	340
7119	2695	368
7125	3389	535
7125	3389	242
7128	3894	539
7130	3557	663
7130	3557	258
7134	4105	718
7135	3002	522
7136	3770	400
7136	3770	215
7136	3770	182
7140	3011	622
7149	2021	421
7150	2198	392
7151	1851	200
7153	1546	331
7154	1669	446
7158	3580	310
7160	2720	390
7168	2641	321
7168	2641	230
7175	2663	310
7175	2663	376
7176	3491	307
7180	3918	311
7180	3918	467
7181	2983	525
7185	2808	598
7188	2224	497
7193	1914	311
7195	1882	222
7197	3566	659
7204	2003	185
7206	2826	178
7206	2826	141
7208	2345	551
7210	2809	564
7218	2036	393
7219	1320	268
7221	1720	401
7222	3095	206
7223	2046	784
7225	2119	255
7228	2502	295
7228	2502	346
7234	2754	264
7235	3343	185
7236	1639	261
7237	2406	250
7240	2307	392
7240	2307	181
7242	1495	344
7248	2444	462
7250	1653	443
7263	2312	404
7273	3852	350
7274	2580	222
7275	5164	439
7280	4624	544
7283	2921	554
7288	3074	332
7290	2305	501
7291	4382	227
7295	2598	392
7295	2598	286
7296	1680	433
7303	3424	338
7313	1704	385
7315	4442	453
7315	4442	462
7322	2180	325
7324	3709	619
7325	2612	403
7326	2897	451
7327	1747	320
7331	3181	465
7334	1804	369
7342	2572	340
7343	3786	524
7349	3835	581
7353	4046	646
7353	4046	445
7355	2557	221
7363	2269	385
7364	3190	390
7364	3190	498
7366	1659	382
7373	2732	437
7376	3762	200
7376	3762	546
7377	2961	349
7382	1544	284
7383	3841	325
7383	3841	388
7384	1197	454
7385	1572	343
7386	1945	309
7390	2250	510
7393	5341	334
7394	2526	472
7396	2651	492
7397	2858	332
7400	1511	327
7407	1732	263
7408	2487	185
7410	1773	326
7411	2067	316
7418	2530	377
7419	4483	242
7427	2610	222
7429	1632	300
7431	2496	512
7432	1684	436
7435	3955	563
7437	1702	429
7439	2634	293
7448	1640	185
7452	2762	571
7454	2367	222
7454	2367	281
7457	4767	489
7463	2899	448
7464	3524	251
7464	3524	265
7469	2658	211
7470	1675	273
7478	3562	517
7480	3923	514
7480	3923	466
7485	1866	298
7490	1553	390
7491	3408	338
7491	3408	270
7492	1599	222
7494	2963	187
7494	2963	33
7494	2963	92
7494	2963	328
7495	2649	301
7508	2393	304
7508	2393	296
7517	3548	372
7517	3548	361
7520	1851	525
7521	1905	185
7522	3710	296
7524	3267	464
7524	3267	514
7530	2391	386
7534	2338	295
7536	4604	508
7536	4604	569
7538	2138	381
7541	3927	206
7542	2321	456
7549	2968	529
7553	5128	497
7554	3092	438
7554	3092	326
7555	3014	505
7555	3014	287
7556	2210	319
7558	2596	211
7560	1303	200
7561	1912	365
7566	2224	573
7574	2549	260
7574	2549	367
7585	1072	265
7587	4181	567
7587	4181	392
7588	3046	760
7592	4855	231
7592	4855	513
7593	2042	486
7595	1805	267
7602	2091	442
7604	1063	390
7605	1955	262
7613	3108	409
7621	3637	389
7623	3353	458
7625	1993	297
7634	3397	407
7634	3397	481
7635	1453	324
7637	2509	735
7638	3143	373
7638	3143	256
7639	2402	354
7650	2067	206
7653	2335	289
7655	3683	296
7656	3155	457
7657	3209	632
7664	2773	497
7666	3729	475
7673	2116	350
7677	2131	363
7677	2131	245
7685	2163	216
7689	1580	469
7690	3985	450
7691	3110	420
7696	1801	313
7701	3415	279
7701	3415	547
7702	1870	285
7703	3025	617
7706	1794	226
7707	2460	344
7708	2177	545
7709	3098	278
7709	3098	292
7711	2634	297
7717	2175	608
7718	3948	277
7718	3948	238
7724	3370	278
7724	3370	329
7726	4343	348
7726	4343	283
7729	2738	270
7730	2099	470
7734	2119	255
7737	3838	422
7739	4478	436
7747	3826	476
7747	3826	521
7749	3928	419
7749	3928	417
7750	2713	215
7751	2512	366
7759	1454	426
7765	3171	307
7765	3171	608
7767	2654	424
7769	2728	295
7774	1899	307
7776	3472	227
7779	1277	309
7780	2458	431
7786	2910	434
7790	4003	343
7790	4003	372
7796	2320	485
7797	2527	206
7798	3653	405
7800	2306	313
7800	2306	429
7813	3954	227
7813	3954	330
7814	1908	160
7814	1908	110
7814	1908	276
7815	2242	338
7816	4556	594
7820	2967	322
7822	1271	501
7824	3168	324
7829	1789	392
7831	4504	222
7831	4504	297
7834	2631	412
7836	1973	251
7842	2234	408
7849	2041	422
7850	1984	328
7852	3412	711
7854	3265	574
7866	2927	372
7869	3215	568
7871	1701	344
7872	1605	356
7874	2508	345
7877	3379	779
7878	2368	348
7882	2915	344
7886	2621	545
7892	1974	407
7904	3042	498
7904	3042	340
7905	2331	358
7908	3768	529
7909	2685	539
7911	4906	475
7911	4906	428
7923	4095	525
7923	4095	531
7927	4110	325
7927	4110	385
7930	2503	268
7931	4387	718
7932	2979	586
7934	2661	431
7936	1602	454
7937	2317	618
7940	2842	337
7940	2842	262
7945	2619	348
7945	2619	31
7945	2619	211
7948	2549	389
7951	1780	238
7953	2803	323
7961	1976	381
7965	4105	381
7966	2292	138
7966	2292	176
7967	2058	244
7970	2976	423
7970	2976	416
7976	3579	319
7976	3579	468
7978	3805	458
7979	1682	464
7980	4891	772
7984	2075	500
7995	3265	529
7996	1472	366
8001	2172	278
8002	3305	153
8002	3305	148
8003	2240	423
8008	5064	485
8008	5064	318
8009	3590	772
8011	2624	556
8012	3354	270
8012	3354	630
8013	5200	430
8013	5200	261
8014	4065	185
8021	1850	394
8022	2152	551
8023	3952	510
8026	2169	368
8029	2378	433
8033	1400	368
8035	2112	526
8037	4040	521
8043	1743	595
8046	3173	224
8046	3173	405
8049	3030	310
8050	1753	364
8051	1815	442
8060	3900	571
8060	3900	483
8063	2231	498
8064	2656	452
8067	1396	353
8074	3291	485
8075	3266	329
8075	3266	287
8080	2458	389
8082	1212	233
8084	3362	484
8086	2312	623
8087	1968	512
8090	1077	286
8091	1616	444
8092	2251	311
8094	2777	222
8096	3250	608
8099	1694	570
8101	1934	533
8103	2158	412
8108	2516	248
8108	2516	213
8110	662	185
8111	1785	476
8113	2698	524
8114	2627	262
8115	2388	317
8124	1747	273
8124	1747	342
8133	2794	608
8136	2698	550
8138	1713	390
8139	2938	503
8144	3353	557
8145	4018	261
8147	1994	670
8151	2955	620
8152	2709	384
8156	3371	490
8163	1512	486
8167	2419	638
8168	2157	555
8169	627	185
8172	2388	790
8174	1322	321
8178	3652	383
8178	3652	384
8184	2151	316
8187	2863	483
8192	2529	133
8192	2529	133
8193	1243	354
8199	2384	227
8203	769	238
8204	3075	784
8206	4549	543
8210	2395	445
8211	2524	352
8213	2853	275
8216	2293	705
8218	2159	452
8226	2236	281
8228	2397	367
8230	2673	543
8243	2347	495
8244	2494	399
8250	2511	297
8250	2511	69
8250	2511	197
8251	2195	438
8253	1561	305
8262	2622	342
8263	1155	422
8274	2627	248
8280	2978	503
8284	2308	544
8286	2652	330
8286	2652	144
8301	4675	367
8301	4675	351
8303	5034	661
8305	3966	559
8308	3166	685
8314	3754	652
8317	3705	283
8319	2366	386
8323	3100	480
8326	2622	301
8328	2175	388
8329	3145	293
8331	3095	286
8337	4158	359
8343	2829	278
8345	1759	238
8348	2349	222
8358	2127	360
8359	1260	200
8360	2631	626
8362	2771	290
8364	3708	185
8372	2372	523
8373	2425	321
8375	3744	591
8378	4142	362
8380	3042	389
8385	3752	367
8387	3433	608
8393	4134	277
8393	4134	394
8397	3283	299
8402	3363	304
8403	3195	257
8408	2636	616
8411	3052	490
8412	2329	262
8416	2359	280
8416	2359	324
8418	2718	340
8420	2747	169
8420	2747	195
8421	3123	454
8423	2873	542
8431	3931	493
8433	3002	452
8434	3720	829
8441	2828	543
8447	3542	550
8450	4027	142
8450	4027	154
8450	4027	550
8454	2779	612
8456	3492	384
8458	3286	555
8459	3255	388
8461	3410	600
8462	2798	552
8462	2798	230
8464	3029	215
8465	3240	333
8474	2401	292
8476	2229	292
8478	2047	258
8481	5476	602
8481	5476	647
8484	2402	320
8488	2321	294
8488	2321	337
8499	4865	503
8501	2408	418
8507	4609	250
8510	2590	467
8518	3052	458
8523	3162	322
8523	3162	277
8527	2182	249
8529	4555	425
8531	1818	211
8532	3605	530
8532	3605	267
8533	2622	587
8542	3957	657
8547	2423	289
8553	3754	397
8556	2617	386
8561	2488	215
8562	4684	467
8566	2523	445
8567	2501	593
8569	1654	339
8570	1576	200
8571	3112	255
8575	3463	490
8578	3009	548
8580	3986	397
8581	4715	536
8581	4715	216
8591	4588	629
8596	1687	254
8597	2083	215
8599	3726	539
8600	3014	510
8601	3773	783
8602	4124	155
8602	4124	163
8603	2209	257
8604	4071	471
8606	3756	629
8607	2815	338
8610	2172	364
8611	5450	589
8612	1492	275
8617	1954	285
8618	2802	388
8619	3325	448
8620	3649	290
8626	2527	522
8627	4308	576
8633	2872	248
8634	3242	384
8634	3242	245
8635	2318	428
8639	3328	767
8640	3249	641
8643	2193	497
8645	3217	512
8646	4902	273
8649	3974	555
8650	2048	551
8651	3287	565
8652	2538	482
8653	2839	348
8653	2839	518
8655	3174	742
8656	2919	309
8656	2919	202
8657	3414	266
8661	1757	221
8662	2551	227
8665	3795	267
8665	3795	149
8667	2317	346
8672	2295	591
8675	2856	574
8677	3672	311
8679	3555	768
8680	4505	566
8685	2571	404
8686	1736	481
8688	4985	258
8695	1691	351
8696	2381	536
8701	2935	206
8702	3939	554
8704	3889	501
8704	3889	387
8705	2388	195
8706	3029	434
8709	2109	462
8711	2573	526
8716	2402	468
8719	3395	573
8721	3628	582
8721	3628	466
8725	5287	220
8725	5287	162
8727	2458	319
8729	2925	479
8730	4226	406
8735	2111	280
8756	2904	475
8757	5338	361
8757	5338	227
8759	2512	453
8760	3540	226
8763	3180	400
8767	2079	536
8768	3483	591
8768	3483	368
8769	2596	486
8775	2674	481
8779	2675	572
8783	2606	280
8787	4136	584
8788	4057	473
8800	3773	427
8800	3773	538
8801	3312	584
8805	2591	200
8809	3056	514
8813	1634	542
8815	4950	546
8815	4950	513
8818	2983	541
8824	2351	327
8825	4157	415
8825	4157	526
8826	3788	529
8827	4198	481
8833	3641	253
8836	3076	304
8836	3076	404
8849	2038	190
8849	2038	153
8851	2952	434
8852	737	248
8853	2987	185
8854	2132	375
8856	2443	185
8861	2280	267
8862	3393	369
8869	3580	388
8870	3047	572
8875	3790	487
8877	4072	892
8879	2769	282
8885	948	248
8886	4617	438
8889	4037	578
8890	2710	332
8890	2710	325
8891	1427	241
8892	2738	451
8894	3437	680
8896	2497	529
8898	2751	412
8899	4361	685
8899	4361	155
8907	2243	200
8910	3846	328
8911	2761	351
8913	2755	566
8914	1682	416
8916	3993	484
8916	3993	606
8924	3673	315
8925	2754	375
8926	1219	342
8927	5057	893
8930	1603	460
8931	4271	412
8932	4674	211
8933	2094	200
8963	3157	358
8963	3157	321
8967	3730	535
8969	1657	165
8970	2756	341
8970	2756	205
8972	2785	345
8977	2774	376
8984	1550	215
8985	4257	718
8986	3564	705
8987	2090	243
8988	2342	546
8990	2753	185
8993	4531	579
8994	4759	361
8994	4759	533
8996	2658	336
9001	4759	354
9007	2365	313
9009	3090	373
9010	4479	448
9010	4479	505
9011	3444	244
9015	4317	806
9018	1625	267
9018	1625	136
9019	3552	382
9026	2880	548
9027	3074	404
9031	3387	359
9031	3387	222
9032	4861	558
9044	3200	378
9051	4457	354
9051	4457	237
9056	2459	345
9057	2163	341
9059	3259	429
9060	1590	348
9071	2129	272
9074	1807	329
9088	3220	373
9090	4306	471
9092	2889	255
9093	2878	342
9094	2779	428
9096	2073	379
9104	2464	463
9114	2843	388
9120	3114	336
9124	1576	215
9126	1700	512
9127	3793	238
9130	2099	442
9134	2622	371
9143	2802	355
9144	2284	694
9159	2487	302
9163	2273	278
9166	3589	411
9167	3031	443
9168	1315	227
9172	2528	366
9174	4000	496
9177	1971	473
9179	3110	449
9181	2219	299
9185	1863	238
9186	1832	311
9190	2485	518
9204	2792	561
9209	3325	593
9210	3937	576
9212	2106	469
9217	2038	521
9219	1975	255
9220	2054	280
9222	1776	255
9224	2456	403
9225	3043	284
