0	16166	27125
1	1102	327
2	3872	451
10	4474	523
11	3519	565
12	3486	322
20	2281	442
21	3560	200
30	3373	536
33	2057	353
35	4312	389
35	4312	219
37	4561	523
40	6920	486
44	3341	490
45	3104	518
49	2867	227
51	4198	530
57	3949	259
57	3949	193
64	4797	528
70	2190	429
73	2741	243
78	4769	578
82	4473	529
91	3037	211
98	5919	290
107	1795	215
115	7271	505
122	4423	550
122	4423	257
132	7416	238
154	4914	242
167	4123	391
167	4123	400
168	4246	332
170	1720	185
173	4621	460
173	4621	455
179	1934	347
180	2081	323
187	3119	464
190	2184	468
191	3019	305
192	1445	238
193	1898	310
198	2358	416
201	7061	359
202	2661	233
204	4929	259
207	2061	221
213	2980	336
216	4206	458
217	2772	313
217	2772	195
221	3008	318
223	3037	262
223	3037	345
224	2784	253
236	1919	368
239	1818	260
242	2735	518
244	3772	200
256	2749	574
258	3672	473
260	6254	487
265	2564	338
268	2632	348
270	2130	327
274	2925	242
276	2762	289
277	3394	561
278	3575	419
279	2447	238
281	2683	227
285	4696	547
287	3745	390
287	3745	271
290	2208	358
295	2612	255
299	3423	339
308	1852	273
311	2447	276
313	4437	567
315	3216	579
320	3487	525
324	2215	185
325	7022	577
325	7022	243
337	3093	357
337	3093	284
339	2083	301
340	2611	302
341	2322	347
343	2518	458
348	3104	330
352	1849	350
353	2848	310
359	3289	353
369	1994	338
373	3312	342
379	3472	482
383	5131	569
383	5131	237
384	3475	412
386	2895	275
386	2895	425
388	3541	339
391	1826	317
394	4949	585
398	2838	297
400	2945	321
403	2461	306
404	1955	307
407	2597	185
410	2087	461
419	3025	243
420	1703	365
426	1923	185
426	1923	237
430	3628	466
430	3628	460
432	1244	211
434	7857	374
436	3530	410
437	1952	299
438	1998	253
447	3046	337
449	3916	496
449	3916	297
453	2748	462
454	2546	378
460	6398	419
466	4081	389
470	2489	324
473	1850	230
487	2269	592
488	4932	298
488	4932	260
517	1808	206
522	3267	227
523	2616	300
531	2553	363
533	4173	313
533	4173	334
534	1026	303
539	4319	326
540	1462	256
547	2300	428
551	1562	206
552	2521	319
554	1320	232
562	3480	633
563	3240	330
566	4546	317
571	3612	303
584	2566	243
590	2285	256
592	4766	200
593	2902	278
594	2801	200
596	4038	317
597	2112	200
598	2607	516
599	3126	293
605	2577	215
606	1652	467
610	2930	312
611	4373	367
612	4584	827
615	1689	243
625	3626	666
632	2714	244
635	2954	359
636	2040	328
638	2366	332
642	3075	338
647	2353	229
647	2353	179
649	2884	367
650	3346	358
652	1581	407
658	3659	367
660	1806	349
667	4087	200
668	2602	396
674	2785	280
683	2814	309
690	5682	359
691	2909	238
692	3321	314
700	2300	239
700	2300	170
702	2963	364
707	3363	308
720	4157	314
720	4157	239
721	1815	314
725	2955	316
729	4507	233
729	4507	338
734	3239	435
735	2812	312
743	2648	395
746	2553	272
750	3419	477
751	1656	256
753	2067	200
759	3757	578
764	4931	483
780	2891	292
788	3845	301
793	2786	533
795	4974	465
804	3530	360
813	2480	434
816	2908	216
816	2908	346
827	4007	506
828	3659	288
828	3659	268
837	2422	260
843	4725	221
844	2652	501
848	3076	318
856	2303	254
861	3346	317
865	3401	308
865	3401	255
884	5523	421
884	5523	519
887	3016	606
890	4069	492
891	4387	440
892	3186	334
895	3808	348
900	1626	370
913	2890	544
929	4011	291
940	1731	294
947	2551	345
949	2599	494
963	5891	211
963	5891	378
963	5891	253
1000	797	226
1005	4179	441
1007	5528	622
1021	4676	237
1022	2263	501
1050	5706	278
1082	7132	185
1105	1915	222
1120	4392	777
1136	2049	544
1137	2692	392
1138	3784	460
1139	2888	559
1140	2086	309
1144	3049	480
1145	4096	588
1145	4096	693
1146	2896	333
1149	3952	514
1154	1955	200
1155	2264	391
1158	3045	328
1159	1783	446
1167	2257	232
1171	2878	431
1173	3306	820
1177	2437	527
1180	4714	601
1182	2575	191
1182	2575	188
1185	2770	557
1186	1997	215
1188	2190	306
1189	3446	601
1189	3446	383
1190	1455	319
1191	1913	288
1196	2594	428
1199	2743	222
1201	5469	646
1202	2186	543
1205	1268	297
1207	1436	372
1210	4536	524
1210	4536	608
1214	3404	626
1217	2887	573
1218	1404	343
1220	2138	642
1223	3901	519
1223	3901	452
1224	3526	504
1236	2419	170
1236	2419	421
1237	3860	635
1239	1596	493
1240	3012	595
1242	2908	493
1245	1923	268
1248	3403	265
1248	3403	396
1251	3018	431
1251	3018	465
1252	2652	535
1254	2718	344
1257	1436	185
1258	2207	276
1259	2927	338
1260	3248	607
1263	3066	396
1264	2806	327
1265	3186	293
1267	4539	563
1271	3212	369
1275	2881	303
1275	2881	315
1276	4036	410
1280	3943	490
1284	2101	369
1286	2681	412
1287	4115	880
1291	2693	577
1292	3577	274
1293	2861	529
1300	3030	227
1301	2094	399
1315	4702	484
1315	4702	475
1324	2436	672
1327	3607	422
1330	3649	601
1331	1873	423
1332	2233	279
1333	1724	518
1334	2583	232
1336	2524	582
1337	2641	579
1339	2311	378
1340	4007	643
1342	2368	362
1343	3237	572
1344	4109	732
1349	1782	411
1350	2858	477
1352	3072	793
1355	2336	555
1357	1777	409
1358	3127	396
1360	2986	514
1362	3020	375
1363	2190	575
1364	3642	439
1367	4635	544
1371	2903	369
1384	3368	565
1385	4679	158
1385	4679	137
1386	3503	578
1391	4921	662
1391	4921	347
1392	2473	601
1394	3195	590
1399	2268	509
1400	2634	357
1404	3355	663
1406	1210	376
1407	4333	296
1407	4333	605
1409	2435	517
1410	2353	237
1412	2058	215
1413	2041	200
1414	2582	397
1417	1805	211
1419	2145	489
1420	4178	282
1420	4178	451
1422	1840	297
1423	2544	418
1425	5224	589
1425	5224	195
1427	2502	513
1428	2722	212
1428	2722	235
1431	3360	524
1435	2444	547
1439	3471	519
1443	1882	477
1444	2968	718
1445	4160	293
1445	4160	635
1448	2343	260
1449	3017	211
1450	2433	337
1456	3206	601
1458	3452	600
1465	4444	551
1466	3095	521
1469	3613	341
1469	3613	350
1470	3599	628
1471	3518	594
1474	3754	625
1475	3056	529
1475	3056	287
1477	3843	335
1479	2402	364
1480	1888	492
1481	4051	575
1483	3403	454
1484	4194	342
1484	4194	592
1485	3345	670
1486	4098	492
1489	2866	605
1490	2752	614
1491	2993	512
1495	3306	517
1499	2364	387
1500	2211	455
1502	2835	238
1505	3754	590
1506	3347	875
1509	2944	160
1509	2944	178
1510	4622	427
1514	4656	719
1515	2840	495
1518	3967	339
1519	2578	200
1521	3490	573
1523	1997	477
1525	3343	593
1528	2941	216
1528	2941	331
1530	3879	633
1532	4482	544
1534	3761	294
1536	2929	699
1538	3476	479
1539	3771	695
1543	1262	324
1544	2488	498
1547	2358	256
1550	5010	554
1550	5010	531
1557	5498	886
1557	5498	384
1558	3538	607
1558	3538	493
1562	2840	416
1565	3052	383
1565	3052	440
1569	3965	731
1576	2516	584
1577	5850	592
1577	5850	215
1584	3541	586
1588	2632	425
1589	3433	537
1594	4492	618
1598	4508	338
1600	2098	440
1601	3136	508
1604	2411	270
1604	2411	253
1605	3600	509
1611	3655	592
1612	2900	513
1619	3763	394
1619	3763	513
1621	3201	300
1623	2850	275
1627	3491	589
1628	2168	291
1630	4934	801
1637	2695	370
1640	3124	185
1642	2937	471
1644	2833	856
1647	3469	567
1648	1558	363
1651	4064	514
1652	3238	185
1653	3494	617
1653	3494	241
1655	2997	332
1655	2997	333
1656	4439	786
1659	4220	824
1660	5187	789
1661	2119	366
1664	3699	534
1665	2465	550
1670	3068	413
1671	4821	358
1671	4821	610
1672	1648	269
1673	2618	185
1675	5419	467
1675	5419	573
1676	4778	892
1677	5736	520
1677	5736	536
1678	3562	185
1682	3715	463
1683	3522	340
1683	3522	312
1686	4483	497
1686	4483	169
1689	3317	585
1691	1904	562
1692	3908	552
1694	2884	605
1695	4505	154
1695	4505	134
1697	3508	554
1704	5217	608
1704	5217	626
1707	2150	448
1711	3518	192
1711	3518	192
1713	3379	490
1714	3144	535
1716	4379	585
1716	4379	269
1716	4379	233
1717	2066	579
1722	2388	545
1723	4311	426
1723	4311	515
1725	3703	507
1725	3703	206
1726	6256	483
1726	6256	275
1732	3632	603
1736	3776	619
1738	3591	362
1738	3591	262
1739	3183	365
1739	3183	527
1740	4069	351
1742	3356	511
1744	2435	400
1754	1992	526
1756	3198	581
1757	2694	596
1758	2082	343
1760	4119	421
1762	3990	326
1763	3765	501
1773	4677	267
1773	4677	615
1775	3189	208
1775	3189	304
1779	2397	227
1782	2096	266
1787	2765	625
1789	5632	798
1792	4407	266
1794	3920	570
1797	2976	560
1801	2744	515
1806	4597	480
1812	2742	473
1814	3347	510
1816	2322	385
1822	4061	665
1823	4313	580
1831	3275	578
1834	4440	560
1836	3000	361
1843	3412	556
1845	5363	606
1845	5363	573
1849	4256	291
1853	3716	174
1853	3716	263
1861	4708	621
1862	4383	537
1866	3687	369
1871	2602	584
1872	6134	631
1872	6134	627
1876	3156	419
1876	3156	404
1879	2726	450
1882	2076	484
1884	3283	563
1886	3704	228
1886	3704	279
1886	3704	413
1887	2035	604
1889	1826	272
1897	6714	859
1901	2811	404
1901	2811	352
1904	2957	331
1906	1470	211
1907	4189	597
1909	2953	321
1911	2576	255
1913	5722	364
1915	4784	435
1915	4784	586
1918	5423	834
1921	3589	598
1922	4000	158
1922	4000	268
1925	2136	531
1928	3684	793
1929	2710	526
1938	5437	363
1938	5437	428
1939	3959	509
1940	4416	420
1944	3147	556
1945	5541	670
1945	5541	320
1949	2443	211
1951	2643	563
1953	5869	602
1953	5869	394
1954	4391	618
1954	4391	164
1956	1938	411
1959	5705	601
1959	5705	521
1960	2347	185
1963	3550	581
1965	2270	392
1966	4880	393
1967	1959	305
1970	4734	567
1970	4734	243
1971	4031	364
1972	2372	222
1973	6156	227
1978	2782	304
1981	2515	493
1984	3915	578
1985	5184	572
1985	5184	609
1986	2169	371
1991	4194	823
1994	2998	243
1995	3410	756
2003	2169	297
2004	3496	594
2005	3109	652
2012	3862	566
2013	2314	227
2014	5325	547
2014	5325	484
2015	4589	604
2015	4589	621
2020	3279	450
2021	3253	586
2024	2585	593
2025	5202	436
2026	4525	520
2029	3221	465
2031	2165	408
2032	3626	446
2035	5021	465
2036	2475	329
2041	4949	368
2041	4949	605
2042	3185	539
2043	3747	520
2046	3381	669
2047	1903	513
2048	6725	559
2048	6725	289
2053	2072	537
2056	2649	363
2056	2649	239
2057	2927	489
2058	4774	857
2059	3068	561
2060	4291	559
2060	4291	323
2065	2299	228
2070	2628	325
2070	2628	419
2073	1976	510
2075	4055	560
2075	4055	455
2082	3863	528
2083	3578	555
2085	4590	574
2086	5115	610
2086	5115	261
2087	4603	833
2088	3360	360
2090	2999	460
2091	4999	337
2093	5809	367
2093	5809	503
2094	3486	318
2094	3486	358
2095	5832	832
2096	2874	311
2099	2691	412
2105	2493	227
2108	4235	287
2110	5306	433
2111	4453	355
2111	4453	126
2111	4453	270
2113	4728	314
2113	4728	650
2116	2234	560
2117	5494	213
2117	5494	156
2117	5494	457
2119	5528	254
2119	5528	552
2123	2347	504
2124	3076	375
2128	3269	611
2133	5401	454
2133	5401	251
2140	2537	436
2143	2984	608
2147	2527	554
2149	2457	200
2150	4566	582
2151	2865	309
2152	2199	337
2158	3337	510
2162	3071	374
2162	3071	378
2165	3016	423
2166	5546	597
2166	5546	503
2171	4735	589
2181	3176	563
2185	2504	287
2185	2504	272
2188	3089	540
2190	2557	498
2191	3743	590
2192	2544	255
2192	2544	300
2198	4273	536
2198	4273	590
2203	4300	560
2204	2260	379
2209	5118	552
2213	1922	304
2218	1633	327
2220	2710	564
2222	2469	410
2224	2338	383
2225	2533	478
2226	3249	185
2228	2024	559
2232	4719	534
2232	4719	200
2233	4568	606
2234	2781	349
2235	5191	331
2235	5191	363
2239	4844	599
2241	3307	302
2241	3307	324
2242	3135	410
2243	3313	299
2247	2727	245
2253	4000	216
2253	4000	399
2257	2904	640
2258	4020	359
2261	3187	347
2262	3602	481
2263	2144	345
2269	2017	382
2271	5916	360
2272	2555	598
2273	2010	308
2279	2412	211
2281	2180	342
2285	2731	379
2288	2744	175
2288	2744	169
2288	2744	194
2289	2884	356
2289	2884	249
2291	2934	262
2292	2425	466
2293	3385	349
2293	3385	325
2294	1102	308
2297	2951	294
2299	2192	362
2304	2814	318
2306	4494	576
2308	2771	519
2311	2497	375
2314	2019	482
2343	4166	611
2343	4166	410
2347	2973	608
2351	4441	607
2352	2396	521
2354	2384	559
2359	1620	232
2362	2361	227
2363	3558	257
2363	3558	293
2365	3800	652
2366	3949	572
2373	4082	531
2373	4082	523
2375	3142	545
2378	4654	809
2379	3124	725
2382	2299	488
2387	4472	582
2389	2950	437
2390	2904	591
2391	2117	355
2392	2031	542
2398	2170	471
2400	2255	438
2401	1948	447
2404	3349	862
2408	4157	743
2409	1877	466
2410	2641	528
2411	3741	368
2411	3741	524
2412	2540	480
2414	3082	619
2416	1776	339
2419	2742	489
2421	4188	556
2429	1993	303
2436	3114	541
2437	2726	447
2438	4010	227
2439	2635	441
2440	3815	611
2440	3815	431
2441	4718	540
2441	4718	594
2442	2304	393
2445	2342	372
2452	1651	832
2453	2551	270
2455	1947	322
2460	1535	483
2461	4394	817
2462	3335	792
2465	3797	538
2467	3775	481
2467	3775	579
2471	2770	185
2472	1947	290
2475	3176	593
2479	3015	440
2481	3050	473
2482	2659	504
2483	1139	288
2484	1120	256
2489	3233	385
2489	3233	309
2490	3433	561
2492	2859	299
2494	3574	629
2502	2842	530
2507	3753	744
2509	1621	413
2512	2868	535
2517	2067	230
2517	2067	252
2518	3268	580
2521	2800	558
2522	1431	227
2536	2751	541
2547	2334	687
2550	3664	352
2551	3576	500
2554	4198	687
2555	2298	601
2562	2982	332
2563	2756	447
2563	2756	322
2566	3826	452
2566	3826	413
2571	2745	419
2573	2976	487
2581	3612	547
2588	2090	570
2589	2595	387
2593	2046	598
2594	3041	517
2596	3106	266
2597	4288	526
2597	4288	457
2600	2336	471
2603	3826	432
2606	4445	903
2609	2601	513
2613	3033	551
2620	2475	632
2631	3228	415
2632	3375	495
2633	1728	366
2636	2763	421
2637	2645	389
2642	3534	560
2646	3537	559
2650	3038	521
2654	2930	620
2659	3817	558
2660	2404	347
2662	3681	632
2662	3681	263
2666	1884	560
2671	2906	230
2672	2154	569
2676	2050	423
2677	1229	286
2680	1899	211
2683	3156	383
2684	3980	408
2686	3667	425
2689	3697	572
2690	3568	350
2696	3034	370
2697	3914	627
2700	3997	490
2702	2180	343
2703	4124	649
2707	3787	218
2707	3787	140
2709	2082	593
2712	3126	434
2714	2388	313
2715	2530	486
2718	3052	572
2723	2727	613
2726	3286	314
2726	3286	475
2728	1451	537
2730	3423	633
2734	3865	533
2740	2972	641
2751	2824	322
2751	2824	305
2755	2144	460
2760	2991	258
2763	3399	305
2763	3399	288
2767	3108	260
2771	2500	601
2772	2743	200
2774	1870	596
2779	3825	185
2785	3044	649
2790	4434	539
2790	4434	404
2795	3497	636
2796	2569	400
2797	1992	221
2802	3155	389
2803	2974	910
2805	2140	438
2806	4697	474
2811	2557	753
2812	2051	572
2813	3818	291
2813	3818	428
2814	3715	569
2816	3989	553
2817	2392	595
2818	1816	268
2821	2865	449
2824	3307	513
2838	3514	516
2838	3514	215
2840	2715	450
2841	3438	346
2841	3438	314
2844	3415	368
2845	1563	445
2847	2718	384
2853	3946	635
2854	2552	636
2855	2240	393
2856	3397	343
2857	3768	619
2865	1393	518
2866	2437	557
2871	4566	512
2872	2719	574
2873	2824	339
2873	2824	370
2874	3649	351
2880	3510	692
2887	1875	455
2888	2316	505
2889	3631	266
2894	3149	519
2896	4728	414
2896	4728	470
2897	3004	227
2900	2950	480
2905	4872	522
2908	3762	238
2909	3873	550
2909	3873	445
2911	3500	596
2914	3711	511
2916	2458	561
2919	3201	559
2924	3538	431
2930	2573	253
2930	2573	168
2934	3069	259
2938	4786	364
2938	4786	609
2939	2794	227
2943	4054	591
2958	3867	293
2964	3181	395
2964	3181	146
2964	3181	241
2977	2920	335
2987	3707	602
2995	3473	306
2997	3060	570
3003	4327	599
3011	3328	512
3012	3807	582
3012	3807	408
3013	2995	604
3017	2664	493
3018	2467	570
3020	2699	399
3022	4438	611
3022	4438	303
3024	3366	627
3025	3920	624
3029	4006	918
3030	2783	638
3032	3057	569
3034	3200	449
3038	4733	657
3039	2088	346
3041	3970	604
3042	4020	232
3045	3586	588
3046	3230	389
3048	4417	502
3056	3402	547
3067	3266	460
3069	2403	511
3070	2140	349
3071	3310	675
3074	2645	233
3078	3716	336
3080	3950	622
3082	3979	663
3085	4153	607
3091	3524	792
3092	3538	374
3093	4009	595
3094	4167	586
3095	2053	346
3098	4775	250
3098	4775	256
3101	3854	583
3103	4830	380
3105	2760	316
3111	3912	272
3117	4335	497
3118	4083	300
3120	3318	435
3123	4889	531
3123	4889	200
3125	2239	283
3126	2979	291
3127	2629	460
3129	3283	505
3132	2980	283
3134	2867	211
3137	3987	852
3141	2137	389
3142	3700	432
3144	2027	333
3147	3490	543
3150	4003	496
3153	3878	649
3155	1862	694
3156	3777	525
3158	4688	400
3158	4688	590
3161	4623	600
3161	4623	319
3166	3770	562
3166	3770	505
3170	3127	311
3171	3846	430
3172	1561	391
3175	3801	341
3175	3801	343
3179	3644	593
3182	4077	649
3184	3468	429
3186	2575	347
3186	2575	294
3187	2608	261
3188	3926	141
3188	3926	608
3193	4854	769
3194	2349	361
3194	2349	313
3199	2389	536
3201	2638	930
3207	4437	710
3208	2246	415
3209	2200	296
3213	3896	655
3215	2266	387
3219	3053	135
3219	3053	231
3221	3086	341
3227	4287	483
3232	4786	438
3235	4170	710
3237	2130	351
3241	3166	552
3248	3739	175
3248	3739	162
3250	4162	425
3253	2866	321
3261	2477	243
3265	3877	438
3267	2288	578
3271	4828	406
3273	2507	359
3278	3922	329
3279	4473	487
3282	4643	437
3284	2605	613
3285	3324	241
3286	4113	377
3288	2829	488
3291	2612	345
3293	3429	185
3294	3213	243
3296	2924	331
3296	2924	306
3298	4227	578
3301	1321	267
3302	3752	260
3302	3752	573
3312	4644	550
3312	4644	534
3313	2519	238
3319	3131	196
3319	3131	194
3324	1343	200
3327	2937	368
3328	3225	380
3330	2657	526
3331	4166	458
3331	4166	428
3335	3805	185
3336	2620	206
3339	4660	522
3340	2084	303
3342	2780	337
3342	2780	185
3344	2197	568
3347	4746	200
3353	2422	579
3354	2926	481
3354	2926	489
3355	1878	356
3356	2238	227
3360	1920	302
3361	3143	482
3366	3381	548
3367	3745	551
3374	2662	247
3374	2662	220
3375	2597	404
3378	3134	560
3380	3027	302
3380	3027	324
3381	3495	489
3385	3626	257
3385	3626	348
3390	2511	356
3390	2511	266
3392	4437	576
3393	2999	272
3394	3168	402
3403	3662	615
3407	2431	543
3409	3505	634
3412	3082	420
3413	2118	358
3414	1113	200
3415	2665	565
3416	3369	907
3420	3283	496
3424	3666	385
3432	3756	375
3432	3756	524
3434	2050	454
3436	3509	499
3437	1469	185
3443	2669	413
3448	3545	378
3449	1935	525
3451	2002	272
3452	3514	454
3454	3125	500
3455	2959	268
3456	2837	492
3459	2194	422
3461	2331	490
3462	2287	611
3464	1694	268
3467	3593	543
3470	2827	562
3471	2241	391
3475	4213	243
3476	3595	466
3477	3830	200
3479	1747	348
3480	1980	334
3484	2180	551
3485	3780	498
3487	1565	531
3488	2905	245
3488	2905	292
3489	3100	439
3492	2937	266
3492	2937	350
3496	3530	369
3497	2874	479
3498	2664	325
3498	2664	354
3499	3724	666
3500	2630	373
3504	3443	469
3509	2345	405
3511	2309	567
3516	2620	275
3517	3679	563
3522	3804	503
3525	2854	351
3526	3236	297
3528	3241	557
3533	2582	243
3536	4636	547
3536	4636	577
3539	3439	356
3539	3439	361
3541	2791	579
3543	3530	920
3550	2712	259
3557	3407	403
3560	1757	285
3561	2720	422
3566	2913	419
3569	2897	654
3573	3918	756
3580	2949	627
3584	1930	244
3591	2525	226
3591	2525	231
3595	1410	433
3596	1841	334
3598	2131	254
3598	2131	255
3600	3630	296
3606	2442	529
3613	2023	525
3615	2055	222
3617	1667	284
3624	2947	531
3625	1957	230
3627	2922	570
3629	3988	489
3629	3988	481
3631	3037	309
3632	1723	524
3633	940	273
3635	1824	473
3637	2953	523
3638	2091	476
3639	2681	549
3641	1410	308
3642	3345	667
3647	2203	185
3649	2773	381
3649	2773	226
3650	2957	584
3657	2017	240
3657	2017	171
3658	3907	598
3659	1524	452
3660	2008	361
3662	2056	559
3663	1940	333
3666	2463	598
3668	1443	441
3670	1809	330
3671	2799	451
3675	945	283
3676	1704	393
3678	2560	425
3679	4591	538
3679	4591	535
3683	1802	195
3683	1802	306
3686	2589	261
3686	2589	277
3687	2449	424
3688	2350	247
3688	2350	157
3689	1419	222
3690	2553	549
3691	3059	596
3692	1478	272
3694	2129	285
3697	2697	138
3697	2697	352
3698	1704	436
3698	1704	309
3699	3448	473
3704	2171	330
3705	2484	352
3709	2163	472
3719	2198	488
3720	2623	439
3721	1748	478
3724	2908	541
3725	2533	319
3725	2533	222
3727	2388	565
3728	4234	567
3729	1900	312
3731	826	269
3732	1878	306
3733	3513	330
3733	3513	349
3735	3017	452
3737	2616	649
3738	3328	314
3744	2583	267
3748	2693	516
3749	3372	542
3749	3372	426
3750	3026	800
3751	3379	578
3755	2090	181
3755	2090	200
3763	1452	339
3767	4011	514
3767	4011	549
3770	2588	507
3771	2383	600
3774	3846	678
3775	3055	845
3783	4245	605
3785	2456	365
3786	1951	277
3790	4177	151
3790	4177	575
3791	4708	621
3792	1966	425
3794	1856	222
3795	4410	458
3795	4410	509
3796	1633	367
3798	4116	480
3798	4116	570
3803	3667	801
3805	2749	589
3806	1819	627
3807	3577	438
3807	3577	450
3808	2410	211
3809	3776	583
3810	3692	574
3811	3625	473
3812	4167	839
3813	3913	497
3815	1678	498
3817	2107	294
3824	2900	333
3824	2900	329
3825	2787	283
3825	2787	266
3828	1821	287
3831	2090	216
3831	2090	254
3833	1159	277
3839	2928	325
3841	4278	645
3841	4278	501
3849	2755	557
3860	2544	576
3863	3829	553
3864	4257	569
3868	3096	593
3869	3616	536
3870	2260	573
3874	4205	382
3874	4205	528
3877	2254	456
3878	4422	573
3879	2192	185
3888	2573	382
3889	3064	342
3889	3064	346
3890	2633	222
3890	2633	326
3891	1518	355
3894	3162	560
3894	3162	243
3906	1855	255
3911	4373	542
3911	4373	530
3913	4169	429
3915	1174	261
3917	4313	299
3917	4313	359
3920	4315	534
3920	4315	688
3921	3738	299
3923	4076	531
3923	4076	510
3925	2486	523
3928	2683	131
3928	2683	271
3930	2490	586
3937	2044	314
3947	2822	463
3948	4372	526
3948	4372	494
3951	1814	462
3955	2003	501
3959	4349	588
3959	4349	646
3966	2914	320
3966	2914	219
3974	3191	372
3977	2582	381
3977	2582	149
3977	2582	260
3982	1501	297
3984	2465	524
3985	2906	605
3986	4104	243
3986	4104	294
3992	3998	263
3992	3998	546
3994	1169	185
3997	3498	563
3999	3471	655
4000	3626	561
4001	2786	544
4004	1319	335
4008	2521	341
4009	4297	592
4009	4297	555
4010	2202	328
4013	3941	781
4014	2815	560
4015	4397	271
4015	4397	154
4019	2293	638
4020	3185	227
4022	1772	241
4028	3038	300
4028	3038	324
4029	1544	260
4035	2949	609
4036	3933	481
4037	2103	185
4040	3284	266
4041	4182	399
4045	2523	559
4048	3318	532
4051	2472	296
4051	2472	236
4056	2098	288
4059	2436	427
4066	2584	558
4067	2141	384
4068	3264	528
4079	3482	547
4082	1935	446
4085	4606	513
4085	4606	348
4086	2744	550
4087	4311	800
4088	1821	340
4089	2413	541
4093	3053	283
4093	3053	137
4093	3053	120
4094	2167	379
4095	2728	283
4096	2404	581
4099	3987	461
4099	3987	315
4101	3441	244
4105	2599	489
4109	3214	492
4110	1854	165
4110	1854	190
4113	3548	541
4114	3562	668
4116	1772	277
4123	2607	394
4125	3132	754
4128	3408	410
4128	3408	498
4132	2252	341
4133	1969	249
4133	1969	267
4136	2663	431
4137	1533	200
4140	2620	304
4143	4694	156
4143	4694	612
4144	1018	344
4145	3616	531
4148	3841	409
4148	3841	599
4149	2229	454
4153	1745	279
4154	3192	429
4156	2800	417
4156	2800	200
4157	2903	283
4159	3529	471
4159	3529	474
4162	3347	570
4164	3384	200
4167	3740	470
4172	2866	532
4173	1845	308
4187	2539	323
4189	4084	565
4192	3314	820
4195	4585	690
4198	2350	637
4199	2436	541
4200	3000	368
4202	3071	555
4203	3302	312
4214	2056	185
4217	1391	322
4219	4022	596
4219	4022	510
4223	2295	522
4224	4659	666
4225	4245	522
4225	4245	582
4228	1889	243
4229	2470	328
4230	3415	586
4230	3415	406
4236	2190	442
4237	2950	559
4238	3673	897
4240	2780	337
4243	1247	322
4245	3252	165
4245	3252	398
4246	3466	356
4247	2425	349
4254	4217	474
4254	4217	523
4257	3908	485
4258	1725	522
4261	1606	238
4262	3225	533
4262	3225	381
4265	2834	523
4266	3590	519
4272	2876	354
4272	2876	184
4273	2663	311
4273	2663	341
4275	3979	627
4279	2627	498
4281	2798	310
4281	2798	272
4284	1954	403
4288	1281	185
4295	3616	795
4300	3458	501
4301	2142	397
4305	2862	604
4309	4592	158
4309	4592	183
4309	4592	554
4312	3329	285
4312	3329	200
4313	4041	741
4314	2732	635
4316	3255	328
4318	2383	238
4322	2411	421
4324	2332	399
4324	2332	252
4325	3885	550
4325	3885	511
4329	3277	295
4329	3277	351
4334	3035	740
4337	2456	461
4338	2443	369
4342	3098	514
4346	3044	358
4350	2590	351
4353	2890	387
4364	2889	213
4364	2889	256
4365	2929	334
4370	1663	286
4372	3605	660
4374	2300	185
4379	2699	246
4382	1871	320
4383	2985	335
4391	2100	370
4393	2480	474
4396	3052	339
4400	2234	226
4402	3474	424
4402	3474	145
4405	2455	475
4409	2483	471
4417	2989	602
4419	1966	262
4423	2957	359
4424	5333	452
4424	5333	472
4429	1964	349
4431	3121	470
4437	3124	297
4442	2472	358
4444	2125	267
4446	2206	315
4446	2206	133
4447	2428	200
4450	2645	538
4452	3961	544
4455	3280	437
4459	2544	326
4459	2544	286
4461	2019	361
4464	3675	533
4469	2160	253
4471	2482	533
4476	4136	458
4479	3042	282
4483	2849	329
4485	2914	177
4485	2914	216
4488	2031	514
4496	4082	548
4497	3957	844
4498	1713	360
4502	3047	384
4503	4232	568
4504	2869	488
4507	2391	337
4512	1644	270
4513	2721	278
4516	2142	390
4517	5877	489
4519	2781	587
4521	2226	405
4523	2430	470
4524	2448	430
4525	2900	185
4527	3006	497
4532	2058	449
4535	3075	526
4537	1990	358
4538	2637	463
4546	4085	495
4551	3983	832
4555	1819	456
4557	4449	447
4560	3035	206
4562	3050	343
4564	2211	363
4570	2380	253
4571	3076	547
4573	2790	441
4578	3248	524
4582	2931	137
4582	2931	147
4583	3085	339
4586	2100	423
4588	4114	483
4588	4114	323
4589	2899	491
4590	2503	501
4591	2753	405
4593	4539	779
4595	2320	120
4596	3329	566
4600	3604	291
4603	1951	286
4605	3743	589
4606	1926	200
4610	2417	431
4611	3423	449
4612	2790	540
4617	4302	527
4620	3145	528
4621	2427	222
4622	2536	540
4624	2192	329
4625	3900	409
4626	3465	376
4628	2213	200
4631	4676	185
4633	2885	543
4635	2157	295
4637	2330	342
4639	3700	586
4640	2553	358
4641	2283	539
4644	1415	227
4645	3268	380
4646	3873	551
4647	3093	312
4648	3924	235
4648	3924	229
4653	3788	542
4658	2835	578
4662	2156	414
4663	2983	505
4670	3683	580
4672	2249	263
4673	4589	589
4675	5273	748
4676	2423	300
4678	3106	535
4682	2229	363
4683	3157	290
4686	2549	502
4687	2025	543
4688	2720	341
4689	6329	306
4692	4484	508
4701	2153	385
4709	2392	466
4713	3151	614
4717	3069	487
4721	3778	215
4736	5860	779
4737	2788	348
4740	2569	431
4744	3208	270
4745	1878	227
4747	3664	474
4750	2605	475
4751	5454	611
4753	3598	502
4756	3633	748
4757	3877	504
4761	1978	215
4763	3325	661
4767	2985	386
4768	5344	274
4771	2199	389
4782	3108	414
4784	2434	588
4790	4787	599
4791	2193	359
4793	2890	211
4794	3375	607
4797	3164	427
4799	3025	475
4802	4523	398
4803	2871	421
4806	2744	222
4807	2332	380
4810	5235	486
4813	3380	568
4817	6206	349
4821	4371	545
4821	4371	386
4824	4417	500
4825	3184	211
4826	4099	446
4831	2349	363
4834	2877	398
4836	2380	299
4837	4988	567
4837	4988	502
4843	2587	266
4844	2584	510
4855	2910	185
4862	2876	256
4863	4168	344
4869	4531	558
4871	5233	702
4872	4061	573
4873	2765	552
4874	2777	550
4875	2613	356
4877	3820	185
4879	4542	629
4884	2227	220
4885	3471	315
4889	3105	677
4890	1959	330
4891	3163	372
4894	3466	314
4895	4284	570
4899	2989	336
4901	3134	303
4901	3134	257
4904	3492	834
4907	2618	392
4910	3055	408
4912	3890	464
4914	4811	222
4915	3250	523
4919	2668	223
4923	5323	484
4924	2241	328
4927	1513	266
4928	3687	599
4932	2851	285
4937	3127	418
4940	2528	377
4950	4939	540
4952	3429	349
4953	1987	261
4954	3785	386
4959	2604	573
4961	2436	380
4963	3476	267
4965	2596	365
4970	2881	538
4979	3776	604
4979	3776	447
4981	4274	555
4993	2698	662
4997	4306	611
4998	4084	481
4999	3960	211
4999	3960	265
5004	2772	285
5005	2536	334
5007	2373	400
5008	4371	383
5011	2558	361
5013	4577	560
5013	4577	587
5016	3113	792
5018	3039	381
5019	3830	365
5021	4650	493
5023	4315	509
5025	2869	459
5027	3975	798
5032	3154	469
5033	3364	222
5035	4965	607
5037	3891	276
5037	3891	448
5042	4505	236
5050	2978	234
5050	2978	370
5053	2082	425
5055	2698	141
5058	3075	596
5062	2134	307
5065	2243	341
5073	2315	349
5076	5018	573
5080	4013	520
5083	4083	511
5084	3025	488
5088	3097	375
5090	1889	369
5093	3239	566
5095	6022	894
5100	2323	318
5104	3277	410
5106	4127	402
5108	3315	375
5108	3315	243
5109	2320	209
5109	2320	172
5111	3994	303
5112	3914	585
5113	4443	302
5115	4675	281
5117	4325	541
5118	4484	512
5119	3848	475
5123	2634	447
5124	4173	486
5127	6128	547
5127	6128	546
5133	2683	347
5138	3182	389
5140	4359	467
5140	4359	505
5144	3460	517
5146	5870	599
5146	5870	268
5146	5870	245
5147	1995	502
5154	3493	344
5162	2298	377
5163	3374	345
5167	3785	380
5169	2950	547
5173	2351	315
5176	2567	769
5177	4768	365
5182	1878	343
5183	5193	546
5183	5193	437
5188	5856	185
5190	3302	344
5191	1828	295
5192	2089	227
5193	4304	385
5193	4304	655
5196	2158	438
5199	3617	522
5201	2739	369
5208	3778	471
5209	3095	358
5211	4435	316
5212	5298	552
5212	5298	218
5212	5298	180
5213	3681	538
5217	2659	335
5218	4118	527
5219	4870	545
5220	2584	416
5223	5320	531
5225	5013	185
5226	2882	471
5227	3437	564
5229	3086	547
5232	4650	254
5238	2464	347
5239	4034	583
5241	5408	593
5242	2773	523
5245	3610	185
5245	3610	275
5250	3439	443
5250	3439	489
5252	2441	270
5253	2307	418
5257	2799	474
5258	1916	400
5259	3609	533
5260	2520	461
5267	2885	216
5275	3730	390
5275	3730	221
5281	3714	211
5285	4345	610
5286	2669	356
5289	3795	443
5289	3795	491
5294	4417	507
5295	3726	284
5295	3726	386
5300	2610	301
5303	4608	602
5309	3088	438
5309	3088	468
5313	4676	752
5315	2667	271
5321	4499	484
5322	3467	443
5322	3467	475
5324	4922	576
5324	4922	586
5327	2268	333
5332	3268	512
5333	2984	250
5335	3189	339
5336	3450	424
5336	3450	234
5338	2771	185
5339	2703	490
5342	4515	253
5342	4515	174
5345	3102	464
5346	3135	385
5347	4000	528
5351	3745	600
5352	1253	206
5357	4010	526
5358	5031	881
5359	3758	518
5367	3220	527
5374	2119	305
5375	2541	472
5378	3294	291
5382	2154	338
5389	3286	305
5395	3030	392
5396	2375	432
5400	2088	257
5402	2176	326
5404	4595	469
5407	2494	249
5414	3326	353
5415	3872	292
5415	3872	216
5416	3706	528
5417	3134	504
5420	3909	306
5421	2270	161
5421	2270	111
5426	2816	337
5428	2353	350
5435	1274	288
5439	2168	329
5440	2440	437
5443	2984	341
5446	2076	305
5451	2500	319
5451	2500	178
5456	2512	358
5457	2836	279
5460	3653	549
5462	2177	271
5463	1574	274
5464	2683	303
5466	2360	285
5472	2192	326
5475	4961	234
5475	4961	245
5477	5638	847
5478	2604	277
5480	3399	268
5480	3399	278
5482	4451	751
5484	1939	324
5487	3660	549
5491	3080	271
5495	3894	731
5499	2920	283
5502	2739	389
5503	2308	185
5508	2019	317
5515	3229	272
5515	3229	380
5516	3688	266
5518	1611	262
5529	2042	261
5531	2721	399
5532	2319	486
5534	2116	520
5536	2521	440
5537	2523	490
5538	1927	470
5539	2755	267
5543	3823	459
5543	3823	469
5544	1141	272
5550	2709	388
5550	2709	256
5552	2205	185
5553	3010	240
5553	3010	359
5554	1420	300
5556	3552	444
5558	1487	185
5560	3144	464
5562	2203	337
5569	2148	484
5571	3925	592
5574	2992	732
5578	2662	185
5582	2766	463
5586	1830	270
5587	3492	283
5588	3451	323
5593	1375	277
5602	1802	303
5604	1619	314
5605	1500	192
5606	1835	448
5610	1043	243
5612	1125	206
5614	1854	303
5619	1736	461
5621	1767	255
5623	2346	227
5624	1751	313
5627	1513	256
5628	1500	278
5629	2150	343
5630	1650	267
5632	2542	796
5634	1657	263
5635	2115	577
5636	1360	279
5638	1544	200
5641	2773	515
5644	1720	254
5647	3280	243
5648	1366	401
5650	1511	200
5654	2932	444
5658	2085	462
5659	1781	309
5660	1414	278
5665	1957	433
5668	3013	302
5668	3013	478
5672	1651	206
5673	2369	380
5674	2793	489
5676	1821	250
5681	3671	223
5681	3671	149
5682	3402	609
5683	2106	481
5685	1577	376
5688	1808	324
5689	2204	485
5692	2212	529
5693	2101	525
5695	1723	227
5700	2283	238
5700	2283	200
5701	1658	315
5702	3203	530
5706	1573	525
5707	2827	497
5713	2121	368
5714	2401	494
5716	1590	506
5717	2833	435
5727	2970	310
5727	2970	455
5729	1417	285
5731	2791	388
5735	2666	414
5736	2624	368
5737	2067	185
5741	1752	479
5742	3528	590
5744	3574	356
5748	1767	479
5752	1107	200
5753	2495	416
5755	3845	537
5755	3845	413
5756	2581	502
5759	2441	332
5760	1783	211
5761	1096	215
5762	1352	399
5770	2272	316
5772	3898	227
5772	3898	490
5774	2137	451
5779	3474	489
5780	1449	261
5782	2623	277
5782	2623	344
5783	2106	327
5784	2424	376
5787	2186	386
5795	983	233
5796	1644	421
5799	3895	681
5801	1809	484
5803	2501	306
5806	2254	289
5807	2034	346
5809	3510	272
5809	3510	464
5811	2966	312
5811	2966	185
5814	3174	494
5818	1496	286
5820	2449	491
5821	2416	430
5824	2690	382
5828	2210	259
5830	2053	320
5833	2684	374
5835	1709	185
5839	1861	375
5846	3724	487
5846	3724	431
5848	2104	524
5851	2460	593
5855	1615	251
5857	1826	238
5864	742	222
5867	1538	471
5868	2410	298
5869	3212	653
5870	2378	496
5871	3013	526
5880	2267	456
5884	3450	485
5884	3450	412
5885	3694	630
5886	2058	401
5894	1867	459
5896	1604	290
5899	2215	477
5902	2908	535
5903	2031	384
5904	2217	594
5906	3640	561
5908	1270	261
5909	1357	513
5916	2238	561
5918	3205	530
5919	1746	284
5923	1852	535
5925	3144	544
5927	2276	242
5929	2147	429
5931	2177	317
5938	3061	200
5940	3808	553
5944	2198	211
5946	1904	144
5946	1904	157
5949	3710	263
5949	3710	238
5950	3121	429
5955	2106	523
5956	2883	290
5957	2203	481
5961	1830	248
5968	3709	707
5972	3642	445
5972	3642	260
5974	2249	366
5975	1710	319
5977	3530	336
5977	3530	541
5980	2686	418
5982	3875	496
5982	3875	538
5983	2115	319
5992	2995	531
5995	2522	339
6000	1135	227
6010	2501	333
6011	1953	267
6013	2690	406
6019	1289	342
6020	2671	488
6023	5700	522
6026	2937	308
6032	2166	185
6044	1949	298
6047	2390	353
6048	1538	348
6050	2141	418
6054	2911	185
6054	2911	323
6055	1680	300
6058	1741	426
6059	2763	290
6068	2154	234
6068	2154	226
6080	2099	340
6083	3309	413
6083	3309	395
6088	1887	302
6089	2192	492
6093	4084	453
6096	2217	298
6099	2411	312
6105	2447	321
6108	988	215
6110	2054	315
6114	2240	419
6119	2465	376
6125	2751	533
6126	2388	520
6132	2789	381
6136	3554	398
6137	3112	222
6140	1671	185
6146	4011	419
6146	4011	469
6149	3165	508
6149	3165	442
6150	1378	490
6153	2131	349
6154	4605	419
6154	4605	762
6155	7229	769
6178	3611	481
6184	2446	387
6189	2479	256
6194	4431	660
6194	4431	436
6207	2515	547
6210	3604	379
6223	2875	603
6231	5086	763
6233	2103	336
6244	1560	389
6247	2841	351
6251	2019	609
6258	3361	462
6258	3361	250
6261	2054	377
6276	1734	185
6282	3779	527
6284	2489	153
6284	2489	345
6290	6653	215
6298	3034	628
6308	2222	465
6312	2002	296
6313	1675	283
6319	2152	458
6325	3222	412
6326	3604	390
6328	3173	389
6331	2966	275
6337	3069	439
6344	1442	236
6366	1588	244
6368	5540	406
6369	2365	391
6376	3518	689
6382	3633	582
6394	1886	233
6398	9758	406
6400	4393	544
6407	1507	379
6408	14020	346
6408	14020	357
6409	5089	275
6411	4399	340
6412	3512	567
6417	3037	161
6437	2706	586
6443	2564	405
6448	3242	473
6449	3545	538
6456	4985	511
6456	4985	539
6458	4357	598
6458	4357	306
6463	2192	431
6464	3368	454
6465	4463	131
6465	4463	136
6467	1960	305
6473	3194	315
6474	2994	488
6477	3294	438
6479	2312	545
6481	3449	475
6483	2353	301
6488	1162	185
6491	2767	251
6493	1858	185
6496	2348	311
6498	2730	232
6499	3116	329
6499	3116	221
6503	2572	329
6509	4383	340
6509	4383	422
6511	1444	266
6524	3786	200
6526	2925	375
6528	3441	419
6531	2909	253
6532	4804	454
6534	2733	368
6539	3885	815
6542	3815	272
6544	4405	414
6554	5354	301
6554	5354	316
6554	5354	169
6561	2627	401
6562	3127	381
6564	3390	503
6569	2347	211
6573	3635	525
6573	3635	348
6582	3717	517
6585	3462	241
6585	3462	336
6586	2704	346
6586	2704	253
6587	2124	470
6588	4102	328
6594	2409	251
6597	4640	526
6597	4640	614
6601	2406	279
6616	2297	230
6617	4530	567
6617	4530	316
6625	4176	340
6625	4176	342
6628	4673	611
6629	2296	532
6631	2601	413
6635	2348	278
6637	1910	272
6639	4037	576
6639	4037	453
6645	3512	357
6645	3512	267
6646	3648	648
6647	2174	185
6652	11202	275
6662	2216	259
6664	3600	555
6671	2194	185
6674	3347	261
6675	2866	185
6680	3379	507
6682	3387	175
6682	3387	164
6683	2095	344
6685	2848	533
6690	4164	500
6698	3684	601
6709	4158	222
6710	6120	504
6710	6120	520
6725	3358	351
6725	3358	322
6734	4251	588
6735	4555	639
6736	3700	351
6736	3700	337
6738	2618	312
6739	2801	524
6745	2118	449
6758	4313	347
6763	1782	459
6767	4001	250
6784	5265	712
6784	5265	691
6785	5290	236
6803	5608	347
6807	2077	477
6815	10325	454
6815	10325	439
6815	10325	647
6819	1513	425
6822	4466	624
6823	2243	132
6823	2243	129
6833	2501	485
6838	3779	507
6838	3779	276
6839	3231	300
6842	3135	333
6842	3135	206
6850	3281	414
6851	3728	407
6860	3209	597
6861	1915	281
6868	6661	476
6870	2585	249
6870	2585	367
6871	2745	238
6872	3572	430
6874	2568	452
6875	2760	200
6878	2323	376
6884	1680	475
6886	1939	468
6892	5413	710
6893	2377	492
6894	989	211
6896	1275	211
6899	2359	519
6900	1467	445
6903	1345	366
6905	938	222
6912	2001	255
6916	2211	486
6919	2097	458
6921	2415	351
6926	2767	625
6928	3362	626
6930	2167	334
6931	3630	473
6931	3630	468
6932	3304	382
6936	4250	469
6936	4250	575
6937	1584	470
6943	2203	238
6949	1690	453
6954	3465	233
6954	3465	550
6955	2532	296
6959	2382	284
6960	1541	325
6962	1662	233
6964	2145	412
6967	2150	299
6968	2197	255
6975	2746	391
6976	2324	551
6983	3106	236
6983	3106	410
6986	1834	506
6993	2232	415
6994	2124	214
6994	2124	225
6995	2160	284
6997	3227	315
6999	1519	490
7012	3494	660
7013	3889	431
7013	3889	216
7017	3641	617
7019	3070	442
7020	1864	294
7021	1183	265
7023	3173	478
7028	2224	331
7029	2367	200
7031	2597	231
7031	2597	155
7035	2032	375
7036	1804	185
7038	1901	185
7041	1643	230
7048	1721	310
7050	2941	546
7052	2705	442
7060	1555	401
7063	1501	185
7064	1620	244
7065	2676	419
7075	3281	584
7076	3028	509
7076	3028	229
7076	3028	136
7077	3189	419
7078	2778	448
7082	2144	185
7084	1750	470
7086	1793	250
7089	2442	272
7089	2442	330
7090	1331	254
7092	1725	301
7093	2165	317
7094	1241	314
7095	2270	286
7096	2832	286
7097	2118	200
7098	2477	431
7099	1339	271
7100	2070	334
7101	3414	466
7104	2692	576
7105	2063	307
7106	2168	298
7107	1742	473
7110	2551	226
7110	2551	126
7112	2430	441
7114	2131	527
7115	2319	275
7116	2237	450
7118	3007	307
7121	2509	374
7121	2509	305
7124	1734	401
7130	2915	515
7136	2317	424
7139	2934	200
7139	2934	294
7141	2528	380
7142	1990	303
7146	3430	369
7146	3430	514
7147	2308	498
7148	2402	287
7148	2402	308
7150	2254	367
7151	2650	585
7155	2185	334
7157	3744	499
7159	2633	297
7160	2960	475
7163	2457	286
7164	2821	287
7164	2821	134
7165	2991	460
7167	1882	457
7170	2079	416
7171	1633	477
7172	1432	277
7174	3443	488
7175	4165	318
7177	4307	463
7178	1741	215
7180	2789	338
7181	4361	393
7181	4361	508
7184	2865	438
7185	1736	303
7186	2749	426
7188	1285	234
7190	3798	493
7194	3574	290
7195	2676	528
7198	4027	508
7202	1848	513
7203	2661	183
7203	2661	282
7207	2007	227
7209	2210	252
7210	2804	496
7212	2017	496
7219	2974	511
7220	1920	268
7223	2429	266
7224	2548	302
7225	2757	576
7227	2778	600
7229	3316	443
7229	3316	263
7231	2380	446
7243	3123	545
7244	2195	419
7245	1934	513
7246	1915	402
7248	1790	262
7248	1790	186
7249	1968	211
7250	2620	314
7252	1837	238
7254	1863	354
7255	1794	495
7260	1568	355
7262	1775	237
7264	4520	255
7268	1647	324
7273	4698	595
7274	1999	284
7275	2626	785
7283	3586	390
7283	3586	406
7288	2134	486
7289	3379	351
7289	3379	158
7289	3379	187
7296	1107	274
7301	1607	375
7302	3585	485
7309	5646	554
7312	2112	371
7317	2381	555
7320	2119	431
7323	2051	387
7325	2497	215
7329	2437	288
7337	4255	591
7339	3462	448
7340	2501	287
7340	2501	217
7341	3603	315
7345	3565	511
7349	2198	370
7355	1062	248
7356	2011	249
7358	2864	439
7358	2864	472
7359	2383	562
7360	3097	558
7363	2118	509
7365	2588	320
7369	2374	493
7372	2476	185
7380	3549	532
7381	2889	775
7384	2632	249
7384	2632	326
7388	2005	188
7388	2005	239
7396	2166	510
7401	2375	360
7404	2437	543
7405	2961	268
7406	3312	215
7412	2907	686
7416	2416	342
7418	1869	429
7423	3269	576
7428	3457	597
7430	3196	396
7430	3196	264
7431	1758	273
7433	3271	287
7433	3271	292
7434	3255	328
7434	3255	266
7437	2427	536
7440	3031	358
7442	5118	613
7450	2974	344
7454	3047	423
7456	2034	383
7458	2546	260
7461	1905	500
7463	3466	490
7465	4638	523
7465	4638	502
7466	2401	378
7468	2770	373
7469	4664	273
7470	4277	558
7470	4277	557
7471	2374	313
7472	1850	260
7472	1850	239
7474	2531	376
7475	1439	297
7476	3739	429
7476	3739	420
7480	3052	415
7480	3052	297
7481	3607	554
7481	3607	332
7484	3042	672
7487	2117	259
7488	2448	185
7490	3967	455
7490	3967	405
7492	2841	418
7495	1967	317
7496	1859	299
7499	2836	443
7499	2836	357
7500	1851	550
7501	2627	429
7502	2700	481
7504	1029	227
7505	3007	271
7510	4372	385
7510	4372	485
7514	1309	454
7517	2159	315
7518	2373	180
7518	2373	272
7521	1783	464
7522	2219	421
7526	3133	566
7527	3232	557
7530	4164	185
7532	2896	509
7533	3654	410
7534	3230	316
7534	3230	335
7535	3634	554
7535	3634	428
7538	2721	368
7539	3920	338
7539	3920	409
7543	1850	347
7546	1862	286
7549	2204	301
7552	1249	333
7553	1935	579
7555	2984	365
7555	2984	555
7558	2828	200
7559	1639	348
7560	1550	221
7563	2676	293
7565	2401	369
7565	2401	247
7566	3278	523
7567	1519	524
7568	1952	294
7568	1952	165
7574	2378	238
7575	2550	536
7577	3223	184
7577	3223	182
7579	3133	470
7581	2614	335
7585	1744	222
7587	1796	467
7589	4325	338
7589	4325	230
7590	4325	186
7590	4325	302
7590	4325	550
7591	3923	502
7592	1469	325
7596	2861	438
7597	2696	467
7598	2370	200
7599	1758	254
7600	3444	200
7602	2037	435
7607	2897	186
7607	2897	336
7609	3393	589
7611	3582	537
7612	1559	206
7615	1879	222
7619	2161	653
7620	1965	392
7622	2557	521
7623	1850	326
7624	2013	293
7631	2798	301
7631	2798	312
7632	2041	273
7634	2473	484
7635	2215	183
7635	2215	401
7636	3745	587
7638	2377	461
7639	1632	464
7641	3568	501
7641	3568	481
7648	3131	427
7649	2193	261
7653	2754	332
7655	2310	552
7657	2055	378
7658	2718	201
7658	2718	164
7659	3212	463
7660	1596	305
7664	2039	285
7665	2882	343
7665	2882	328
7668	2249	227
7677	3512	574
7680	2776	339
7680	2776	324
7681	1847	525
7682	2978	543
7684	1222	164
7685	2407	575
7688	2476	469
7692	4771	544
7693	3356	484
7693	3356	534
7700	2452	185
7701	2065	293
7702	2827	290
7703	2336	360
7707	2708	355
7707	2708	168
7711	2174	211
7716	2041	324
7717	3434	262
7717	3434	522
7718	2457	529
7719	3391	531
7725	2331	370
7726	4146	562
7729	2094	520
7733	3942	513
7735	3608	328
7735	3608	293
7739	1970	431
7741	2849	258
7741	2849	241
7742	4361	538
7742	4361	561
7743	2721	369
7745	2809	370
7745	2809	404
7746	3873	589
7747	2720	358
7748	2370	354
7749	3665	222
7749	3665	242
7750	3497	582
7751	2805	560
7754	3334	586
7756	2774	278
7757	2093	409
7759	2719	306
7760	1724	243
7761	2187	613
7763	1402	279
7765	3678	451
7766	3164	532
7768	1960	243
7771	2536	296
7771	2536	236
7772	2591	305
7772	2591	231
7774	3922	181
7774	3922	542
7775	4512	652
7775	4512	300
7778	2679	792
7780	4670	665
7780	4670	312
7781	3691	503
7782	1766	272
7784	1486	227
7785	1801	489
7786	1993	517
7793	1810	267
7794	2775	508
7795	5069	460
7795	5069	317
7797	1971	494
7800	3497	563
7800	3497	260
7806	3990	337
7810	2602	542
7814	2110	475
7816	2343	294
7820	2316	283
7824	3832	185
7828	4398	475
7828	4398	570
7829	2035	159
7829	2035	289
7830	2242	576
7838	3151	597
7840	2371	268
7842	2986	515
7845	2822	556
7847	3001	310
7847	3001	318
7848	1894	403
7849	2295	351
7850	2929	278
7850	2929	339
7852	1897	445
7856	1797	361
7858	1871	355
7862	1662	200
7864	2508	595
7865	2683	441
7866	1441	350
7871	2204	425
7872	2419	369
7877	2512	321
7880	3121	634
7882	2287	399
7887	2005	284
7889	2123	410
7890	3703	228
7890	3703	466
7891	2357	230
7893	3193	423
7894	1972	370
7896	1523	250
7897	2192	307
7905	2282	330
7909	2779	373
7911	3722	298
7913	2540	530
7918	4166	288
7918	4166	480
7919	2531	331
7922	1816	267
7923	2037	346
7925	2489	253
7925	2489	301
7927	2595	422
7929	1485	232
7930	2691	492
7933	2361	565
7935	1880	314
7936	1540	317
7950	1409	211
7953	2921	409
7957	3486	610
7960	3080	471
7960	3080	487
7962	3794	500
7963	2158	516
7965	3202	346
7965	3202	343
7966	4088	487
7973	1426	298
7978	3040	534
7980	3013	250
7981	3868	166
7981	3868	239
7988	2376	250
7990	1748	259
7993	3483	503
7993	3483	313
7995	3683	294
7995	3683	475
7996	2768	360
7996	2768	206
7999	3115	360
8001	3637	481
8003	1565	424
8005	2394	478
8006	2826	547
8007	1859	434
8008	4278	531
8011	3681	448
8011	3681	141
8011	3681	349
8014	5476	760
8014	5476	451
8018	3487	510
8019	5185	537
8020	1735	255
8021	3861	509
8024	2364	485
8025	3872	509
8025	3872	222
8026	4468	462
8027	2765	285
8038	1824	520
8043	2107	216
8045	2872	565
8048	2498	309
8048	2498	258
8049	2546	458
8050	2460	383
8056	1520	291
8059	2470	328
8067	3101	498
8077	2178	327
8080	2769	544
8083	1949	314
8084	1447	259
8087	3740	342
8088	1948	347
8091	3128	604
8093	1903	352
8095	2530	297
8098	2421	370
8098	2421	171
8099	2343	378
8101	2540	273
8102	3383	361
8102	3383	342
8109	3880	555
8110	3157	355
8110	3157	407
8112	1937	282
8112	1937	330
8118	2285	206
8119	1596	312
8121	3376	584
8125	2401	356
8127	2860	427
8137	2398	220
8137	2398	304
8138	2576	227
8142	2322	216
8145	3231	704
8149	2507	364
8151	3329	336
8153	1942	371
8157	3444	185
8158	3382	533
8159	1826	308
8161	3664	515
8162	4378	412
8166	2113	215
8170	2585	306
8171	2392	236
8171	2392	322
8172	3593	401
8175	3285	477
8175	3285	260
8176	1290	238
8177	2155	352
8180	3032	743
8181	1451	286
8184	2641	397
8184	2641	172
8185	2471	514
8186	2445	320
8189	3009	529
8190	2544	315
8190	2544	392
8192	2170	356
8204	2388	553
8205	2289	200
8206	1498	255
8209	3044	500
8212	2249	354
8213	2378	241
8214	2007	211
8215	3729	475
8217	1971	416
8218	2388	433
8220	2705	225
8220	2705	323
8222	1544	288
8224	2206	610
8226	3099	520
8227	2710	379
8230	1766	185
8241	2366	331
8247	2393	280
8248	3294	648
8250	2441	365
8251	3534	404
8255	2745	383
8257	2610	584
8262	3245	645
8265	2571	342
8267	1861	272
8270	3788	278
8270	3788	312
8275	2969	286
8276	4266	451
8280	1542	273
8281	2336	406
8287	1667	227
8288	4089	616
8288	4089	164
8290	3044	416
8298	2815	615
8299	4211	395
8300	2133	243
8303	2475	294
8304	1426	513
8309	2140	342
8314	2837	498
8318	2203	423
8321	2712	385
8324	2564	355
8326	2860	340
8327	4028	227
8330	1953	185
8333	3229	358
8334	4356	598
8338	3466	623
8340	2494	533
8341	4034	500
8342	2848	407
8345	1354	236
8347	2042	332
8348	3246	331
8350	2298	300
8355	2635	537
8356	1806	329
8359	1756	433
8364	2759	417
8368	1550	269
8372	2984	597
8374	3964	170
8374	3964	201
8376	2475	358
8378	3222	569
8384	2829	575
8390	3733	369
8391	2944	466
8394	1942	361
8399	3719	419
8405	2402	302
8408	2643	240
8411	2131	420
8418	2387	352
8420	1971	573
8426	2693	349
8435	3363	616
8436	3125	659
8437	3069	423
8438	4042	605
8439	2166	324
8441	2465	500
8443	3533	597
8444	2170	379
8452	2876	298
8452	2876	334
8456	1640	236
8461	3871	555
8470	3770	519
8473	2530	278
8476	4224	549
8479	3133	258
8479	3133	343
8487	3314	428
8493	2297	327
8497	3543	268
8497	3543	526
8498	2184	284
8502	2429	268
8503	2632	400
8514	2178	365
8516	3768	580
8517	1867	249
8518	3263	455
8521	4205	544
8522	2075	245
8523	2026	304
8529	1245	185
8537	3114	615
8544	4130	518
8544	4130	522
8545	2678	476
8546	2114	444
8552	2292	355
8556	2352	242
8557	2336	454
8567	2809	468
8568	2572	328
8582	1938	211
8584	3887	771
8586	2091	337
8587	3961	725
8588	3936	559
8595	3160	200
8597	3688	497
8603	2890	354
8603	2890	209
8604	2913	379
8607	3653	378
8607	3653	446
8612	1572	394
8616	1476	185
8621	2578	206
8622	3227	372
8625	2342	306
8644	4046	559
8645	2457	339
8646	4187	539
8648	2820	340
8650	2392	295
8655	4135	348
8657	2957	290
8658	2742	375
8664	4291	408
8664	4291	565
8666	2120	549
8669	2460	371
8670	2919	261
8673	1866	346
8676	2293	255
8677	2531	571
8678	2807	339
8680	2822	341
8683	4013	382
8683	4013	575
8685	3197	642
8688	2390	255
8689	2921	185
8691	1775	254
8693	2866	303
8694	2674	388
8695	3310	459
8696	4269	540
8696	4269	422
8700	2336	332
8706	4362	499
8706	4362	492
8709	2687	605
8714	4076	554
8718	3832	557
8724	2670	355
8729	3096	222
8733	3133	546
8736	3861	486
8739	2983	360
8743	2484	319
8745	1996	327
8747	2813	455
8748	2133	305
8752	1956	607
8755	3330	336
8755	3330	321
8758	2660	540
8760	4049	401
8761	2405	330
8762	2063	327
8764	4317	609
8767	3151	232
8771	3088	447
8773	1439	347
8777	4269	631
8786	3173	563
8788	2422	233
8790	3461	340
8790	3461	347
8796	2417	528
8797	3338	597
8802	2286	359
8803	2356	342
8805	2183	306
8807	2470	383
8809	3867	392
8810	2774	270
8810	2774	341
8813	3225	336
8813	3225	339
8815	3331	343
8817	3052	612
8818	3283	326
8820	2786	553
8821	2525	493
8823	3359	379
8830	2773	261
8833	2930	200
8835	2539	185
8839	3199	315
8839	3199	307
8841	2313	524
8846	2981	451
8848	2837	611
8853	2341	604
8858	2354	321
8861	1749	306
8865	3411	532
8868	1747	363
8876	2034	572
8879	3068	408
8880	2456	294
8882	2963	211
8885	2128	241
8885	2128	160
8886	2611	523
8887	2383	435
8894	3149	339
8898	2182	477
8902	3496	520
8903	2979	237
8907	2331	339
8910	3730	206
8910	3730	319
8914	3068	332
8915	2213	318
8919	3251	539
8919	3251	298
8920	2659	537
8921	2942	488
8925	4073	474
8925	4073	154
8928	4080	774
8930	3286	554
8933	3631	768
8934	3759	582
8942	2351	558
8948	3154	839
8951	2469	481
8955	2049	340
8957	2603	459
8960	4243	376
8962	3472	423
8966	2893	244
8968	1930	329
8970	2164	331
8977	2666	336
8979	3913	503
8979	3913	524
8983	3280	335
8983	3280	384
8985	1769	185
8988	1660	364
8989	4354	761
8990	2446	399
8991	3947	543
8992	2570	502
8995	1658	308
8996	3872	588
8997	1866	293
8998	2995	359
8998	2995	244
9002	2598	368
9004	2175	514
9005	2206	416
9011	2638	606
9012	2326	417
9015	3648	650
9018	2827	185
9019	3235	169
9022	2394	438
9024	2852	311
9031	2460	287
9032	2339	227
9038	1448	200
9041	3712	520
9042	3212	310
9042	3212	342
9045	2852	349
9048	2882	369
9050	2059	329
9051	3984	487
9054	3066	483
9056	3081	320
9058	2345	180
9059	3414	351
9062	2724	598
9071	2396	351
9076	2218	185
9078	3339	510
9083	3552	622
9087	4066	584
9088	1802	302
9095	2961	346
9097	2379	518
9102	3951	421
9110	2379	343
9111	2737	304
9113	1715	463
9114	2742	378
9116	3756	439
9117	2370	356
9119	1816	297
9120	3244	845
9124	2599	310
9126	3700	585
9129	2681	345
9136	2019	200
9139	3369	407
9143	1429	315
9144	2204	529
9145	2791	412
9151	3662	344
9151	3662	200
9156	2477	238
9158	3124	604
9161	2777	361
9164	3308	609
9165	3058	386
9165	3058	146
9167	3488	399
9169	3314	576
9170	3872	586
9173	3101	211
9173	3101	343
9177	2339	343
9179	3362	548
9180	2892	631
9181	2038	590
9182	3016	289
9182	3016	322
9184	2030	514
9185	1734	391
9186	2943	530
9187	2531	286
9187	2531	323
9189	3917	306
9189	3917	334
9191	3133	320
9192	3604	356
9197	2608	336
9199	2840	439
9202	3635	185
9202	3635	522
9209	3055	561
9212	3441	819
9213	2848	299
9213	2848	211
9216	2831	460
9221	4184	690
9223	2870	185
9227	2573	362
9227	2573	328
9229	3032	332
9231	3154	354
9234	2139	353
9238	2729	306
9242	2602	535
9246	2964	304
9247	2735	317
9249	3356	227
9250	3325	604
9251	3310	273
9251	3310	335
9254	2099	285
9255	1887	326
9257	3400	538
9258	2949	368
9259	3897	226
9264	2428	185
9275	1840	475
9276	2357	362
9277	1899	346
9278	3632	580
9280	3303	331
9287	2946	185
9291	2151	311
9295	3235	373
9298	3526	312
9301	2922	361
9308	2562	532
9310	2757	465
9311	3114	302
9316	3555	362
9317	3434	395
9317	3434	169
9329	1947	392
9330	3629	581
9333	2348	352
9339	1749	307
9340	3941	331
9340	3941	256
9341	2761	378
9343	2248	185
9345	3095	238
9348	3490	553
9350	2843	274
9351	2356	269
9352	4100	447
9352	4100	605
9358	3198	483
9360	3443	441
9364	2668	352
9365	2597	341
9367	3825	563
9368	2443	353
9372	3287	342
9373	2323	403
9374	2616	346
9380	2461	293
9382	2816	185
9383	2064	504
9386	1897	440
9389	1690	392
9392	2770	424
9396	3998	583
9397	2151	277
9399	2535	650
9403	1373	342
9408	1664	270
9411	2769	273
9411	2769	302
9413	2839	346
9416	3450	227
9416	3450	372
9417	2258	324
9420	1622	299
9422	2334	324
9423	3653	304
9424	2349	185
9425	3168	494
9432	3054	554
9433	3502	270
9433	3502	316
9435	2912	382
9440	1352	502
9442	1895	296
9443	3137	534
9444	2651	185
9446	2816	513
9454	1969	539
9457	3211	518
9463	2781	338
9464	2967	368
9468	2425	514
9469	2278	343
9473	2337	309
9477	2836	535
9482	3031	625
9483	2520	230
9490	3786	185
9491	2463	206
9491	2463	204
9493	4374	200
9493	4374	370
9498	2514	307
9499	2403	519
9501	2615	522
9502	2073	345
9510	2477	562
9520	2397	363
9527	2284	503
9528	2160	233
9529	2535	583
9540	2403	312
9540	2403	383
9543	1600	363
9545	2313	441
9546	4406	430
9546	4406	502
9546	4406	138
9549	2314	302
9550	2755	489
9552	3040	341
9553	2660	514
9555	4314	603
9556	2067	237
9557	3017	557
9558	4088	444
9558	4088	321
9560	2901	135
9560	2901	147
9560	2901	199
9561	2034	335
9564	4170	529
9564	4170	445
9573	3921	600
9577	3366	533
9580	2671	521
9582	2244	358
9583	2172	337
9586	2269	335
9588	1653	345
9593	3014	548
9594	2389	524
9595	3217	222
9602	2813	418
9604	3357	699
9606	1740	328
9613	2186	582
9620	4308	663
9620	4308	520
9621	4277	565
9622	2098	383
9626	4193	640
9627	2831	547
9628	4962	542
9628	4962	485
9628	4962	114
9632	2099	511
9633	2677	524
9640	4462	554
9640	4462	614
9643	3479	854
9645	3731	725
9648	4850	663
9659	3214	576
9661	4052	445
9662	2900	484
9663	3537	605
9666	3119	351
9668	2570	330
9671	1959	296
9672	3719	510
9672	3719	216
9676	3115	371
9677	1469	301
9678	1446	241
9679	1751	377
9681	2710	589
9683	4198	586
9683	4198	575
9685	1914	300
9690	2507	338
9690	2507	185
9693	2471	490
9697	3760	466
9699	2569	541
9700	2440	222
9701	3893	264
9701	3893	149
9701	3893	531
9702	2216	457
9704	2569	613
9706	2362	320
9707	3430	323
9708	2626	261
9709	2093	437
9710	3215	344
9711	2935	565
9712	3338	486
9715	1960	319
9716	2501	500
9717	3445	520
9721	4167	491
9721	4167	274
9725	4121	586
9725	4121	170
9728	2630	368
9729	2016	451
9731	1697	380
9732	3115	555
9734	3930	272
9735	3031	422
9739	3144	590
9742	2853	435
9744	3403	517
9746	2315	444
9747	1831	295
9747	1831	265
9748	3617	533
9749	2304	346
9750	3264	309
9750	3264	230
9755	3693	400
9756	2419	295
9757	3550	185
9763	3418	337
9764	2970	462
9765	5287	243
9767	3099	229
9767	3099	376
9769	2229	373
9772	2663	640
9775	4518	242
9778	2475	383
9780	3761	463
9783	2673	545
9789	1852	582
9791	1256	278
9793	2444	278
9797	1981	548
9802	3690	588
9810	2567	362
9811	3381	624
9811	3381	208
9814	4125	242
9814	4125	479
9815	4122	483
9816	2693	525
9818	2746	278
9819	4297	787
9820	2269	254
9823	1983	215
9827	3146	259
9828	2888	342
9828	2888	386
9830	3601	585
9831	2967	299
9833	3452	370
9833	3452	295
9834	4241	370
9836	2201	553
9838	4324	382
9838	4324	461
9840	2867	280
9840	2867	170
9842	2764	516
9843	2122	221
9844	2101	301
9847	1685	353
9858	2411	211
9860	4883	639
9861	2726	527
9863	2727	260
9864	2387	492
9866	3723	584
9868	2350	395
9871	3037	344
9872	3708	511
9872	3708	208
9873	3016	599
9874	2399	456
9877	4656	301
9877	4656	486
9878	4066	539
9879	3698	571
9880	2022	282
9881	2390	343
9884	2654	486
9886	3751	583
9887	3665	473
9889	5024	549
9894	3302	675
9896	3641	523
9897	5216	587
9897	5216	594
9898	2833	568
9900	4416	217
9900	4416	606
9901	3702	485
9906	3112	645
9907	2509	541
9908	2640	621
9910	5105	564
9910	5105	568
9911	2747	519
9912	3000	512
9922	3025	417
9922	3025	213
9923	3100	508
9924	4039	560
9929	3701	544
9932	5262	626
9932	5262	627
9937	3099	185
9938	2245	329
9940	2291	615
9944	2942	548
9945	3847	292
9945	3847	479
9946	3289	424
9949	2715	490
9954	2529	276
9956	4916	889
9959	1504	335
9967	2003	356
9969	4169	555
9970	5182	647
9972	4108	353
9975	2440	360
9978	2032	335
9979	4754	847
9981	2470	334
9982	2705	233
9984	2071	260
9985	3158	325
9986	1677	335
9987	4507	932
9992	3672	211
9992	3672	333
9994	2207	487
9995	2432	354
9996	4190	717
9999	4090	588
10000	2973	354
10001	2237	336
10002	3089	412
10003	2553	342
10007	2295	616
10010	1879	255
10011	1440	274
10017	2134	548
10019	2161	352
10020	3280	538
10022	2351	255
10023	2447	504
10024	3383	554
10028	3304	596
10029	2963	340
10030	3660	409
10030	3660	373
10033	1844	352
10034	4136	315
10036	3957	236
10036	3957	365
10040	3490	336
10040	3490	365
10046	3109	684
10048	4214	578
10053	3106	611
10055	2165	472
10056	2863	449
10058	2830	185
10059	3004	413
10060	2771	337
10062	3621	288
10062	3621	374
10066	4015	326
10066	4015	642
10068	3122	559
10069	2528	474
10071	1169	206
10072	3888	603
10073	5303	586
10073	5303	550
10076	2237	329
10078	3851	355
10078	3851	356
10079	3121	341
10079	3121	296
10080	3775	521
10086	1800	294
10088	4220	545
10089	3183	473
10091	4851	465
10091	4851	466
10093	3175	227
10110	2592	281
10110	2592	287
10111	3451	529
10115	2444	392
10117	2067	395
10118	1233	226
10120	2453	584
10121	1797	332
10122	2215	370
10126	4900	506
10126	4900	563
10127	3765	538
10130	4406	576
10132	2268	286
10136	2884	345
10137	3734	284
10137	3734	368
10138	3829	579
10138	3829	207
10139	5186	727
10142	2928	256
10143	2340	244
10144	3344	618
10145	2251	436
10149	4659	457
10149	4659	503
10150	3204	321
10150	3204	293
10155	4272	570
10157	5073	346
10158	2741	400
10159	2918	377
10161	4206	239
10162	3864	272
10163	3328	306
10165	2747	370
10166	2695	611
10167	3471	449
10170	2710	349
10170	2710	292
10172	4627	407
10176	3051	493
10181	3479	405
10181	3479	259
10185	3176	397
10186	2458	308
10188	2212	347
10192	4976	706
10192	4976	483
10199	3767	506
10200	2124	630
10202	3978	394
10202	3978	360
10208	2032	311
10210	3911	572
10213	2846	419
10214	2028	271
10217	4746	485
10221	2703	326
10222	3134	567
10224	3242	621
10234	3381	716
10235	3886	342
10235	3886	367
10236	2876	421
10239	2353	358
10241	4048	380
10241	4048	245
10242	3013	360
10245	1470	260
10246	4639	432
10261	3271	403
10263	2387	481
10265	3194	452
10267	2939	371
10270	5194	832
10273	2686	462
10275	2900	604
10276	3056	211
10276	3056	340
10277	3545	383
10277	3545	178
10279	2494	465
10280	4310	460
10281	2172	343
10284	2727	193
10284	2727	330
10286	3657	584
10287	1923	245
10294	5321	324
10294	5321	353
10299	3642	539
10300	4481	945
10303	5337	619
10304	2806	566
10307	2422	608
10308	3299	571
10309	4182	892
10310	4685	350
10311	5230	851
10314	3035	341
10315	3340	540
10316	2046	413
10318	4686	569
10319	1420	185
10321	3110	296
10321	3110	393
10325	3444	343
10326	1811	314
10328	3170	454
10334	2886	582
10337	5165	845
10339	2032	333
10340	3627	512
10341	2348	521
10343	3758	669
10344	4217	482
10345	4192	301
10346	2075	211
10347	4234	630
10352	2833	200
10353	2669	670
10355	3538	509
10358	2851	200
10359	1890	185
10363	3867	532
10363	3867	315
10365	3567	502
10367	3361	578
10369	3106	924
10371	1409	232
10373	2478	393
10375	3101	634
10377	2968	646
10378	1411	321
10379	4758	465
10379	4758	582
10381	2398	540
10383	1505	312
10385	3123	462
10385	3123	475
10386	2172	252
10390	2096	209
10391	3175	670
10393	4276	541
10395	2821	551
10399	4026	395
10401	2847	343
10403	5275	347
10403	5275	629
10406	2626	550
10413	3867	571
10415	3074	381
10417	2774	583
10418	4166	440
10420	2840	584
10421	2480	342
10423	3392	335
10423	3392	300
10428	2240	342
10434	4590	589
10435	2771	227
10438	2244	227
10439	4439	511
10439	4439	173
10441	2584	348
10443	4409	922
10451	3092	524
10452	2485	519
10453	3094	432
10454	2711	546
10455	2295	472
10456	4176	485
10459	2595	367
10460	2372	335
10467	4942	773
10468	2774	589
10471	4193	280
10471	4193	563
10474	3191	304
10474	3191	352
10479	2401	334
10481	4003	597
10486	3087	370
10487	3228	509
10488	4439	489
10490	2335	496
10491	3259	386
10491	3259	318
10492	3008	603
10497	2641	294
10500	3595	366
10501	2571	568
10502	2745	326
10503	3465	307
10503	3465	323
10505	2339	227
10508	3941	609
10510	2845	399
10514	3788	150
10514	3788	489
10516	2476	278
10522	2332	293
10522	2332	395
10523	3787	559
10526	3941	416
10526	3941	559
10530	2416	313
10532	2235	215
10538	2783	525
10540	3780	649
10541	3214	628
10542	4569	644
10545	5211	520
10546	1866	232
10547	3790	213
10547	3790	476
10549	4856	456
10550	2987	479
10555	2208	519
10556	3619	274
10556	3619	318
10558	4873	644
10559	3999	294
10560	1609	414
10561	3058	325
10562	2888	540
10563	3336	676
10565	2230	249
10566	3693	304
10567	2056	502
10568	4773	565
10568	4773	379
10570	3414	275
10571	3816	223
10571	3816	344
10572	4808	458
10574	5111	483
10574	5111	505
10576	2963	512
10585	2848	584
10587	3551	419
10593	2033	553
10601	4007	829
10606	2002	345
10607	2544	389
10609	3222	593
10614	1756	555
10618	3680	755
10619	3960	565
10620	2649	576
10621	3650	603
10625	3014	601
10627	3704	668
10628	3728	340
10632	3106	442
10633	2514	561
10634	4133	916
10640	1609	375
10645	3930	556
10650	2750	560
10651	4198	378
10656	5266	496
10661	4797	182
10661	4797	578
10662	3192	425
10663	2005	305
10664	3132	384
10666	3628	917
10667	3587	885
10669	3156	350
10671	2670	274
10674	3666	506
10674	3666	216
10675	3174	474
10676	1482	185
10679	2372	222
10679	2372	185
10688	3234	397
10690	4213	454
10690	4213	406
10691	3505	406
10691	3505	381
10694	2629	455
10695	2318	403
10697	3047	233
10697	3047	372
10700	2969	560
10702	3672	200
10703	4200	626
10703	4200	623
10705	4400	638
10707	2336	262
10711	1450	300
10714	2820	421
10716	2520	359
10718	4252	597
10718	4252	362
10720	2264	367
10721	3454	493
10725	1681	396
10727	3337	565
10731	3099	231
10731	3099	388
10732	2097	389
10734	4426	479
10734	4426	410
10735	2911	454
10740	2811	325
10744	3925	572
10745	4289	756
10746	2169	573
10747	2012	295
10748	3166	471
10749	2904	315
10752	3702	561
10755	2714	360
10760	3503	494
10761	4233	635
10763	3433	642
10769	3087	350
10769	3087	316
10774	3976	674
10777	4616	412
10778	3676	574
10779	2012	273
10782	2783	333
10783	2958	237
10783	2958	168
10785	2266	502
10787	1912	401
10788	2402	464
10789	3658	338
10791	5800	515
10791	5800	535
10792	2908	478
10793	2112	354
10795	3647	526
10795	3647	310
10796	2406	545
10799	1875	267
10800	3271	471
10801	4743	473
10802	3451	787
10804	1294	319
10810	3539	733
10811	2467	396
10813	1769	347
10815	2945	226
10817	3682	284
10818	3885	704
10818	3885	166
10819	5437	341
10819	5437	378
10820	2545	185
10829	2431	253
10830	3539	557
10830	3539	345
10832	4084	589
10833	2677	471
10838	4620	549
10839	2562	364
10840	3318	190
10840	3318	255
10841	3492	698
10843	4599	773
10844	2582	216
10845	4966	545
10846	4460	697
10848	2806	420
10853	2401	185
10854	2961	396
10856	2458	185
10857	4923	485
10857	4923	644
10858	3096	412
10862	1536	211
10863	3798	545
10866	4176	393
10868	3727	421
10869	5899	385
10871	2691	301
10873	2507	215
10874	4329	639
10881	2840	467
10882	2264	348
10884	2601	286
10886	2792	350
10888	2241	378
10890	2605	634
10891	3526	549
10891	3526	367
10892	2636	338
10893	2293	502
10894	3398	534
10896	1851	312
10899	3839	363
10901	4103	272
10901	4103	393
10902	2384	595
10906	2487	433
10908	3683	476
10914	3389	519
10917	3579	627
10919	3828	326
10919	3828	494
10921	3614	599
10922	3337	532
10926	3181	550
10929	3369	364
10933	3107	573
10935	2329	584
10936	2668	366
10939	4549	226
10943	2638	530
10946	4914	185
10946	4914	506
10947	3389	517
10950	2134	216
10953	4095	290
10956	2356	377
10958	3517	618
10961	1934	440
10962	3564	594
10963	3163	566
10966	3913	548
10967	2798	250
10968	3251	326
10971	3007	367
10973	3999	503
10974	3762	520
10979	2649	348
10979	2649	442
10983	2367	417
10984	4809	590
10986	3879	851
10987	3698	855
10988	3049	259
10994	3957	466
10994	3957	598
10997	3071	550
10999	2364	539
11004	2900	526
11005	3085	553
11005	3085	312
11008	2878	448
11009	3374	556
11012	4299	261
11012	4299	576
11014	4302	448
11017	2861	174
11017	2861	588
11018	2769	241
11018	2769	120
11020	3239	342
11026	3883	853
11027	4826	618
11028	5699	979
11030	3813	726
11031	4264	574
11039	3758	406
11040	3338	609
11041	3151	291
11043	4701	286
11044	4557	181
11044	4557	591
11046	2402	536
11048	2933	502
11058	2311	369
11059	5196	538
11059	5196	504
11061	1781	185
11062	5604	416
11062	5604	163
11062	5604	169
11063	4311	510
11066	3676	657
11067	5862	475
11071	5217	499
11077	2258	349
11078	5117	407
11078	5117	332
11079	2951	488
11082	4175	497
11083	4580	232
11089	3687	348
11091	4709	797
11093	6023	966
11094	4543	471
11097	2315	357
11099	3255	523
11100	2300	185
11102	3387	185
11103	3449	618
11111	2218	288
11113	3067	604
11118	2480	452
11121	2570	602
11122	2541	221
11123	4538	330
11123	4538	110
11123	4538	552
11126	2492	582
11132	4133	517
11132	4133	579
11133	3636	347
11135	2965	329
11136	4551	402
11136	4551	386
11138	1488	256
11139	2656	334
11140	4617	782
11142	3118	538
11150	1824	396
11154	2653	288
11159	3179	529
11163	2101	211
11164	3052	517
11165	2275	487
11166	2416	311
11168	2501	586
11177	2267	314
11184	3842	570
11185	2361	185
11187	3089	239
11190	2876	436
11192	3530	432
11195	3685	257
11195	3685	272
11198	5248	310
11198	5248	586
11200	2742	343
11201	3983	247
11201	3983	230
11202	5604	494
11202	5604	628
11206	2998	435
11208	3781	525
11208	3781	561
11211	2489	279
11214	2714	215
11215	2954	535
11217	2048	284
11220	2067	215
11222	4473	268
11226	2322	550
11228	3700	656
11229	4835	376
11229	4835	616
11230	3138	360
11230	3138	267
11233	3075	653
11235	2633	261
11236	2592	544
11240	2637	503
11241	2311	339
11241	2311	403
11242	2761	552
11243	3631	813
11244	4223	658
11245	3857	533
11248	2764	524
11255	3398	464
11256	3401	586
11261	2895	565
11266	3589	650
11269	2571	551
11270	2550	512
11271	3039	650
11273	4279	548
11274	1850	490
11278	3496	566
11279	2826	551
11280	1748	250
11288	4631	713
11292	2662	737
11293	5126	582
11293	5126	637
11295	2450	259
11296	4171	923
11301	4457	575
11303	5538	890
11311	2336	570
11313	2558	458
11314	4868	241
11315	2867	555
11321	2230	348
11322	3217	529
11326	3975	387
11331	4717	698
11333	1563	402
11335	3981	563
11336	4807	582
11339	4053	734
11340	3774	566
11342	1421	250
11343	4598	556
11343	4598	472
11346	3259	431
11348	3959	399
11350	3749	531
11353	3161	574
11356	3639	424
11357	3131	535
11359	3401	476
11360	3536	410
11363	2829	428
11364	1805	381
11372	4925	522
11372	4925	532
11374	2749	378
11378	4785	492
11383	3320	449
11384	2709	211
11386	4138	559
11390	2615	335
11391	2538	763
11393	2633	399
11396	3216	515
11398	4665	585
11398	4665	465
11402	4188	377
11402	4188	380
11405	1693	345
11406	2459	341
11407	3953	354
11408	4692	660
11409	4165	290
11410	5038	493
11410	5038	332
11410	5038	157
11411	3435	276
11411	3435	301
11415	2399	315
11416	4563	449
11417	1358	286
11419	4011	476
11422	2737	359
11423	2106	623
11426	3206	116
11426	3206	116
11427	4949	594
11429	1635	318
11431	3564	481
11433	1878	211
11437	2146	344
11441	2689	528
11442	3203	211
11444	2351	361
11447	3599	294
11450	1941	377
11455	5255	617
11456	3426	543
11457	2533	420
11458	2784	283
11463	3180	571
11465	5648	489
11465	5648	546
11466	5753	600
11466	5753	609
11468	1876	335
11470	3869	504
11474	1153	321
11475	3852	630
11476	2680	298
11477	2537	322
11478	5272	366
11478	5272	312
11479	2529	319
11480	1858	286
11482	5692	854
11483	3449	287
11483	3449	346
11485	2473	511
11487	2988	344
11488	2683	390
11489	2342	206
11498	5425	450
11498	5425	573
11501	2635	202
11501	2635	283
11503	2556	356
11504	3398	565
11516	3357	365
11517	4331	567
11518	2862	582
11519	2245	233
11521	2291	353
11522	4480	609
11524	5196	467
11526	2213	641
11534	4695	547
11537	4370	629
11541	4166	321
11541	4166	302
11542	2001	294
11543	3699	275
11546	2811	478
11548	2037	185
11550	3487	535
11551	2334	371
11553	2119	329
11561	3194	396
11561	3194	333
11564	3571	492
11565	5443	302
11565	5443	264
11571	2967	430
11576	2481	361
11577	2828	403
11580	2145	338
11585	3336	690
11592	1510	227
11605	2331	661
11606	2452	392
11608	3445	541
11609	3600	449
11610	1832	491
11612	4055	311
11614	2020	279
11615	1862	431
11617	3535	364
11618	3114	357
11623	2775	326
11624	2614	609
11630	3505	557
11634	3923	511
11648	4373	980
11649	3872	737
11650	2094	238
11652	5264	420
11652	5264	200
11661	2449	222
11665	3872	418
11666	3356	659
11671	3843	510
11672	2939	752
11674	2941	532
11675	3529	533
11679	4842	606
11679	4842	293
11682	2443	371
11689	4807	519
11692	2089	555
11695	2933	690
11696	2002	300
11700	5880	304
11704	5119	336
11705	2917	355
11710	2256	508
11714	4070	374
11719	5028	314
11720	4206	927
11721	4164	463
11721	4164	509
11722	4604	500
11722	4604	607
11725	3444	404
11728	3905	402
11732	4370	346
11733	2721	471
11736	5233	558
11737	1071	200
11738	3559	556
11745	2471	405
11746	4080	185
11751	5583	494
11755	2409	380
11756	3004	641
11761	4974	607
11764	3697	579
11767	4560	356
11775	4338	430
11775	4338	463
11777	5273	222
11779	2805	343
11780	2560	545
11783	3406	518
11784	2373	501
11786	3274	421
11790	2724	359
11800	3771	532
11804	5054	598
11805	2566	534
11806	3526	630
11807	6014	404
11815	4382	960
11822	5416	426
11822	5416	376
11827	3728	396
11830	3464	544
11831	3922	238
11832	4174	289
11836	4977	429
11837	3171	377
11839	4053	458
11841	2336	329
11842	3422	339
11844	4464	275
11844	4464	245
11844	4464	228
11845	3448	408
11846	2715	320
11847	5420	590
11847	5420	535
11848	3377	290
11848	3377	292
11852	1691	254
11857	3357	570
11858	3680	328
11858	3680	290
11860	2586	185
11863	3505	245
11867	2273	300
11869	3551	477
11872	4640	409
11873	4001	208
11873	4001	276
11874	5705	414
11874	5705	311
11876	4362	189
11876	4362	374
11877	4728	333
11878	2251	329
11880	2638	280
11883	2912	367
11885	4035	377
11886	3117	528
11888	2568	412
11889	3930	415
11893	2281	331
11896	3773	344
11896	3773	254
11897	2353	331
11897	2353	316
11898	3142	438
11899	3313	421
11900	4133	398
11900	4133	383
11903	1855	298
11904	3250	401
11910	2091	310
11917	4034	741
11921	3886	367
11921	3886	207
11923	3521	303
11926	4506	453
11929	2757	339
11936	1147	261
11941	3570	515
11941	3570	231
11948	4371	363
11948	4371	393
11951	3672	823
11952	3386	363
11953	5930	491
11957	2371	263
11958	5694	359
11962	6281	702
11965	2099	388
11968	3250	301
11968	3250	297
11970	1691	293
11973	3011	329
11974	4037	300
11975	2325	238
11976	3289	249
11982	2254	316
11982	2254	296
11983	2090	200
11984	2566	251
11986	3306	510
11987	3372	490
11989	2907	411
11994	2536	303
11998	1903	411
12003	4045	529
12004	3071	458
12005	3178	292
12008	2963	364
12016	2309	524
12018	3025	514
12019	2650	295
12019	2650	243
12020	2107	297
12023	3219	343
12024	2021	332
12026	4162	484
12027	3401	222
12027	3401	258
12029	3910	694
12030	3109	487
12045	2977	233
12048	2133	465
12049	4943	357
12053	2447	185
12055	3752	626
12057	2459	272
12058	2638	383
12059	4336	352
12059	4336	502
12061	2125	273
12063	3897	220
12067	5197	601
12071	2218	185
12077	2948	200
12078	5274	389
12079	2080	261
12081	3570	319
12085	3020	294
12085	3020	304
12087	1279	249
12091	3479	365
12093	3386	267
12094	4295	455
12095	2311	325
12096	2314	389
12103	3495	328
12106	4432	579
12113	5070	375
12113	5070	468
12116	3088	185
12120	4644	773
12122	3590	526
12122	3590	301
12124	2762	237
12125	2912	288
12128	4104	563
12131	4004	549
12133	1973	324
12137	5031	346
12140	2938	369
12141	3070	399
12144	2562	250
12154	3040	415
12156	4945	493
12156	4945	632
12160	2937	451
12167	4384	537
12170	2897	297
12170	2897	303
12171	3139	316
12178	2867	630
12180	2304	390
12181	4267	535
12182	3009	385
12184	2574	409
12185	5428	451
12186	5022	420
12186	5022	304
12194	4375	310
12199	2247	339
12201	3604	299
12202	4107	776
12203	1770	227
12204	2160	263
12208	2238	211
12209	2316	391
12210	4635	441
12211	3379	443
12214	2708	377
12216	4187	512
12217	2837	315
12218	1882	297
12224	6180	763
12232	4009	576
12235	5680	682
12238	3382	257
12239	2860	411
12243	1387	227
12244	3161	283
12245	2426	256
12246	1951	280
12249	2884	306
12250	3542	234
12250	3542	146
12250	3542	480
12251	2156	322
12255	2827	478
12256	3289	463
12258	4442	537
12259	3045	371
12260	3509	482
12261	3797	526
12264	2640	200
12268	4575	615
12269	2780	505
12272	4115	506
12273	1576	332
12275	3020	267
12276	2788	341
12276	2788	394
12278	7377	517
12278	7377	519
12280	5538	657
12281	4637	476
12285	3680	528
12286	5421	279
12286	5421	483
12287	3601	284
12293	3861	373
12294	2972	538
12296	4270	295
12296	4270	278
12302	3048	543
12306	6944	185
12306	6944	492
12307	3926	336
12309	4582	422
12316	4418	568
12319	3729	518
12322	5174	232
12322	5174	179
12327	2469	237
12332	4136	586
12333	2521	562
12335	2926	410
12335	2926	370
12336	7129	395
12336	7129	462
12338	5298	322
12338	5298	346
12340	4754	197
12340	4754	166
12340	4754	212
12340	4754	196
12345	2542	378
12346	3693	297
12351	4083	354
12352	4257	581
12352	4257	174
12353	5216	434
12354	5602	583
12354	5602	253
12360	4925	460
12361	2052	185
12363	6036	466
12363	6036	457
12365	4786	285
12365	4786	598
12371	5971	602
12374	3224	321
12375	2978	522
12377	7200	479
12382	4948	498
12383	6196	407
12383	6196	283
12387	3729	344
12388	3194	306
12391	1779	347
12394	5267	520
12396	3379	623
12398	3984	503
12400	3593	392
12401	2169	262
12408	6867	526
12412	2269	338
12413	3188	328
12414	6113	347
12414	6113	336
12416	3974	567
12420	5207	769
12422	4345	529
12423	3290	206
12423	3290	315
12424	1917	343
12425	3814	459
12431	6000	395
12434	2833	185
12435	5283	518
12436	3708	375
12441	2606	704
12443	5365	577
12444	5760	183
12444	5760	309
12446	3873	356
12446	3873	385
12447	3674	487
12449	2902	185
12457	6263	287
12459	4385	767
12460	3423	559
12462	3662	434
12466	2084	348
12468	5533	576
12470	2428	206
12481	2063	351
12483	6272	552
12484	4737	745
12485	3488	185
12485	3488	337
12487	4221	523
12490	2703	286
12492	3965	506
12495	5126	513
12498	3176	506
12499	2917	365
12501	3014	419
12504	3229	557
12508	3564	470
12512	4005	357
12512	4005	435
12513	2452	495
12514	4448	561
12515	3458	489
12516	3327	200
12517	3179	322
12517	3179	304
12518	2763	297
12521	2198	475
12524	3835	436
12526	3818	362
12532	4068	607
12539	1643	304
12543	4628	403
12547	4428	397
12549	2952	307
12552	2657	216
12555	4711	473
12558	2228	404
12559	3607	365
12562	3886	183
12562	3886	496
12563	4465	271
12566	2971	499
12567	3120	579
12569	3573	359
12570	2933	256
12571	2503	403
12572	1712	200
12573	2178	361
12577	2658	455
12579	2411	285
12580	3665	285
12580	3665	325
12582	3401	445
12586	5260	385
12586	5260	507
12587	2185	322
12590	3335	489
12593	2672	335
12594	2753	370
12596	2932	266
12596	2932	330
12598	4589	426
12600	2854	344
12604	3192	268
12605	3989	527
12608	1994	322
12612	5285	326
12612	5285	482
12613	3400	322
12616	6821	243
12623	3275	468
12627	3570	275
12630	2280	303
12640	2973	380
12645	4020	368
12646	2869	325
12649	3835	304
12650	5157	464
12656	3163	467
12658	3208	237
12664	4003	545
12668	2988	260
12677	3188	323
12681	4461	244
12681	4461	349
12684	2555	368
12688	3375	367
12692	3263	359
12696	3083	293
12699	3851	377
12701	3671	336
12701	3671	237
12702	3928	360
12706	3065	424
12708	3020	321
12711	2734	495
12715	3639	273
12717	2350	264
12717	2350	241
12718	2595	255
12721	2731	325
12724	3258	363
12725	3127	330
12726	4104	259
12737	3535	563
12738	3103	286
12741	4801	782
12742	4107	336
12744	6042	362
12744	6042	361
12745	3591	211
12747	4128	354
12748	3126	385
12750	1793	271
12751	3396	350
12753	2952	327
12754	1569	338
12759	2948	295
12768	2468	215
12769	2032	272
12774	2269	320
12782	3025	403
12783	2126	305
12788	3912	381
12800	1631	294
12804	3098	230
12804	3098	361
12806	2690	343
12809	3054	284
12809	3054	347
12812	2508	304
12815	3210	335
12817	2216	338
12819	2597	330
12820	2644	368
12821	3558	556
12828	2347	242
12829	3576	311
12829	3576	305
12836	4229	389
12837	1999	286
12839	3142	481
12841	1554	300
12843	3014	338
12845	2763	359
12846	2436	581
12847	1707	298
12852	1686	358
12853	5644	232
12853	5644	178
12854	2063	376
12856	4718	553
12858	1782	293
12862	3973	200
12862	3973	342
12863	4841	222
12863	4841	347
12864	2166	311
12865	2688	341
12866	3671	356
12867	3051	363
12871	1676	260
12872	2283	211
12873	4310	346
12883	3131	185
12890	6988	360
12892	4650	473
12893	3541	352
12893	3541	288
12896	2134	364
12897	1870	366
12898	3049	226
12898	3049	362
12899	3430	294
12899	3430	274
12900	5648	525
12901	2923	241
12902	1787	305
12903	2198	392
12905	3928	200
12908	3263	185
12915	2816	312
12917	3304	285
12918	2184	445
12919	2640	473
12926	2263	338
12928	2467	330
12931	2104	206
12936	4280	345
12936	4280	246
12938	3493	350
12946	5763	522
12950	2790	479
12955	2816	356
12956	4212	327
12956	4212	481
12959	2294	327
12966	3435	393
12967	2348	315
12979	1999	499
12983	2741	371
12983	2741	425
12985	4137	180
12985	4137	208
12986	3757	467
12989	3514	432
12991	2508	742
12993	2620	257
12993	2620	295
12994	2250	507
12996	2500	200
13000	2827	497
13004	1245	272
13009	3483	555
13010	1710	480
13013	3479	536
13014	4853	874
13021	4533	577
13021	4533	481
13025	2833	421
13029	6447	524
13030	2631	242
13031	3161	540
13037	1694	428
13038	6223	249
13042	2713	439
13043	1889	356
13058	3545	426
13059	2967	215
13070	4401	537
13070	4401	546
13075	2759	423
13076	1935	532
13079	3570	515
13081	2506	230
13083	4035	420
13089	2093	594
13093	2016	568
13098	2126	477
13099	1980	373
13101	3849	509
13104	3058	249
13106	5772	542
13106	5772	336
13108	1454	297
13109	2775	357
13111	2938	513
13117	2166	410
13118	4786	649
13121	2784	324
13125	2081	251
13130	3456	601
13140	4983	833
13143	2796	222
13144	2839	200
13145	3453	221
13145	3453	210
13152	3007	345
13153	2542	520
13155	2798	436
13159	1299	185
13162	3425	493
13169	1664	280
13172	2602	271
13174	2443	267
13175	3972	524
13178	4470	557
13179	2829	481
13179	2829	417
13181	2743	309
13182	3003	268
13183	1039	210
13185	6288	278
13185	6288	431
13186	3775	191
13186	3775	209
13186	3775	419
13188	2032	318
13189	1807	243
13190	2867	330
13192	3981	561
13198	2346	331
13200	1405	257
13201	3231	345
13203	5093	321
13204	3648	416
13206	2690	238
13208	4256	840
13212	5537	326
13212	5537	283
13212	5537	196
13216	3483	426
13224	3918	501
13225	3151	275
13227	5104	548
13230	2651	269
13233	5482	742
13233	5482	594
13236	6044	255
13239	2575	200
13241	3332	426
13242	3082	359
13243	6364	326
13243	6364	261
13248	2732	306
13249	3634	676
13254	1870	334
13272	3671	436
13278	4861	391
13279	2445	351
13288	4905	269
13288	4905	185
13291	3283	689
13292	2913	295
13292	2913	315
13307	2448	284
13312	2564	333
13317	2020	419
13325	3607	496
13326	2709	282
13327	2650	328
13331	3492	515
13332	2228	486
13334	2465	337
13335	1330	323
13336	4002	456
13336	4002	258
13339	5274	447
13345	3748	284
13354	2223	435
13357	3597	492
13357	3597	441
13359	2686	274
13359	2686	285
13361	1989	284
13362	1325	215
13365	2965	475
13369	2556	332
13373	2525	297
13386	3163	235
13386	3163	332
13389	2346	312
13391	4317	531
13394	2552	524
13395	1132	255
13396	2359	298
13399	3036	389
13399	3036	460
13407	1525	273
13411	2437	569
13414	2216	422
13416	3016	267
13420	1128	304
13424	3991	511
13430	1927	272
13436	2011	364
13437	3397	416
13440	1881	326
13440	1881	198
13449	824	244
13450	2550	425
13452	2758	357
13452	2758	307
13453	2967	472
13456	2132	309
13460	2949	278
13462	2065	499
13464	2700	483
13465	1066	233
13466	2299	282
13467	3300	439
13469	1980	252
13473	1673	289
13475	3565	534
13475	3565	250
13476	1892	283
13483	2463	324
13485	2358	290
13487	1987	321
13490	2536	382
13490	2536	338
13493	1409	226
13494	2122	299
13495	2825	464
13496	2696	316
13500	2145	312
13501	2003	281
13506	2558	296
13515	2559	274
13516	2421	321
13524	2123	293
13531	3023	479
13538	2357	446
13541	2061	519
13542	3537	232
13544	4012	593
13545	2909	357
13547	1978	292
13551	2442	337
13552	2445	284
13553	1701	398
13560	2491	221
13562	1873	185
13563	3367	460
13570	3125	455
13572	2074	308
13575	3540	489
13576	1942	284
13580	4900	405
13582	2669	282
13583	3255	692
13588	3422	424
13589	2472	330
13591	3701	542
13592	2567	358
13594	3834	279
13594	3834	250
13595	3225	423
13596	2534	486
13598	3506	536
13604	4722	327
13604	4722	327
13608	1673	445
13610	4950	488
13611	2458	317
13614	2288	293
13615	2102	374
13617	3670	185
13617	3670	435
13628	3200	497
13628	3200	356
13632	1252	289
13634	2185	308
13639	1430	185
13640	2619	522
13641	1881	352
13643	3178	455
13644	2018	472
13656	2394	345
13658	1929	294
13661	4542	356
13661	4542	827
13664	1783	389
13666	2095	253
13669	2852	324
13669	2852	206
13670	3835	519
13672	1364	306
13673	2733	500
13675	3624	523
13675	3624	411
13676	1529	360
13677	4026	498
13680	1802	530
13684	4282	366
13685	2364	337
13688	1515	300
13690	2753	315
13695	2241	319
13695	2241	283
13696	2654	543
13697	2746	833
13699	2212	253
13705	5968	723
13710	4023	745
13713	2509	462
13719	3769	538
13722	2806	320
13722	2806	315
13728	2977	543
13729	2340	296
13729	2340	259
13735	2495	557
13737	1266	492
13742	2088	391
13743	4496	414
13745	3814	327
13748	3801	499
13756	2458	252
13762	2722	222
13764	1057	272
13766	2942	505
13767	3914	355
13770	3781	466
13770	3781	389
13773	3033	291
13774	4386	264
13774	4386	270
13777	3388	526
13786	2593	279
13788	3218	499
13789	2764	383
13789	2764	223
13790	5439	512
13790	5439	418
13791	3311	340
13791	3311	294
13797	4759	435
13797	4759	618
13798	2725	745
13800	3892	448
13800	3892	369
13810	3467	238
13813	4923	675
13815	3125	320
13815	3125	253
13815	3125	322
13823	6421	560
13832	3056	472
13835	2544	351
13838	3069	521
13842	2461	536
13845	3248	437
13847	3347	248
13851	1993	200
13853	3223	271
13853	3223	164
13855	2378	399
13858	6312	640
13858	6312	707
13860	5644	476
13861	2152	362
13862	2899	540
13865	2191	458
13872	1663	307
13875	3909	452
13875	3909	265
13876	2031	294
13880	5898	238
13882	4368	523
13886	2856	253
13891	3540	540
13893	2095	348
13897	1714	311
13903	1719	279
13904	1659	227
13905	3069	382
13907	2474	488
13908	1885	418
13909	2909	540
13913	3234	283
13918	3172	577
13920	3006	256
13926	3962	471
13926	3962	475
13939	4305	756
13940	2397	362
13941	2895	460
13944	2309	273
13949	1541	320
13950	2491	428
13951	3255	557
13953	2279	291
13954	1579	417
13956	1926	474
13957	4153	414
13964	1568	362
13972	4469	480
13973	3547	326
13975	3721	549
13983	2947	532
13984	2332	184
13984	2332	150
13985	2648	469
13989	2979	443
13991	3784	443
13991	3784	407
13995	5941	841
14000	3664	540
14001	2225	430
14002	1892	399
14014	3516	552
14019	4655	578
14020	4571	348
14030	2185	541
14034	3486	518
14038	2205	266
14041	3130	345
14041	3130	363
14043	2545	463
14045	3733	530
14050	1450	200
14053	1509	400
14054	2141	493
14055	3315	332
14058	3812	385
14058	3812	496
14058	3812	195
14061	5069	564
14063	4694	261
14065	2352	429
14067	2238	305
14069	2269	473
14073	3141	826
14074	3383	426
14080	3282	689
14081	2226	423
14084	2735	222
14085	2155	358
14090	3134	444
14095	2808	569
14097	2292	561
14098	3795	335
14099	3397	818
14100	3871	760
14103	3484	495
14105	3907	814
14110	5826	392
14110	5826	443
14111	3256	349
14114	2317	357
14117	3808	786
14118	2904	402
14119	1365	290
14123	2563	470
14124	4671	410
14124	4671	552
14126	2882	273
14127	6037	349
14128	3025	347
14128	3025	307
14129	2390	352
14130	2130	520
14132	3844	513
14133	2084	277
14135	1675	385
14136	2151	458
14137	4620	631
14141	4724	540
14142	5692	553
14142	5692	556
14146	2594	249
14148	1818	365
14151	2033	284
14156	2232	491
14159	1104	227
14160	2431	200
